18002100,'021R-Weekday-1-26-09',531,,32280,10,,,1,12,,32281,10,,,1,12,,32282,10,,,1,52,,32283,10,,,1,12,,32284,10,,,1,12,,32285,10,,,1,12,,32286,10,,,1,6,,32287,10,,,1,6,,32288,10,,,1,46,,32289,10,,,1,6,,32290,10,,,1,6,,32291,10,,,1,6,,32292,10,,,1,6,,32293,10,,,1,6,,32294,10,,,1,6,,32295,10,,,1,6,,32296,10,,,1,6,,32297,10,,,1,6,,32298,10,,,1,46,,32299,10,,,1,6,,32300,10,,,1,6,,32301,10,,,1,6,,32302,10,,,1,6,,32303,10,,,1,6,,32304,10,,,1,6,,32305,10,,,1,6,,32306,10,,,1,6,,32307,10,,,1,6,,32308,10,,,1,46,,32309,10,,,1,6,,32310,10,,,1,6,,32311,10,,,1,6,,32312,10,,,1,6,,32313,10,,,1,6,,32314,10,,,1,6,,32315,10,,,1,6,,32316,10,,,1,6,,32317,10,,,1,6,,32318,10,,,1,46,,32319,10,,,1,10,,32320,10,,,1,10,,32321,10,,,1,10,,32322,10,,,1,10,,32323,10,,,1,10,,32324,10,,,1,50,,32325,10,,,1,10,,32326,10,,,1,10,,32327,10,,,1,10,,32328,10,,,1,10,,32329,10,,,1,10,,32330,10,,,1,50,,32331,10,,,1,10,,32332,10,,,1,10,,32333,10,,,1,10,,32334,10,,,1,10,,32335,10,,,1,10,,32336,10,,,1,50,,32337,10,,,1,10,,32338,10,,,1,10,,32339,10,,,1,10,,32340,10,,,1,10,,32341,10,,,1,10,,32342,10,,,1,50,,32343,10,,,1,10,,32344,10,,,1,10,,32345,10,,,1,10,,32346,10,,,1,10,,32347,10,,,1,10,,32348,10,,,1,50,,32349,10,,,1,6,,32350,10,,,1,6,,32351,10,,,1,6,,32352,10,,,1,6,,32353,10,,,1,6,,32354,10,,,1,6,,32355,10,,,1,6,,32356,10,,,1,6,,32357,10,,,1,6,,32358,10,,,1,46,,32359,10,,,1,6,,32360,10,,,1,6,,32361,10,,,1,6,,32362,10,,,1,6,,32363,10,,,1,6,,32364,10,,,1,6,,32365,10,,,1,6,,32366,10,,,1,6,,32367,10,,,1,6,,32368,10,,,1,46,,32369,10,,,1,6,,32370,10,,,1,6,,32371,10,,,1,6,,32372,10,,,1,6,,32373,10,,,1,6,,32374,10,,,1,6,,32375,10,,,1,6,,32376,10,,,1,6,,32377,10,,,1,6,,32378,10,,,1,46,,32379,10,,,1,6,,32380,10,,,1,6,,32381,10,,,1,6,,32382,10,,,1,6,,32383,10,,,1,6,,32384,10,,,1,6,,32385,10,,,1,6,,32386,10,,,1,6,,32387,10,,,1,6,,32388,10,,,1,46,,32389,10,,,1,6,,32390,10,,,1,9,,32415,10,,,1,15,,32391,10,,,1,15,,32392,10,,,1,55,,32393,10,,,1,15,,32394,10,,,1,15,,32395,10,,,1,15,,32396,10,,,1,55,,32397,10,,,1,15,,32398,10,,,1,15,,32399,10,,,1,15,,32400,10,,,1,55,,32401,10,,,1,15,,32402,10,,,1,15,,32403,10,,,1,15,,32404,10,,,1,55,,32405,10,,,1,15,,32406,10,,,1,15,,32407,10,,,1,15,,32408,10,,,1,55,,32409,10,,,1,15,,32410,10,,,1,15,,32411,10,,,1,15,,32412,10,,,1,55,,32413,10,,,1,15,,32414,10,,,1,15,,32416,10,,,1
18002100,'021R-Weekday-2-26-09',531,,32417,10,,,1,12,,32418,10,,,1,12,,32419,10,,,1,52,,32420,10,,,1,12,,32421,10,,,1,12,,32422,10,,,1,12,,32423,10,,,1,6,,32424,10,,,1,6,,32425,10,,,1,46,,32426,10,,,1,6,,32427,10,,,1,6,,32428,10,,,1,6,,32429,10,,,1,6,,32430,10,,,1,6,,32431,10,,,1,6,,32432,10,,,1,6,,32433,10,,,1,6,,32434,10,,,1,6,,32435,10,,,1,46,,32436,10,,,1,6,,32437,10,,,1,6,,32438,10,,,1,6,,32439,10,,,1,6,,32440,10,,,1,6,,32441,10,,,1,6,,32442,10,,,1,6,,32443,10,,,1,6,,32444,10,,,1,6,,32445,10,,,1,46,,32446,10,,,1,6,,32447,10,,,1,6,,32448,10,,,1,6,,32449,10,,,1,6,,32450,10,,,1,6,,32451,10,,,1,6,,32452,10,,,1,6,,32453,10,,,1,6,,32454,10,,,1,6,,32455,10,,,1,46,,32456,10,,,1,10,,32457,10,,,1,10,,32458,10,,,1,10,,32459,10,,,1,10,,32460,10,,,1,10,,32461,10,,,1,50,,32462,10,,,1,10,,32463,10,,,1,10,,32464,10,,,1,10,,32465,10,,,1,10,,32466,10,,,1,10,,32467,10,,,1,50,,32468,10,,,1,10,,32469,10,,,1,10,,32470,10,,,1,10,,32471,10,,,1,10,,32472,10,,,1,10,,32473,10,,,1,50,,32474,10,,,1,10,,32475,10,,,1,10,,32476,10,,,1,10,,32477,10,,,1,10,,32478,10,,,1,10,,32479,10,,,1,50,,32480,10,,,1,10,,32481,10,,,1,10,,32482,10,,,1,10,,32483,10,,,1,10,,32484,10,,,1,10,,32485,10,,,1,50,,32486,10,,,1,6,,32487,10,,,1,6,,32488,10,,,1,6,,32489,10,,,1,6,,32490,10,,,1,6,,32491,10,,,1,6,,32492,10,,,1,6,,32493,10,,,1,6,,32494,10,,,1,6,,32495,10,,,1,46,,32496,10,,,1,6,,32497,10,,,1,6,,32498,10,,,1,6,,32499,10,,,1,6,,32500,10,,,1,6,,32501,10,,,1,6,,32502,10,,,1,6,,32503,10,,,1,6,,32504,10,,,1,6,,32505,10,,,1,46,,32506,10,,,1,6,,32507,10,,,1,6,,32508,10,,,1,6,,32509,10,,,1,6,,32510,10,,,1,6,,32511,10,,,1,6,,32512,10,,,1,6,,32513,10,,,1,6,,32514,10,,,1,6,,32515,10,,,1,46,,32516,10,,,1,6,,32517,10,,,1,6,,32518,10,,,1,6,,32519,10,,,1,6,,32520,10,,,1,6,,32521,10,,,1,6,,32522,10,,,1,6,,32523,10,,,1,6,,32524,10,,,1,6,,32525,10,,,1,46,,32526,10,,,1,6,,32527,10,,,1,9,,32552,10,,,1,15,,32528,10,,,1,15,,32529,10,,,1,55,,32530,10,,,1,15,,32531,10,,,1,15,,32532,10,,,1,15,,32533,10,,,1,55,,32534,10,,,1,15,,32535,10,,,1,15,,32536,10,,,1,15,,32537,10,,,1,55,,32538,10,,,1,15,,32539,10,,,1,15,,32540,10,,,1,15,,32541,10,,,1,55,,32542,10,,,1,15,,32543,10,,,1,15,,32544,10,,,1,15,,32545,10,,,1,55,,32546,10,,,1,15,,32547,10,,,1,15,,32548,10,,,1,15,,32549,10,,,1,55,,32550,10,,,1,15,,32551,10,,,1,15,,32553,10,,,1
18002100,'021R-Weekday-3-26-09',531,,35906,10,,,1,12,,35907,10,,,1,12,,35908,10,,,1,52,,35909,10,,,1,12,,35910,10,,,1,12,,35911,10,,,1,12,,35912,10,,,1,6,,35913,10,,,1,6,,35914,10,,,1,46,,35915,10,,,1,6,,35916,10,,,1,6,,35917,10,,,1,6,,35918,10,,,1,6,,35919,10,,,1,6,,35920,10,,,1,6,,35921,10,,,1,6,,35922,10,,,1,6,,35923,10,,,1,6,,35924,10,,,1,46,,35925,10,,,1,6,,35926,10,,,1,6,,35927,10,,,1,6,,35928,10,,,1,6,,35929,10,,,1,6,,35930,10,,,1,6,,35931,10,,,1,6,,35932,10,,,1,6,,35933,10,,,1,6,,35934,10,,,1,46,,35935,10,,,1,6,,35936,10,,,1,6,,35937,10,,,1,6,,35938,10,,,1,6,,35939,10,,,1,6,,35940,10,,,1,6,,35941,10,,,1,6,,35942,10,,,1,6,,35943,10,,,1,6,,35944,10,,,1,46,,35945,10,,,1,10,,35946,10,,,1,10,,35947,10,,,1,10,,35948,10,,,1,10,,35949,10,,,1,10,,35950,10,,,1,50,,35951,10,,,1,10,,35952,10,,,1,10,,35953,10,,,1,10,,35954,10,,,1,10,,35955,10,,,1,10,,35956,10,,,1,50,,35957,10,,,1,10,,35958,10,,,1,10,,35959,10,,,1,10,,35960,10,,,1,10,,35961,10,,,1,10,,35962,10,,,1,50,,35963,10,,,1,10,,35964,10,,,1,10,,35965,10,,,1,10,,35966,10,,,1,10,,35967,10,,,1,10,,35968,10,,,1,50,,35969,10,,,1,10,,35970,10,,,1,10,,35971,10,,,1,10,,35972,10,,,1,10,,35973,10,,,1,10,,35974,10,,,1,50,,35975,10,,,1,6,,35976,10,,,1,6,,35977,10,,,1,6,,35978,10,,,1,6,,35979,10,,,1,6,,35980,10,,,1,6,,35981,10,,,1,6,,35982,10,,,1,6,,35983,10,,,1,6,,35984,10,,,1,46,,35985,10,,,1,6,,35986,10,,,1,6,,35987,10,,,1,6,,35988,10,,,1,6,,35989,10,,,1,6,,35990,10,,,1,6,,35991,10,,,1,6,,35992,10,,,1,6,,35993,10,,,1,6,,35994,10,,,1,46,,35995,10,,,1,6,,35996,10,,,1,6,,35997,10,,,1,6,,35998,10,,,1,6,,35999,10,,,1,6,,36000,10,,,1,6,,36001,10,,,1,6,,36002,10,,,1,6,,36003,10,,,1,6,,36004,10,,,1,46,,36005,10,,,1,6,,36006,10,,,1,6,,36007,10,,,1,6,,36008,10,,,1,6,,36009,10,,,1,6,,36010,10,,,1,6,,36011,10,,,1,6,,36012,10,,,1,6,,36013,10,,,1,6,,36014,10,,,1,46,,36015,10,,,1,6,,36016,10,,,1,9,,36041,10,,,1,15,,36017,10,,,1,15,,36018,10,,,1,55,,36019,10,,,1,15,,36020,10,,,1,15,,36021,10,,,1,15,,36022,10,,,1,55,,36023,10,,,1,15,,36024,10,,,1,15,,36025,10,,,1,15,,36026,10,,,1,55,,36027,10,,,1,15,,36028,10,,,1,15,,36029,10,,,1,15,,36030,10,,,1,55,,36031,10,,,1,15,,36032,10,,,1,15,,36033,10,,,1,15,,36034,10,,,1,55,,36035,10,,,1,15,,36036,10,,,1,15,,36037,10,,,1,15,,36038,10,,,1,55,,36039,10,,,1,15,,36040,10,,,1,15,,36042,10,,,1
18002100,'021R-Weekday-4-26-09',531,,32554,10,,,1,12,,32555,10,,,1,12,,32556,10,,,1,52,,32557,10,,,1,12,,32558,10,,,1,12,,32559,10,,,1,12,,32560,10,,,1,6,,32561,10,,,1,6,,32562,10,,,1,46,,32563,10,,,1,6,,32564,10,,,1,6,,32565,10,,,1,6,,32566,10,,,1,6,,32567,10,,,1,6,,32568,10,,,1,6,,32569,10,,,1,6,,32570,10,,,1,6,,32571,10,,,1,6,,32572,10,,,1,46,,32573,10,,,1,6,,32574,10,,,1,6,,32575,10,,,1,6,,32576,10,,,1,6,,32577,10,,,1,6,,32578,10,,,1,6,,32579,10,,,1,6,,32580,10,,,1,6,,32581,10,,,1,6,,32582,10,,,1,46,,32583,10,,,1,6,,32584,10,,,1,6,,32585,10,,,1,6,,32586,10,,,1,6,,32587,10,,,1,6,,32588,10,,,1,6,,32589,10,,,1,6,,32590,10,,,1,6,,32591,10,,,1,6,,32592,10,,,1,46,,32593,10,,,1,10,,32594,10,,,1,10,,32595,10,,,1,10,,32596,10,,,1,10,,32597,10,,,1,10,,32598,10,,,1,50,,32599,10,,,1,10,,32600,10,,,1,10,,32601,10,,,1,10,,32602,10,,,1,10,,32603,10,,,1,10,,32604,10,,,1,50,,32605,10,,,1,10,,32606,10,,,1,10,,32607,10,,,1,10,,32608,10,,,1,10,,32609,10,,,1,10,,32610,10,,,1,50,,32611,10,,,1,10,,32612,10,,,1,10,,32613,10,,,1,10,,32614,10,,,1,10,,32615,10,,,1,10,,32616,10,,,1,50,,32617,10,,,1,10,,32618,10,,,1,10,,32619,10,,,1,10,,32620,10,,,1,10,,32621,10,,,1,10,,32622,10,,,1,50,,32623,10,,,1,6,,32624,10,,,1,6,,32625,10,,,1,6,,32626,10,,,1,6,,32627,10,,,1,6,,32628,10,,,1,6,,32629,10,,,1,6,,32630,10,,,1,6,,32631,10,,,1,6,,32632,10,,,1,46,,32633,10,,,1,6,,32634,10,,,1,6,,32635,10,,,1,6,,32636,10,,,1,6,,32637,10,,,1,6,,32638,10,,,1,6,,32639,10,,,1,6,,32640,10,,,1,6,,32641,10,,,1,6,,32642,10,,,1,46,,32643,10,,,1,6,,32644,10,,,1,6,,32645,10,,,1,6,,32646,10,,,1,6,,32647,10,,,1,6,,32648,10,,,1,6,,32649,10,,,1,6,,32650,10,,,1,6,,32651,10,,,1,6,,32652,10,,,1,46,,32653,10,,,1,6,,32654,10,,,1,6,,32655,10,,,1,6,,32656,10,,,1,6,,32657,10,,,1,6,,32658,10,,,1,6,,32659,10,,,1,6,,32660,10,,,1,6,,32661,10,,,1,6,,32662,10,,,1,46,,32663,10,,,1,6,,32664,10,,,1,9,,32689,10,,,1,15,,32665,10,,,1,15,,32666,10,,,1,55,,32667,10,,,1,15,,32668,10,,,1,15,,32669,10,,,1,15,,32670,10,,,1,55,,32671,10,,,1,15,,32672,10,,,1,15,,32673,10,,,1,15,,32674,10,,,1,55,,32675,10,,,1,15,,32676,10,,,1,15,,32677,10,,,1,15,,32678,10,,,1,55,,32679,10,,,1,15,,32680,10,,,1,15,,32681,10,,,1,15,,32682,10,,,1,55,,32683,10,,,1,15,,32684,10,,,1,15,,32685,10,,,1,15,,32686,10,,,1,55,,32687,10,,,1,15,,32688,10,,,1,15,,32690,10,,,1
18002100,'021R-Weekday-5-26-09',531,,36043,10,,,1,12,,36044,10,,,1,12,,36045,10,,,1,52,,36046,10,,,1,12,,36047,10,,,1,12,,36048,10,,,1,12,,36049,10,,,1,6,,36050,10,,,1,6,,36051,10,,,1,46,,36052,10,,,1,6,,36053,10,,,1,6,,36054,10,,,1,6,,36055,10,,,1,6,,36056,10,,,1,6,,36057,10,,,1,6,,36058,10,,,1,6,,36059,10,,,1,6,,36060,10,,,1,6,,36061,10,,,1,46,,36062,10,,,1,6,,36063,10,,,1,6,,36064,10,,,1,6,,36065,10,,,1,6,,36066,10,,,1,6,,36067,10,,,1,6,,36068,10,,,1,6,,36069,10,,,1,6,,36070,10,,,1,6,,36071,10,,,1,46,,36072,10,,,1,6,,36073,10,,,1,6,,36074,10,,,1,6,,36075,10,,,1,6,,36076,10,,,1,6,,36077,10,,,1,6,,36078,10,,,1,6,,36079,10,,,1,6,,36080,10,,,1,6,,36081,10,,,1,46,,36082,10,,,1,10,,36083,10,,,1,10,,36084,10,,,1,10,,36085,10,,,1,10,,36086,10,,,1,10,,36087,10,,,1,50,,36088,10,,,1,10,,36089,10,,,1,10,,36090,10,,,1,10,,36091,10,,,1,10,,36092,10,,,1,10,,36093,10,,,1,50,,36094,10,,,1,10,,36095,10,,,1,10,,36096,10,,,1,10,,36097,10,,,1,10,,36098,10,,,1,10,,36099,10,,,1,50,,36100,10,,,1,10,,36101,10,,,1,10,,36102,10,,,1,10,,36103,10,,,1,10,,36104,10,,,1,10,,36105,10,,,1,50,,36106,10,,,1,10,,36107,10,,,1,10,,36108,10,,,1,10,,36109,10,,,1,10,,36110,10,,,1,10,,36111,10,,,1,50,,36112,10,,,1,6,,36113,10,,,1,6,,36114,10,,,1,6,,36115,10,,,1,6,,36116,10,,,1,6,,36117,10,,,1,6,,36118,10,,,1,6,,36119,10,,,1,6,,36120,10,,,1,6,,36121,10,,,1,46,,36122,10,,,1,6,,36123,10,,,1,6,,36124,10,,,1,6,,36125,10,,,1,6,,36126,10,,,1,6,,36127,10,,,1,6,,36128,10,,,1,6,,36129,10,,,1,6,,36130,10,,,1,6,,36131,10,,,1,46,,36132,10,,,1,6,,36133,10,,,1,6,,36134,10,,,1,6,,36135,10,,,1,6,,36136,10,,,1,6,,36137,10,,,1,6,,36138,10,,,1,6,,36139,10,,,1,6,,36140,10,,,1,6,,36141,10,,,1,46,,36142,10,,,1,6,,36143,10,,,1,6,,36144,10,,,1,6,,36145,10,,,1,6,,36146,10,,,1,6,,36147,10,,,1,6,,36148,10,,,1,6,,36149,10,,,1,6,,36150,10,,,1,6,,36151,10,,,1,46,,36152,10,,,1,6,,36153,10,,,1,9,,36178,10,,,1,15,,36154,10,,,1,15,,36155,10,,,1,55,,36156,10,,,1,15,,36157,10,,,1,15,,36158,10,,,1,15,,36159,10,,,1,55,,36160,10,,,1,15,,36161,10,,,1,15,,36162,10,,,1,15,,36163,10,,,1,55,,36164,10,,,1,15,,36165,10,,,1,15,,36166,10,,,1,15,,36167,10,,,1,55,,36168,10,,,1,15,,36169,10,,,1,15,,36170,10,,,1,15,,36171,10,,,1,55,,36172,10,,,1,15,,36173,10,,,1,15,,36174,10,,,1,15,,36175,10,,,1,55,,36176,10,,,1,15,,36177,10,,,1,15,,36179,10,,,1
18002100,'021R-Weekday-6-26-09',531,,36180,10,,,1,12,,36181,10,,,1,12,,36182,10,,,1,52,,36183,10,,,1,12,,36184,10,,,1,12,,36185,10,,,1,12,,36186,10,,,1,6,,36187,10,,,1,6,,36188,10,,,1,46,,36189,10,,,1,6,,36190,10,,,1,6,,36191,10,,,1,6,,36192,10,,,1,6,,36193,10,,,1,6,,36194,10,,,1,6,,36195,10,,,1,6,,36196,10,,,1,6,,36197,10,,,1,6,,36198,10,,,1,46,,36199,10,,,1,6,,36200,10,,,1,6,,36201,10,,,1,6,,36202,10,,,1,6,,36203,10,,,1,6,,36204,10,,,1,6,,36205,10,,,1,6,,36206,10,,,1,6,,36207,10,,,1,6,,36208,10,,,1,46,,36209,10,,,1,6,,36210,10,,,1,6,,36211,10,,,1,6,,36212,10,,,1,6,,36213,10,,,1,6,,36214,10,,,1,6,,36215,10,,,1,6,,36216,10,,,1,6,,36217,10,,,1,6,,36218,10,,,1,46,,36219,10,,,1,10,,36220,10,,,1,10,,36221,10,,,1,10,,36222,10,,,1,10,,36223,10,,,1,10,,36224,10,,,1,50,,36225,10,,,1,10,,36226,10,,,1,10,,36227,10,,,1,10,,36228,10,,,1,10,,36229,10,,,1,10,,36230,10,,,1,50,,36231,10,,,1,10,,36232,10,,,1,10,,36233,10,,,1,10,,36234,10,,,1,10,,36235,10,,,1,10,,36236,10,,,1,50,,36237,10,,,1,10,,36238,10,,,1,10,,36239,10,,,1,10,,36240,10,,,1,10,,36241,10,,,1,10,,36242,10,,,1,50,,36243,10,,,1,10,,36244,10,,,1,10,,36245,10,,,1,10,,36246,10,,,1,10,,36247,10,,,1,10,,36248,10,,,1,50,,36249,10,,,1,6,,36250,10,,,1,6,,36251,10,,,1,6,,36252,10,,,1,6,,36253,10,,,1,6,,36254,10,,,1,6,,36255,10,,,1,6,,36256,10,,,1,6,,36257,10,,,1,6,,36258,10,,,1,46,,36259,10,,,1,6,,36260,10,,,1,6,,36261,10,,,1,6,,36262,10,,,1,6,,36263,10,,,1,6,,36264,10,,,1,6,,36265,10,,,1,6,,36266,10,,,1,6,,36267,10,,,1,6,,36268,10,,,1,46,,36269,10,,,1,6,,36270,10,,,1,6,,36271,10,,,1,6,,36272,10,,,1,6,,36273,10,,,1,6,,36274,10,,,1,6,,36275,10,,,1,6,,36276,10,,,1,6,,36277,10,,,1,6,,36278,10,,,1,46,,36279,10,,,1,6,,36280,10,,,1,6,,36281,10,,,1,6,,36282,10,,,1,6,,36283,10,,,1,6,,36284,10,,,1,6,,36285,10,,,1,6,,36286,10,,,1,6,,36287,10,,,1,6,,36288,10,,,1,46,,36289,10,,,1,6,,36290,10,,,1,9,,36315,10,,,1,15,,36291,10,,,1,15,,36292,10,,,1,55,,36293,10,,,1,15,,36294,10,,,1,15,,36295,10,,,1,15,,36296,10,,,1,55,,36297,10,,,1,15,,36298,10,,,1,15,,36299,10,,,1,15,,36300,10,,,1,55,,36301,10,,,1,15,,36302,10,,,1,15,,36303,10,,,1,15,,36304,10,,,1,55,,36305,10,,,1,15,,36306,10,,,1,15,,36307,10,,,1,15,,36308,10,,,1,55,,36309,10,,,1,15,,36310,10,,,1,15,,36311,10,,,1,15,,36312,10,,,1,55,,36313,10,,,1,15,,36314,10,,,1,15,,36316,10,,,1
18002100,'021R-Weekday-7-26-09',531,,36317,10,,,1,12,,36318,10,,,1,12,,36319,10,,,1,52,,36320,10,,,1,12,,36321,10,,,1,12,,36322,10,,,1,12,,36323,10,,,1,6,,36324,10,,,1,6,,36325,10,,,1,46,,36326,10,,,1,6,,36327,10,,,1,6,,36328,10,,,1,6,,36329,10,,,1,6,,36330,10,,,1,6,,36331,10,,,1,6,,36332,10,,,1,6,,36333,10,,,1,6,,36334,10,,,1,6,,36335,10,,,1,46,,36336,10,,,1,6,,36337,10,,,1,6,,36338,10,,,1,6,,36339,10,,,1,6,,36340,10,,,1,6,,36341,10,,,1,6,,36342,10,,,1,6,,36343,10,,,1,6,,36344,10,,,1,6,,36345,10,,,1,46,,36346,10,,,1,6,,36347,10,,,1,6,,36348,10,,,1,6,,36349,10,,,1,6,,36350,10,,,1,6,,36351,10,,,1,6,,36352,10,,,1,6,,36353,10,,,1,6,,36354,10,,,1,6,,36355,10,,,1,46,,36356,10,,,1,10,,36357,10,,,1,10,,36358,10,,,1,10,,36359,10,,,1,10,,36360,10,,,1,10,,36361,10,,,1,50,,36362,10,,,1,10,,36363,10,,,1,10,,36364,10,,,1,10,,36365,10,,,1,10,,36366,10,,,1,10,,36367,10,,,1,50,,36368,10,,,1,10,,36369,10,,,1,10,,36370,10,,,1,10,,36371,10,,,1,10,,36372,10,,,1,10,,36373,10,,,1,50,,36374,10,,,1,10,,36375,10,,,1,10,,36376,10,,,1,10,,36377,10,,,1,10,,36378,10,,,1,10,,36379,10,,,1,50,,36380,10,,,1,10,,36381,10,,,1,10,,36382,10,,,1,10,,36383,10,,,1,10,,36384,10,,,1,10,,36385,10,,,1,50,,36386,10,,,1,6,,36387,10,,,1,6,,36388,10,,,1,6,,36389,10,,,1,6,,36390,10,,,1,6,,36391,10,,,1,6,,36392,10,,,1,6,,36393,10,,,1,6,,36394,10,,,1,6,,36395,10,,,1,46,,36396,10,,,1,6,,36397,10,,,1,6,,36398,10,,,1,6,,36399,10,,,1,6,,36400,10,,,1,6,,36401,10,,,1,6,,36402,10,,,1,6,,36403,10,,,1,6,,36404,10,,,1,6,,36405,10,,,1,46,,36406,10,,,1,6,,36407,10,,,1,6,,36408,10,,,1,6,,36409,10,,,1,6,,36410,10,,,1,6,,36411,10,,,1,6,,36412,10,,,1,6,,36413,10,,,1,6,,36414,10,,,1,6,,36415,10,,,1,46,,36416,10,,,1,6,,36417,10,,,1,6,,36418,10,,,1,6,,36419,10,,,1,6,,36420,10,,,1,6,,36421,10,,,1,6,,36422,10,,,1,6,,36423,10,,,1,6,,36424,10,,,1,6,,36425,10,,,1,46,,36426,10,,,1,6,,36427,10,,,1,9,,36452,10,,,1,15,,36428,10,,,1,15,,36429,10,,,1,55,,36430,10,,,1,15,,36431,10,,,1,15,,36432,10,,,1,15,,36433,10,,,1,55,,36434,10,,,1,15,,36435,10,,,1,15,,36436,10,,,1,15,,36437,10,,,1,55,,36438,10,,,1,15,,36439,10,,,1,15,,36440,10,,,1,15,,36441,10,,,1,55,,36442,10,,,1,15,,36443,10,,,1,15,,36444,10,,,1,15,,36445,10,,,1,55,,36446,10,,,1,15,,36447,10,,,1,15,,36448,10,,,1,15,,36449,10,,,1,55,,36450,10,,,1,15,,36451,10,,,1,15,,36453,10,,,1
18002100,'021R-Saturday-1-26-09',531,,32691,10,,,1,15,,32692,10,,,1,55,,32693,10,,,1,15,,32694,10,,,1,15,,32695,10,,,1,15,,32696,10,,,1,55,,32697,10,,,1,15,,32698,10,,,1,15,,32699,10,,,1,15,,32700,10,,,1,55,,32701,10,,,1,15,,32702,10,,,1,15,,32703,10,,,1,15,,32704,10,,,1,55,,32705,10,,,1,15,,32706,10,,,1,15,,32707,10,,,1,15,,32708,10,,,1,55,,32709,10,,,1,15,,32710,10,,,1,15,,32711,10,,,1,15,,32712,10,,,1,55,,32713,10,,,1,15,,32714,10,,,1,15,,32715,10,,,1,15,,32716,10,,,1,55,,32717,10,,,1,15,,32718,10,,,1,15,,32719,10,,,1,15,,32720,10,,,1,55,,32721,10,,,1,15,,32722,10,,,1,15,,32723,10,,,1,15,,32724,10,,,1,55,,32725,10,,,1,15,,32726,10,,,1,15,,32727,10,,,1,15,,32728,10,,,1,55,,32729,10,,,1,15,,32730,10,,,1,15,,32731,10,,,1,15,,32732,10,,,1,55,,32733,10,,,1,15,,32734,10,,,1,15,,32735,10,,,1,15,,32736,10,,,1,55,,32737,10,,,1,15,,32738,10,,,1,15,,32739,10,,,1,15,,32740,10,,,1,55,,32741,10,,,1,15,,32742,10,,,1,15,,32743,10,,,1,15,,32744,10,,,1,55,,32745,10,,,1,15,,32746,10,,,1,15,,32747,10,,,1,15,,32748,10,,,1,55,,32749,10,,,1,15,,32750,10,,,1,15,,32751,10,,,1,15,,32752,10,,,1,55,,32753,10,,,1,15,,32754,10,,,1,15,,32755,10,,,1,15,,32756,10,,,1,55,,32757,10,,,1,15,,32758,10,,,1,15,,32759,10,,,1,15,,32760,10,,,1,55,,32761,10,,,1,15,,32762,10,,,1,15,,32763,10,,,1,15,,32764,10,,,1,55,,32765,10,,,1,15,,32766,10,,,1,15,,32767,10,,,1,15,,32768,10,,,1,55,,32769,10,,,1,15,,32770,10,,,1,15,,32771,10,,,1
18002100,'021R-Saturday-2-26-09',531,,36454,10,,,1,15,,36455,10,,,1,55,,36456,10,,,1,15,,36457,10,,,1,15,,36458,10,,,1,15,,36459,10,,,1,55,,36460,10,,,1,15,,36461,10,,,1,15,,36462,10,,,1,15,,36463,10,,,1,55,,36464,10,,,1,15,,36465,10,,,1,15,,36466,10,,,1,15,,36467,10,,,1,55,,36468,10,,,1,15,,36469,10,,,1,15,,36470,10,,,1,15,,36471,10,,,1,55,,36472,10,,,1,15,,36473,10,,,1,15,,36474,10,,,1,15,,36475,10,,,1,55,,36476,10,,,1,15,,36477,10,,,1,15,,36478,10,,,1,15,,36479,10,,,1,55,,36480,10,,,1,15,,36481,10,,,1,15,,36482,10,,,1,15,,36483,10,,,1,55,,36484,10,,,1,15,,36485,10,,,1,15,,36486,10,,,1,15,,36487,10,,,1,55,,36488,10,,,1,15,,36489,10,,,1,15,,36490,10,,,1,15,,36491,10,,,1,55,,36492,10,,,1,15,,36493,10,,,1,15,,36494,10,,,1,15,,36495,10,,,1,55,,36496,10,,,1,15,,36497,10,,,1,15,,36498,10,,,1,15,,36499,10,,,1,55,,36500,10,,,1,15,,36501,10,,,1,15,,36502,10,,,1,15,,36503,10,,,1,55,,36504,10,,,1,15,,36505,10,,,1,15,,36506,10,,,1,15,,36507,10,,,1,55,,36508,10,,,1,15,,36509,10,,,1,15,,36510,10,,,1,15,,36511,10,,,1,55,,36512,10,,,1,15,,36513,10,,,1,15,,36514,10,,,1,15,,36515,10,,,1,55,,36516,10,,,1,15,,36517,10,,,1,15,,36518,10,,,1,15,,36519,10,,,1,55,,36520,10,,,1,15,,36521,10,,,1,15,,36522,10,,,1,15,,36523,10,,,1,55,,36524,10,,,1,15,,36525,10,,,1,15,,36526,10,,,1,15,,36527,10,,,1,55,,36528,10,,,1,15,,36529,10,,,1,15,,36530,10,,,1,15,,36531,10,,,1,55,,36532,10,,,1,15,,36533,10,,,1,15,,36534,10,,,1
18002100,'021R-Sunday-1-26-09',601,,32772,10,,,1,15,,32773,10,,,1,15,,32774,10,,,1,15,,32775,10,,,1,55,,32776,10,,,1,15,,32777,10,,,1,15,,32778,10,,,1,15,,32779,10,,,1,55,,32780,10,,,1,15,,32781,10,,,1,15,,32782,10,,,1,15,,32783,10,,,1,55,,32784,10,,,1,15,,32785,10,,,1,15,,32786,10,,,1,15,,32787,10,,,1,55,,32788,10,,,1,15,,32789,10,,,1,15,,32790,10,,,1,15,,32791,10,,,1,55,,32792,10,,,1,15,,32793,10,,,1,15,,32794,10,,,1,15,,32795,10,,,1,55,,32796,10,,,1,15,,32797,10,,,1,15,,32798,10,,,1,15,,32799,10,,,1,55,,32800,10,,,1,15,,32801,10,,,1,15,,32802,10,,,1,15,,32803,10,,,1,55,,32804,10,,,1,15,,32805,10,,,1,15,,32806,10,,,1,15,,32807,10,,,1,55,,32808,10,,,1,15,,32809,10,,,1,15,,32810,10,,,1,15,,32811,10,,,1,55,,32812,10,,,1,15,,32813,10,,,1,15,,32814,10,,,1,15,,32815,10,,,1,55,,32816,10,,,1,15,,32817,10,,,1,15,,32818,10,,,1,15,,32819,10,,,1,55,,32820,10,,,1,15,,32821,10,,,1,15,,32822,10,,,1,15,,32823,10,,,1,55,,32824,10,,,1,15,,32825,10,,,1,15,,32826,10,,,1,15,,32827,10,,,1,55,,32828,10,,,1,15,,32829,10,,,1,15,,32830,10,,,1,15,,32831,10,,,1,55,,32832,10,,,1,15,,32833,10,,,1,15,,32834,10,,,1,15,,32835,10,,,1,55,,32836,10,,,1,15,,32837,10,,,1,15,,32838,10,,,1,15,,32839,10,,,1,55,,32840,10,,,1,15,,32841,10,,,1,15,,32842,10,,,1,15,,32843,10,,,1,55,,32844,10,,,1,15,,32845,10,,,1,15,,32846,10,,,1,15,,32847,10,,,1,55,,32848,10,,,1
18002100,'021R-Sunday-2-26-09',601,,36535,10,,,1,15,,36536,10,,,1,15,,36537,10,,,1,15,,36538,10,,,1,55,,36539,10,,,1,15,,36540,10,,,1,15,,36541,10,,,1,15,,36542,10,,,1,55,,36543,10,,,1,15,,36544,10,,,1,15,,36545,10,,,1,15,,36546,10,,,1,55,,36547,10,,,1,15,,36548,10,,,1,15,,36549,10,,,1,15,,36550,10,,,1,55,,36551,10,,,1,15,,36552,10,,,1,15,,36553,10,,,1,15,,36554,10,,,1,55,,36555,10,,,1,15,,36556,10,,,1,15,,36557,10,,,1,15,,36558,10,,,1,55,,36559,10,,,1,15,,36560,10,,,1,15,,36561,10,,,1,15,,36562,10,,,1,55,,36563,10,,,1,15,,36564,10,,,1,15,,36565,10,,,1,15,,36566,10,,,1,55,,36567,10,,,1,15,,36568,10,,,1,15,,36569,10,,,1,15,,36570,10,,,1,55,,36571,10,,,1,15,,36572,10,,,1,15,,36573,10,,,1,15,,36574,10,,,1,55,,36575,10,,,1,15,,36576,10,,,1,15,,36577,10,,,1,15,,36578,10,,,1,55,,36579,10,,,1,15,,36580,10,,,1,15,,36581,10,,,1,15,,36582,10,,,1,55,,36583,10,,,1,15,,36584,10,,,1,15,,36585,10,,,1,15,,36586,10,,,1,55,,36587,10,,,1,15,,36588,10,,,1,15,,36589,10,,,1,15,,36590,10,,,1,55,,36591,10,,,1,15,,36592,10,,,1,15,,36593,10,,,1,15,,36594,10,,,1,55,,36595,10,,,1,15,,36596,10,,,1,15,,36597,10,,,1,15,,36598,10,,,1,55,,36599,10,,,1,15,,36600,10,,,1,15,,36601,10,,,1,15,,36602,10,,,1,55,,36603,10,,,1,15,,36604,10,,,1,15,,36605,10,,,1,15,,36606,10,,,1,55,,36607,10,,,1,15,,36608,10,,,1,15,,36609,10,,,1,15,,36610,10,,,1,55,,36611,10,,,1
18002100,'021R-Sunday-4-26-09',601,,36612,10,,,1,15,,36613,10,,,1,15,,36614,10,,,1,15,,36615,10,,,1,55,,36616,10,,,1,15,,36617,10,,,1,15,,36618,10,,,1,15,,36619,10,,,1,55,,36620,10,,,1,15,,36621,10,,,1,15,,36622,10,,,1,15,,36623,10,,,1,55,,36624,10,,,1,15,,36625,10,,,1,15,,36626,10,,,1,15,,36627,10,,,1,55,,36628,10,,,1,15,,36629,10,,,1,15,,36630,10,,,1,15,,36631,10,,,1,55,,36632,10,,,1,15,,36633,10,,,1,15,,36634,10,,,1,15,,36635,10,,,1,55,,36636,10,,,1,15,,36637,10,,,1,15,,36638,10,,,1,15,,36639,10,,,1,55,,36640,10,,,1,15,,36641,10,,,1,15,,36642,10,,,1,15,,36643,10,,,1,55,,36644,10,,,1,15,,36645,10,,,1,15,,36646,10,,,1,15,,36647,10,,,1,55,,36648,10,,,1,15,,36649,10,,,1,15,,36650,10,,,1,15,,36651,10,,,1,55,,36652,10,,,1,15,,36653,10,,,1,15,,36654,10,,,1,15,,36655,10,,,1,55,,36656,10,,,1,15,,36657,10,,,1,15,,36658,10,,,1,15,,36659,10,,,1,55,,36660,10,,,1,15,,36661,10,,,1,15,,36662,10,,,1,15,,36663,10,,,1,55,,36664,10,,,1,15,,36665,10,,,1,15,,36666,10,,,1,15,,36667,10,,,1,55,,36668,10,,,1,15,,36669,10,,,1,15,,36670,10,,,1,15,,36671,10,,,1,55,,36672,10,,,1,15,,36673,10,,,1,15,,36674,10,,,1,15,,36675,10,,,1,55,,36676,10,,,1,15,,36677,10,,,1,15,,36678,10,,,1,15,,36679,10,,,1,55,,36680,10,,,1,15,,36681,10,,,1,15,,36682,10,,,1,15,,36683,10,,,1,55,,36684,10,,,1,15,,36685,10,,,1,15,,36686,10,,,1,15,,36687,10,,,1,55,,36688,10,,,1
18002200,'022R-Weekday-1-26-09',534,,33412,7,,,1,12,,33413,7,,,1,12,,33414,7,,,1,52,,33415,7,,,1,12,,33416,7,,,1,12,,33417,7,,,1,12,,33418,7,,,1,12,,33419,7,,,1,52,,33420,7,,,1,12,,33421,7,,,1,12,,33422,7,,,1,12,,33453,7,,,1,12,,33454,7,,,1,52,,33455,7,,,1,12,,33456,7,,,1,12,,33457,7,,,1,12,,33458,7,,,1,12,,33459,7,,,1,52,,33426,7,,,1,12,,33427,7,,,1,12,,33428,7,,,1,12,,33429,7,,,1,58,,33460,7,,,1,15,,33461,7,,,1,15,,33462,7,,,1,15,,33463,7,,,1,55,,33430,7,,,1,15,,33431,7,,,1,15,,33432,7,,,1,15,,33433,7,,,1,55,,33434,7,,,1,15,,33435,7,,,1,15,,33436,7,,,1,15,,33437,7,,,1,55,,33438,7,,,1,15,,33439,7,,,1,15,,33440,7,,,1,15,,33441,7,,,1,55,,33423,7,,,1,15,,33424,7,,,1,15,,33425,7,,,1,12,,33486,7,,,1,12,,33487,7,,,1,52,,33488,7,,,1,12,,33489,7,,,1,12,,33490,7,,,1,12,,33491,7,,,1,12,,33492,7,,,1,52,,33493,7,,,1,12,,33494,7,,,1,12,,33495,7,,,1,12,,33442,7,,,1,12,,33443,7,,,1,52,,33444,7,,,1,12,,33445,7,,,1,12,,33446,7,,,1,12,,33447,7,,,1,12,,33448,7,,,1,52,,33449,7,,,1,12,,33450,7,,,1,12,,33451,7,,,1,12,,33452,7,,,1,59,,33464,7,,,1,15,,33465,7,,,1,15,,33466,7,,,1,15,,33467,7,,,1,55,,33468,7,,,1,15,,33469,7,,,1,15,,33470,7,,,1,15,,33471,7,,,1,55,,33472,7,,,1,15,,33473,7,,,1,15,,33474,7,,,1,15,,33475,7,,,1,55,,33476,7,,,1,15,,33477,7,,,1,15,,33478,7,,,1,15,,33479,7,,,1,55,,33480,7,,,1,15,,33481,7,,,1,15,,33482,7,,,1,15,,33483,7,,,1,55,,33484,7,,,1,15,,33485,7,,,1,15,,33411,7,,,1
18002200,'022R-Weekday-2-26-09',534,,33497,7,,,1,12,,33498,7,,,1,12,,33499,7,,,1,52,,33500,7,,,1,12,,33501,7,,,1,12,,33502,7,,,1,12,,33503,7,,,1,12,,33504,7,,,1,52,,33505,7,,,1,12,,33506,7,,,1,12,,33507,7,,,1,12,,33538,7,,,1,12,,33539,7,,,1,52,,33540,7,,,1,12,,33541,7,,,1,12,,33542,7,,,1,12,,33543,7,,,1,12,,33544,7,,,1,52,,33511,7,,,1,12,,33512,7,,,1,12,,33513,7,,,1,12,,33514,7,,,1,58,,33545,7,,,1,15,,33546,7,,,1,15,,33547,7,,,1,15,,33548,7,,,1,55,,33515,7,,,1,15,,33516,7,,,1,15,,33517,7,,,1,15,,33518,7,,,1,55,,33519,7,,,1,15,,33520,7,,,1,15,,33521,7,,,1,15,,33522,7,,,1,55,,33523,7,,,1,15,,33524,7,,,1,15,,33525,7,,,1,15,,33526,7,,,1,55,,33508,7,,,1,15,,33509,7,,,1,15,,33510,7,,,1,12,,33571,7,,,1,12,,33572,7,,,1,52,,33573,7,,,1,12,,33574,7,,,1,12,,33575,7,,,1,12,,33576,7,,,1,12,,33577,7,,,1,52,,33578,7,,,1,12,,33579,7,,,1,12,,33580,7,,,1,12,,33527,7,,,1,12,,33528,7,,,1,52,,33529,7,,,1,12,,33530,7,,,1,12,,33531,7,,,1,12,,33532,7,,,1,12,,33533,7,,,1,52,,33534,7,,,1,12,,33535,7,,,1,12,,33536,7,,,1,12,,33537,7,,,1,59,,33549,7,,,1,15,,33550,7,,,1,15,,33551,7,,,1,15,,33552,7,,,1,55,,33553,7,,,1,15,,33554,7,,,1,15,,33555,7,,,1,15,,33556,7,,,1,55,,33557,7,,,1,15,,33558,7,,,1,15,,33559,7,,,1,15,,33560,7,,,1,55,,33561,7,,,1,15,,33562,7,,,1,15,,33563,7,,,1,15,,33564,7,,,1,55,,33565,7,,,1,15,,33566,7,,,1,15,,33567,7,,,1,15,,33568,7,,,1,55,,33569,7,,,1,15,,33570,7,,,1,15,,33496,7,,,1
18002200,'022R-Weekday-3-26-09',534,,37464,7,,,1,12,,37465,7,,,1,12,,37466,7,,,1,52,,37467,7,,,1,12,,37468,7,,,1,12,,37469,7,,,1,12,,37470,7,,,1,12,,37471,7,,,1,52,,37472,7,,,1,12,,37473,7,,,1,12,,37474,7,,,1,12,,37505,7,,,1,12,,37506,7,,,1,52,,37507,7,,,1,12,,37508,7,,,1,12,,37509,7,,,1,12,,37510,7,,,1,12,,37511,7,,,1,52,,37478,7,,,1,12,,37479,7,,,1,12,,37480,7,,,1,12,,37481,7,,,1,58,,37512,7,,,1,15,,37513,7,,,1,15,,37514,7,,,1,15,,37515,7,,,1,55,,37482,7,,,1,15,,37483,7,,,1,15,,37484,7,,,1,15,,37485,7,,,1,55,,37486,7,,,1,15,,37487,7,,,1,15,,37488,7,,,1,15,,37489,7,,,1,55,,37490,7,,,1,15,,37491,7,,,1,15,,37492,7,,,1,15,,37493,7,,,1,55,,37475,7,,,1,15,,37476,7,,,1,15,,37477,7,,,1,12,,37538,7,,,1,12,,37539,7,,,1,52,,37540,7,,,1,12,,37541,7,,,1,12,,37542,7,,,1,12,,37543,7,,,1,12,,37544,7,,,1,52,,37545,7,,,1,12,,37546,7,,,1,12,,37547,7,,,1,12,,37494,7,,,1,12,,37495,7,,,1,52,,37496,7,,,1,12,,37497,7,,,1,12,,37498,7,,,1,12,,37499,7,,,1,12,,37500,7,,,1,52,,37501,7,,,1,12,,37502,7,,,1,12,,37503,7,,,1,12,,37504,7,,,1,59,,37516,7,,,1,15,,37517,7,,,1,15,,37518,7,,,1,15,,37519,7,,,1,55,,37520,7,,,1,15,,37521,7,,,1,15,,37522,7,,,1,15,,37523,7,,,1,55,,37524,7,,,1,15,,37525,7,,,1,15,,37526,7,,,1,15,,37527,7,,,1,55,,37528,7,,,1,15,,37529,7,,,1,15,,37530,7,,,1,15,,37531,7,,,1,55,,37532,7,,,1,15,,37533,7,,,1,15,,37534,7,,,1,15,,37535,7,,,1,55,,37536,7,,,1,15,,37537,7,,,1,15,,37463,7,,,1
18002200,'022R-Weekday-4-26-09',534,,33582,7,,,1,12,,33583,7,,,1,12,,33584,7,,,1,52,,33585,7,,,1,12,,33586,7,,,1,12,,33587,7,,,1,12,,33588,7,,,1,12,,33589,7,,,1,52,,33590,7,,,1,12,,33591,7,,,1,12,,33592,7,,,1,12,,33623,7,,,1,12,,33624,7,,,1,52,,33625,7,,,1,12,,33626,7,,,1,12,,33627,7,,,1,12,,33628,7,,,1,12,,33629,7,,,1,52,,33596,7,,,1,12,,33597,7,,,1,12,,33598,7,,,1,12,,33599,7,,,1,58,,33630,7,,,1,15,,33631,7,,,1,15,,33632,7,,,1,15,,33633,7,,,1,55,,33600,7,,,1,15,,33601,7,,,1,15,,33602,7,,,1,15,,33603,7,,,1,55,,33604,7,,,1,15,,33605,7,,,1,15,,33606,7,,,1,15,,33607,7,,,1,55,,33608,7,,,1,15,,33609,7,,,1,15,,33610,7,,,1,15,,33611,7,,,1,55,,33593,7,,,1,15,,33594,7,,,1,15,,33595,7,,,1,12,,33656,7,,,1,12,,33657,7,,,1,52,,33658,7,,,1,12,,33659,7,,,1,12,,33660,7,,,1,12,,33661,7,,,1,12,,33662,7,,,1,52,,33663,7,,,1,12,,33664,7,,,1,12,,33665,7,,,1,12,,33612,7,,,1,12,,33613,7,,,1,52,,33614,7,,,1,12,,33615,7,,,1,12,,33616,7,,,1,12,,33617,7,,,1,12,,33618,7,,,1,52,,33619,7,,,1,12,,33620,7,,,1,12,,33621,7,,,1,12,,33622,7,,,1,59,,33634,7,,,1,15,,33635,7,,,1,15,,33636,7,,,1,15,,33637,7,,,1,55,,33638,7,,,1,15,,33639,7,,,1,15,,33640,7,,,1,15,,33641,7,,,1,55,,33642,7,,,1,15,,33643,7,,,1,15,,33644,7,,,1,15,,33645,7,,,1,55,,33646,7,,,1,15,,33647,7,,,1,15,,33648,7,,,1,15,,33649,7,,,1,55,,33650,7,,,1,15,,33651,7,,,1,15,,33652,7,,,1,15,,33653,7,,,1,55,,33654,7,,,1,15,,33655,7,,,1,15,,33581,7,,,1
18002200,'022R-Weekday-5-26-09',534,,37549,7,,,1,12,,37550,7,,,1,12,,37551,7,,,1,52,,37552,7,,,1,12,,37553,7,,,1,12,,37554,7,,,1,12,,37555,7,,,1,12,,37556,7,,,1,52,,37557,7,,,1,12,,37558,7,,,1,12,,37559,7,,,1,12,,37590,7,,,1,12,,37591,7,,,1,52,,37592,7,,,1,12,,37593,7,,,1,12,,37594,7,,,1,12,,37595,7,,,1,12,,37596,7,,,1,52,,37563,7,,,1,12,,37564,7,,,1,12,,37565,7,,,1,12,,37566,7,,,1,58,,37597,7,,,1,15,,37598,7,,,1,15,,37599,7,,,1,15,,37600,7,,,1,55,,37567,7,,,1,15,,37568,7,,,1,15,,37569,7,,,1,15,,37570,7,,,1,55,,37571,7,,,1,15,,37572,7,,,1,15,,37573,7,,,1,15,,37574,7,,,1,55,,37575,7,,,1,15,,37576,7,,,1,15,,37577,7,,,1,15,,37578,7,,,1,55,,37560,7,,,1,15,,37561,7,,,1,15,,37562,7,,,1,12,,37623,7,,,1,12,,37624,7,,,1,52,,37625,7,,,1,12,,37626,7,,,1,12,,37627,7,,,1,12,,37628,7,,,1,12,,37629,7,,,1,52,,37630,7,,,1,12,,37631,7,,,1,12,,37632,7,,,1,12,,37579,7,,,1,12,,37580,7,,,1,52,,37581,7,,,1,12,,37582,7,,,1,12,,37583,7,,,1,12,,37584,7,,,1,12,,37585,7,,,1,52,,37586,7,,,1,12,,37587,7,,,1,12,,37588,7,,,1,12,,37589,7,,,1,59,,37601,7,,,1,15,,37602,7,,,1,15,,37603,7,,,1,15,,37604,7,,,1,55,,37605,7,,,1,15,,37606,7,,,1,15,,37607,7,,,1,15,,37608,7,,,1,55,,37609,7,,,1,15,,37610,7,,,1,15,,37611,7,,,1,15,,37612,7,,,1,55,,37613,7,,,1,15,,37614,7,,,1,15,,37615,7,,,1,15,,37616,7,,,1,55,,37617,7,,,1,15,,37618,7,,,1,15,,37619,7,,,1,15,,37620,7,,,1,55,,37621,7,,,1,15,,37622,7,,,1,15,,37548,7,,,1
18002200,'022R-Weekday-6-26-09',534,,37634,7,,,1,12,,37635,7,,,1,12,,37636,7,,,1,52,,37637,7,,,1,12,,37638,7,,,1,12,,37639,7,,,1,12,,37640,7,,,1,12,,37641,7,,,1,52,,37642,7,,,1,12,,37643,7,,,1,12,,37644,7,,,1,12,,37675,7,,,1,12,,37676,7,,,1,52,,37677,7,,,1,12,,37678,7,,,1,12,,37679,7,,,1,12,,37680,7,,,1,12,,37681,7,,,1,52,,37648,7,,,1,12,,37649,7,,,1,12,,37650,7,,,1,12,,37651,7,,,1,58,,37682,7,,,1,15,,37683,7,,,1,15,,37684,7,,,1,15,,37685,7,,,1,55,,37652,7,,,1,15,,37653,7,,,1,15,,37654,7,,,1,15,,37655,7,,,1,55,,37656,7,,,1,15,,37657,7,,,1,15,,37658,7,,,1,15,,37659,7,,,1,55,,37660,7,,,1,15,,37661,7,,,1,15,,37662,7,,,1,15,,37663,7,,,1,55,,37645,7,,,1,15,,37646,7,,,1,15,,37647,7,,,1,12,,37708,7,,,1,12,,37709,7,,,1,52,,37710,7,,,1,12,,37711,7,,,1,12,,37712,7,,,1,12,,37713,7,,,1,12,,37714,7,,,1,52,,37715,7,,,1,12,,37716,7,,,1,12,,37717,7,,,1,12,,37664,7,,,1,12,,37665,7,,,1,52,,37666,7,,,1,12,,37667,7,,,1,12,,37668,7,,,1,12,,37669,7,,,1,12,,37670,7,,,1,52,,37671,7,,,1,12,,37672,7,,,1,12,,37673,7,,,1,12,,37674,7,,,1,59,,37686,7,,,1,15,,37687,7,,,1,15,,37688,7,,,1,15,,37689,7,,,1,55,,37690,7,,,1,15,,37691,7,,,1,15,,37692,7,,,1,15,,37693,7,,,1,55,,37694,7,,,1,15,,37695,7,,,1,15,,37696,7,,,1,15,,37697,7,,,1,55,,37698,7,,,1,15,,37699,7,,,1,15,,37700,7,,,1,15,,37701,7,,,1,55,,37702,7,,,1,15,,37703,7,,,1,15,,37704,7,,,1,15,,37705,7,,,1,55,,37706,7,,,1,15,,37707,7,,,1,15,,37633,7,,,1
18002200,'022R-Weekday-7-26-09',534,,37719,7,,,1,12,,37720,7,,,1,12,,37721,7,,,1,52,,37722,7,,,1,12,,37723,7,,,1,12,,37724,7,,,1,12,,37725,7,,,1,12,,37726,7,,,1,52,,37727,7,,,1,12,,37728,7,,,1,12,,37729,7,,,1,12,,37760,7,,,1,12,,37761,7,,,1,52,,37762,7,,,1,12,,37763,7,,,1,12,,37764,7,,,1,12,,37765,7,,,1,12,,37766,7,,,1,52,,37733,7,,,1,12,,37734,7,,,1,12,,37735,7,,,1,12,,37736,7,,,1,58,,37767,7,,,1,15,,37768,7,,,1,15,,37769,7,,,1,15,,37770,7,,,1,55,,37737,7,,,1,15,,37738,7,,,1,15,,37739,7,,,1,15,,37740,7,,,1,55,,37741,7,,,1,15,,37742,7,,,1,15,,37743,7,,,1,15,,37744,7,,,1,55,,37745,7,,,1,15,,37746,7,,,1,15,,37747,7,,,1,15,,37748,7,,,1,55,,37730,7,,,1,15,,37731,7,,,1,15,,37732,7,,,1,12,,37793,7,,,1,12,,37794,7,,,1,52,,37795,7,,,1,12,,37796,7,,,1,12,,37797,7,,,1,12,,37798,7,,,1,12,,37799,7,,,1,52,,37800,7,,,1,12,,37801,7,,,1,12,,37802,7,,,1,12,,37749,7,,,1,12,,37750,7,,,1,52,,37751,7,,,1,12,,37752,7,,,1,12,,37753,7,,,1,12,,37754,7,,,1,12,,37755,7,,,1,52,,37756,7,,,1,12,,37757,7,,,1,12,,37758,7,,,1,12,,37759,7,,,1,59,,37771,7,,,1,15,,37772,7,,,1,15,,37773,7,,,1,15,,37774,7,,,1,55,,37775,7,,,1,15,,37776,7,,,1,15,,37777,7,,,1,15,,37778,7,,,1,55,,37779,7,,,1,15,,37780,7,,,1,15,,37781,7,,,1,15,,37782,7,,,1,55,,37783,7,,,1,15,,37784,7,,,1,15,,37785,7,,,1,15,,37786,7,,,1,55,,37787,7,,,1,15,,37788,7,,,1,15,,37789,7,,,1,15,,37790,7,,,1,55,,37791,7,,,1,15,,37792,7,,,1,15,,37718,7,,,1
18002200,'022R-Saturday-1-26-09',534,,33666,7,,,1,15,,33667,7,,,1,55,,33668,7,,,1,15,,33669,7,,,1,15,,33670,7,,,1,15,,33671,7,,,1,55,,33672,7,,,1,15,,33673,7,,,1,15,,33674,7,,,1,15,,33675,7,,,1,55,,33676,7,,,1,15,,33677,7,,,1,15,,33678,7,,,1,15,,33679,7,,,1,55,,33680,7,,,1,15,,33681,7,,,1,15,,33682,7,,,1,15,,33683,7,,,1,55,,33684,7,,,1,15,,33685,7,,,1,15,,33686,7,,,1,15,,33687,7,,,1,55,,33688,7,,,1,15,,33689,7,,,1,15,,33690,7,,,1,15,,33691,7,,,1,55,,33692,7,,,1,15,,33693,7,,,1,15,,33694,7,,,1,15,,33695,7,,,1,55,,33696,7,,,1,15,,33697,7,,,1,15,,33698,7,,,1,15,,33699,7,,,1,55,,33700,7,,,1,15,,33701,7,,,1,15,,33702,7,,,1,15,,33703,7,,,1,55,,33704,7,,,1,15,,33705,7,,,1,15,,33706,7,,,1,15,,33707,7,,,1,55,,33708,7,,,1,15,,33709,7,,,1,15,,33710,7,,,1,15,,33711,7,,,1,55,,33712,7,,,1,15,,33713,7,,,1,15,,33714,7,,,1,15,,33715,7,,,1,55,,33716,7,,,1,15,,33717,7,,,1,15,,33718,7,,,1,15,,33719,7,,,1,55,,33720,7,,,1,15,,33721,7,,,1,15,,33722,7,,,1,15,,33723,7,,,1,55,,33724,7,,,1,15,,33725,7,,,1,15,,33726,7,,,1,15,,33727,7,,,1,55,,33728,7,,,1,15,,33729,7,,,1,15,,33730,7,,,1,15,,33731,7,,,1,55,,33732,7,,,1,15,,33733,7,,,1,15,,33734,7,,,1,15,,33735,7,,,1,55,,33736,7,,,1,15,,33737,7,,,1,15,,33738,7,,,1,15,,33739,7,,,1,55,,33740,7,,,1,15,,33741,7,,,1,15,,33742,7,,,1
18002200,'022R-Saturday-2-26-09',531,,37803,10,,,1,15,,37804,10,,,1,55,,37819,10,,,1,15,,37834,10,,,1,15,,37852,10,,,1,15,,37835,10,,,1,55,,37815,10,,,1,15,,37846,10,,,1,15,,37861,10,,,1,15,,37845,10,,,1,55,,37830,10,,,1,15,,37862,10,,,1,15,,37836,10,,,1,15,,37878,10,,,1,55,,37805,10,,,1,15,,37821,10,,,1,15,,37877,10,,,1,15,,37867,10,,,1,55,,37881,10,,,1,15,,37817,10,,,1,15,,37851,10,,,1,15,,37824,10,,,1,55,,37864,10,,,1,15,,37814,10,,,1,15,,37832,10,,,1,15,,37848,10,,,1,55,,37829,10,,,1,15,,37811,10,,,1,15,,37873,10,,,1,15,,37826,10,,,1,55,,37882,10,,,1,15,,37858,10,,,1,15,,37874,10,,,1,15,,37841,10,,,1,55,,37810,10,,,1,15,,37857,10,,,1,15,,37859,10,,,1,15,,37827,10,,,1,55,,37843,10,,,1,15,,37808,10,,,1,15,,37875,10,,,1,15,,37839,10,,,1,55,,37831,10,,,1,15,,37844,10,,,1,15,,37813,10,,,1,15,,37828,10,,,1,55,,37860,10,,,1,15,,37876,10,,,1,15,,37842,10,,,1,15,,37855,10,,,1,55,,37883,10,,,1,15,,37879,10,,,1,15,,37863,10,,,1,15,,37854,10,,,1,55,,37869,10,,,1,15,,37847,10,,,1,15,,37816,10,,,1,15,,37820,10,,,1,55,,37871,10,,,1,15,,37809,10,,,1,15,,37825,10,,,1,15,,37840,10,,,1,55,,37856,10,,,1,15,,37872,10,,,1,15,,37838,10,,,1,15,,37806,10,,,1,55,,37822,10,,,1,15,,37870,10,,,1,15,,37807,10,,,1,15,,37823,10,,,1,55,,37837,10,,,1,15,,37853,10,,,1,15,,37850,10,,,1,15,,37866,10,,,1,55,,37812,10,,,1,15,,37818,10,,,1,15,,37833,10,,,1,15,,37849,10,,,1,55,,37880,10,,,1,15,,37865,10,,,1,15,,37868,10,,,1
18002200,'022R-Saturday-3-26-09',524,,37891,4,0,5 6 7 8,1,15,,37936,4,0,5 6 7 8,1,15,,37901,4,0,5 6 7 8,1,55,,37885,4,0,5 6 7 8,1,15,,37927,4,0,5 6 7 8,1,15,,37895,4,0,5 6 7 8,1,15,,37907,4,0,5 6 7 8,1,55,,37943,4,0,5 6 7 8,1,15,,37897,4,0,5 6 7 8,1,15,,37959,4,0,5 6 7 8,1,15,,37945,4,0,5 6 7 8,1,55,,37888,4,0,5 6 7 8,1,15,,37913,4,0,5 6 7 8,1,15,,37929,4,0,5 6 7 8,1,15,,37933,4,0,5 6 7 8,1,55,,37917,4,0,5 6 7 8,1,15,,37949,4,0,5 6 7 8,1,15,,37920,4,0,5 6 7 8,1,15,,37931,4,0,5 6 7 8,1,55,,37903,4,0,5 6 7 8,1,15,,37947,4,0,5 6 7 8,1,15,,37899,4,0,5 6 7 8,1,15,,37930,4,0,5 6 7 8,1,55,,37898,4,0,5 6 7 8,1,15,,37914,4,0,5 6 7 8,1,15,,37960,4,0,5 6 7 8,1,15,,37915,4,0,5 6 7 8,1,55,,37909,4,0,5 6 7 8,1,15,,37941,4,0,5 6 7 8,1,15,,37896,4,0,5 6 7 8,1,15,,37912,4,0,5 6 7 8,1,55,,37893,4,0,5 6 7 8,1,15,,37928,4,0,5 6 7 8,1,15,,37925,4,0,5 6 7 8,1,15,,37944,4,0,5 6 7 8,1,55,,37946,4,0,5 6 7 8,1,15,,37932,4,0,5 6 7 8,1,15,,37916,4,0,5 6 7 8,1,15,,37948,4,0,5 6 7 8,1,55,,37900,4,0,5 6 7 8,1,15,,37884,4,0,5 6 7 8,1,15,,37940,4,0,5 6 7 8,1,15,,37958,4,0,5 6 7 8,1,55,,37910,4,0,5 6 7 8,1,15,,37892,4,0,5 6 7 8,1,15,,37926,4,0,5 6 7 8,1,15,,37889,4,0,5 6 7 8,1,55,,37956,4,0,5 6 7 8,1,15,,37924,4,0,5 6 7 8,1,15,,37942,4,0,5 6 7 8,1,15,,37908,4,0,5 6 7 8,1,55,,37894,4,0,5 6 7 8,1,15,,37955,4,0,5 6 7 8,1,15,,37905,4,0,5 6 7 8,1,15,,37937,4,0,5 6 7 8,1,55,,37921,4,0,5 6 7 8,1,15,,37953,4,0,5 6 7 8,1,15,,37904,4,0,5 6 7 8,1,15,,37890,4,0,5 6 7 8,1,55,,37923,4,0,5 6 7 8,1,15,,37887,4,0,5 6 7 8,1,15,,37939,4,0,5 6 7 8,1,15,,37906,4,0,5 6 7 8,1,55,,37922,4,0,5 6 7 8,1,15,,37938,4,0,5 6 7 8,1,15,,37954,4,0,5 6 7 8,1,15,,37918,4,0,5 6 7 8,1,55,,37957,4,0,5 6 7 8,1,15,,37919,4,0,5 6 7 8,1,15,,37911,4,0,5 6 7 8,1,15,,37950,4,0,5 6 7 8,1,55,,37902,4,0,5 6 7 8,1,15,,37886,4,0,5 6 7 8,1,15,,37952,4,0,5 6 7 8,1,15,,37951,4,0,5 6 7 8,1,55,,37935,4,0,5 6 7 8,1,15,,37934,4,0,5 6 7 8,1
18002200,'022R-Saturday-4-26-09',537,,38021,4,0,5 6 7 8,1,15,,38017,4,0,5 6 7 8,1,55,,38013,4,0,5 6 7 8,1,15,,38037,4,0,5 6 7 8,1,15,,38026,4,0,5 6 7 8,1,15,,37996,4,0,5 6 7 8,1,55,,38007,4,0,5 6 7 8,1,15,,38003,4,0,5 6 7 8,1,15,,38006,4,0,5 6 7 8,1,15,,37999,4,0,5 6 7 8,1,55,,38014,4,0,5 6 7 8,1,15,,37995,4,0,5 6 7 8,1,15,,38034,4,0,5 6 7 8,1,15,,38002,4,0,5 6 7 8,1,55,,38030,4,0,5 6 7 8,1,15,,38022,4,0,5 6 7 8,1,15,,38018,4,0,5 6 7 8,1,15,,38010,4,0,5 6 7 8,1,55,,38023,4,0,5 6 7 8,1,15,,38019,4,0,5 6 7 8,1,15,,38015,4,0,5 6 7 8,1,15,,38011,4,0,5 6 7 8,1,55,,38033,4,0,5 6 7 8,1,15,,38027,4,0,5 6 7 8,1,15,,38035,4,0,5 6 7 8,1,15,,37998,4,0,5 6 7 8,1,55,,38031,4,0,5 6 7 8,1,15,,38001,4,0,5 6 7 8,1,15,,37997,4,0,5 6 7 8,1,15,,38036,4,0,5 6 7 8,1,55,,38032,4,0,5 6 7 8,1,15,,38016,4,0,5 6 7 8,1,15,,38012,4,0,5 6 7 8,1,15,,38020,4,0,5 6 7 8,1,55,,38009,4,0,5 6 7 8,1,15,,38005,4,0,5 6 7 8,1,15,,38024,4,0,5 6 7 8,1,15,,38004,4,0,5 6 7 8,1,55,,38008,4,0,5 6 7 8,1,15,,38000,4,0,5 6 7 8,1,15,,38028,4,0,5 6 7 8,1,15,,38029,4,0,5 6 7 8,1,55,,38025,4,0,5 6 7 8,1,12,,37961,7,,,1,15,,37962,7,,,1,15,,37963,7,,,1,55,,37964,7,,,1,15,,37965,7,,,1,15,,37966,7,,,1,15,,37967,7,,,1,55,,37968,7,,,1,15,,37969,7,,,1,15,,37970,7,,,1,15,,37971,7,,,1,55,,37972,7,,,1,15,,37973,7,,,1,15,,37974,7,,,1,15,,37975,7,,,1,55,,37976,7,,,1,15,,37977,7,,,1,15,,37978,7,,,1,15,,37979,7,,,1,55,,37980,7,,,1,15,,37981,7,,,1,15,,37982,7,,,1,15,,37983,7,,,1,55,,37984,7,,,1,15,,37985,7,,,1,15,,37986,7,,,1,15,,37987,7,,,1,55,,37988,7,,,1,15,,37989,7,,,1,15,,37990,7,,,1,15,,37991,7,,,1,55,,37992,7,,,1,15,,37993,7,,,1,15,,37994,7,,,1
18002200,'022R-Sunday-1-26-09',549,,33743,7,,,1,55,,33744,7,,,1,15,,33745,7,,,1,15,,33746,7,,,1,15,,33747,7,,,1,55,,33748,7,,,1,15,,33749,7,,,1,15,,33750,7,,,1,15,,33751,7,,,1,55,,33752,7,,,1,15,,33753,7,,,1,15,,33754,7,,,1,15,,33755,7,,,1,55,,33756,7,,,1,15,,33757,7,,,1,15,,33758,7,,,1,15,,33759,7,,,1,55,,33760,7,,,1,15,,33761,7,,,1,15,,33762,7,,,1,15,,33763,7,,,1,55,,33764,7,,,1,15,,33765,7,,,1,15,,33766,7,,,1,15,,33767,7,,,1,55,,33768,7,,,1,15,,33769,7,,,1,15,,33770,7,,,1,15,,33771,7,,,1,55,,33772,7,,,1,15,,33773,7,,,1,15,,33774,7,,,1,15,,33775,7,,,1,55,,33776,7,,,1,15,,33777,7,,,1,15,,33778,7,,,1,15,,33779,7,,,1,55,,33780,7,,,1,15,,33781,7,,,1,15,,33782,7,,,1,15,,33783,7,,,1,55,,33784,7,,,1,15,,33785,7,,,1,15,,33786,7,,,1,15,,33787,7,,,1,55,,33788,7,,,1,15,,33789,7,,,1,15,,33790,7,,,1,15,,33791,7,,,1,55,,33792,7,,,1,15,,33793,7,,,1,15,,33794,7,,,1,15,,33795,7,,,1,55,,33796,7,,,1,15,,33797,7,,,1,15,,33798,7,,,1,15,,33799,7,,,1,55,,33800,7,,,1,15,,33801,7,,,1,15,,33802,7,,,1,15,,33803,7,,,1,55,,33804,7,,,1,15,,33805,7,,,1,15,,33806,7,,,1,15,,33807,7,,,1,55,,33808,7,,,1,15,,33809,7,,,1,15,,33810,7,,,1,15,,33811,7,,,1,55,,33812,7,,,1,15,,33813,7,,,1,15,,33814,7,,,1,15,,33815,7,,,1
18002200,'022R-Sunday-2-26-09',601,,38109,10,,,1,15,,38110,10,,,1,15,,38111,10,,,1,15,,38112,10,,,1,55,,38080,10,,,1,15,,38095,10,,,1,15,,38041,10,,,1,15,,38052,10,,,1,55,,38067,10,,,1,15,,38064,10,,,1,15,,38081,10,,,1,15,,38066,10,,,1,55,,38094,10,,,1,15,,38093,10,,,1,15,,38096,10,,,1,15,,38048,10,,,1,55,,38106,10,,,1,15,,38091,10,,,1,15,,38079,10,,,1,15,,38057,10,,,1,55,,38063,10,,,1,15,,38108,10,,,1,15,,38050,10,,,1,15,,38078,10,,,1,55,,38076,10,,,1,15,,38045,10,,,1,15,,38105,10,,,1,15,,38047,10,,,1,55,,38083,10,,,1,15,,38071,10,,,1,15,,38055,10,,,1,15,,38102,10,,,1,55,,38089,10,,,1,15,,38068,10,,,1,15,,38061,10,,,1,15,,38103,10,,,1,55,,38042,10,,,1,15,,38088,10,,,1,15,,38046,10,,,1,15,,38092,10,,,1,55,,38070,10,,,1,15,,38086,10,,,1,15,,38040,10,,,1,15,,38085,10,,,1,55,,38062,10,,,1,15,,38098,10,,,1,15,,38099,10,,,1,15,,38044,10,,,1,55,,38053,10,,,1,15,,38058,10,,,1,15,,38060,10,,,1,15,,38059,10,,,1,55,,38056,10,,,1,15,,38100,10,,,1,15,,38073,10,,,1,15,,38075,10,,,1,55,,38090,10,,,1,15,,38104,10,,,1,15,,38043,10,,,1,15,,38039,10,,,1,55,,38077,10,,,1,15,,38074,10,,,1,15,,38107,10,,,1,15,,38049,10,,,1,55,,38101,10,,,1,15,,38082,10,,,1,15,,38087,10,,,1,15,,38097,10,,,1,55,,38051,10,,,1,15,,38038,10,,,1,15,,38054,10,,,1,15,,38069,10,,,1,55,,38072,10,,,1,15,,38065,10,,,1,15,,38084,10,,,1
18002200,'022R-Sunday-3-26-09',554,,38113,4,0,5 6 7 8,1,55,,38114,4,0,5 6 7 8,1,15,,38115,4,0,5 6 7 8,1,15,,38116,4,0,5 6 7 8,1,15,,38117,4,0,5 6 7 8,1,55,,38118,4,0,5 6 7 8,1,15,,38119,4,0,5 6 7 8,1,15,,38120,4,0,5 6 7 8,1,15,,38121,4,0,5 6 7 8,1,55,,38122,4,0,5 6 7 8,1,15,,38123,4,0,5 6 7 8,1,15,,38124,4,0,5 6 7 8,1,15,,38125,4,0,5 6 7 8,1,55,,38126,4,0,5 6 7 8,1,15,,38127,4,0,5 6 7 8,1,15,,38128,4,0,5 6 7 8,1,15,,38129,4,0,5 6 7 8,1,55,,38130,4,0,5 6 7 8,1,15,,38131,4,0,5 6 7 8,1,15,,38132,4,0,5 6 7 8,1,15,,38133,4,0,5 6 7 8,1,55,,38134,4,0,5 6 7 8,1,15,,38135,4,0,5 6 7 8,1,15,,38136,4,0,5 6 7 8,1,15,,38137,4,0,5 6 7 8,1,55,,38138,4,0,5 6 7 8,1,15,,38139,4,0,5 6 7 8,1,15,,38140,4,0,5 6 7 8,1,15,,38141,4,0,5 6 7 8,1,55,,38142,4,0,5 6 7 8,1,15,,38143,4,0,5 6 7 8,1,15,,38144,4,0,5 6 7 8,1,15,,38145,4,0,5 6 7 8,1,55,,38146,4,0,5 6 7 8,1,15,,38147,4,0,5 6 7 8,1,15,,38148,4,0,5 6 7 8,1,15,,38149,4,0,5 6 7 8,1,55,,38150,4,0,5 6 7 8,1,15,,38151,4,0,5 6 7 8,1,15,,38152,4,0,5 6 7 8,1,15,,38153,4,0,5 6 7 8,1,55,,38154,4,0,5 6 7 8,1,15,,38155,4,0,5 6 7 8,1,15,,38156,4,0,5 6 7 8,1,15,,38157,4,0,5 6 7 8,1,55,,38158,4,0,5 6 7 8,1,15,,38159,4,0,5 6 7 8,1,15,,38160,4,0,5 6 7 8,1,15,,38161,4,0,5 6 7 8,1,55,,38162,4,0,5 6 7 8,1,15,,38163,4,0,5 6 7 8,1,15,,38164,4,0,5 6 7 8,1,15,,38165,4,0,5 6 7 8,1,55,,38166,4,0,5 6 7 8,1,15,,38167,4,0,5 6 7 8,1,15,,38168,4,0,5 6 7 8,1,15,,38169,4,0,5 6 7 8,1,55,,38170,4,0,5 6 7 8,1,15,,38171,4,0,5 6 7 8,1,15,,38172,4,0,5 6 7 8,1,15,,38173,4,0,5 6 7 8,1,55,,38174,4,0,5 6 7 8,1,15,,38175,4,0,5 6 7 8,1,15,,38176,4,0,5 6 7 8,1,15,,38177,4,0,5 6 7 8,1,55,,38178,4,0,5 6 7 8,1,15,,38179,4,0,5 6 7 8,1,15,,38180,4,0,5 6 7 8,1,15,,38181,4,0,5 6 7 8,1,55,,38182,4,0,5 6 7 8,1,15,,38183,4,0,5 6 7 8,1,15,,38184,4,0,5 6 7 8,1
18002200,'022R-Sunday-5-26-09',554,,38185,4,0,5 6 7 8,1,55,,38186,4,0,5 6 7 8,1,15,,38187,4,0,5 6 7 8,1,15,,38188,4,0,5 6 7 8,1,15,,38189,4,0,5 6 7 8,1,55,,38190,4,0,5 6 7 8,1,15,,38191,4,0,5 6 7 8,1,15,,38192,4,0,5 6 7 8,1,15,,38193,4,0,5 6 7 8,1,55,,38194,4,0,5 6 7 8,1,15,,38195,4,0,5 6 7 8,1,15,,38196,4,0,5 6 7 8,1,15,,38197,4,0,5 6 7 8,1,55,,38198,4,0,5 6 7 8,1,15,,38199,4,0,5 6 7 8,1,15,,38200,4,0,5 6 7 8,1,15,,38201,4,0,5 6 7 8,1,55,,38202,4,0,5 6 7 8,1,15,,38203,4,0,5 6 7 8,1,15,,38204,4,0,5 6 7 8,1,15,,38205,4,0,5 6 7 8,1,55,,38206,4,0,5 6 7 8,1,15,,38207,4,0,5 6 7 8,1,15,,38208,4,0,5 6 7 8,1,15,,38209,4,0,5 6 7 8,1,55,,38210,4,0,5 6 7 8,1,15,,38211,4,0,5 6 7 8,1,15,,38212,4,0,5 6 7 8,1,15,,38213,4,0,5 6 7 8,1,55,,38214,4,0,5 6 7 8,1,15,,38215,4,0,5 6 7 8,1,15,,38216,4,0,5 6 7 8,1,15,,38217,4,0,5 6 7 8,1,55,,38218,4,0,5 6 7 8,1,15,,38219,4,0,5 6 7 8,1,15,,38220,4,0,5 6 7 8,1,15,,38221,4,0,5 6 7 8,1,55,,38222,4,0,5 6 7 8,1,15,,38223,4,0,5 6 7 8,1,15,,38224,4,0,5 6 7 8,1,15,,38225,4,0,5 6 7 8,1,55,,38226,4,0,5 6 7 8,1,15,,38227,4,0,5 6 7 8,1,15,,38228,4,0,5 6 7 8,1,15,,38229,4,0,5 6 7 8,1,55,,38230,4,0,5 6 7 8,1,15,,38231,4,0,5 6 7 8,1,15,,38232,4,0,5 6 7 8,1,15,,38233,4,0,5 6 7 8,1,55,,38234,4,0,5 6 7 8,1,15,,38235,4,0,5 6 7 8,1,15,,38236,4,0,5 6 7 8,1,15,,38237,4,0,5 6 7 8,1,55,,38238,4,0,5 6 7 8,1,15,,38239,4,0,5 6 7 8,1,15,,38240,4,0,5 6 7 8,1,15,,38241,4,0,5 6 7 8,1,55,,38242,4,0,5 6 7 8,1,15,,38243,4,0,5 6 7 8,1,15,,38244,4,0,5 6 7 8,1,15,,38245,4,0,5 6 7 8,1,55,,38246,4,0,5 6 7 8,1,15,,38247,4,0,5 6 7 8,1,15,,38248,4,0,5 6 7 8,1,15,,38249,4,0,5 6 7 8,1,55,,38250,4,0,5 6 7 8,1,15,,38251,4,0,5 6 7 8,1,15,,38252,4,0,5 6 7 8,1,15,,38253,4,0,5 6 7 8,1,55,,38254,4,0,5 6 7 8,1,15,,38255,4,0,5 6 7 8,1,15,,38256,4,0,5 6 7 8,1
18002200,'022R-Sunday-6-26-09',549,,38279,4,0,5 6 7 8,1,55,,38280,4,0,5 6 7 8,1,15,,38281,4,0,5 6 7 8,1,15,,38282,4,0,5 6 7 8,1,15,,38283,4,0,5 6 7 8,1,55,,38284,4,0,5 6 7 8,1,15,,38285,4,0,5 6 7 8,1,15,,38286,4,0,5 6 7 8,1,15,,38287,4,0,5 6 7 8,1,55,,38288,4,0,5 6 7 8,1,15,,38289,4,0,5 6 7 8,1,15,,38290,4,0,5 6 7 8,1,15,,38291,4,0,5 6 7 8,1,55,,38292,4,0,5 6 7 8,1,15,,38293,4,0,5 6 7 8,1,15,,38294,4,0,5 6 7 8,1,15,,38295,4,0,5 6 7 8,1,55,,38296,4,0,5 6 7 8,1,15,,38297,4,0,5 6 7 8,1,15,,38298,4,0,5 6 7 8,1,15,,38299,4,0,5 6 7 8,1,55,,38300,4,0,5 6 7 8,1,15,,38301,4,0,5 6 7 8,1,15,,38302,4,0,5 6 7 8,1,15,,38303,4,0,5 6 7 8,1,55,,38304,4,0,5 6 7 8,1,15,,38305,4,0,5 6 7 8,1,15,,38306,4,0,5 6 7 8,1,15,,38307,4,0,5 6 7 8,1,55,,38308,4,0,5 6 7 8,1,15,,38309,4,0,5 6 7 8,1,15,,38310,4,0,5 6 7 8,1,15,,38311,4,0,5 6 7 8,1,55,,38312,4,0,5 6 7 8,1,15,,38313,4,0,5 6 7 8,1,15,,38314,4,0,5 6 7 8,1,15,,38315,4,0,5 6 7 8,1,55,,38316,4,0,5 6 7 8,1,15,,38317,4,0,5 6 7 8,1,15,,38318,4,0,5 6 7 8,1,15,,38319,4,0,5 6 7 8,1,55,,38320,4,0,5 6 7 8,1,15,,38321,4,0,5 6 7 8,1,15,,38322,4,0,5 6 7 8,1,15,,38323,4,0,5 6 7 8,1,55,,38324,4,0,5 6 7 8,1,15,,38325,4,0,5 6 7 8,1,15,,38326,4,0,5 6 7 8,1,15,,38327,4,0,5 6 7 8,1,55,,38328,4,0,5 6 7 8,1,15,,38329,4,0,5 6 7 8,1,15,,38257,7,,,1,15,,38258,7,,,1,55,,38259,7,,,1,15,,38260,7,,,1,15,,38261,7,,,1,15,,38262,7,,,1,55,,38263,7,,,1,15,,38264,7,,,1,15,,38265,7,,,1,15,,38266,7,,,1,55,,38267,7,,,1,15,,38268,7,,,1,15,,38269,7,,,1,15,,38270,7,,,1,55,,38271,7,,,1,15,,38272,7,,,1,15,,38273,7,,,1,15,,38274,7,,,1,55,,38275,7,,,1,15,,38276,7,,,1,15,,38277,7,,,1,15,,38278,7,,,1
