18002300,'20260913-Sunday-1-26-09',515,,34217,3,,,1,15,,34233,3,,,1,15,,34249,3,,,1,55,,34265,3,,,1,15,,34281,3,,,1,15,,34218,3,,,1,15,,34234,3,,,1,55,,34250,3,,,1,15,,34266,3,,,1,15,,34282,3,,,1,15,,34219,3,,,1,55,,34235,3,,,1,15,,34251,3,,,1,15,,34267,3,,,1,15,,34283,3,,,1,55,,34220,3,,,1,15,,34236,3,,,1,15,,34252,3,,,1,15,,34268,3,,,1,55,,34284,3,,,1,15,,34221,3,,,1,15,,34237,3,,,1,15,,34253,3,,,1,55,,34269,3,,,1,15,,34285,3,,,1,15,,34222,3,,,1,15,,34238,3,,,1,55,,34254,3,,,1,15,,34270,3,,,1,15,,34286,3,,,1,15,,34223,3,,,1,55,,34239,3,,,1,15,,34255,3,,,1,15,,34271,3,,,1,15,,34287,3,,,1,55,,34224,3,,,1,15,,34240,3,,,1,15,,34256,3,,,1,15,,34272,3,,,1,55,,34288,3,,,1,15,,34225,3,,,1,15,,34241,3,,,1,15,,34257,3,,,1,55,,34273,3,,,1,15,,34289,3,,,1,15,,34226,3,,,1,15,,34242,3,,,1,55,,34258,3,,,1,15,,34274,3,,,1,15,,34290,3,,,1,15,,34227,3,,,1,55,,34243,3,,,1,15,,34259,3,,,1,15,,34275,3,,,1,15,,34291,3,,,1,55,,34228,3,,,1,15,,34244,3,,,1,15,,34260,3,,,1,15,,34276,3,,,1,55,,34292,3,,,1,15,,34229,3,,,1,15,,34245,3,,,1,15,,34261,3,,,1,55,,34277,3,,,1,15,,34293,3,,,1,15,,34230,3,,,1,15,,34246,3,,,1,55,,34262,3,,,1,15,,34278,3,,,1,15,,34294,3,,,1,15,,34231,3,,,1,55,,34247,3,,,1,15,,34263,3,,,1,15,,34279,3,,,1,15,,34295,3,,,1,55,,34232,3,,,1,15,,34248,3,,,1,15,,34264,3,,,1,15,,34280,3,,,1
18002300,'20260914-Weekday-1-26-09',505,,34296,3,,,1,10,,34320,3,,,1,10,,34308,3,,,1,10,,34332,3,,,1,10,,34373,3,,,1,10,,34343,3,,,1,47,,34360,3,,,1,5,,34390,3,,,1,5,,34297,3,,,1,5,,34402,3,,,1,5,,34321,3,,,1,5,,34410,3,,,1,5,,34309,3,,,1,5,,34434,3,,,1,5,,34333,3,,,1,5,,34418,3,,,1,5,,34374,3,,,1,5,,34451,3,,,1,45,,34344,3,,,1,5,,34361,3,,,1,5,,34391,3,,,1,5,,34298,3,,,1,5,,34403,3,,,1,5,,34322,3,,,1,5,,34411,3,,,1,5,,34310,3,,,1,5,,34435,3,,,1,5,,34334,3,,,1,5,,34419,3,,,1,5,,34375,3,,,1,45,,34452,3,,,1,5,,34345,3,,,1,5,,34362,3,,,1,5,,34392,3,,,1,5,,34299,3,,,1,5,,34404,3,,,1,5,,34323,3,,,1,5,,34412,3,,,1,5,,34311,3,,,1,5,,34436,3,,,1,5,,34335,3,,,1,5,,34420,3,,,1,45,,34376,3,,,1,5,,34453,3,,,1,5,,34346,3,,,1,5,,34363,3,,,1,5,,34393,3,,,1,5,,34300,3,,,1,5,,34405,3,,,1,5,,34324,3,,,1,5,,34413,3,,,1,5,,34312,3,,,1,5,,34437,3,,,1,5,,34336,3,,,1,46,,34421,3,,,1,7,,34377,3,,,1,10,,34347,3,,,1,10,,34394,3,,,1,10,,34301,3,,,1,10,,34325,3,,,1,50,,34438,3,,,1,10,,34422,3,,,1,10,,34378,3,,,1,10,,34348,3,,,1,10,,34395,3,,,1,10,,34302,3,,,1,50,,34326,3,,,1,10,,34439,3,,,1,10,,34423,3,,,1,10,,34379,3,,,1,10,,34349,3,,,1,10,,34396,3,,,1,50,,34303,3,,,1,10,,34327,3,,,1,10,,34440,3,,,1,10,,34424,3,,,1,10,,34380,3,,,1,10,,34350,3,,,1,50,,34397,3,,,1,10,,34304,3,,,1,10,,34328,3,,,1,10,,34441,3,,,1,7,,34414,3,,,1,5,,34313,3,,,1,5,,34381,3,,,1,5,,34454,3,,,1,5,,34351,3,,,1,45,,34364,3,,,1,5,,34398,3,,,1,5,,34425,3,,,1,5,,34406,3,,,1,5,,34305,3,,,1,5,,34337,3,,,1,5,,34329,3,,,1,5,,34442,3,,,1,5,,34415,3,,,1,5,,34314,3,,,1,5,,34382,3,,,1,5,,34455,3,,,1,45,,34352,3,,,1,5,,34365,3,,,1,5,,34399,3,,,1,5,,34426,3,,,1,5,,34407,3,,,1,5,,34306,3,,,1,5,,34338,3,,,1,5,,34330,3,,,1,5,,34443,3,,,1,5,,34416,3,,,1,5,,34315,3,,,1,5,,34383,3,,,1,45,,34456,3,,,1,5,,34353,3,,,1,5,,34366,3,,,1,5,,34400,3,,,1,5,,34427,3,,,1,5,,34408,3,,,1,5,,34307,3,,,1,5,,34339,3,,,1,5,,34331,3,,,1,5,,34444,3,,,1,5,,34417,3,,,1,5,,34316,3,,,1,45,,34384,3,,,1,5,,34457,3,,,1,5,,34354,3,,,1,5,,34367,3,,,1,5,,34401,3,,,1,5,,34428,3,,,1,5,,34409,3,,,1,13,,34340,3,,,1,10,,34445,3,,,1,50,,34317,3,,,1,10,,34385,3,,,1,10,,34355,3,,,1,10,,34368,3,,,1,10,,34429,3,,,1,10,,34341,3,,,1,50,,34446,3,,,1,10,,34318,3,,,1,10,,34386,3,,,1,10,,34356,3,,,1,10,,34369,3,,,1,10,,34430,3,,,1,50,,34342,3,,,1,10,,34447,3,,,1,10,,34319,3,,,1,10,,34387,3,,,1,15,,34357,3,,,1,55,,34370,3,,,1,15,,34431,3,,,1,15,,34448,3,,,1,15,,34388,3,,,1,55,,34358,3,,,1,15,,34371,3,,,1,15,,34432,3,,,1,15,,34449,3,,,1,55,,34389,3,,,1,15,,34359,3,,,1,15,,34372,3,,,1,15,,34433,3,,,1,55,,34450,3,,,1
18002300,'20260914-Weekday-2-26-09',505,,34458,3,,,1,10,,34482,3,,,1,10,,34470,3,,,1,10,,34494,3,,,1,10,,34535,3,,,1,10,,34505,3,,,1,47,,34522,3,,,1,5,,34552,3,,,1,5,,34459,3,,,1,5,,34564,3,,,1,5,,34483,3,,,1,5,,34572,3,,,1,5,,34471,3,,,1,5,,34596,3,,,1,5,,34495,3,,,1,5,,34580,3,,,1,5,,34536,3,,,1,5,,34613,3,,,1,45,,34506,3,,,1,5,,34523,3,,,1,5,,34553,3,,,1,5,,34460,3,,,1,5,,34565,3,,,1,5,,34484,3,,,1,5,,34573,3,,,1,5,,34472,3,,,1,5,,34597,3,,,1,5,,34496,3,,,1,5,,34581,3,,,1,5,,34537,3,,,1,45,,34614,3,,,1,5,,34507,3,,,1,5,,34524,3,,,1,5,,34554,3,,,1,5,,34461,3,,,1,5,,34566,3,,,1,5,,34485,3,,,1,5,,34574,3,,,1,5,,34473,3,,,1,5,,34598,3,,,1,5,,34497,3,,,1,5,,34582,3,,,1,45,,34538,3,,,1,5,,34615,3,,,1,5,,34508,3,,,1,5,,34525,3,,,1,5,,34555,3,,,1,5,,34462,3,,,1,5,,34567,3,,,1,5,,34486,3,,,1,5,,34575,3,,,1,5,,34474,3,,,1,5,,34599,3,,,1,5,,34498,3,,,1,46,,34583,3,,,1,7,,34539,3,,,1,10,,34509,3,,,1,10,,34556,3,,,1,10,,34463,3,,,1,10,,34487,3,,,1,50,,34600,3,,,1,10,,34584,3,,,1,10,,34540,3,,,1,10,,34510,3,,,1,10,,34557,3,,,1,10,,34464,3,,,1,50,,34488,3,,,1,10,,34601,3,,,1,10,,34585,3,,,1,10,,34541,3,,,1,10,,34511,3,,,1,10,,34558,3,,,1,50,,34465,3,,,1,10,,34489,3,,,1,10,,34602,3,,,1,10,,34586,3,,,1,10,,34542,3,,,1,10,,34512,3,,,1,50,,34559,3,,,1,10,,34466,3,,,1,10,,34490,3,,,1,10,,34603,3,,,1,7,,34576,3,,,1,5,,34475,3,,,1,5,,34543,3,,,1,5,,34616,3,,,1,5,,34513,3,,,1,45,,34526,3,,,1,5,,34560,3,,,1,5,,34587,3,,,1,5,,34568,3,,,1,5,,34467,3,,,1,5,,34499,3,,,1,5,,34491,3,,,1,5,,34604,3,,,1,5,,34577,3,,,1,5,,34476,3,,,1,5,,34544,3,,,1,5,,34617,3,,,1,45,,34514,3,,,1,5,,34527,3,,,1,5,,34561,3,,,1,5,,34588,3,,,1,5,,34569,3,,,1,5,,34468,3,,,1,5,,34500,3,,,1,5,,34492,3,,,1,5,,34605,3,,,1,5,,34578,3,,,1,5,,34477,3,,,1,5,,34545,3,,,1,45,,34618,3,,,1,5,,34515,3,,,1,5,,34528,3,,,1,5,,34562,3,,,1,5,,34589,3,,,1,5,,34570,3,,,1,5,,34469,3,,,1,5,,34501,3,,,1,5,,34493,3,,,1,5,,34606,3,,,1,5,,34579,3,,,1,5,,34478,3,,,1,45,,34546,3,,,1,5,,34619,3,,,1,5,,34516,3,,,1,5,,34529,3,,,1,5,,34563,3,,,1,5,,34590,3,,,1,5,,34571,3,,,1,13,,34502,3,,,1,10,,34607,3,,,1,50,,34479,3,,,1,10,,34547,3,,,1,10,,34517,3,,,1,10,,34530,3,,,1,10,,34591,3,,,1,10,,34503,3,,,1,50,,34608,3,,,1,10,,34480,3,,,1,10,,34548,3,,,1,10,,34518,3,,,1,10,,34531,3,,,1,10,,34592,3,,,1,50,,34504,3,,,1,10,,34609,3,,,1,10,,34481,3,,,1,10,,34549,3,,,1,15,,34519,3,,,1,55,,34532,3,,,1,15,,34593,3,,,1,15,,34610,3,,,1,15,,34550,3,,,1,55,,34520,3,,,1,15,,34533,3,,,1,15,,34594,3,,,1,15,,34611,3,,,1,55,,34551,3,,,1,15,,34521,3,,,1,15,,34534,3,,,1,15,,34595,3,,,1,55,,34612,3,,,1
18002300,'20260914-Weekday-3-26-09',505,,39188,3,,,1,10,,39212,3,,,1,10,,39200,3,,,1,10,,39224,3,,,1,10,,39265,3,,,1,10,,39235,3,,,1,47,,39252,3,,,1,5,,39282,3,,,1,5,,39189,3,,,1,5,,39294,3,,,1,5,,39213,3,,,1,5,,39302,3,,,1,5,,39201,3,,,1,5,,39326,3,,,1,5,,39225,3,,,1,5,,39310,3,,,1,5,,39266,3,,,1,5,,39343,3,,,1,45,,39236,3,,,1,5,,39253,3,,,1,5,,39283,3,,,1,5,,39190,3,,,1,5,,39295,3,,,1,5,,39214,3,,,1,5,,39303,3,,,1,5,,39202,3,,,1,5,,39327,3,,,1,5,,39226,3,,,1,5,,39311,3,,,1,5,,39267,3,,,1,45,,39344,3,,,1,5,,39237,3,,,1,5,,39254,3,,,1,5,,39284,3,,,1,5,,39191,3,,,1,5,,39296,3,,,1,5,,39215,3,,,1,5,,39304,3,,,1,5,,39203,3,,,1,5,,39328,3,,,1,5,,39227,3,,,1,5,,39312,3,,,1,45,,39268,3,,,1,5,,39345,3,,,1,5,,39238,3,,,1,5,,39255,3,,,1,5,,39285,3,,,1,5,,39192,3,,,1,5,,39297,3,,,1,5,,39216,3,,,1,5,,39305,3,,,1,5,,39204,3,,,1,5,,39329,3,,,1,5,,39228,3,,,1,46,,39313,3,,,1,7,,39269,3,,,1,10,,39239,3,,,1,10,,39286,3,,,1,10,,39193,3,,,1,10,,39217,3,,,1,50,,39330,3,,,1,10,,39314,3,,,1,10,,39270,3,,,1,10,,39240,3,,,1,10,,39287,3,,,1,10,,39194,3,,,1,50,,39218,3,,,1,10,,39331,3,,,1,10,,39315,3,,,1,10,,39271,3,,,1,10,,39241,3,,,1,10,,39288,3,,,1,50,,39195,3,,,1,10,,39219,3,,,1,10,,39332,3,,,1,10,,39316,3,,,1,10,,39272,3,,,1,10,,39242,3,,,1,50,,39289,3,,,1,10,,39196,3,,,1,10,,39220,3,,,1,10,,39333,3,,,1,7,,39306,3,,,1,5,,39205,3,,,1,5,,39273,3,,,1,5,,39346,3,,,1,5,,39243,3,,,1,45,,39256,3,,,1,5,,39290,3,,,1,5,,39317,3,,,1,5,,39298,3,,,1,5,,39197,3,,,1,5,,39229,3,,,1,5,,39221,3,,,1,5,,39334,3,,,1,5,,39307,3,,,1,5,,39206,3,,,1,5,,39274,3,,,1,5,,39347,3,,,1,45,,39244,3,,,1,5,,39257,3,,,1,5,,39291,3,,,1,5,,39318,3,,,1,5,,39299,3,,,1,5,,39198,3,,,1,5,,39230,3,,,1,5,,39222,3,,,1,5,,39335,3,,,1,5,,39308,3,,,1,5,,39207,3,,,1,5,,39275,3,,,1,45,,39348,3,,,1,5,,39245,3,,,1,5,,39258,3,,,1,5,,39292,3,,,1,5,,39319,3,,,1,5,,39300,3,,,1,5,,39199,3,,,1,5,,39231,3,,,1,5,,39223,3,,,1,5,,39336,3,,,1,5,,39309,3,,,1,5,,39208,3,,,1,45,,39276,3,,,1,5,,39349,3,,,1,5,,39246,3,,,1,5,,39259,3,,,1,5,,39293,3,,,1,5,,39320,3,,,1,5,,39301,3,,,1,13,,39232,3,,,1,10,,39337,3,,,1,50,,39209,3,,,1,10,,39277,3,,,1,10,,39247,3,,,1,10,,39260,3,,,1,10,,39321,3,,,1,10,,39233,3,,,1,50,,39338,3,,,1,10,,39210,3,,,1,10,,39278,3,,,1,10,,39248,3,,,1,10,,39261,3,,,1,10,,39322,3,,,1,50,,39234,3,,,1,10,,39339,3,,,1,10,,39211,3,,,1,10,,39279,3,,,1,15,,39249,3,,,1,55,,39262,3,,,1,15,,39323,3,,,1,15,,39340,3,,,1,15,,39280,3,,,1,55,,39250,3,,,1,15,,39263,3,,,1,15,,39324,3,,,1,15,,39341,3,,,1,55,,39281,3,,,1,15,,39251,3,,,1,15,,39264,3,,,1,15,,39325,3,,,1,55,,39342,3,,,1
18002300,'20260914-Weekday-4-26-09',505,,34620,3,,,1,10,,34644,3,,,1,10,,34632,3,,,1,10,,34656,3,,,1,10,,34697,3,,,1,10,,34667,3,,,1,47,,34684,3,,,1,5,,34714,3,,,1,5,,34621,3,,,1,5,,34726,3,,,1,5,,34645,3,,,1,5,,34734,3,,,1,5,,34633,3,,,1,5,,34758,3,,,1,5,,34657,3,,,1,5,,34742,3,,,1,5,,34698,3,,,1,5,,34775,3,,,1,45,,34668,3,,,1,5,,34685,3,,,1,5,,34715,3,,,1,5,,34622,3,,,1,5,,34727,3,,,1,5,,34646,3,,,1,5,,34735,3,,,1,5,,34634,3,,,1,5,,34759,3,,,1,5,,34658,3,,,1,5,,34743,3,,,1,5,,34699,3,,,1,45,,34776,3,,,1,5,,34669,3,,,1,5,,34686,3,,,1,5,,34716,3,,,1,5,,34623,3,,,1,5,,34728,3,,,1,5,,34647,3,,,1,5,,34736,3,,,1,5,,34635,3,,,1,5,,34760,3,,,1,5,,34659,3,,,1,5,,34744,3,,,1,45,,34700,3,,,1,5,,34777,3,,,1,5,,34670,3,,,1,5,,34687,3,,,1,5,,34717,3,,,1,5,,34624,3,,,1,5,,34729,3,,,1,5,,34648,3,,,1,5,,34737,3,,,1,5,,34636,3,,,1,5,,34761,3,,,1,5,,34660,3,,,1,46,,34745,3,,,1,7,,34701,3,,,1,10,,34671,3,,,1,10,,34718,3,,,1,10,,34625,3,,,1,10,,34649,3,,,1,50,,34762,3,,,1,10,,34746,3,,,1,10,,34702,3,,,1,10,,34672,3,,,1,10,,34719,3,,,1,10,,34626,3,,,1,50,,34650,3,,,1,10,,34763,3,,,1,10,,34747,3,,,1,10,,34703,3,,,1,10,,34673,3,,,1,10,,34720,3,,,1,50,,34627,3,,,1,10,,34651,3,,,1,10,,34764,3,,,1,10,,34748,3,,,1,10,,34704,3,,,1,10,,34674,3,,,1,50,,34721,3,,,1,10,,34628,3,,,1,10,,34652,3,,,1,10,,34765,3,,,1,7,,34738,3,,,1,5,,34637,3,,,1,5,,34705,3,,,1,5,,34778,3,,,1,5,,34675,3,,,1,45,,34688,3,,,1,5,,34722,3,,,1,5,,34749,3,,,1,5,,34730,3,,,1,5,,34629,3,,,1,5,,34661,3,,,1,5,,34653,3,,,1,5,,34766,3,,,1,5,,34739,3,,,1,5,,34638,3,,,1,5,,34706,3,,,1,5,,34779,3,,,1,45,,34676,3,,,1,5,,34689,3,,,1,5,,34723,3,,,1,5,,34750,3,,,1,5,,34731,3,,,1,5,,34630,3,,,1,5,,34662,3,,,1,5,,34654,3,,,1,5,,34767,3,,,1,5,,34740,3,,,1,5,,34639,3,,,1,5,,34707,3,,,1,45,,34780,3,,,1,5,,34677,3,,,1,5,,34690,3,,,1,5,,34724,3,,,1,5,,34751,3,,,1,5,,34732,3,,,1,5,,34631,3,,,1,5,,34663,3,,,1,5,,34655,3,,,1,5,,34768,3,,,1,5,,34741,3,,,1,5,,34640,3,,,1,45,,34708,3,,,1,5,,34781,3,,,1,5,,34678,3,,,1,5,,34691,3,,,1,5,,34725,3,,,1,5,,34752,3,,,1,5,,34733,3,,,1,13,,34664,3,,,1,10,,34769,3,,,1,50,,34641,3,,,1,10,,34709,3,,,1,10,,34679,3,,,1,10,,34692,3,,,1,10,,34753,3,,,1,10,,34665,3,,,1,50,,34770,3,,,1,10,,34642,3,,,1,10,,34710,3,,,1,10,,34680,3,,,1,10,,34693,3,,,1,10,,34754,3,,,1,50,,34666,3,,,1,10,,34771,3,,,1,10,,34643,3,,,1,10,,34711,3,,,1,15,,34681,3,,,1,55,,34694,3,,,1,15,,34755,3,,,1,15,,34772,3,,,1,15,,34712,3,,,1,55,,34682,3,,,1,15,,34695,3,,,1,15,,34756,3,,,1,15,,34773,3,,,1,55,,34713,3,,,1,15,,34683,3,,,1,15,,34696,3,,,1,15,,34757,3,,,1,55,,34774,3,,,1
18002300,'20260914-Weekday-5-26-09',505,,39350,3,,,1,10,,39374,3,,,1,10,,39362,3,,,1,10,,39386,3,,,1,10,,39427,3,,,1,10,,39397,3,,,1,47,,39414,3,,,1,5,,39444,3,,,1,5,,39351,3,,,1,5,,39456,3,,,1,5,,39375,3,,,1,5,,39464,3,,,1,5,,39363,3,,,1,5,,39488,3,,,1,5,,39387,3,,,1,5,,39472,3,,,1,5,,39428,3,,,1,5,,39505,3,,,1,45,,39398,3,,,1,5,,39415,3,,,1,5,,39445,3,,,1,5,,39352,3,,,1,5,,39457,3,,,1,5,,39376,3,,,1,5,,39465,3,,,1,5,,39364,3,,,1,5,,39489,3,,,1,5,,39388,3,,,1,5,,39473,3,,,1,5,,39429,3,,,1,45,,39506,3,,,1,5,,39399,3,,,1,5,,39416,3,,,1,5,,39446,3,,,1,5,,39353,3,,,1,5,,39458,3,,,1,5,,39377,3,,,1,5,,39466,3,,,1,5,,39365,3,,,1,5,,39490,3,,,1,5,,39389,3,,,1,5,,39474,3,,,1,45,,39430,3,,,1,5,,39507,3,,,1,5,,39400,3,,,1,5,,39417,3,,,1,5,,39447,3,,,1,5,,39354,3,,,1,5,,39459,3,,,1,5,,39378,3,,,1,5,,39467,3,,,1,5,,39366,3,,,1,5,,39491,3,,,1,5,,39390,3,,,1,46,,39475,3,,,1,7,,39431,3,,,1,10,,39401,3,,,1,10,,39448,3,,,1,10,,39355,3,,,1,10,,39379,3,,,1,50,,39492,3,,,1,10,,39476,3,,,1,10,,39432,3,,,1,10,,39402,3,,,1,10,,39449,3,,,1,10,,39356,3,,,1,50,,39380,3,,,1,10,,39493,3,,,1,10,,39477,3,,,1,10,,39433,3,,,1,10,,39403,3,,,1,10,,39450,3,,,1,50,,39357,3,,,1,10,,39381,3,,,1,10,,39494,3,,,1,10,,39478,3,,,1,10,,39434,3,,,1,10,,39404,3,,,1,50,,39451,3,,,1,10,,39358,3,,,1,10,,39382,3,,,1,10,,39495,3,,,1,7,,39468,3,,,1,5,,39367,3,,,1,5,,39435,3,,,1,5,,39508,3,,,1,5,,39405,3,,,1,45,,39418,3,,,1,5,,39452,3,,,1,5,,39479,3,,,1,5,,39460,3,,,1,5,,39359,3,,,1,5,,39391,3,,,1,5,,39383,3,,,1,5,,39496,3,,,1,5,,39469,3,,,1,5,,39368,3,,,1,5,,39436,3,,,1,5,,39509,3,,,1,45,,39406,3,,,1,5,,39419,3,,,1,5,,39453,3,,,1,5,,39480,3,,,1,5,,39461,3,,,1,5,,39360,3,,,1,5,,39392,3,,,1,5,,39384,3,,,1,5,,39497,3,,,1,5,,39470,3,,,1,5,,39369,3,,,1,5,,39437,3,,,1,45,,39510,3,,,1,5,,39407,3,,,1,5,,39420,3,,,1,5,,39454,3,,,1,5,,39481,3,,,1,5,,39462,3,,,1,5,,39361,3,,,1,5,,39393,3,,,1,5,,39385,3,,,1,5,,39498,3,,,1,5,,39471,3,,,1,5,,39370,3,,,1,45,,39438,3,,,1,5,,39511,3,,,1,5,,39408,3,,,1,5,,39421,3,,,1,5,,39455,3,,,1,5,,39482,3,,,1,5,,39463,3,,,1,13,,39394,3,,,1,10,,39499,3,,,1,50,,39371,3,,,1,10,,39439,3,,,1,10,,39409,3,,,1,10,,39422,3,,,1,10,,39483,3,,,1,10,,39395,3,,,1,50,,39500,3,,,1,10,,39372,3,,,1,10,,39440,3,,,1,10,,39410,3,,,1,10,,39423,3,,,1,10,,39484,3,,,1,50,,39396,3,,,1,10,,39501,3,,,1,10,,39373,3,,,1,10,,39441,3,,,1,15,,39411,3,,,1,55,,39424,3,,,1,15,,39485,3,,,1,15,,39502,3,,,1,15,,39442,3,,,1,55,,39412,3,,,1,15,,39425,3,,,1,15,,39486,3,,,1,15,,39503,3,,,1,55,,39443,3,,,1,15,,39413,3,,,1,15,,39426,3,,,1,15,,39487,3,,,1,55,,39504,3,,,1
18002300,'20260914-Weekday-6-26-09',505,,39512,3,,,1,10,,39536,3,,,1,10,,39524,3,,,1,10,,39548,3,,,1,10,,39589,3,,,1,10,,39559,3,,,1,47,,39576,3,,,1,5,,39606,3,,,1,5,,39513,3,,,1,5,,39618,3,,,1,5,,39537,3,,,1,5,,39626,3,,,1,5,,39525,3,,,1,5,,39650,3,,,1,5,,39549,3,,,1,5,,39634,3,,,1,5,,39590,3,,,1,5,,39667,3,,,1,45,,39560,3,,,1,5,,39577,3,,,1,5,,39607,3,,,1,5,,39514,3,,,1,5,,39619,3,,,1,5,,39538,3,,,1,5,,39627,3,,,1,5,,39526,3,,,1,5,,39651,3,,,1,5,,39550,3,,,1,5,,39635,3,,,1,5,,39591,3,,,1,45,,39668,3,,,1,5,,39561,3,,,1,5,,39578,3,,,1,5,,39608,3,,,1,5,,39515,3,,,1,5,,39620,3,,,1,5,,39539,3,,,1,5,,39628,3,,,1,5,,39527,3,,,1,5,,39652,3,,,1,5,,39551,3,,,1,5,,39636,3,,,1,45,,39592,3,,,1,5,,39669,3,,,1,5,,39562,3,,,1,5,,39579,3,,,1,5,,39609,3,,,1,5,,39516,3,,,1,5,,39621,3,,,1,5,,39540,3,,,1,5,,39629,3,,,1,5,,39528,3,,,1,5,,39653,3,,,1,5,,39552,3,,,1,46,,39637,3,,,1,7,,39593,3,,,1,10,,39563,3,,,1,10,,39610,3,,,1,10,,39517,3,,,1,10,,39541,3,,,1,50,,39654,3,,,1,10,,39638,3,,,1,10,,39594,3,,,1,10,,39564,3,,,1,10,,39611,3,,,1,10,,39518,3,,,1,50,,39542,3,,,1,10,,39655,3,,,1,10,,39639,3,,,1,10,,39595,3,,,1,10,,39565,3,,,1,10,,39612,3,,,1,50,,39519,3,,,1,10,,39543,3,,,1,10,,39656,3,,,1,10,,39640,3,,,1,10,,39596,3,,,1,10,,39566,3,,,1,50,,39613,3,,,1,10,,39520,3,,,1,10,,39544,3,,,1,10,,39657,3,,,1,7,,39630,3,,,1,5,,39529,3,,,1,5,,39597,3,,,1,5,,39670,3,,,1,5,,39567,3,,,1,45,,39580,3,,,1,5,,39614,3,,,1,5,,39641,3,,,1,5,,39622,3,,,1,5,,39521,3,,,1,5,,39553,3,,,1,5,,39545,3,,,1,5,,39658,3,,,1,5,,39631,3,,,1,5,,39530,3,,,1,5,,39598,3,,,1,5,,39671,3,,,1,45,,39568,3,,,1,5,,39581,3,,,1,5,,39615,3,,,1,5,,39642,3,,,1,5,,39623,3,,,1,5,,39522,3,,,1,5,,39554,3,,,1,5,,39546,3,,,1,5,,39659,3,,,1,5,,39632,3,,,1,5,,39531,3,,,1,5,,39599,3,,,1,45,,39672,3,,,1,5,,39569,3,,,1,5,,39582,3,,,1,5,,39616,3,,,1,5,,39643,3,,,1,5,,39624,3,,,1,5,,39523,3,,,1,5,,39555,3,,,1,5,,39547,3,,,1,5,,39660,3,,,1,5,,39633,3,,,1,5,,39532,3,,,1,45,,39600,3,,,1,5,,39673,3,,,1,5,,39570,3,,,1,5,,39583,3,,,1,5,,39617,3,,,1,5,,39644,3,,,1,5,,39625,3,,,1,13,,39556,3,,,1,10,,39661,3,,,1,50,,39533,3,,,1,10,,39601,3,,,1,10,,39571,3,,,1,10,,39584,3,,,1,10,,39645,3,,,1,10,,39557,3,,,1,50,,39662,3,,,1,10,,39534,3,,,1,10,,39602,3,,,1,10,,39572,3,,,1,10,,39585,3,,,1,10,,39646,3,,,1,50,,39558,3,,,1,10,,39663,3,,,1,10,,39535,3,,,1,10,,39603,3,,,1,15,,39573,3,,,1,55,,39586,3,,,1,15,,39647,3,,,1,15,,39664,3,,,1,15,,39604,3,,,1,55,,39574,3,,,1,15,,39587,3,,,1,15,,39648,3,,,1,15,,39665,3,,,1,55,,39605,3,,,1,15,,39575,3,,,1,15,,39588,3,,,1,15,,39649,3,,,1,55,,39666,3,,,1
18002300,'20260914-Weekday-7-26-09',505,,39674,3,,,1,10,,39698,3,,,1,10,,39686,3,,,1,10,,39710,3,,,1,10,,39751,3,,,1,10,,39721,3,,,1,47,,39738,3,,,1,5,,39768,3,,,1,5,,39675,3,,,1,5,,39780,3,,,1,5,,39699,3,,,1,5,,39788,3,,,1,5,,39687,3,,,1,5,,39812,3,,,1,5,,39711,3,,,1,5,,39796,3,,,1,5,,39752,3,,,1,5,,39829,3,,,1,45,,39722,3,,,1,5,,39739,3,,,1,5,,39769,3,,,1,5,,39676,3,,,1,5,,39781,3,,,1,5,,39700,3,,,1,5,,39789,3,,,1,5,,39688,3,,,1,5,,39813,3,,,1,5,,39712,3,,,1,5,,39797,3,,,1,5,,39753,3,,,1,45,,39830,3,,,1,5,,39723,3,,,1,5,,39740,3,,,1,5,,39770,3,,,1,5,,39677,3,,,1,5,,39782,3,,,1,5,,39701,3,,,1,5,,39790,3,,,1,5,,39689,3,,,1,5,,39814,3,,,1,5,,39713,3,,,1,5,,39798,3,,,1,45,,39754,3,,,1,5,,39831,3,,,1,5,,39724,3,,,1,5,,39741,3,,,1,5,,39771,3,,,1,5,,39678,3,,,1,5,,39783,3,,,1,5,,39702,3,,,1,5,,39791,3,,,1,5,,39690,3,,,1,5,,39815,3,,,1,5,,39714,3,,,1,46,,39799,3,,,1,7,,39755,3,,,1,10,,39725,3,,,1,10,,39772,3,,,1,10,,39679,3,,,1,10,,39703,3,,,1,50,,39816,3,,,1,10,,39800,3,,,1,10,,39756,3,,,1,10,,39726,3,,,1,10,,39773,3,,,1,10,,39680,3,,,1,50,,39704,3,,,1,10,,39817,3,,,1,10,,39801,3,,,1,10,,39757,3,,,1,10,,39727,3,,,1,10,,39774,3,,,1,50,,39681,3,,,1,10,,39705,3,,,1,10,,39818,3,,,1,10,,39802,3,,,1,10,,39758,3,,,1,10,,39728,3,,,1,50,,39775,3,,,1,10,,39682,3,,,1,10,,39706,3,,,1,10,,39819,3,,,1,7,,39792,3,,,1,5,,39691,3,,,1,5,,39759,3,,,1,5,,39832,3,,,1,5,,39729,3,,,1,45,,39742,3,,,1,5,,39776,3,,,1,5,,39803,3,,,1,5,,39784,3,,,1,5,,39683,3,,,1,5,,39715,3,,,1,5,,39707,3,,,1,5,,39820,3,,,1,5,,39793,3,,,1,5,,39692,3,,,1,5,,39760,3,,,1,5,,39833,3,,,1,45,,39730,3,,,1,5,,39743,3,,,1,5,,39777,3,,,1,5,,39804,3,,,1,5,,39785,3,,,1,5,,39684,3,,,1,5,,39716,3,,,1,5,,39708,3,,,1,5,,39821,3,,,1,5,,39794,3,,,1,5,,39693,3,,,1,5,,39761,3,,,1,45,,39834,3,,,1,5,,39731,3,,,1,5,,39744,3,,,1,5,,39778,3,,,1,5,,39805,3,,,1,5,,39786,3,,,1,5,,39685,3,,,1,5,,39717,3,,,1,5,,39709,3,,,1,5,,39822,3,,,1,5,,39795,3,,,1,5,,39694,3,,,1,45,,39762,3,,,1,5,,39835,3,,,1,5,,39732,3,,,1,5,,39745,3,,,1,5,,39779,3,,,1,5,,39806,3,,,1,5,,39787,3,,,1,13,,39718,3,,,1,10,,39823,3,,,1,50,,39695,3,,,1,10,,39763,3,,,1,10,,39733,3,,,1,10,,39746,3,,,1,10,,39807,3,,,1,10,,39719,3,,,1,50,,39824,3,,,1,10,,39696,3,,,1,10,,39764,3,,,1,10,,39734,3,,,1,10,,39747,3,,,1,10,,39808,3,,,1,50,,39720,3,,,1,10,,39825,3,,,1,10,,39697,3,,,1,10,,39765,3,,,1,15,,39735,3,,,1,55,,39748,3,,,1,15,,39809,3,,,1,15,,39826,3,,,1,15,,39766,3,,,1,55,,39736,3,,,1,15,,39749,3,,,1,15,,39810,3,,,1,15,,39827,3,,,1,55,,39767,3,,,1,15,,39737,3,,,1,15,,39750,3,,,1,15,,39811,3,,,1,55,,39828,3,,,1
18002300,'20260917-Holiday1-1-26-09',505,,34782,3,,,1,10,,34809,3,,,1,10,,34794,3,,,1,10,,34821,3,,,1,10,,34865,3,,,1,10,,34835,3,,,1,47,,34852,3,,,1,5,,34883,3,,,1,5,,34783,3,,,1,5,,34895,3,,,1,5,,34810,3,,,1,5,,34903,3,,,1,5,,34795,3,,,1,5,,34927,3,,,1,5,,34822,3,,,1,5,,34911,3,,,1,5,,34866,3,,,1,5,,34944,3,,,1,45,,34836,3,,,1,5,,34853,3,,,1,5,,34884,3,,,1,5,,34784,3,,,1,5,,34896,3,,,1,5,,34811,3,,,1,5,,34904,3,,,1,5,,34796,3,,,1,5,,34928,3,,,1,5,,34823,3,,,1,5,,34912,3,,,1,5,,34867,3,,,1,45,,34945,3,,,1,5,,34837,3,,,1,5,,34854,3,,,1,5,,34885,3,,,1,5,,34785,3,,,1,5,,34897,3,,,1,5,,34812,3,,,1,5,,34905,3,,,1,5,,34797,3,,,1,5,,34929,3,,,1,5,,34824,3,,,1,5,,34913,3,,,1,45,,34868,3,,,1,5,,34946,3,,,1,5,,34838,3,,,1,5,,34855,3,,,1,5,,34886,3,,,1,5,,34786,3,,,1,5,,34898,3,,,1,5,,34813,3,,,1,5,,34906,3,,,1,5,,34798,3,,,1,5,,34930,3,,,1,5,,34825,3,,,1,46,,34914,3,,,1,7,,34869,3,,,1,10,,34839,3,,,1,10,,34887,3,,,1,10,,34787,3,,,1,10,,34814,3,,,1,50,,34931,3,,,1,10,,34915,3,,,1,10,,34870,3,,,1,10,,34840,3,,,1,10,,34888,3,,,1,10,,34788,3,,,1,50,,34815,3,,,1,10,,34932,3,,,1,10,,34916,3,,,1,10,,34871,3,,,1,10,,34841,3,,,1,10,,34889,3,,,1,50,,34789,3,,,1,10,,34816,3,,,1,10,,34933,3,,,1,10,,34917,3,,,1,10,,34872,3,,,1,10,,34842,3,,,1,50,,34890,3,,,1,10,,34790,3,,,1,10,,34817,3,,,1,10,,34934,3,,,1,7,,34907,3,,,1,5,,34799,3,,,1,5,,34873,3,,,1,5,,34947,3,,,1,5,,34843,3,,,1,45,,34856,3,,,1,5,,34891,3,,,1,5,,34918,3,,,1,5,,34899,3,,,1,5,,34791,3,,,1,5,,34826,3,,,1,5,,34818,3,,,1,5,,34935,3,,,1,5,,34908,3,,,1,5,,34800,3,,,1,5,,34874,3,,,1,5,,34948,3,,,1,45,,34844,3,,,1,5,,34857,3,,,1,5,,34892,3,,,1,5,,34919,3,,,1,5,,34900,3,,,1,5,,34792,3,,,1,5,,34827,3,,,1,5,,34819,3,,,1,5,,34936,3,,,1,5,,34909,3,,,1,5,,34801,3,,,1,5,,34875,3,,,1,45,,34949,3,,,1,5,,34845,3,,,1,5,,34858,3,,,1,5,,34893,3,,,1,5,,34920,3,,,1,5,,34901,3,,,1,5,,34793,3,,,1,5,,34828,3,,,1,5,,34820,3,,,1,5,,34937,3,,,1,5,,34910,3,,,1,5,,34802,3,,,1,45,,34876,3,,,1,5,,34950,3,,,1,5,,34846,3,,,1,5,,34859,3,,,1,5,,34894,3,,,1,5,,34921,3,,,1,5,,34902,3,,,1,13,,34829,3,,,1,10,,34938,3,,,1,50,,34803,3,,,1,10,,34877,3,,,1,10,,34847,3,,,1,10,,34860,3,,,1,10,,34922,3,,,1,10,,34830,3,,,1,50,,34939,3,,,1,10,,34804,3,,,1,10,,34878,3,,,1,10,,34848,3,,,1,10,,34861,3,,,1,10,,34923,3,,,1,50,,34831,3,,,1,10,,34940,3,,,1,10,,34805,3,,,1,10,,34879,3,,,1,10,,34849,3,,,1,10,,34862,3,,,1,50,,34924,3,,,1,10,,34832,3,,,1,10,,34941,3,,,1,10,,34806,3,,,1,10,,34880,3,,,1,10,,34850,3,,,1,50,,34863,3,,,1,10,,34925,3,,,1,10,,34833,3,,,1,10,,34942,3,,,1,10,,34807,3,,,1,10,,34881,3,,,1,50,,34851,3,,,1,10,,34864,3,,,1,10,,34926,3,,,1,10,,34834,3,,,1,10,,34943,3,,,1,10,,34808,3,,,1,50,,34882,3,,,1
18002300,'20260919-Saturday-1-26-09',515,,34951,3,,,1,10,,34968,3,,,1,10,,34985,3,,,1,10,,34997,3,,,1,10,,35014,3,,,1,50,,35031,3,,,1,10,,35047,3,,,1,10,,34952,3,,,1,10,,34969,3,,,1,10,,34986,3,,,1,10,,34998,3,,,1,50,,35015,3,,,1,10,,35032,3,,,1,10,,35048,3,,,1,10,,34953,3,,,1,10,,34970,3,,,1,10,,34987,3,,,1,50,,34999,3,,,1,10,,35016,3,,,1,10,,35033,3,,,1,10,,35049,3,,,1,10,,34954,3,,,1,10,,34971,3,,,1,50,,34988,3,,,1,10,,35000,3,,,1,10,,35017,3,,,1,10,,35034,3,,,1,10,,35050,3,,,1,10,,34955,3,,,1,50,,34972,3,,,1,10,,34989,3,,,1,10,,35001,3,,,1,10,,35018,3,,,1,10,,35035,3,,,1,10,,35051,3,,,1,50,,34956,3,,,1,10,,34973,3,,,1,10,,34990,3,,,1,10,,35002,3,,,1,10,,35019,3,,,1,10,,35036,3,,,1,50,,35052,3,,,1,10,,34957,3,,,1,10,,34974,3,,,1,10,,34991,3,,,1,10,,35003,3,,,1,10,,35020,3,,,1,50,,35037,3,,,1,10,,35053,3,,,1,10,,34958,3,,,1,10,,34975,3,,,1,10,,34992,3,,,1,10,,35004,3,,,1,50,,35021,3,,,1,10,,35038,3,,,1,10,,35054,3,,,1,10,,34959,3,,,1,10,,34976,3,,,1,10,,34993,3,,,1,50,,35005,3,,,1,10,,35022,3,,,1,10,,35039,3,,,1,10,,35055,3,,,1,10,,34960,3,,,1,10,,34977,3,,,1,50,,34994,3,,,1,10,,35006,3,,,1,10,,35023,3,,,1,10,,35040,3,,,1,10,,35056,3,,,1,10,,34961,3,,,1,50,,34978,3,,,1,10,,34995,3,,,1,10,,35007,3,,,1,10,,35024,3,,,1,10,,35041,3,,,1,10,,35057,3,,,1,50,,34962,3,,,1,10,,34979,3,,,1,10,,34996,3,,,1,10,,35008,3,,,1,15,,35025,3,,,1,55,,35042,3,,,1,15,,34963,3,,,1,15,,34980,3,,,1,15,,35009,3,,,1,55,,35026,3,,,1,15,,35043,3,,,1,15,,34964,3,,,1,15,,34981,3,,,1,55,,35010,3,,,1,15,,35027,3,,,1,15,,35044,3,,,1,15,,34965,3,,,1,55,,34982,3,,,1,15,,35011,3,,,1,15,,35028,3,,,1,15,,35045,3,,,1,55,,34966,3,,,1,15,,34983,3,,,1,15,,35012,3,,,1,15,,35029,3,,,1,55,,35046,3,,,1,15,,34967,3,,,1,15,,34984,3,,,1,15,,35013,3,,,1,55,,35030,3,,,1
