18002100,'021R-Weekday-1-26-09',546,,32280,17,4,,1,12,,32281,17,4,,1,52,,32282,17,4,,1,12,,32283,17,4,,1,12,,32284,17,4,,1,12,,32285,17,4,,1,12,,32286,17,4,,1,46,,32287,17,4,,1,6,,32288,17,4,,1,6,,32289,17,4,,1,6,,32290,17,4,,1,6,,32291,17,4,,1,6,,32292,17,4,,1,6,,32293,17,4,,1,6,,32294,17,4,,1,6,,32295,17,4,,1,6,,32296,17,4,,1,46,,32297,17,4,,1,6,,32298,17,4,,1,6,,32299,17,4,,1,6,,32300,17,4,,1,6,,32301,17,4,,1,6,,32302,17,4,,1,6,,32303,17,4,,1,6,,32304,17,4,,1,6,,32305,17,4,,1,6,,32306,17,4,,1,46,,32307,17,4,,1,6,,32308,17,4,,1,6,,32309,17,4,,1,6,,32310,17,4,,1,6,,32311,17,4,,1,6,,32312,17,4,,1,6,,32313,17,4,,1,6,,32314,17,4,,1,6,,32315,17,4,,1,6,,32316,17,4,,1,46,,32317,17,4,,1,6,,32318,17,4,,1,6,,32319,17,4,,1,10,,32320,17,4,,1,10,,32321,17,4,,1,10,,32322,17,4,,1,10,,32323,17,4,,1,50,,32324,17,4,,1,10,,32325,17,4,,1,10,,32326,17,4,,1,10,,32327,17,4,,1,10,,32328,17,4,,1,10,,32329,17,4,,1,50,,32330,17,4,,1,10,,32331,17,4,,1,10,,32332,17,4,,1,10,,32333,17,4,,1,10,,32334,17,4,,1,10,,32335,17,4,,1,50,,32336,17,4,,1,10,,32337,17,4,,1,10,,32338,17,4,,1,10,,32339,17,4,,1,10,,32340,17,4,,1,10,,32341,17,4,,1,50,,32342,17,4,,1,10,,32343,17,4,,1,10,,32344,17,4,,1,10,,32345,17,4,,1,10,,32346,17,4,,1,10,,32347,17,4,,1,50,,32348,17,4,,1,10,,32349,17,4,,1,6,,32350,17,4,,1,6,,32351,17,4,,1,6,,32352,17,4,,1,6,,32353,17,4,,1,6,,32354,17,4,,1,6,,32355,17,4,,1,6,,32356,17,4,,1,46,,32357,17,4,,1,6,,32358,17,4,,1,6,,32359,17,4,,1,6,,32360,17,4,,1,6,,32361,17,4,,1,6,,32362,17,4,,1,6,,32363,17,4,,1,6,,32364,17,4,,1,6,,32365,17,4,,1,6,,32366,17,4,,1,46,,32367,17,4,,1,6,,32368,17,4,,1,6,,32369,17,4,,1,6,,32370,17,4,,1,6,,32371,17,4,,1,6,,32372,17,4,,1,6,,32373,17,4,,1,6,,32374,17,4,,1,6,,32375,17,4,,1,6,,32376,17,4,,1,46,,32377,17,4,,1,6,,32378,17,4,,1,6,,32379,17,4,,1,6,,32380,17,4,,1,6,,32381,17,4,,1,6,,32382,17,4,,1,6,,32383,17,4,,1,6,,32384,17,4,,1,6,,32385,17,4,,1,6,,32386,17,4,,1,46,,32387,17,4,,1,6,,32388,17,4,,1,6,,32389,17,4,,1,6,,32390,17,4,,1,9,,32415,17,4,,1,15,,32391,17,4,,1,55,,32392,17,4,,1,15,,32393,17,4,,1,15,,32394,17,4,,1,15,,32395,17,4,,1,55,,32396,17,4,,1,15,,32397,17,4,,1,15,,32398,17,4,,1,15,,32399,17,4,,1,55,,32400,17,4,,1,15,,32401,17,4,,1,15,,32402,17,4,,1,15,,32403,17,4,,1,55,,32404,17,4,,1,15,,32405,17,4,,1,15,,32406,17,4,,1,15,,32407,17,4,,1,55,,32408,17,4,,1,15,,32409,17,4,,1,15,,32410,17,4,,1,15,,32411,17,4,,1,55,,32412,17,4,,1,15,,32413,17,4,,1,15,,32414,17,4,,1,15,,32416,17,4,,1
18002100,'021R-Weekday-2-26-09',546,,32417,17,4,,1,12,,32418,17,4,,1,52,,32419,17,4,,1,12,,32420,17,4,,1,12,,32421,17,4,,1,12,,32422,17,4,,1,12,,32423,17,4,,1,46,,32424,17,4,,1,6,,32425,17,4,,1,6,,32426,17,4,,1,6,,32427,17,4,,1,6,,32428,17,4,,1,6,,32429,17,4,,1,6,,32430,17,4,,1,6,,32431,17,4,,1,6,,32432,17,4,,1,6,,32433,17,4,,1,46,,32434,17,4,,1,6,,32435,17,4,,1,6,,32436,17,4,,1,6,,32437,17,4,,1,6,,32438,17,4,,1,6,,32439,17,4,,1,6,,32440,17,4,,1,6,,32441,17,4,,1,6,,32442,17,4,,1,6,,32443,17,4,,1,46,,32444,17,4,,1,6,,32445,17,4,,1,6,,32446,17,4,,1,6,,32447,17,4,,1,6,,32448,17,4,,1,6,,32449,17,4,,1,6,,32450,17,4,,1,6,,32451,17,4,,1,6,,32452,17,4,,1,6,,32453,17,4,,1,46,,32454,17,4,,1,6,,32455,17,4,,1,6,,32456,17,4,,1,10,,32457,17,4,,1,10,,32458,17,4,,1,10,,32459,17,4,,1,10,,32460,17,4,,1,50,,32461,17,4,,1,10,,32462,17,4,,1,10,,32463,17,4,,1,10,,32464,17,4,,1,10,,32465,17,4,,1,10,,32466,17,4,,1,50,,32467,17,4,,1,10,,32468,17,4,,1,10,,32469,17,4,,1,10,,32470,17,4,,1,10,,32471,17,4,,1,10,,32472,17,4,,1,50,,32473,17,4,,1,10,,32474,17,4,,1,10,,32475,17,4,,1,10,,32476,17,4,,1,10,,32477,17,4,,1,10,,32478,17,4,,1,50,,32479,17,4,,1,10,,32480,17,4,,1,10,,32481,17,4,,1,10,,32482,17,4,,1,10,,32483,17,4,,1,10,,32484,17,4,,1,50,,32485,17,4,,1,10,,32486,17,4,,1,6,,32487,17,4,,1,6,,32488,17,4,,1,6,,32489,17,4,,1,6,,32490,17,4,,1,6,,32491,17,4,,1,6,,32492,17,4,,1,6,,32493,17,4,,1,46,,32494,17,4,,1,6,,32495,17,4,,1,6,,32496,17,4,,1,6,,32497,17,4,,1,6,,32498,17,4,,1,6,,32499,17,4,,1,6,,32500,17,4,,1,6,,32501,17,4,,1,6,,32502,17,4,,1,6,,32503,17,4,,1,46,,32504,17,4,,1,6,,32505,17,4,,1,6,,32506,17,4,,1,6,,32507,17,4,,1,6,,32508,17,4,,1,6,,32509,17,4,,1,6,,32510,17,4,,1,6,,32511,17,4,,1,6,,32512,17,4,,1,6,,32513,17,4,,1,46,,32514,17,4,,1,6,,32515,17,4,,1,6,,32516,17,4,,1,6,,32517,17,4,,1,6,,32518,17,4,,1,6,,32519,17,4,,1,6,,32520,17,4,,1,6,,32521,17,4,,1,6,,32522,17,4,,1,6,,32523,17,4,,1,46,,32524,17,4,,1,6,,32525,17,4,,1,6,,32526,17,4,,1,6,,32527,17,4,,1,9,,32552,17,4,,1,15,,32528,17,4,,1,55,,32529,17,4,,1,15,,32530,17,4,,1,15,,32531,17,4,,1,15,,32532,17,4,,1,55,,32533,17,4,,1,15,,32534,17,4,,1,15,,32535,17,4,,1,15,,32536,17,4,,1,55,,32537,17,4,,1,15,,32538,17,4,,1,15,,32539,17,4,,1,15,,32540,17,4,,1,55,,32541,17,4,,1,15,,32542,17,4,,1,15,,32543,17,4,,1,15,,32544,17,4,,1,55,,32545,17,4,,1,15,,32546,17,4,,1,15,,32547,17,4,,1,15,,32548,17,4,,1,55,,32549,17,4,,1,15,,32550,17,4,,1,15,,32551,17,4,,1,15,,32553,17,4,,1
18002100,'021R-Weekday-3-26-09',546,,35906,17,4,,1,12,,35907,17,4,,1,52,,35908,17,4,,1,12,,35909,17,4,,1,12,,35910,17,4,,1,12,,35911,17,4,,1,12,,35912,17,4,,1,46,,35913,17,4,,1,6,,35914,17,4,,1,6,,35915,17,4,,1,6,,35916,17,4,,1,6,,35917,17,4,,1,6,,35918,17,4,,1,6,,35919,17,4,,1,6,,35920,17,4,,1,6,,35921,17,4,,1,6,,35922,17,4,,1,46,,35923,17,4,,1,6,,35924,17,4,,1,6,,35925,17,4,,1,6,,35926,17,4,,1,6,,35927,17,4,,1,6,,35928,17,4,,1,6,,35929,17,4,,1,6,,35930,17,4,,1,6,,35931,17,4,,1,6,,35932,17,4,,1,46,,35933,17,4,,1,6,,35934,17,4,,1,6,,35935,17,4,,1,6,,35936,17,4,,1,6,,35937,17,4,,1,6,,35938,17,4,,1,6,,35939,17,4,,1,6,,35940,17,4,,1,6,,35941,17,4,,1,6,,35942,17,4,,1,46,,35943,17,4,,1,6,,35944,17,4,,1,6,,35945,17,4,,1,10,,35946,17,4,,1,10,,35947,17,4,,1,10,,35948,17,4,,1,10,,35949,17,4,,1,50,,35950,17,4,,1,10,,35951,17,4,,1,10,,35952,17,4,,1,10,,35953,17,4,,1,10,,35954,17,4,,1,10,,35955,17,4,,1,50,,35956,17,4,,1,10,,35957,17,4,,1,10,,35958,17,4,,1,10,,35959,17,4,,1,10,,35960,17,4,,1,10,,35961,17,4,,1,50,,35962,17,4,,1,10,,35963,17,4,,1,10,,35964,17,4,,1,10,,35965,17,4,,1,10,,35966,17,4,,1,10,,35967,17,4,,1,50,,35968,17,4,,1,10,,35969,17,4,,1,10,,35970,17,4,,1,10,,35971,17,4,,1,10,,35972,17,4,,1,10,,35973,17,4,,1,50,,35974,17,4,,1,10,,35975,17,4,,1,6,,35976,17,4,,1,6,,35977,17,4,,1,6,,35978,17,4,,1,6,,35979,17,4,,1,6,,35980,17,4,,1,6,,35981,17,4,,1,6,,35982,17,4,,1,46,,35983,17,4,,1,6,,35984,17,4,,1,6,,35985,17,4,,1,6,,35986,17,4,,1,6,,35987,17,4,,1,6,,35988,17,4,,1,6,,35989,17,4,,1,6,,35990,17,4,,1,6,,35991,17,4,,1,6,,35992,17,4,,1,46,,35993,17,4,,1,6,,35994,17,4,,1,6,,35995,17,4,,1,6,,35996,17,4,,1,6,,35997,17,4,,1,6,,35998,17,4,,1,6,,35999,17,4,,1,6,,36000,17,4,,1,6,,36001,17,4,,1,6,,36002,17,4,,1,46,,36003,17,4,,1,6,,36004,17,4,,1,6,,36005,17,4,,1,6,,36006,17,4,,1,6,,36007,17,4,,1,6,,36008,17,4,,1,6,,36009,17,4,,1,6,,36010,17,4,,1,6,,36011,17,4,,1,6,,36012,17,4,,1,46,,36013,17,4,,1,6,,36014,17,4,,1,6,,36015,17,4,,1,6,,36016,17,4,,1,9,,36041,17,4,,1,15,,36017,17,4,,1,55,,36018,17,4,,1,15,,36019,17,4,,1,15,,36020,17,4,,1,15,,36021,17,4,,1,55,,36022,17,4,,1,15,,36023,17,4,,1,15,,36024,17,4,,1,15,,36025,17,4,,1,55,,36026,17,4,,1,15,,36027,17,4,,1,15,,36028,17,4,,1,15,,36029,17,4,,1,55,,36030,17,4,,1,15,,36031,17,4,,1,15,,36032,17,4,,1,15,,36033,17,4,,1,55,,36034,17,4,,1,15,,36035,17,4,,1,15,,36036,17,4,,1,15,,36037,17,4,,1,55,,36038,17,4,,1,15,,36039,17,4,,1,15,,36040,17,4,,1,15,,36042,17,4,,1
18002100,'021R-Weekday-4-26-09',546,,32554,17,4,,1,12,,32555,17,4,,1,52,,32556,17,4,,1,12,,32557,17,4,,1,12,,32558,17,4,,1,12,,32559,17,4,,1,12,,32560,17,4,,1,46,,32561,17,4,,1,6,,32562,17,4,,1,6,,32563,17,4,,1,6,,32564,17,4,,1,6,,32565,17,4,,1,6,,32566,17,4,,1,6,,32567,17,4,,1,6,,32568,17,4,,1,6,,32569,17,4,,1,6,,32570,17,4,,1,46,,32571,17,4,,1,6,,32572,17,4,,1,6,,32573,17,4,,1,6,,32574,17,4,,1,6,,32575,17,4,,1,6,,32576,17,4,,1,6,,32577,17,4,,1,6,,32578,17,4,,1,6,,32579,17,4,,1,6,,32580,17,4,,1,46,,32581,17,4,,1,6,,32582,17,4,,1,6,,32583,17,4,,1,6,,32584,17,4,,1,6,,32585,17,4,,1,6,,32586,17,4,,1,6,,32587,17,4,,1,6,,32588,17,4,,1,6,,32589,17,4,,1,6,,32590,17,4,,1,46,,32591,17,4,,1,6,,32592,17,4,,1,6,,32593,17,4,,1,10,,32594,17,4,,1,10,,32595,17,4,,1,10,,32596,17,4,,1,10,,32597,17,4,,1,50,,32598,17,4,,1,10,,32599,17,4,,1,10,,32600,17,4,,1,10,,32601,17,4,,1,10,,32602,17,4,,1,10,,32603,17,4,,1,50,,32604,17,4,,1,10,,32605,17,4,,1,10,,32606,17,4,,1,10,,32607,17,4,,1,10,,32608,17,4,,1,10,,32609,17,4,,1,50,,32610,17,4,,1,10,,32611,17,4,,1,10,,32612,17,4,,1,10,,32613,17,4,,1,10,,32614,17,4,,1,10,,32615,17,4,,1,50,,32616,17,4,,1,10,,32617,17,4,,1,10,,32618,17,4,,1,10,,32619,17,4,,1,10,,32620,17,4,,1,10,,32621,17,4,,1,50,,32622,17,4,,1,10,,32623,17,4,,1,6,,32624,17,4,,1,6,,32625,17,4,,1,6,,32626,17,4,,1,6,,32627,17,4,,1,6,,32628,17,4,,1,6,,32629,17,4,,1,6,,32630,17,4,,1,46,,32631,17,4,,1,6,,32632,17,4,,1,6,,32633,17,4,,1,6,,32634,17,4,,1,6,,32635,17,4,,1,6,,32636,17,4,,1,6,,32637,17,4,,1,6,,32638,17,4,,1,6,,32639,17,4,,1,6,,32640,17,4,,1,46,,32641,17,4,,1,6,,32642,17,4,,1,6,,32643,17,4,,1,6,,32644,17,4,,1,6,,32645,17,4,,1,6,,32646,17,4,,1,6,,32647,17,4,,1,6,,32648,17,4,,1,6,,32649,17,4,,1,6,,32650,17,4,,1,46,,32651,17,4,,1,6,,32652,17,4,,1,6,,32653,17,4,,1,6,,32654,17,4,,1,6,,32655,17,4,,1,6,,32656,17,4,,1,6,,32657,17,4,,1,6,,32658,17,4,,1,6,,32659,17,4,,1,6,,32660,17,4,,1,46,,32661,17,4,,1,6,,32662,17,4,,1,6,,32663,17,4,,1,6,,32664,17,4,,1,9,,32689,17,4,,1,15,,32665,17,4,,1,55,,32666,17,4,,1,15,,32667,17,4,,1,15,,32668,17,4,,1,15,,32669,17,4,,1,55,,32670,17,4,,1,15,,32671,17,4,,1,15,,32672,17,4,,1,15,,32673,17,4,,1,55,,32674,17,4,,1,15,,32675,17,4,,1,15,,32676,17,4,,1,15,,32677,17,4,,1,55,,32678,17,4,,1,15,,32679,17,4,,1,15,,32680,17,4,,1,15,,32681,17,4,,1,55,,32682,17,4,,1,15,,32683,17,4,,1,15,,32684,17,4,,1,15,,32685,17,4,,1,55,,32686,17,4,,1,15,,32687,17,4,,1,15,,32688,17,4,,1,15,,32690,17,4,,1
18002100,'021R-Weekday-5-26-09',546,,36043,17,4,,1,12,,36044,17,4,,1,52,,36045,17,4,,1,12,,36046,17,4,,1,12,,36047,17,4,,1,12,,36048,17,4,,1,12,,36049,17,4,,1,46,,36050,17,4,,1,6,,36051,17,4,,1,6,,36052,17,4,,1,6,,36053,17,4,,1,6,,36054,17,4,,1,6,,36055,17,4,,1,6,,36056,17,4,,1,6,,36057,17,4,,1,6,,36058,17,4,,1,6,,36059,17,4,,1,46,,36060,17,4,,1,6,,36061,17,4,,1,6,,36062,17,4,,1,6,,36063,17,4,,1,6,,36064,17,4,,1,6,,36065,17,4,,1,6,,36066,17,4,,1,6,,36067,17,4,,1,6,,36068,17,4,,1,6,,36069,17,4,,1,46,,36070,17,4,,1,6,,36071,17,4,,1,6,,36072,17,4,,1,6,,36073,17,4,,1,6,,36074,17,4,,1,6,,36075,17,4,,1,6,,36076,17,4,,1,6,,36077,17,4,,1,6,,36078,17,4,,1,6,,36079,17,4,,1,46,,36080,17,4,,1,6,,36081,17,4,,1,6,,36082,17,4,,1,10,,36083,17,4,,1,10,,36084,17,4,,1,10,,36085,17,4,,1,10,,36086,17,4,,1,50,,36087,17,4,,1,10,,36088,17,4,,1,10,,36089,17,4,,1,10,,36090,17,4,,1,10,,36091,17,4,,1,10,,36092,17,4,,1,50,,36093,17,4,,1,10,,36094,17,4,,1,10,,36095,17,4,,1,10,,36096,17,4,,1,10,,36097,17,4,,1,10,,36098,17,4,,1,50,,36099,17,4,,1,10,,36100,17,4,,1,10,,36101,17,4,,1,10,,36102,17,4,,1,10,,36103,17,4,,1,10,,36104,17,4,,1,50,,36105,17,4,,1,10,,36106,17,4,,1,10,,36107,17,4,,1,10,,36108,17,4,,1,10,,36109,17,4,,1,10,,36110,17,4,,1,50,,36111,17,4,,1,10,,36112,17,4,,1,6,,36113,17,4,,1,6,,36114,17,4,,1,6,,36115,17,4,,1,6,,36116,17,4,,1,6,,36117,17,4,,1,6,,36118,17,4,,1,6,,36119,17,4,,1,46,,36120,17,4,,1,6,,36121,17,4,,1,6,,36122,17,4,,1,6,,36123,17,4,,1,6,,36124,17,4,,1,6,,36125,17,4,,1,6,,36126,17,4,,1,6,,36127,17,4,,1,6,,36128,17,4,,1,6,,36129,17,4,,1,46,,36130,17,4,,1,6,,36131,17,4,,1,6,,36132,17,4,,1,6,,36133,17,4,,1,6,,36134,17,4,,1,6,,36135,17,4,,1,6,,36136,17,4,,1,6,,36137,17,4,,1,6,,36138,17,4,,1,6,,36139,17,4,,1,46,,36140,17,4,,1,6,,36141,17,4,,1,6,,36142,17,4,,1,6,,36143,17,4,,1,6,,36144,17,4,,1,6,,36145,17,4,,1,6,,36146,17,4,,1,6,,36147,17,4,,1,6,,36148,17,4,,1,6,,36149,17,4,,1,46,,36150,17,4,,1,6,,36151,17,4,,1,6,,36152,17,4,,1,6,,36153,17,4,,1,9,,36178,17,4,,1,15,,36154,17,4,,1,55,,36155,17,4,,1,15,,36156,17,4,,1,15,,36157,17,4,,1,15,,36158,17,4,,1,55,,36159,17,4,,1,15,,36160,17,4,,1,15,,36161,17,4,,1,15,,36162,17,4,,1,55,,36163,17,4,,1,15,,36164,17,4,,1,15,,36165,17,4,,1,15,,36166,17,4,,1,55,,36167,17,4,,1,15,,36168,17,4,,1,15,,36169,17,4,,1,15,,36170,17,4,,1,55,,36171,17,4,,1,15,,36172,17,4,,1,15,,36173,17,4,,1,15,,36174,17,4,,1,55,,36175,17,4,,1,15,,36176,17,4,,1,15,,36177,17,4,,1,15,,36179,17,4,,1
18002100,'021R-Weekday-6-26-09',546,,36180,17,4,,1,12,,36181,17,4,,1,52,,36182,17,4,,1,12,,36183,17,4,,1,12,,36184,17,4,,1,12,,36185,17,4,,1,12,,36186,17,4,,1,46,,36187,17,4,,1,6,,36188,17,4,,1,6,,36189,17,4,,1,6,,36190,17,4,,1,6,,36191,17,4,,1,6,,36192,17,4,,1,6,,36193,17,4,,1,6,,36194,17,4,,1,6,,36195,17,4,,1,6,,36196,17,4,,1,46,,36197,17,4,,1,6,,36198,17,4,,1,6,,36199,17,4,,1,6,,36200,17,4,,1,6,,36201,17,4,,1,6,,36202,17,4,,1,6,,36203,17,4,,1,6,,36204,17,4,,1,6,,36205,17,4,,1,6,,36206,17,4,,1,46,,36207,17,4,,1,6,,36208,17,4,,1,6,,36209,17,4,,1,6,,36210,17,4,,1,6,,36211,17,4,,1,6,,36212,17,4,,1,6,,36213,17,4,,1,6,,36214,17,4,,1,6,,36215,17,4,,1,6,,36216,17,4,,1,46,,36217,17,4,,1,6,,36218,17,4,,1,6,,36219,17,4,,1,10,,36220,17,4,,1,10,,36221,17,4,,1,10,,36222,17,4,,1,10,,36223,17,4,,1,50,,36224,17,4,,1,10,,36225,17,4,,1,10,,36226,17,4,,1,10,,36227,17,4,,1,10,,36228,17,4,,1,10,,36229,17,4,,1,50,,36230,17,4,,1,10,,36231,17,4,,1,10,,36232,17,4,,1,10,,36233,17,4,,1,10,,36234,17,4,,1,10,,36235,17,4,,1,50,,36236,17,4,,1,10,,36237,17,4,,1,10,,36238,17,4,,1,10,,36239,17,4,,1,10,,36240,17,4,,1,10,,36241,17,4,,1,50,,36242,17,4,,1,10,,36243,17,4,,1,10,,36244,17,4,,1,10,,36245,17,4,,1,10,,36246,17,4,,1,10,,36247,17,4,,1,50,,36248,17,4,,1,10,,36249,17,4,,1,6,,36250,17,4,,1,6,,36251,17,4,,1,6,,36252,17,4,,1,6,,36253,17,4,,1,6,,36254,17,4,,1,6,,36255,17,4,,1,6,,36256,17,4,,1,46,,36257,17,4,,1,6,,36258,17,4,,1,6,,36259,17,4,,1,6,,36260,17,4,,1,6,,36261,17,4,,1,6,,36262,17,4,,1,6,,36263,17,4,,1,6,,36264,17,4,,1,6,,36265,17,4,,1,6,,36266,17,4,,1,46,,36267,17,4,,1,6,,36268,17,4,,1,6,,36269,17,4,,1,6,,36270,17,4,,1,6,,36271,17,4,,1,6,,36272,17,4,,1,6,,36273,17,4,,1,6,,36274,17,4,,1,6,,36275,17,4,,1,6,,36276,17,4,,1,46,,36277,17,4,,1,6,,36278,17,4,,1,6,,36279,17,4,,1,6,,36280,17,4,,1,6,,36281,17,4,,1,6,,36282,17,4,,1,6,,36283,17,4,,1,6,,36284,17,4,,1,6,,36285,17,4,,1,6,,36286,17,4,,1,46,,36287,17,4,,1,6,,36288,17,4,,1,6,,36289,17,4,,1,6,,36290,17,4,,1,9,,36315,17,4,,1,15,,36291,17,4,,1,55,,36292,17,4,,1,15,,36293,17,4,,1,15,,36294,17,4,,1,15,,36295,17,4,,1,55,,36296,17,4,,1,15,,36297,17,4,,1,15,,36298,17,4,,1,15,,36299,17,4,,1,55,,36300,17,4,,1,15,,36301,17,4,,1,15,,36302,17,4,,1,15,,36303,17,4,,1,55,,36304,17,4,,1,15,,36305,17,4,,1,15,,36306,17,4,,1,15,,36307,17,4,,1,55,,36308,17,4,,1,15,,36309,17,4,,1,15,,36310,17,4,,1,15,,36311,17,4,,1,55,,36312,17,4,,1,15,,36313,17,4,,1,15,,36314,17,4,,1,15,,36316,17,4,,1
18002100,'021R-Weekday-7-26-09',546,,36317,17,4,,1,12,,36318,17,4,,1,52,,36319,17,4,,1,12,,36320,17,4,,1,12,,36321,17,4,,1,12,,36322,17,4,,1,12,,36323,17,4,,1,46,,36324,17,4,,1,6,,36325,17,4,,1,6,,36326,17,4,,1,6,,36327,17,4,,1,6,,36328,17,4,,1,6,,36329,17,4,,1,6,,36330,17,4,,1,6,,36331,17,4,,1,6,,36332,17,4,,1,6,,36333,17,4,,1,46,,36334,17,4,,1,6,,36335,17,4,,1,6,,36336,17,4,,1,6,,36337,17,4,,1,6,,36338,17,4,,1,6,,36339,17,4,,1,6,,36340,17,4,,1,6,,36341,17,4,,1,6,,36342,17,4,,1,6,,36343,17,4,,1,46,,36344,17,4,,1,6,,36345,17,4,,1,6,,36346,17,4,,1,6,,36347,17,4,,1,6,,36348,17,4,,1,6,,36349,17,4,,1,6,,36350,17,4,,1,6,,36351,17,4,,1,6,,36352,17,4,,1,6,,36353,17,4,,1,46,,36354,17,4,,1,6,,36355,17,4,,1,6,,36356,17,4,,1,10,,36357,17,4,,1,10,,36358,17,4,,1,10,,36359,17,4,,1,10,,36360,17,4,,1,50,,36361,17,4,,1,10,,36362,17,4,,1,10,,36363,17,4,,1,10,,36364,17,4,,1,10,,36365,17,4,,1,10,,36366,17,4,,1,50,,36367,17,4,,1,10,,36368,17,4,,1,10,,36369,17,4,,1,10,,36370,17,4,,1,10,,36371,17,4,,1,10,,36372,17,4,,1,50,,36373,17,4,,1,10,,36374,17,4,,1,10,,36375,17,4,,1,10,,36376,17,4,,1,10,,36377,17,4,,1,10,,36378,17,4,,1,50,,36379,17,4,,1,10,,36380,17,4,,1,10,,36381,17,4,,1,10,,36382,17,4,,1,10,,36383,17,4,,1,10,,36384,17,4,,1,50,,36385,17,4,,1,10,,36386,17,4,,1,6,,36387,17,4,,1,6,,36388,17,4,,1,6,,36389,17,4,,1,6,,36390,17,4,,1,6,,36391,17,4,,1,6,,36392,17,4,,1,6,,36393,17,4,,1,46,,36394,17,4,,1,6,,36395,17,4,,1,6,,36396,17,4,,1,6,,36397,17,4,,1,6,,36398,17,4,,1,6,,36399,17,4,,1,6,,36400,17,4,,1,6,,36401,17,4,,1,6,,36402,17,4,,1,6,,36403,17,4,,1,46,,36404,17,4,,1,6,,36405,17,4,,1,6,,36406,17,4,,1,6,,36407,17,4,,1,6,,36408,17,4,,1,6,,36409,17,4,,1,6,,36410,17,4,,1,6,,36411,17,4,,1,6,,36412,17,4,,1,6,,36413,17,4,,1,46,,36414,17,4,,1,6,,36415,17,4,,1,6,,36416,17,4,,1,6,,36417,17,4,,1,6,,36418,17,4,,1,6,,36419,17,4,,1,6,,36420,17,4,,1,6,,36421,17,4,,1,6,,36422,17,4,,1,6,,36423,17,4,,1,46,,36424,17,4,,1,6,,36425,17,4,,1,6,,36426,17,4,,1,6,,36427,17,4,,1,9,,36452,17,4,,1,15,,36428,17,4,,1,55,,36429,17,4,,1,15,,36430,17,4,,1,15,,36431,17,4,,1,15,,36432,17,4,,1,55,,36433,17,4,,1,15,,36434,17,4,,1,15,,36435,17,4,,1,15,,36436,17,4,,1,55,,36437,17,4,,1,15,,36438,17,4,,1,15,,36439,17,4,,1,15,,36440,17,4,,1,55,,36441,17,4,,1,15,,36442,17,4,,1,15,,36443,17,4,,1,15,,36444,17,4,,1,55,,36445,17,4,,1,15,,36446,17,4,,1,15,,36447,17,4,,1,15,,36448,17,4,,1,55,,36449,17,4,,1,15,,36450,17,4,,1,15,,36451,17,4,,1,15,,36453,17,4,,1
18002100,'021R-Saturday-1-26-09',546,,32691,17,4,,1,55,,32692,17,4,,1,15,,32693,17,4,,1,15,,32694,17,4,,1,15,,32695,17,4,,1,55,,32696,17,4,,1,15,,32697,17,4,,1,15,,32698,17,4,,1,15,,32699,17,4,,1,55,,32700,17,4,,1,15,,32701,17,4,,1,15,,32702,17,4,,1,15,,32703,17,4,,1,55,,32704,17,4,,1,15,,32705,17,4,,1,15,,32706,17,4,,1,15,,32707,17,4,,1,55,,32708,17,4,,1,15,,32709,17,4,,1,15,,32710,17,4,,1,15,,32711,17,4,,1,55,,32712,17,4,,1,15,,32713,17,4,,1,15,,32714,17,4,,1,15,,32715,17,4,,1,55,,32716,17,4,,1,15,,32717,17,4,,1,15,,32718,17,4,,1,15,,32719,17,4,,1,55,,32720,17,4,,1,15,,32721,17,4,,1,15,,32722,17,4,,1,15,,32723,17,4,,1,55,,32724,17,4,,1,15,,32725,17,4,,1,15,,32726,17,4,,1,15,,32727,17,4,,1,55,,32728,17,4,,1,15,,32729,17,4,,1,15,,32730,17,4,,1,15,,32731,17,4,,1,55,,32732,17,4,,1,15,,32733,17,4,,1,15,,32734,17,4,,1,15,,32735,17,4,,1,55,,32736,17,4,,1,15,,32737,17,4,,1,15,,32738,17,4,,1,15,,32739,17,4,,1,55,,32740,17,4,,1,15,,32741,17,4,,1,15,,32742,17,4,,1,15,,32743,17,4,,1,55,,32744,17,4,,1,15,,32745,17,4,,1,15,,32746,17,4,,1,15,,32747,17,4,,1,55,,32748,17,4,,1,15,,32749,17,4,,1,15,,32750,17,4,,1,15,,32751,17,4,,1,55,,32752,17,4,,1,15,,32753,17,4,,1,15,,32754,17,4,,1,15,,32755,17,4,,1,55,,32756,17,4,,1,15,,32757,17,4,,1,15,,32758,17,4,,1,15,,32759,17,4,,1,55,,32760,17,4,,1,15,,32761,17,4,,1,15,,32762,17,4,,1,15,,32763,17,4,,1,55,,32764,17,4,,1,15,,32765,17,4,,1,15,,32766,17,4,,1,15,,32767,17,4,,1,55,,32768,17,4,,1,15,,32769,17,4,,1,15,,32770,17,4,,1,15,,32771,17,4,,1
18002100,'021R-Saturday-2-26-09',546,,36454,17,4,,1,55,,36455,17,4,,1,15,,36456,17,4,,1,15,,36457,17,4,,1,15,,36458,17,4,,1,55,,36459,17,4,,1,15,,36460,17,4,,1,15,,36461,17,4,,1,15,,36462,17,4,,1,55,,36463,17,4,,1,15,,36464,17,4,,1,15,,36465,17,4,,1,15,,36466,17,4,,1,55,,36467,17,4,,1,15,,36468,17,4,,1,15,,36469,17,4,,1,15,,36470,17,4,,1,55,,36471,17,4,,1,15,,36472,17,4,,1,15,,36473,17,4,,1,15,,36474,17,4,,1,55,,36475,17,4,,1,15,,36476,17,4,,1,15,,36477,17,4,,1,15,,36478,17,4,,1,55,,36479,17,4,,1,15,,36480,17,4,,1,15,,36481,17,4,,1,15,,36482,17,4,,1,55,,36483,17,4,,1,15,,36484,17,4,,1,15,,36485,17,4,,1,15,,36486,17,4,,1,55,,36487,17,4,,1,15,,36488,17,4,,1,15,,36489,17,4,,1,15,,36490,17,4,,1,55,,36491,17,4,,1,15,,36492,17,4,,1,15,,36493,17,4,,1,15,,36494,17,4,,1,55,,36495,17,4,,1,15,,36496,17,4,,1,15,,36497,17,4,,1,15,,36498,17,4,,1,55,,36499,17,4,,1,15,,36500,17,4,,1,15,,36501,17,4,,1,15,,36502,17,4,,1,55,,36503,17,4,,1,15,,36504,17,4,,1,15,,36505,17,4,,1,15,,36506,17,4,,1,55,,36507,17,4,,1,15,,36508,17,4,,1,15,,36509,17,4,,1,15,,36510,17,4,,1,55,,36511,17,4,,1,15,,36512,17,4,,1,15,,36513,17,4,,1,15,,36514,17,4,,1,55,,36515,17,4,,1,15,,36516,17,4,,1,15,,36517,17,4,,1,15,,36518,17,4,,1,55,,36519,17,4,,1,15,,36520,17,4,,1,15,,36521,17,4,,1,15,,36522,17,4,,1,55,,36523,17,4,,1,15,,36524,17,4,,1,15,,36525,17,4,,1,15,,36526,17,4,,1,55,,36527,17,4,,1,15,,36528,17,4,,1,15,,36529,17,4,,1,15,,36530,17,4,,1,55,,36531,17,4,,1,15,,36532,17,4,,1,15,,36533,17,4,,1,15,,36534,17,4,,1
18002100,'021R-Sunday-1-26-09',616,,32772,17,4,,1,15,,32773,17,4,,1,15,,32774,17,4,,1,55,,32775,17,4,,1,15,,32776,17,4,,1,15,,32777,17,4,,1,15,,32778,17,4,,1,55,,32779,17,4,,1,15,,32780,17,4,,1,15,,32781,17,4,,1,15,,32782,17,4,,1,55,,32783,17,4,,1,15,,32784,17,4,,1,15,,32785,17,4,,1,15,,32786,17,4,,1,55,,32787,17,4,,1,15,,32788,17,4,,1,15,,32789,17,4,,1,15,,32790,17,4,,1,55,,32791,17,4,,1,15,,32792,17,4,,1,15,,32793,17,4,,1,15,,32794,17,4,,1,55,,32795,17,4,,1,15,,32796,17,4,,1,15,,32797,17,4,,1,15,,32798,17,4,,1,55,,32799,17,4,,1,15,,32800,17,4,,1,15,,32801,17,4,,1,15,,32802,17,4,,1,55,,32803,17,4,,1,15,,32804,17,4,,1,15,,32805,17,4,,1,15,,32806,17,4,,1,55,,32807,17,4,,1,15,,32808,17,4,,1,15,,32809,17,4,,1,15,,32810,17,4,,1,55,,32811,17,4,,1,15,,32812,17,4,,1,15,,32813,17,4,,1,15,,32814,17,4,,1,55,,32815,17,4,,1,15,,32816,17,4,,1,15,,32817,17,4,,1,15,,32818,17,4,,1,55,,32819,17,4,,1,15,,32820,17,4,,1,15,,32821,17,4,,1,15,,32822,17,4,,1,55,,32823,17,4,,1,15,,32824,17,4,,1,15,,32825,17,4,,1,15,,32826,17,4,,1,55,,32827,17,4,,1,15,,32828,17,4,,1,15,,32829,17,4,,1,15,,32830,17,4,,1,55,,32831,17,4,,1,15,,32832,17,4,,1,15,,32833,17,4,,1,15,,32834,17,4,,1,55,,32835,17,4,,1,15,,32836,17,4,,1,15,,32837,17,4,,1,15,,32838,17,4,,1,55,,32839,17,4,,1,15,,32840,17,4,,1,15,,32841,17,4,,1,15,,32842,17,4,,1,55,,32843,17,4,,1,15,,32844,17,4,,1,15,,32845,17,4,,1,15,,32846,17,4,,1,55,,32847,17,4,,1,15,,32848,17,4,,1
18002100,'021R-Sunday-2-26-09',616,,36535,17,4,,1,15,,36536,17,4,,1,15,,36537,17,4,,1,55,,36538,17,4,,1,15,,36539,17,4,,1,15,,36540,17,4,,1,15,,36541,17,4,,1,55,,36542,17,4,,1,15,,36543,17,4,,1,15,,36544,17,4,,1,15,,36545,17,4,,1,55,,36546,17,4,,1,15,,36547,17,4,,1,15,,36548,17,4,,1,15,,36549,17,4,,1,55,,36550,17,4,,1,15,,36551,17,4,,1,15,,36552,17,4,,1,15,,36553,17,4,,1,55,,36554,17,4,,1,15,,36555,17,4,,1,15,,36556,17,4,,1,15,,36557,17,4,,1,55,,36558,17,4,,1,15,,36559,17,4,,1,15,,36560,17,4,,1,15,,36561,17,4,,1,55,,36562,17,4,,1,15,,36563,17,4,,1,15,,36564,17,4,,1,15,,36565,17,4,,1,55,,36566,17,4,,1,15,,36567,17,4,,1,15,,36568,17,4,,1,15,,36569,17,4,,1,55,,36570,17,4,,1,15,,36571,17,4,,1,15,,36572,17,4,,1,15,,36573,17,4,,1,55,,36574,17,4,,1,15,,36575,17,4,,1,15,,36576,17,4,,1,15,,36577,17,4,,1,55,,36578,17,4,,1,15,,36579,17,4,,1,15,,36580,17,4,,1,15,,36581,17,4,,1,55,,36582,17,4,,1,15,,36583,17,4,,1,15,,36584,17,4,,1,15,,36585,17,4,,1,55,,36586,17,4,,1,15,,36587,17,4,,1,15,,36588,17,4,,1,15,,36589,17,4,,1,55,,36590,17,4,,1,15,,36591,17,4,,1,15,,36592,17,4,,1,15,,36593,17,4,,1,55,,36594,17,4,,1,15,,36595,17,4,,1,15,,36596,17,4,,1,15,,36597,17,4,,1,55,,36598,17,4,,1,15,,36599,17,4,,1,15,,36600,17,4,,1,15,,36601,17,4,,1,55,,36602,17,4,,1,15,,36603,17,4,,1,15,,36604,17,4,,1,15,,36605,17,4,,1,55,,36606,17,4,,1,15,,36607,17,4,,1,15,,36608,17,4,,1,15,,36609,17,4,,1,55,,36610,17,4,,1,15,,36611,17,4,,1
18002100,'021R-Sunday-4-26-09',616,,36612,17,4,,1,15,,36613,17,4,,1,15,,36614,17,4,,1,55,,36615,17,4,,1,15,,36616,17,4,,1,15,,36617,17,4,,1,15,,36618,17,4,,1,55,,36619,17,4,,1,15,,36620,17,4,,1,15,,36621,17,4,,1,15,,36622,17,4,,1,55,,36623,17,4,,1,15,,36624,17,4,,1,15,,36625,17,4,,1,15,,36626,17,4,,1,55,,36627,17,4,,1,15,,36628,17,4,,1,15,,36629,17,4,,1,15,,36630,17,4,,1,55,,36631,17,4,,1,15,,36632,17,4,,1,15,,36633,17,4,,1,15,,36634,17,4,,1,55,,36635,17,4,,1,15,,36636,17,4,,1,15,,36637,17,4,,1,15,,36638,17,4,,1,55,,36639,17,4,,1,15,,36640,17,4,,1,15,,36641,17,4,,1,15,,36642,17,4,,1,55,,36643,17,4,,1,15,,36644,17,4,,1,15,,36645,17,4,,1,15,,36646,17,4,,1,55,,36647,17,4,,1,15,,36648,17,4,,1,15,,36649,17,4,,1,15,,36650,17,4,,1,55,,36651,17,4,,1,15,,36652,17,4,,1,15,,36653,17,4,,1,15,,36654,17,4,,1,55,,36655,17,4,,1,15,,36656,17,4,,1,15,,36657,17,4,,1,15,,36658,17,4,,1,55,,36659,17,4,,1,15,,36660,17,4,,1,15,,36661,17,4,,1,15,,36662,17,4,,1,55,,36663,17,4,,1,15,,36664,17,4,,1,15,,36665,17,4,,1,15,,36666,17,4,,1,55,,36667,17,4,,1,15,,36668,17,4,,1,15,,36669,17,4,,1,15,,36670,17,4,,1,55,,36671,17,4,,1,15,,36672,17,4,,1,15,,36673,17,4,,1,15,,36674,17,4,,1,55,,36675,17,4,,1,15,,36676,17,4,,1,15,,36677,17,4,,1,15,,36678,17,4,,1,55,,36679,17,4,,1,15,,36680,17,4,,1,15,,36681,17,4,,1,15,,36682,17,4,,1,55,,36683,17,4,,1,15,,36684,17,4,,1,15,,36685,17,4,,1,15,,36686,17,4,,1,55,,36687,17,4,,1,15,,36688,17,4,,1
