18002301,'20260913-Sunday-1-26-09',521,,35104,4,,,1,15,,35120,4,,,1,15,,35058,4,,,1,55,,35074,4,,,1,15,,35089,4,,,1,15,,35105,4,,,1,15,,35121,4,,,1,55,,35059,4,,,1,15,,35075,4,,,1,15,,35090,4,,,1,15,,35106,4,,,1,55,,35122,4,,,1,15,,35060,4,,,1,15,,35076,4,,,1,15,,35091,4,,,1,55,,35107,4,,,1,15,,35123,4,,,1,15,,35061,4,,,1,15,,35077,4,,,1,55,,35092,4,,,1,15,,35108,4,,,1,15,,35124,4,,,1,15,,35062,4,,,1,55,,35078,4,,,1,15,,35093,4,,,1,15,,35109,4,,,1,15,,35125,4,,,1,55,,35063,4,,,1,15,,35079,4,,,1,15,,35094,4,,,1,15,,35110,4,,,1,55,,35126,4,,,1,15,,35064,4,,,1,15,,35080,4,,,1,15,,35095,4,,,1,55,,35111,4,,,1,15,,35127,4,,,1,15,,35065,4,,,1,15,,35081,4,,,1,55,,35096,4,,,1,15,,35112,4,,,1,15,,35128,4,,,1,15,,35066,4,,,1,55,,35082,4,,,1,15,,35097,4,,,1,15,,35113,4,,,1,15,,35129,4,,,1,55,,35067,4,,,1,15,,35083,4,,,1,15,,35098,4,,,1,15,,35114,4,,,1,55,,35130,4,,,1,15,,35068,4,,,1,15,,35084,4,,,1,15,,35099,4,,,1,55,,35115,4,,,1,15,,35131,4,,,1,15,,35069,4,,,1,15,,35085,4,,,1,55,,35100,4,,,1,15,,35116,4,,,1,15,,35132,4,,,1,15,,35070,4,,,1,55,,35086,4,,,1,15,,35101,4,,,1,15,,35117,4,,,1,15,,35133,4,,,1,55,,35071,4,,,1,15,,35087,4,,,1,15,,35102,4,,,1,15,,35118,4,,,1,55,,35134,4,,,1,15,,35072,4,,,1,15,,35088,4,,,1,15,,35103,4,,,1,55,,35119,4,,,1,15,,35135,4,,,1,15,,35073,4,,,1
18002301,'20260914-Weekday-1-26-09',521,,35182,4,,,1,10,,35200,4,,,1,10,,35136,4,,,1,10,,35159,4,,,1,50,,35148,4,,,1,5,,35275,4,,,1,5,,35171,4,,,1,5,,35259,4,,,1,5,,35215,4,,,1,5,,35292,4,,,1,5,,35183,4,,,1,5,,35201,4,,,1,5,,35232,4,,,1,5,,35137,4,,,1,5,,35243,4,,,1,5,,35160,4,,,1,45,,35251,4,,,1,5,,35149,4,,,1,5,,35276,4,,,1,5,,35172,4,,,1,5,,35260,4,,,1,5,,35216,4,,,1,5,,35293,4,,,1,5,,35184,4,,,1,5,,35202,4,,,1,5,,35233,4,,,1,5,,35138,4,,,1,5,,35244,4,,,1,45,,35161,4,,,1,5,,35252,4,,,1,5,,35150,4,,,1,5,,35277,4,,,1,5,,35173,4,,,1,5,,35261,4,,,1,5,,35217,4,,,1,5,,35294,4,,,1,5,,35185,4,,,1,5,,35203,4,,,1,5,,35234,4,,,1,5,,35139,4,,,1,45,,35245,4,,,1,5,,35162,4,,,1,5,,35253,4,,,1,5,,35151,4,,,1,5,,35278,4,,,1,5,,35174,4,,,1,5,,35262,4,,,1,5,,35218,4,,,1,5,,35295,4,,,1,5,,35186,4,,,1,5,,35204,4,,,1,5,,35235,4,,,1,44,,35140,4,,,1,6,,35246,4,,,1,10,,35163,4,,,1,10,,35279,4,,,1,10,,35263,4,,,1,10,,35219,4,,,1,10,,35187,4,,,1,50,,35236,4,,,1,10,,35141,4,,,1,10,,35164,4,,,1,10,,35280,4,,,1,10,,35264,4,,,1,10,,35220,4,,,1,50,,35188,4,,,1,10,,35237,4,,,1,10,,35142,4,,,1,10,,35165,4,,,1,10,,35281,4,,,1,10,,35265,4,,,1,50,,35221,4,,,1,10,,35189,4,,,1,10,,35238,4,,,1,10,,35143,4,,,1,10,,35166,4,,,1,11,,35282,4,,,1,49,,35254,4,,,1,5,,35152,4,,,1,5,,35222,4,,,1,5,,35296,4,,,1,5,,35190,4,,,1,5,,35205,4,,,1,5,,35239,4,,,1,5,,35266,4,,,1,5,,35247,4,,,1,5,,35144,4,,,1,5,,35175,4,,,1,45,,35167,4,,,1,5,,35283,4,,,1,5,,35255,4,,,1,5,,35153,4,,,1,5,,35223,4,,,1,5,,35297,4,,,1,5,,35191,4,,,1,5,,35206,4,,,1,5,,35240,4,,,1,5,,35267,4,,,1,5,,35248,4,,,1,5,,35145,4,,,1,45,,35176,4,,,1,5,,35168,4,,,1,5,,35284,4,,,1,5,,35256,4,,,1,5,,35154,4,,,1,5,,35224,4,,,1,5,,35298,4,,,1,5,,35192,4,,,1,5,,35207,4,,,1,5,,35241,4,,,1,5,,35268,4,,,1,5,,35249,4,,,1,45,,35146,4,,,1,5,,35177,4,,,1,5,,35169,4,,,1,5,,35285,4,,,1,5,,35257,4,,,1,5,,35155,4,,,1,5,,35225,4,,,1,5,,35299,4,,,1,5,,35193,4,,,1,5,,35208,4,,,1,5,,35242,4,,,1,5,,35269,4,,,1,45,,35250,4,,,1,5,,35147,4,,,1,5,,35178,4,,,1,5,,35170,4,,,1,5,,35286,4,,,1,5,,35258,4,,,1,5,,35156,4,,,1,10,,35226,4,,,1,10,,35194,4,,,1,50,,35209,4,,,1,10,,35270,4,,,1,10,,35179,4,,,1,10,,35287,4,,,1,10,,35157,4,,,1,10,,35227,4,,,1,50,,35195,4,,,1,10,,35210,4,,,1,10,,35271,4,,,1,10,,35180,4,,,1,10,,35288,4,,,1,10,,35158,4,,,1,50,,35228,4,,,1,10,,35196,4,,,1,10,,35211,4,,,1,10,,35272,4,,,1,10,,35181,4,,,1,15,,35289,4,,,1,55,,35229,4,,,1,15,,35197,4,,,1,15,,35212,4,,,1,15,,35273,4,,,1,55,,35290,4,,,1,15,,35230,4,,,1,15,,35198,4,,,1,15,,35213,4,,,1,55,,35274,4,,,1,15,,35291,4,,,1,15,,35231,4,,,1,15,,35199,4,,,1,55,,35214,4,,,1
18002301,'20260914-Weekday-2-26-09',521,,35346,4,,,1,10,,35364,4,,,1,10,,35300,4,,,1,10,,35323,4,,,1,50,,35312,4,,,1,5,,35439,4,,,1,5,,35335,4,,,1,5,,35423,4,,,1,5,,35379,4,,,1,5,,35456,4,,,1,5,,35347,4,,,1,5,,35365,4,,,1,5,,35396,4,,,1,5,,35301,4,,,1,5,,35407,4,,,1,5,,35324,4,,,1,45,,35415,4,,,1,5,,35313,4,,,1,5,,35440,4,,,1,5,,35336,4,,,1,5,,35424,4,,,1,5,,35380,4,,,1,5,,35457,4,,,1,5,,35348,4,,,1,5,,35366,4,,,1,5,,35397,4,,,1,5,,35302,4,,,1,5,,35408,4,,,1,45,,35325,4,,,1,5,,35416,4,,,1,5,,35314,4,,,1,5,,35441,4,,,1,5,,35337,4,,,1,5,,35425,4,,,1,5,,35381,4,,,1,5,,35458,4,,,1,5,,35349,4,,,1,5,,35367,4,,,1,5,,35398,4,,,1,5,,35303,4,,,1,45,,35409,4,,,1,5,,35326,4,,,1,5,,35417,4,,,1,5,,35315,4,,,1,5,,35442,4,,,1,5,,35338,4,,,1,5,,35426,4,,,1,5,,35382,4,,,1,5,,35459,4,,,1,5,,35350,4,,,1,5,,35368,4,,,1,5,,35399,4,,,1,44,,35304,4,,,1,6,,35410,4,,,1,10,,35327,4,,,1,10,,35443,4,,,1,10,,35427,4,,,1,10,,35383,4,,,1,10,,35351,4,,,1,50,,35400,4,,,1,10,,35305,4,,,1,10,,35328,4,,,1,10,,35444,4,,,1,10,,35428,4,,,1,10,,35384,4,,,1,50,,35352,4,,,1,10,,35401,4,,,1,10,,35306,4,,,1,10,,35329,4,,,1,10,,35445,4,,,1,10,,35429,4,,,1,50,,35385,4,,,1,10,,35353,4,,,1,10,,35402,4,,,1,10,,35307,4,,,1,10,,35330,4,,,1,11,,35446,4,,,1,49,,35418,4,,,1,5,,35316,4,,,1,5,,35386,4,,,1,5,,35460,4,,,1,5,,35354,4,,,1,5,,35369,4,,,1,5,,35403,4,,,1,5,,35430,4,,,1,5,,35411,4,,,1,5,,35308,4,,,1,5,,35339,4,,,1,45,,35331,4,,,1,5,,35447,4,,,1,5,,35419,4,,,1,5,,35317,4,,,1,5,,35387,4,,,1,5,,35461,4,,,1,5,,35355,4,,,1,5,,35370,4,,,1,5,,35404,4,,,1,5,,35431,4,,,1,5,,35412,4,,,1,5,,35309,4,,,1,45,,35340,4,,,1,5,,35332,4,,,1,5,,35448,4,,,1,5,,35420,4,,,1,5,,35318,4,,,1,5,,35388,4,,,1,5,,35462,4,,,1,5,,35356,4,,,1,5,,35371,4,,,1,5,,35405,4,,,1,5,,35432,4,,,1,5,,35413,4,,,1,45,,35310,4,,,1,5,,35341,4,,,1,5,,35333,4,,,1,5,,35449,4,,,1,5,,35421,4,,,1,5,,35319,4,,,1,5,,35389,4,,,1,5,,35463,4,,,1,5,,35357,4,,,1,5,,35372,4,,,1,5,,35406,4,,,1,5,,35433,4,,,1,45,,35414,4,,,1,5,,35311,4,,,1,5,,35342,4,,,1,5,,35334,4,,,1,5,,35450,4,,,1,5,,35422,4,,,1,5,,35320,4,,,1,10,,35390,4,,,1,10,,35358,4,,,1,50,,35373,4,,,1,10,,35434,4,,,1,10,,35343,4,,,1,10,,35451,4,,,1,10,,35321,4,,,1,10,,35391,4,,,1,50,,35359,4,,,1,10,,35374,4,,,1,10,,35435,4,,,1,10,,35344,4,,,1,10,,35452,4,,,1,10,,35322,4,,,1,50,,35392,4,,,1,10,,35360,4,,,1,10,,35375,4,,,1,10,,35436,4,,,1,10,,35345,4,,,1,15,,35453,4,,,1,55,,35393,4,,,1,15,,35361,4,,,1,15,,35376,4,,,1,15,,35437,4,,,1,55,,35454,4,,,1,15,,35394,4,,,1,15,,35362,4,,,1,15,,35377,4,,,1,55,,35438,4,,,1,15,,35455,4,,,1,15,,35395,4,,,1,15,,35363,4,,,1,55,,35378,4,,,1
18002301,'20260914-Weekday-3-26-09',521,,39882,4,,,1,10,,39900,4,,,1,10,,39836,4,,,1,10,,39859,4,,,1,50,,39848,4,,,1,5,,39975,4,,,1,5,,39871,4,,,1,5,,39959,4,,,1,5,,39915,4,,,1,5,,39992,4,,,1,5,,39883,4,,,1,5,,39901,4,,,1,5,,39932,4,,,1,5,,39837,4,,,1,5,,39943,4,,,1,5,,39860,4,,,1,45,,39951,4,,,1,5,,39849,4,,,1,5,,39976,4,,,1,5,,39872,4,,,1,5,,39960,4,,,1,5,,39916,4,,,1,5,,39993,4,,,1,5,,39884,4,,,1,5,,39902,4,,,1,5,,39933,4,,,1,5,,39838,4,,,1,5,,39944,4,,,1,45,,39861,4,,,1,5,,39952,4,,,1,5,,39850,4,,,1,5,,39977,4,,,1,5,,39873,4,,,1,5,,39961,4,,,1,5,,39917,4,,,1,5,,39994,4,,,1,5,,39885,4,,,1,5,,39903,4,,,1,5,,39934,4,,,1,5,,39839,4,,,1,45,,39945,4,,,1,5,,39862,4,,,1,5,,39953,4,,,1,5,,39851,4,,,1,5,,39978,4,,,1,5,,39874,4,,,1,5,,39962,4,,,1,5,,39918,4,,,1,5,,39995,4,,,1,5,,39886,4,,,1,5,,39904,4,,,1,5,,39935,4,,,1,44,,39840,4,,,1,6,,39946,4,,,1,10,,39863,4,,,1,10,,39979,4,,,1,10,,39963,4,,,1,10,,39919,4,,,1,10,,39887,4,,,1,50,,39936,4,,,1,10,,39841,4,,,1,10,,39864,4,,,1,10,,39980,4,,,1,10,,39964,4,,,1,10,,39920,4,,,1,50,,39888,4,,,1,10,,39937,4,,,1,10,,39842,4,,,1,10,,39865,4,,,1,10,,39981,4,,,1,10,,39965,4,,,1,50,,39921,4,,,1,10,,39889,4,,,1,10,,39938,4,,,1,10,,39843,4,,,1,10,,39866,4,,,1,11,,39982,4,,,1,49,,39954,4,,,1,5,,39852,4,,,1,5,,39922,4,,,1,5,,39996,4,,,1,5,,39890,4,,,1,5,,39905,4,,,1,5,,39939,4,,,1,5,,39966,4,,,1,5,,39947,4,,,1,5,,39844,4,,,1,5,,39875,4,,,1,45,,39867,4,,,1,5,,39983,4,,,1,5,,39955,4,,,1,5,,39853,4,,,1,5,,39923,4,,,1,5,,39997,4,,,1,5,,39891,4,,,1,5,,39906,4,,,1,5,,39940,4,,,1,5,,39967,4,,,1,5,,39948,4,,,1,5,,39845,4,,,1,45,,39876,4,,,1,5,,39868,4,,,1,5,,39984,4,,,1,5,,39956,4,,,1,5,,39854,4,,,1,5,,39924,4,,,1,5,,39998,4,,,1,5,,39892,4,,,1,5,,39907,4,,,1,5,,39941,4,,,1,5,,39968,4,,,1,5,,39949,4,,,1,45,,39846,4,,,1,5,,39877,4,,,1,5,,39869,4,,,1,5,,39985,4,,,1,5,,39957,4,,,1,5,,39855,4,,,1,5,,39925,4,,,1,5,,39999,4,,,1,5,,39893,4,,,1,5,,39908,4,,,1,5,,39942,4,,,1,5,,39969,4,,,1,45,,39950,4,,,1,5,,39847,4,,,1,5,,39878,4,,,1,5,,39870,4,,,1,5,,39986,4,,,1,5,,39958,4,,,1,5,,39856,4,,,1,10,,39926,4,,,1,10,,39894,4,,,1,50,,39909,4,,,1,10,,39970,4,,,1,10,,39879,4,,,1,10,,39987,4,,,1,10,,39857,4,,,1,10,,39927,4,,,1,50,,39895,4,,,1,10,,39910,4,,,1,10,,39971,4,,,1,10,,39880,4,,,1,10,,39988,4,,,1,10,,39858,4,,,1,50,,39928,4,,,1,10,,39896,4,,,1,10,,39911,4,,,1,10,,39972,4,,,1,10,,39881,4,,,1,15,,39989,4,,,1,55,,39929,4,,,1,15,,39897,4,,,1,15,,39912,4,,,1,15,,39973,4,,,1,55,,39990,4,,,1,15,,39930,4,,,1,15,,39898,4,,,1,15,,39913,4,,,1,55,,39974,4,,,1,15,,39991,4,,,1,15,,39931,4,,,1,15,,39899,4,,,1,55,,39914,4,,,1
18002301,'20260914-Weekday-4-26-09',521,,35510,4,,,1,10,,35528,4,,,1,10,,35464,4,,,1,10,,35487,4,,,1,50,,35476,4,,,1,5,,35603,4,,,1,5,,35499,4,,,1,5,,35587,4,,,1,5,,35543,4,,,1,5,,35620,4,,,1,5,,35511,4,,,1,5,,35529,4,,,1,5,,35560,4,,,1,5,,35465,4,,,1,5,,35571,4,,,1,5,,35488,4,,,1,45,,35579,4,,,1,5,,35477,4,,,1,5,,35604,4,,,1,5,,35500,4,,,1,5,,35588,4,,,1,5,,35544,4,,,1,5,,35621,4,,,1,5,,35512,4,,,1,5,,35530,4,,,1,5,,35561,4,,,1,5,,35466,4,,,1,5,,35572,4,,,1,45,,35489,4,,,1,5,,35580,4,,,1,5,,35478,4,,,1,5,,35605,4,,,1,5,,35501,4,,,1,5,,35589,4,,,1,5,,35545,4,,,1,5,,35622,4,,,1,5,,35513,4,,,1,5,,35531,4,,,1,5,,35562,4,,,1,5,,35467,4,,,1,45,,35573,4,,,1,5,,35490,4,,,1,5,,35581,4,,,1,5,,35479,4,,,1,5,,35606,4,,,1,5,,35502,4,,,1,5,,35590,4,,,1,5,,35546,4,,,1,5,,35623,4,,,1,5,,35514,4,,,1,5,,35532,4,,,1,5,,35563,4,,,1,44,,35468,4,,,1,6,,35574,4,,,1,10,,35491,4,,,1,10,,35607,4,,,1,10,,35591,4,,,1,10,,35547,4,,,1,10,,35515,4,,,1,50,,35564,4,,,1,10,,35469,4,,,1,10,,35492,4,,,1,10,,35608,4,,,1,10,,35592,4,,,1,10,,35548,4,,,1,50,,35516,4,,,1,10,,35565,4,,,1,10,,35470,4,,,1,10,,35493,4,,,1,10,,35609,4,,,1,10,,35593,4,,,1,50,,35549,4,,,1,10,,35517,4,,,1,10,,35566,4,,,1,10,,35471,4,,,1,10,,35494,4,,,1,11,,35610,4,,,1,49,,35582,4,,,1,5,,35480,4,,,1,5,,35550,4,,,1,5,,35624,4,,,1,5,,35518,4,,,1,5,,35533,4,,,1,5,,35567,4,,,1,5,,35594,4,,,1,5,,35575,4,,,1,5,,35472,4,,,1,5,,35503,4,,,1,45,,35495,4,,,1,5,,35611,4,,,1,5,,35583,4,,,1,5,,35481,4,,,1,5,,35551,4,,,1,5,,35625,4,,,1,5,,35519,4,,,1,5,,35534,4,,,1,5,,35568,4,,,1,5,,35595,4,,,1,5,,35576,4,,,1,5,,35473,4,,,1,45,,35504,4,,,1,5,,35496,4,,,1,5,,35612,4,,,1,5,,35584,4,,,1,5,,35482,4,,,1,5,,35552,4,,,1,5,,35626,4,,,1,5,,35520,4,,,1,5,,35535,4,,,1,5,,35569,4,,,1,5,,35596,4,,,1,5,,35577,4,,,1,45,,35474,4,,,1,5,,35505,4,,,1,5,,35497,4,,,1,5,,35613,4,,,1,5,,35585,4,,,1,5,,35483,4,,,1,5,,35553,4,,,1,5,,35627,4,,,1,5,,35521,4,,,1,5,,35536,4,,,1,5,,35570,4,,,1,5,,35597,4,,,1,45,,35578,4,,,1,5,,35475,4,,,1,5,,35506,4,,,1,5,,35498,4,,,1,5,,35614,4,,,1,5,,35586,4,,,1,5,,35484,4,,,1,10,,35554,4,,,1,10,,35522,4,,,1,50,,35537,4,,,1,10,,35598,4,,,1,10,,35507,4,,,1,10,,35615,4,,,1,10,,35485,4,,,1,10,,35555,4,,,1,50,,35523,4,,,1,10,,35538,4,,,1,10,,35599,4,,,1,10,,35508,4,,,1,10,,35616,4,,,1,10,,35486,4,,,1,50,,35556,4,,,1,10,,35524,4,,,1,10,,35539,4,,,1,10,,35600,4,,,1,10,,35509,4,,,1,15,,35617,4,,,1,55,,35557,4,,,1,15,,35525,4,,,1,15,,35540,4,,,1,15,,35601,4,,,1,55,,35618,4,,,1,15,,35558,4,,,1,15,,35526,4,,,1,15,,35541,4,,,1,55,,35602,4,,,1,15,,35619,4,,,1,15,,35559,4,,,1,15,,35527,4,,,1,55,,35542,4,,,1
18002301,'20260914-Weekday-5-26-09',521,,40046,4,,,1,10,,40064,4,,,1,10,,40000,4,,,1,10,,40023,4,,,1,50,,40012,4,,,1,5,,40139,4,,,1,5,,40035,4,,,1,5,,40123,4,,,1,5,,40079,4,,,1,5,,40156,4,,,1,5,,40047,4,,,1,5,,40065,4,,,1,5,,40096,4,,,1,5,,40001,4,,,1,5,,40107,4,,,1,5,,40024,4,,,1,45,,40115,4,,,1,5,,40013,4,,,1,5,,40140,4,,,1,5,,40036,4,,,1,5,,40124,4,,,1,5,,40080,4,,,1,5,,40157,4,,,1,5,,40048,4,,,1,5,,40066,4,,,1,5,,40097,4,,,1,5,,40002,4,,,1,5,,40108,4,,,1,45,,40025,4,,,1,5,,40116,4,,,1,5,,40014,4,,,1,5,,40141,4,,,1,5,,40037,4,,,1,5,,40125,4,,,1,5,,40081,4,,,1,5,,40158,4,,,1,5,,40049,4,,,1,5,,40067,4,,,1,5,,40098,4,,,1,5,,40003,4,,,1,45,,40109,4,,,1,5,,40026,4,,,1,5,,40117,4,,,1,5,,40015,4,,,1,5,,40142,4,,,1,5,,40038,4,,,1,5,,40126,4,,,1,5,,40082,4,,,1,5,,40159,4,,,1,5,,40050,4,,,1,5,,40068,4,,,1,5,,40099,4,,,1,44,,40004,4,,,1,6,,40110,4,,,1,10,,40027,4,,,1,10,,40143,4,,,1,10,,40127,4,,,1,10,,40083,4,,,1,10,,40051,4,,,1,50,,40100,4,,,1,10,,40005,4,,,1,10,,40028,4,,,1,10,,40144,4,,,1,10,,40128,4,,,1,10,,40084,4,,,1,50,,40052,4,,,1,10,,40101,4,,,1,10,,40006,4,,,1,10,,40029,4,,,1,10,,40145,4,,,1,10,,40129,4,,,1,50,,40085,4,,,1,10,,40053,4,,,1,10,,40102,4,,,1,10,,40007,4,,,1,10,,40030,4,,,1,11,,40146,4,,,1,49,,40118,4,,,1,5,,40016,4,,,1,5,,40086,4,,,1,5,,40160,4,,,1,5,,40054,4,,,1,5,,40069,4,,,1,5,,40103,4,,,1,5,,40130,4,,,1,5,,40111,4,,,1,5,,40008,4,,,1,5,,40039,4,,,1,45,,40031,4,,,1,5,,40147,4,,,1,5,,40119,4,,,1,5,,40017,4,,,1,5,,40087,4,,,1,5,,40161,4,,,1,5,,40055,4,,,1,5,,40070,4,,,1,5,,40104,4,,,1,5,,40131,4,,,1,5,,40112,4,,,1,5,,40009,4,,,1,45,,40040,4,,,1,5,,40032,4,,,1,5,,40148,4,,,1,5,,40120,4,,,1,5,,40018,4,,,1,5,,40088,4,,,1,5,,40162,4,,,1,5,,40056,4,,,1,5,,40071,4,,,1,5,,40105,4,,,1,5,,40132,4,,,1,5,,40113,4,,,1,45,,40010,4,,,1,5,,40041,4,,,1,5,,40033,4,,,1,5,,40149,4,,,1,5,,40121,4,,,1,5,,40019,4,,,1,5,,40089,4,,,1,5,,40163,4,,,1,5,,40057,4,,,1,5,,40072,4,,,1,5,,40106,4,,,1,5,,40133,4,,,1,45,,40114,4,,,1,5,,40011,4,,,1,5,,40042,4,,,1,5,,40034,4,,,1,5,,40150,4,,,1,5,,40122,4,,,1,5,,40020,4,,,1,10,,40090,4,,,1,10,,40058,4,,,1,50,,40073,4,,,1,10,,40134,4,,,1,10,,40043,4,,,1,10,,40151,4,,,1,10,,40021,4,,,1,10,,40091,4,,,1,50,,40059,4,,,1,10,,40074,4,,,1,10,,40135,4,,,1,10,,40044,4,,,1,10,,40152,4,,,1,10,,40022,4,,,1,50,,40092,4,,,1,10,,40060,4,,,1,10,,40075,4,,,1,10,,40136,4,,,1,10,,40045,4,,,1,15,,40153,4,,,1,55,,40093,4,,,1,15,,40061,4,,,1,15,,40076,4,,,1,15,,40137,4,,,1,55,,40154,4,,,1,15,,40094,4,,,1,15,,40062,4,,,1,15,,40077,4,,,1,55,,40138,4,,,1,15,,40155,4,,,1,15,,40095,4,,,1,15,,40063,4,,,1,55,,40078,4,,,1
18002301,'20260914-Weekday-6-26-09',521,,40210,4,,,1,10,,40228,4,,,1,10,,40164,4,,,1,10,,40187,4,,,1,50,,40176,4,,,1,5,,40303,4,,,1,5,,40199,4,,,1,5,,40287,4,,,1,5,,40243,4,,,1,5,,40320,4,,,1,5,,40211,4,,,1,5,,40229,4,,,1,5,,40260,4,,,1,5,,40165,4,,,1,5,,40271,4,,,1,5,,40188,4,,,1,45,,40279,4,,,1,5,,40177,4,,,1,5,,40304,4,,,1,5,,40200,4,,,1,5,,40288,4,,,1,5,,40244,4,,,1,5,,40321,4,,,1,5,,40212,4,,,1,5,,40230,4,,,1,5,,40261,4,,,1,5,,40166,4,,,1,5,,40272,4,,,1,45,,40189,4,,,1,5,,40280,4,,,1,5,,40178,4,,,1,5,,40305,4,,,1,5,,40201,4,,,1,5,,40289,4,,,1,5,,40245,4,,,1,5,,40322,4,,,1,5,,40213,4,,,1,5,,40231,4,,,1,5,,40262,4,,,1,5,,40167,4,,,1,45,,40273,4,,,1,5,,40190,4,,,1,5,,40281,4,,,1,5,,40179,4,,,1,5,,40306,4,,,1,5,,40202,4,,,1,5,,40290,4,,,1,5,,40246,4,,,1,5,,40323,4,,,1,5,,40214,4,,,1,5,,40232,4,,,1,5,,40263,4,,,1,44,,40168,4,,,1,6,,40274,4,,,1,10,,40191,4,,,1,10,,40307,4,,,1,10,,40291,4,,,1,10,,40247,4,,,1,10,,40215,4,,,1,50,,40264,4,,,1,10,,40169,4,,,1,10,,40192,4,,,1,10,,40308,4,,,1,10,,40292,4,,,1,10,,40248,4,,,1,50,,40216,4,,,1,10,,40265,4,,,1,10,,40170,4,,,1,10,,40193,4,,,1,10,,40309,4,,,1,10,,40293,4,,,1,50,,40249,4,,,1,10,,40217,4,,,1,10,,40266,4,,,1,10,,40171,4,,,1,10,,40194,4,,,1,11,,40310,4,,,1,49,,40282,4,,,1,5,,40180,4,,,1,5,,40250,4,,,1,5,,40324,4,,,1,5,,40218,4,,,1,5,,40233,4,,,1,5,,40267,4,,,1,5,,40294,4,,,1,5,,40275,4,,,1,5,,40172,4,,,1,5,,40203,4,,,1,45,,40195,4,,,1,5,,40311,4,,,1,5,,40283,4,,,1,5,,40181,4,,,1,5,,40251,4,,,1,5,,40325,4,,,1,5,,40219,4,,,1,5,,40234,4,,,1,5,,40268,4,,,1,5,,40295,4,,,1,5,,40276,4,,,1,5,,40173,4,,,1,45,,40204,4,,,1,5,,40196,4,,,1,5,,40312,4,,,1,5,,40284,4,,,1,5,,40182,4,,,1,5,,40252,4,,,1,5,,40326,4,,,1,5,,40220,4,,,1,5,,40235,4,,,1,5,,40269,4,,,1,5,,40296,4,,,1,5,,40277,4,,,1,45,,40174,4,,,1,5,,40205,4,,,1,5,,40197,4,,,1,5,,40313,4,,,1,5,,40285,4,,,1,5,,40183,4,,,1,5,,40253,4,,,1,5,,40327,4,,,1,5,,40221,4,,,1,5,,40236,4,,,1,5,,40270,4,,,1,5,,40297,4,,,1,45,,40278,4,,,1,5,,40175,4,,,1,5,,40206,4,,,1,5,,40198,4,,,1,5,,40314,4,,,1,5,,40286,4,,,1,5,,40184,4,,,1,10,,40254,4,,,1,10,,40222,4,,,1,50,,40237,4,,,1,10,,40298,4,,,1,10,,40207,4,,,1,10,,40315,4,,,1,10,,40185,4,,,1,10,,40255,4,,,1,50,,40223,4,,,1,10,,40238,4,,,1,10,,40299,4,,,1,10,,40208,4,,,1,10,,40316,4,,,1,10,,40186,4,,,1,50,,40256,4,,,1,10,,40224,4,,,1,10,,40239,4,,,1,10,,40300,4,,,1,10,,40209,4,,,1,15,,40317,4,,,1,55,,40257,4,,,1,15,,40225,4,,,1,15,,40240,4,,,1,15,,40301,4,,,1,55,,40318,4,,,1,15,,40258,4,,,1,15,,40226,4,,,1,15,,40241,4,,,1,55,,40302,4,,,1,15,,40319,4,,,1,15,,40259,4,,,1,15,,40227,4,,,1,55,,40242,4,,,1
18002301,'20260914-Weekday-7-26-09',521,,40374,4,,,1,10,,40392,4,,,1,10,,40328,4,,,1,10,,40351,4,,,1,50,,40340,4,,,1,5,,40467,4,,,1,5,,40363,4,,,1,5,,40451,4,,,1,5,,40407,4,,,1,5,,40484,4,,,1,5,,40375,4,,,1,5,,40393,4,,,1,5,,40424,4,,,1,5,,40329,4,,,1,5,,40435,4,,,1,5,,40352,4,,,1,45,,40443,4,,,1,5,,40341,4,,,1,5,,40468,4,,,1,5,,40364,4,,,1,5,,40452,4,,,1,5,,40408,4,,,1,5,,40485,4,,,1,5,,40376,4,,,1,5,,40394,4,,,1,5,,40425,4,,,1,5,,40330,4,,,1,5,,40436,4,,,1,45,,40353,4,,,1,5,,40444,4,,,1,5,,40342,4,,,1,5,,40469,4,,,1,5,,40365,4,,,1,5,,40453,4,,,1,5,,40409,4,,,1,5,,40486,4,,,1,5,,40377,4,,,1,5,,40395,4,,,1,5,,40426,4,,,1,5,,40331,4,,,1,45,,40437,4,,,1,5,,40354,4,,,1,5,,40445,4,,,1,5,,40343,4,,,1,5,,40470,4,,,1,5,,40366,4,,,1,5,,40454,4,,,1,5,,40410,4,,,1,5,,40487,4,,,1,5,,40378,4,,,1,5,,40396,4,,,1,5,,40427,4,,,1,44,,40332,4,,,1,6,,40438,4,,,1,10,,40355,4,,,1,10,,40471,4,,,1,10,,40455,4,,,1,10,,40411,4,,,1,10,,40379,4,,,1,50,,40428,4,,,1,10,,40333,4,,,1,10,,40356,4,,,1,10,,40472,4,,,1,10,,40456,4,,,1,10,,40412,4,,,1,50,,40380,4,,,1,10,,40429,4,,,1,10,,40334,4,,,1,10,,40357,4,,,1,10,,40473,4,,,1,10,,40457,4,,,1,50,,40413,4,,,1,10,,40381,4,,,1,10,,40430,4,,,1,10,,40335,4,,,1,10,,40358,4,,,1,11,,40474,4,,,1,49,,40446,4,,,1,5,,40344,4,,,1,5,,40414,4,,,1,5,,40488,4,,,1,5,,40382,4,,,1,5,,40397,4,,,1,5,,40431,4,,,1,5,,40458,4,,,1,5,,40439,4,,,1,5,,40336,4,,,1,5,,40367,4,,,1,45,,40359,4,,,1,5,,40475,4,,,1,5,,40447,4,,,1,5,,40345,4,,,1,5,,40415,4,,,1,5,,40489,4,,,1,5,,40383,4,,,1,5,,40398,4,,,1,5,,40432,4,,,1,5,,40459,4,,,1,5,,40440,4,,,1,5,,40337,4,,,1,45,,40368,4,,,1,5,,40360,4,,,1,5,,40476,4,,,1,5,,40448,4,,,1,5,,40346,4,,,1,5,,40416,4,,,1,5,,40490,4,,,1,5,,40384,4,,,1,5,,40399,4,,,1,5,,40433,4,,,1,5,,40460,4,,,1,5,,40441,4,,,1,45,,40338,4,,,1,5,,40369,4,,,1,5,,40361,4,,,1,5,,40477,4,,,1,5,,40449,4,,,1,5,,40347,4,,,1,5,,40417,4,,,1,5,,40491,4,,,1,5,,40385,4,,,1,5,,40400,4,,,1,5,,40434,4,,,1,5,,40461,4,,,1,45,,40442,4,,,1,5,,40339,4,,,1,5,,40370,4,,,1,5,,40362,4,,,1,5,,40478,4,,,1,5,,40450,4,,,1,5,,40348,4,,,1,10,,40418,4,,,1,10,,40386,4,,,1,50,,40401,4,,,1,10,,40462,4,,,1,10,,40371,4,,,1,10,,40479,4,,,1,10,,40349,4,,,1,10,,40419,4,,,1,50,,40387,4,,,1,10,,40402,4,,,1,10,,40463,4,,,1,10,,40372,4,,,1,10,,40480,4,,,1,10,,40350,4,,,1,50,,40420,4,,,1,10,,40388,4,,,1,10,,40403,4,,,1,10,,40464,4,,,1,10,,40373,4,,,1,15,,40481,4,,,1,55,,40421,4,,,1,15,,40389,4,,,1,15,,40404,4,,,1,15,,40465,4,,,1,55,,40482,4,,,1,15,,40422,4,,,1,15,,40390,4,,,1,15,,40405,4,,,1,55,,40466,4,,,1,15,,40483,4,,,1,15,,40423,4,,,1,15,,40391,4,,,1,55,,40406,4,,,1
18002301,'20260917-Holiday1-1-26-09',521,,35680,4,,,1,10,,35698,4,,,1,10,,35628,4,,,1,10,,35654,4,,,1,50,,35640,4,,,1,5,,35774,4,,,1,5,,35666,4,,,1,5,,35757,4,,,1,5,,35713,4,,,1,5,,35791,4,,,1,5,,35681,4,,,1,5,,35699,4,,,1,5,,35730,4,,,1,5,,35629,4,,,1,5,,35741,4,,,1,5,,35655,4,,,1,45,,35749,4,,,1,5,,35641,4,,,1,5,,35775,4,,,1,5,,35667,4,,,1,5,,35758,4,,,1,5,,35714,4,,,1,5,,35792,4,,,1,5,,35682,4,,,1,5,,35700,4,,,1,5,,35731,4,,,1,5,,35630,4,,,1,5,,35742,4,,,1,45,,35656,4,,,1,5,,35750,4,,,1,5,,35642,4,,,1,5,,35776,4,,,1,5,,35668,4,,,1,5,,35759,4,,,1,5,,35715,4,,,1,5,,35793,4,,,1,5,,35683,4,,,1,5,,35701,4,,,1,5,,35732,4,,,1,5,,35631,4,,,1,45,,35743,4,,,1,5,,35657,4,,,1,5,,35751,4,,,1,5,,35643,4,,,1,5,,35777,4,,,1,5,,35669,4,,,1,5,,35760,4,,,1,5,,35716,4,,,1,5,,35794,4,,,1,5,,35684,4,,,1,5,,35702,4,,,1,5,,35733,4,,,1,44,,35632,4,,,1,6,,35744,4,,,1,10,,35658,4,,,1,10,,35778,4,,,1,10,,35761,4,,,1,10,,35717,4,,,1,10,,35685,4,,,1,50,,35734,4,,,1,10,,35633,4,,,1,10,,35659,4,,,1,10,,35779,4,,,1,10,,35762,4,,,1,10,,35718,4,,,1,50,,35686,4,,,1,10,,35735,4,,,1,10,,35634,4,,,1,10,,35660,4,,,1,10,,35780,4,,,1,10,,35763,4,,,1,50,,35719,4,,,1,10,,35687,4,,,1,10,,35736,4,,,1,10,,35635,4,,,1,10,,35661,4,,,1,11,,35781,4,,,1,49,,35752,4,,,1,5,,35644,4,,,1,5,,35720,4,,,1,5,,35795,4,,,1,5,,35688,4,,,1,5,,35703,4,,,1,5,,35737,4,,,1,5,,35764,4,,,1,5,,35745,4,,,1,5,,35636,4,,,1,5,,35670,4,,,1,45,,35662,4,,,1,5,,35782,4,,,1,5,,35753,4,,,1,5,,35645,4,,,1,5,,35721,4,,,1,5,,35796,4,,,1,5,,35689,4,,,1,5,,35704,4,,,1,5,,35738,4,,,1,5,,35765,4,,,1,5,,35746,4,,,1,5,,35637,4,,,1,45,,35671,4,,,1,5,,35663,4,,,1,5,,35783,4,,,1,5,,35754,4,,,1,5,,35646,4,,,1,5,,35722,4,,,1,5,,35797,4,,,1,5,,35690,4,,,1,5,,35705,4,,,1,5,,35739,4,,,1,5,,35766,4,,,1,5,,35747,4,,,1,45,,35638,4,,,1,5,,35672,4,,,1,5,,35664,4,,,1,5,,35784,4,,,1,5,,35755,4,,,1,5,,35647,4,,,1,5,,35723,4,,,1,5,,35798,4,,,1,5,,35691,4,,,1,5,,35706,4,,,1,5,,35740,4,,,1,5,,35767,4,,,1,45,,35748,4,,,1,5,,35639,4,,,1,5,,35673,4,,,1,5,,35665,4,,,1,5,,35785,4,,,1,5,,35756,4,,,1,5,,35648,4,,,1,10,,35724,4,,,1,10,,35692,4,,,1,50,,35707,4,,,1,10,,35768,4,,,1,10,,35674,4,,,1,10,,35786,4,,,1,10,,35649,4,,,1,10,,35725,4,,,1,50,,35693,4,,,1,10,,35708,4,,,1,10,,35769,4,,,1,10,,35675,4,,,1,10,,35787,4,,,1,10,,35650,4,,,1,50,,35726,4,,,1,10,,35694,4,,,1,10,,35709,4,,,1,10,,35770,4,,,1,10,,35676,4,,,1,10,,35788,4,,,1,50,,35651,4,,,1,10,,35727,4,,,1,10,,35695,4,,,1,10,,35710,4,,,1,10,,35771,4,,,1,10,,35677,4,,,1,50,,35789,4,,,1,10,,35652,4,,,1,10,,35728,4,,,1,10,,35696,4,,,1,10,,35711,4,,,1,10,,35772,4,,,1,50,,35678,4,,,1,10,,35790,4,,,1,10,,35653,4,,,1,10,,35729,4,,,1,10,,35697,4,,,1,10,,35712,4,,,1,50,,35773,4,,,1,10,,35679,4,,,1
18002301,'20260919-Saturday-1-26-09',521,,35860,4,,,1,10,,35877,4,,,1,10,,35894,4,,,1,10,,35799,4,,,1,50,,35816,4,,,1,10,,35833,4,,,1,10,,35844,4,,,1,10,,35861,4,,,1,10,,35878,4,,,1,10,,35895,4,,,1,50,,35800,4,,,1,10,,35817,4,,,1,10,,35834,4,,,1,10,,35845,4,,,1,10,,35862,4,,,1,10,,35879,4,,,1,50,,35896,4,,,1,10,,35801,4,,,1,10,,35818,4,,,1,10,,35835,4,,,1,10,,35846,4,,,1,10,,35863,4,,,1,50,,35880,4,,,1,10,,35897,4,,,1,10,,35802,4,,,1,10,,35819,4,,,1,10,,35836,4,,,1,10,,35847,4,,,1,50,,35864,4,,,1,10,,35881,4,,,1,10,,35898,4,,,1,10,,35803,4,,,1,10,,35820,4,,,1,10,,35837,4,,,1,50,,35848,4,,,1,10,,35865,4,,,1,10,,35882,4,,,1,10,,35899,4,,,1,10,,35804,4,,,1,10,,35821,4,,,1,50,,35838,4,,,1,10,,35849,4,,,1,10,,35866,4,,,1,10,,35883,4,,,1,10,,35900,4,,,1,10,,35805,4,,,1,50,,35822,4,,,1,10,,35839,4,,,1,10,,35850,4,,,1,10,,35867,4,,,1,10,,35884,4,,,1,10,,35901,4,,,1,50,,35806,4,,,1,10,,35823,4,,,1,10,,35840,4,,,1,10,,35851,4,,,1,10,,35868,4,,,1,10,,35885,4,,,1,50,,35902,4,,,1,10,,35807,4,,,1,10,,35824,4,,,1,10,,35841,4,,,1,10,,35852,4,,,1,10,,35869,4,,,1,50,,35886,4,,,1,10,,35903,4,,,1,10,,35808,4,,,1,10,,35825,4,,,1,10,,35842,4,,,1,10,,35853,4,,,1,50,,35870,4,,,1,10,,35887,4,,,1,10,,35904,4,,,1,10,,35809,4,,,1,10,,35826,4,,,1,10,,35843,4,,,1,50,,35854,4,,,1,10,,35871,4,,,1,10,,35888,4,,,1,10,,35905,4,,,1,10,,35810,4,,,1,15,,35827,4,,,1,55,,35855,4,,,1,15,,35872,4,,,1,15,,35889,4,,,1,15,,35811,4,,,1,55,,35828,4,,,1,15,,35856,4,,,1,15,,35873,4,,,1,15,,35890,4,,,1,55,,35812,4,,,1,15,,35829,4,,,1,15,,35857,4,,,1,15,,35874,4,,,1,55,,35891,4,,,1,15,,35813,4,,,1,15,,35830,4,,,1,15,,35858,4,,,1,55,,35875,4,,,1,15,,35892,4,,,1,15,,35814,4,,,1,15,,35831,4,,,1,55,,35859,4,,,1,15,,35876,4,,,1,15,,35893,4,,,1,15,,35815,4,,,1,55,,35832,4,,,1
