18002100,'021R-Weekday-1-26-09',533,,32280,11,,,1,12,,32281,11,,,1,12,,32282,11,,,1,52,,32283,11,,,1,12,,32284,11,,,1,12,,32285,11,,,1,12,,32286,11,,,1,6,,32287,11,,,1,6,,32288,11,,,1,46,,32289,11,,,1,6,,32290,11,,,1,6,,32291,11,,,1,6,,32292,11,,,1,6,,32293,11,,,1,6,,32294,11,,,1,6,,32295,11,,,1,6,,32296,11,,,1,6,,32297,11,,,1,6,,32298,11,,,1,46,,32299,11,,,1,6,,32300,11,,,1,6,,32301,11,,,1,6,,32302,11,,,1,6,,32303,11,,,1,6,,32304,11,,,1,6,,32305,11,,,1,6,,32306,11,,,1,6,,32307,11,,,1,6,,32308,11,,,1,46,,32309,11,,,1,6,,32310,11,,,1,6,,32311,11,,,1,6,,32312,11,,,1,6,,32313,11,,,1,6,,32314,11,,,1,6,,32315,11,,,1,6,,32316,11,,,1,6,,32317,11,,,1,6,,32318,11,,,1,46,,32319,11,,,1,10,,32320,11,,,1,10,,32321,11,,,1,10,,32322,11,,,1,10,,32323,11,,,1,10,,32324,11,,,1,50,,32325,11,,,1,10,,32326,11,,,1,10,,32327,11,,,1,10,,32328,11,,,1,10,,32329,11,,,1,10,,32330,11,,,1,50,,32331,11,,,1,10,,32332,11,,,1,10,,32333,11,,,1,10,,32334,11,,,1,10,,32335,11,,,1,10,,32336,11,,,1,50,,32337,11,,,1,10,,32338,11,,,1,10,,32339,11,,,1,10,,32340,11,,,1,10,,32341,11,,,1,10,,32342,11,,,1,50,,32343,11,,,1,10,,32344,11,,,1,10,,32345,11,,,1,10,,32346,11,,,1,10,,32347,11,,,1,10,,32348,11,,,1,50,,32349,11,,,1,6,,32350,11,,,1,6,,32351,11,,,1,6,,32352,11,,,1,6,,32353,11,,,1,6,,32354,11,,,1,6,,32355,11,,,1,6,,32356,11,,,1,6,,32357,11,,,1,6,,32358,11,,,1,46,,32359,11,,,1,6,,32360,11,,,1,6,,32361,11,,,1,6,,32362,11,,,1,6,,32363,11,,,1,6,,32364,11,,,1,6,,32365,11,,,1,6,,32366,11,,,1,6,,32367,11,,,1,6,,32368,11,,,1,46,,32369,11,,,1,6,,32370,11,,,1,6,,32371,11,,,1,6,,32372,11,,,1,6,,32373,11,,,1,6,,32374,11,,,1,6,,32375,11,,,1,6,,32376,11,,,1,6,,32377,11,,,1,6,,32378,11,,,1,46,,32379,11,,,1,6,,32380,11,,,1,6,,32381,11,,,1,6,,32382,11,,,1,6,,32383,11,,,1,6,,32384,11,,,1,6,,32385,11,,,1,6,,32386,11,,,1,6,,32387,11,,,1,6,,32388,11,,,1,46,,32389,11,,,1,6,,32390,11,,,1,9,,32415,11,,,1,15,,32391,11,,,1,15,,32392,11,,,1,55,,32393,11,,,1,15,,32394,11,,,1,15,,32395,11,,,1,15,,32396,11,,,1,55,,32397,11,,,1,15,,32398,11,,,1,15,,32399,11,,,1,15,,32400,11,,,1,55,,32401,11,,,1,15,,32402,11,,,1,15,,32403,11,,,1,15,,32404,11,,,1,55,,32405,11,,,1,15,,32406,11,,,1,15,,32407,11,,,1,15,,32408,11,,,1,55,,32409,11,,,1,15,,32410,11,,,1,15,,32411,11,,,1,15,,32412,11,,,1,55,,32413,11,,,1,15,,32414,11,,,1,15,,32416,11,,,1
18002100,'021R-Weekday-2-26-09',533,,32417,11,,,1,12,,32418,11,,,1,12,,32419,11,,,1,52,,32420,11,,,1,12,,32421,11,,,1,12,,32422,11,,,1,12,,32423,11,,,1,6,,32424,11,,,1,6,,32425,11,,,1,46,,32426,11,,,1,6,,32427,11,,,1,6,,32428,11,,,1,6,,32429,11,,,1,6,,32430,11,,,1,6,,32431,11,,,1,6,,32432,11,,,1,6,,32433,11,,,1,6,,32434,11,,,1,6,,32435,11,,,1,46,,32436,11,,,1,6,,32437,11,,,1,6,,32438,11,,,1,6,,32439,11,,,1,6,,32440,11,,,1,6,,32441,11,,,1,6,,32442,11,,,1,6,,32443,11,,,1,6,,32444,11,,,1,6,,32445,11,,,1,46,,32446,11,,,1,6,,32447,11,,,1,6,,32448,11,,,1,6,,32449,11,,,1,6,,32450,11,,,1,6,,32451,11,,,1,6,,32452,11,,,1,6,,32453,11,,,1,6,,32454,11,,,1,6,,32455,11,,,1,46,,32456,11,,,1,10,,32457,11,,,1,10,,32458,11,,,1,10,,32459,11,,,1,10,,32460,11,,,1,10,,32461,11,,,1,50,,32462,11,,,1,10,,32463,11,,,1,10,,32464,11,,,1,10,,32465,11,,,1,10,,32466,11,,,1,10,,32467,11,,,1,50,,32468,11,,,1,10,,32469,11,,,1,10,,32470,11,,,1,10,,32471,11,,,1,10,,32472,11,,,1,10,,32473,11,,,1,50,,32474,11,,,1,10,,32475,11,,,1,10,,32476,11,,,1,10,,32477,11,,,1,10,,32478,11,,,1,10,,32479,11,,,1,50,,32480,11,,,1,10,,32481,11,,,1,10,,32482,11,,,1,10,,32483,11,,,1,10,,32484,11,,,1,10,,32485,11,,,1,50,,32486,11,,,1,6,,32487,11,,,1,6,,32488,11,,,1,6,,32489,11,,,1,6,,32490,11,,,1,6,,32491,11,,,1,6,,32492,11,,,1,6,,32493,11,,,1,6,,32494,11,,,1,6,,32495,11,,,1,46,,32496,11,,,1,6,,32497,11,,,1,6,,32498,11,,,1,6,,32499,11,,,1,6,,32500,11,,,1,6,,32501,11,,,1,6,,32502,11,,,1,6,,32503,11,,,1,6,,32504,11,,,1,6,,32505,11,,,1,46,,32506,11,,,1,6,,32507,11,,,1,6,,32508,11,,,1,6,,32509,11,,,1,6,,32510,11,,,1,6,,32511,11,,,1,6,,32512,11,,,1,6,,32513,11,,,1,6,,32514,11,,,1,6,,32515,11,,,1,46,,32516,11,,,1,6,,32517,11,,,1,6,,32518,11,,,1,6,,32519,11,,,1,6,,32520,11,,,1,6,,32521,11,,,1,6,,32522,11,,,1,6,,32523,11,,,1,6,,32524,11,,,1,6,,32525,11,,,1,46,,32526,11,,,1,6,,32527,11,,,1,9,,32552,11,,,1,15,,32528,11,,,1,15,,32529,11,,,1,55,,32530,11,,,1,15,,32531,11,,,1,15,,32532,11,,,1,15,,32533,11,,,1,55,,32534,11,,,1,15,,32535,11,,,1,15,,32536,11,,,1,15,,32537,11,,,1,55,,32538,11,,,1,15,,32539,11,,,1,15,,32540,11,,,1,15,,32541,11,,,1,55,,32542,11,,,1,15,,32543,11,,,1,15,,32544,11,,,1,15,,32545,11,,,1,55,,32546,11,,,1,15,,32547,11,,,1,15,,32548,11,,,1,15,,32549,11,,,1,55,,32550,11,,,1,15,,32551,11,,,1,15,,32553,11,,,1
18002100,'021R-Weekday-3-26-09',533,,35906,11,,,1,12,,35907,11,,,1,12,,35908,11,,,1,52,,35909,11,,,1,12,,35910,11,,,1,12,,35911,11,,,1,12,,35912,11,,,1,6,,35913,11,,,1,6,,35914,11,,,1,46,,35915,11,,,1,6,,35916,11,,,1,6,,35917,11,,,1,6,,35918,11,,,1,6,,35919,11,,,1,6,,35920,11,,,1,6,,35921,11,,,1,6,,35922,11,,,1,6,,35923,11,,,1,6,,35924,11,,,1,46,,35925,11,,,1,6,,35926,11,,,1,6,,35927,11,,,1,6,,35928,11,,,1,6,,35929,11,,,1,6,,35930,11,,,1,6,,35931,11,,,1,6,,35932,11,,,1,6,,35933,11,,,1,6,,35934,11,,,1,46,,35935,11,,,1,6,,35936,11,,,1,6,,35937,11,,,1,6,,35938,11,,,1,6,,35939,11,,,1,6,,35940,11,,,1,6,,35941,11,,,1,6,,35942,11,,,1,6,,35943,11,,,1,6,,35944,11,,,1,46,,35945,11,,,1,10,,35946,11,,,1,10,,35947,11,,,1,10,,35948,11,,,1,10,,35949,11,,,1,10,,35950,11,,,1,50,,35951,11,,,1,10,,35952,11,,,1,10,,35953,11,,,1,10,,35954,11,,,1,10,,35955,11,,,1,10,,35956,11,,,1,50,,35957,11,,,1,10,,35958,11,,,1,10,,35959,11,,,1,10,,35960,11,,,1,10,,35961,11,,,1,10,,35962,11,,,1,50,,35963,11,,,1,10,,35964,11,,,1,10,,35965,11,,,1,10,,35966,11,,,1,10,,35967,11,,,1,10,,35968,11,,,1,50,,35969,11,,,1,10,,35970,11,,,1,10,,35971,11,,,1,10,,35972,11,,,1,10,,35973,11,,,1,10,,35974,11,,,1,50,,35975,11,,,1,6,,35976,11,,,1,6,,35977,11,,,1,6,,35978,11,,,1,6,,35979,11,,,1,6,,35980,11,,,1,6,,35981,11,,,1,6,,35982,11,,,1,6,,35983,11,,,1,6,,35984,11,,,1,46,,35985,11,,,1,6,,35986,11,,,1,6,,35987,11,,,1,6,,35988,11,,,1,6,,35989,11,,,1,6,,35990,11,,,1,6,,35991,11,,,1,6,,35992,11,,,1,6,,35993,11,,,1,6,,35994,11,,,1,46,,35995,11,,,1,6,,35996,11,,,1,6,,35997,11,,,1,6,,35998,11,,,1,6,,35999,11,,,1,6,,36000,11,,,1,6,,36001,11,,,1,6,,36002,11,,,1,6,,36003,11,,,1,6,,36004,11,,,1,46,,36005,11,,,1,6,,36006,11,,,1,6,,36007,11,,,1,6,,36008,11,,,1,6,,36009,11,,,1,6,,36010,11,,,1,6,,36011,11,,,1,6,,36012,11,,,1,6,,36013,11,,,1,6,,36014,11,,,1,46,,36015,11,,,1,6,,36016,11,,,1,9,,36041,11,,,1,15,,36017,11,,,1,15,,36018,11,,,1,55,,36019,11,,,1,15,,36020,11,,,1,15,,36021,11,,,1,15,,36022,11,,,1,55,,36023,11,,,1,15,,36024,11,,,1,15,,36025,11,,,1,15,,36026,11,,,1,55,,36027,11,,,1,15,,36028,11,,,1,15,,36029,11,,,1,15,,36030,11,,,1,55,,36031,11,,,1,15,,36032,11,,,1,15,,36033,11,,,1,15,,36034,11,,,1,55,,36035,11,,,1,15,,36036,11,,,1,15,,36037,11,,,1,15,,36038,11,,,1,55,,36039,11,,,1,15,,36040,11,,,1,15,,36042,11,,,1
18002100,'021R-Weekday-4-26-09',533,,32554,11,,,1,12,,32555,11,,,1,12,,32556,11,,,1,52,,32557,11,,,1,12,,32558,11,,,1,12,,32559,11,,,1,12,,32560,11,,,1,6,,32561,11,,,1,6,,32562,11,,,1,46,,32563,11,,,1,6,,32564,11,,,1,6,,32565,11,,,1,6,,32566,11,,,1,6,,32567,11,,,1,6,,32568,11,,,1,6,,32569,11,,,1,6,,32570,11,,,1,6,,32571,11,,,1,6,,32572,11,,,1,46,,32573,11,,,1,6,,32574,11,,,1,6,,32575,11,,,1,6,,32576,11,,,1,6,,32577,11,,,1,6,,32578,11,,,1,6,,32579,11,,,1,6,,32580,11,,,1,6,,32581,11,,,1,6,,32582,11,,,1,46,,32583,11,,,1,6,,32584,11,,,1,6,,32585,11,,,1,6,,32586,11,,,1,6,,32587,11,,,1,6,,32588,11,,,1,6,,32589,11,,,1,6,,32590,11,,,1,6,,32591,11,,,1,6,,32592,11,,,1,46,,32593,11,,,1,10,,32594,11,,,1,10,,32595,11,,,1,10,,32596,11,,,1,10,,32597,11,,,1,10,,32598,11,,,1,50,,32599,11,,,1,10,,32600,11,,,1,10,,32601,11,,,1,10,,32602,11,,,1,10,,32603,11,,,1,10,,32604,11,,,1,50,,32605,11,,,1,10,,32606,11,,,1,10,,32607,11,,,1,10,,32608,11,,,1,10,,32609,11,,,1,10,,32610,11,,,1,50,,32611,11,,,1,10,,32612,11,,,1,10,,32613,11,,,1,10,,32614,11,,,1,10,,32615,11,,,1,10,,32616,11,,,1,50,,32617,11,,,1,10,,32618,11,,,1,10,,32619,11,,,1,10,,32620,11,,,1,10,,32621,11,,,1,10,,32622,11,,,1,50,,32623,11,,,1,6,,32624,11,,,1,6,,32625,11,,,1,6,,32626,11,,,1,6,,32627,11,,,1,6,,32628,11,,,1,6,,32629,11,,,1,6,,32630,11,,,1,6,,32631,11,,,1,6,,32632,11,,,1,46,,32633,11,,,1,6,,32634,11,,,1,6,,32635,11,,,1,6,,32636,11,,,1,6,,32637,11,,,1,6,,32638,11,,,1,6,,32639,11,,,1,6,,32640,11,,,1,6,,32641,11,,,1,6,,32642,11,,,1,46,,32643,11,,,1,6,,32644,11,,,1,6,,32645,11,,,1,6,,32646,11,,,1,6,,32647,11,,,1,6,,32648,11,,,1,6,,32649,11,,,1,6,,32650,11,,,1,6,,32651,11,,,1,6,,32652,11,,,1,46,,32653,11,,,1,6,,32654,11,,,1,6,,32655,11,,,1,6,,32656,11,,,1,6,,32657,11,,,1,6,,32658,11,,,1,6,,32659,11,,,1,6,,32660,11,,,1,6,,32661,11,,,1,6,,32662,11,,,1,46,,32663,11,,,1,6,,32664,11,,,1,9,,32689,11,,,1,15,,32665,11,,,1,15,,32666,11,,,1,55,,32667,11,,,1,15,,32668,11,,,1,15,,32669,11,,,1,15,,32670,11,,,1,55,,32671,11,,,1,15,,32672,11,,,1,15,,32673,11,,,1,15,,32674,11,,,1,55,,32675,11,,,1,15,,32676,11,,,1,15,,32677,11,,,1,15,,32678,11,,,1,55,,32679,11,,,1,15,,32680,11,,,1,15,,32681,11,,,1,15,,32682,11,,,1,55,,32683,11,,,1,15,,32684,11,,,1,15,,32685,11,,,1,15,,32686,11,,,1,55,,32687,11,,,1,15,,32688,11,,,1,15,,32690,11,,,1
18002100,'021R-Weekday-5-26-09',533,,36043,11,,,1,12,,36044,11,,,1,12,,36045,11,,,1,52,,36046,11,,,1,12,,36047,11,,,1,12,,36048,11,,,1,12,,36049,11,,,1,6,,36050,11,,,1,6,,36051,11,,,1,46,,36052,11,,,1,6,,36053,11,,,1,6,,36054,11,,,1,6,,36055,11,,,1,6,,36056,11,,,1,6,,36057,11,,,1,6,,36058,11,,,1,6,,36059,11,,,1,6,,36060,11,,,1,6,,36061,11,,,1,46,,36062,11,,,1,6,,36063,11,,,1,6,,36064,11,,,1,6,,36065,11,,,1,6,,36066,11,,,1,6,,36067,11,,,1,6,,36068,11,,,1,6,,36069,11,,,1,6,,36070,11,,,1,6,,36071,11,,,1,46,,36072,11,,,1,6,,36073,11,,,1,6,,36074,11,,,1,6,,36075,11,,,1,6,,36076,11,,,1,6,,36077,11,,,1,6,,36078,11,,,1,6,,36079,11,,,1,6,,36080,11,,,1,6,,36081,11,,,1,46,,36082,11,,,1,10,,36083,11,,,1,10,,36084,11,,,1,10,,36085,11,,,1,10,,36086,11,,,1,10,,36087,11,,,1,50,,36088,11,,,1,10,,36089,11,,,1,10,,36090,11,,,1,10,,36091,11,,,1,10,,36092,11,,,1,10,,36093,11,,,1,50,,36094,11,,,1,10,,36095,11,,,1,10,,36096,11,,,1,10,,36097,11,,,1,10,,36098,11,,,1,10,,36099,11,,,1,50,,36100,11,,,1,10,,36101,11,,,1,10,,36102,11,,,1,10,,36103,11,,,1,10,,36104,11,,,1,10,,36105,11,,,1,50,,36106,11,,,1,10,,36107,11,,,1,10,,36108,11,,,1,10,,36109,11,,,1,10,,36110,11,,,1,10,,36111,11,,,1,50,,36112,11,,,1,6,,36113,11,,,1,6,,36114,11,,,1,6,,36115,11,,,1,6,,36116,11,,,1,6,,36117,11,,,1,6,,36118,11,,,1,6,,36119,11,,,1,6,,36120,11,,,1,6,,36121,11,,,1,46,,36122,11,,,1,6,,36123,11,,,1,6,,36124,11,,,1,6,,36125,11,,,1,6,,36126,11,,,1,6,,36127,11,,,1,6,,36128,11,,,1,6,,36129,11,,,1,6,,36130,11,,,1,6,,36131,11,,,1,46,,36132,11,,,1,6,,36133,11,,,1,6,,36134,11,,,1,6,,36135,11,,,1,6,,36136,11,,,1,6,,36137,11,,,1,6,,36138,11,,,1,6,,36139,11,,,1,6,,36140,11,,,1,6,,36141,11,,,1,46,,36142,11,,,1,6,,36143,11,,,1,6,,36144,11,,,1,6,,36145,11,,,1,6,,36146,11,,,1,6,,36147,11,,,1,6,,36148,11,,,1,6,,36149,11,,,1,6,,36150,11,,,1,6,,36151,11,,,1,46,,36152,11,,,1,6,,36153,11,,,1,9,,36178,11,,,1,15,,36154,11,,,1,15,,36155,11,,,1,55,,36156,11,,,1,15,,36157,11,,,1,15,,36158,11,,,1,15,,36159,11,,,1,55,,36160,11,,,1,15,,36161,11,,,1,15,,36162,11,,,1,15,,36163,11,,,1,55,,36164,11,,,1,15,,36165,11,,,1,15,,36166,11,,,1,15,,36167,11,,,1,55,,36168,11,,,1,15,,36169,11,,,1,15,,36170,11,,,1,15,,36171,11,,,1,55,,36172,11,,,1,15,,36173,11,,,1,15,,36174,11,,,1,15,,36175,11,,,1,55,,36176,11,,,1,15,,36177,11,,,1,15,,36179,11,,,1
18002100,'021R-Weekday-6-26-09',533,,36180,11,,,1,12,,36181,11,,,1,12,,36182,11,,,1,52,,36183,11,,,1,12,,36184,11,,,1,12,,36185,11,,,1,12,,36186,11,,,1,6,,36187,11,,,1,6,,36188,11,,,1,46,,36189,11,,,1,6,,36190,11,,,1,6,,36191,11,,,1,6,,36192,11,,,1,6,,36193,11,,,1,6,,36194,11,,,1,6,,36195,11,,,1,6,,36196,11,,,1,6,,36197,11,,,1,6,,36198,11,,,1,46,,36199,11,,,1,6,,36200,11,,,1,6,,36201,11,,,1,6,,36202,11,,,1,6,,36203,11,,,1,6,,36204,11,,,1,6,,36205,11,,,1,6,,36206,11,,,1,6,,36207,11,,,1,6,,36208,11,,,1,46,,36209,11,,,1,6,,36210,11,,,1,6,,36211,11,,,1,6,,36212,11,,,1,6,,36213,11,,,1,6,,36214,11,,,1,6,,36215,11,,,1,6,,36216,11,,,1,6,,36217,11,,,1,6,,36218,11,,,1,46,,36219,11,,,1,10,,36220,11,,,1,10,,36221,11,,,1,10,,36222,11,,,1,10,,36223,11,,,1,10,,36224,11,,,1,50,,36225,11,,,1,10,,36226,11,,,1,10,,36227,11,,,1,10,,36228,11,,,1,10,,36229,11,,,1,10,,36230,11,,,1,50,,36231,11,,,1,10,,36232,11,,,1,10,,36233,11,,,1,10,,36234,11,,,1,10,,36235,11,,,1,10,,36236,11,,,1,50,,36237,11,,,1,10,,36238,11,,,1,10,,36239,11,,,1,10,,36240,11,,,1,10,,36241,11,,,1,10,,36242,11,,,1,50,,36243,11,,,1,10,,36244,11,,,1,10,,36245,11,,,1,10,,36246,11,,,1,10,,36247,11,,,1,10,,36248,11,,,1,50,,36249,11,,,1,6,,36250,11,,,1,6,,36251,11,,,1,6,,36252,11,,,1,6,,36253,11,,,1,6,,36254,11,,,1,6,,36255,11,,,1,6,,36256,11,,,1,6,,36257,11,,,1,6,,36258,11,,,1,46,,36259,11,,,1,6,,36260,11,,,1,6,,36261,11,,,1,6,,36262,11,,,1,6,,36263,11,,,1,6,,36264,11,,,1,6,,36265,11,,,1,6,,36266,11,,,1,6,,36267,11,,,1,6,,36268,11,,,1,46,,36269,11,,,1,6,,36270,11,,,1,6,,36271,11,,,1,6,,36272,11,,,1,6,,36273,11,,,1,6,,36274,11,,,1,6,,36275,11,,,1,6,,36276,11,,,1,6,,36277,11,,,1,6,,36278,11,,,1,46,,36279,11,,,1,6,,36280,11,,,1,6,,36281,11,,,1,6,,36282,11,,,1,6,,36283,11,,,1,6,,36284,11,,,1,6,,36285,11,,,1,6,,36286,11,,,1,6,,36287,11,,,1,6,,36288,11,,,1,46,,36289,11,,,1,6,,36290,11,,,1,9,,36315,11,,,1,15,,36291,11,,,1,15,,36292,11,,,1,55,,36293,11,,,1,15,,36294,11,,,1,15,,36295,11,,,1,15,,36296,11,,,1,55,,36297,11,,,1,15,,36298,11,,,1,15,,36299,11,,,1,15,,36300,11,,,1,55,,36301,11,,,1,15,,36302,11,,,1,15,,36303,11,,,1,15,,36304,11,,,1,55,,36305,11,,,1,15,,36306,11,,,1,15,,36307,11,,,1,15,,36308,11,,,1,55,,36309,11,,,1,15,,36310,11,,,1,15,,36311,11,,,1,15,,36312,11,,,1,55,,36313,11,,,1,15,,36314,11,,,1,15,,36316,11,,,1
18002100,'021R-Weekday-7-26-09',533,,36317,11,,,1,12,,36318,11,,,1,12,,36319,11,,,1,52,,36320,11,,,1,12,,36321,11,,,1,12,,36322,11,,,1,12,,36323,11,,,1,6,,36324,11,,,1,6,,36325,11,,,1,46,,36326,11,,,1,6,,36327,11,,,1,6,,36328,11,,,1,6,,36329,11,,,1,6,,36330,11,,,1,6,,36331,11,,,1,6,,36332,11,,,1,6,,36333,11,,,1,6,,36334,11,,,1,6,,36335,11,,,1,46,,36336,11,,,1,6,,36337,11,,,1,6,,36338,11,,,1,6,,36339,11,,,1,6,,36340,11,,,1,6,,36341,11,,,1,6,,36342,11,,,1,6,,36343,11,,,1,6,,36344,11,,,1,6,,36345,11,,,1,46,,36346,11,,,1,6,,36347,11,,,1,6,,36348,11,,,1,6,,36349,11,,,1,6,,36350,11,,,1,6,,36351,11,,,1,6,,36352,11,,,1,6,,36353,11,,,1,6,,36354,11,,,1,6,,36355,11,,,1,46,,36356,11,,,1,10,,36357,11,,,1,10,,36358,11,,,1,10,,36359,11,,,1,10,,36360,11,,,1,10,,36361,11,,,1,50,,36362,11,,,1,10,,36363,11,,,1,10,,36364,11,,,1,10,,36365,11,,,1,10,,36366,11,,,1,10,,36367,11,,,1,50,,36368,11,,,1,10,,36369,11,,,1,10,,36370,11,,,1,10,,36371,11,,,1,10,,36372,11,,,1,10,,36373,11,,,1,50,,36374,11,,,1,10,,36375,11,,,1,10,,36376,11,,,1,10,,36377,11,,,1,10,,36378,11,,,1,10,,36379,11,,,1,50,,36380,11,,,1,10,,36381,11,,,1,10,,36382,11,,,1,10,,36383,11,,,1,10,,36384,11,,,1,10,,36385,11,,,1,50,,36386,11,,,1,6,,36387,11,,,1,6,,36388,11,,,1,6,,36389,11,,,1,6,,36390,11,,,1,6,,36391,11,,,1,6,,36392,11,,,1,6,,36393,11,,,1,6,,36394,11,,,1,6,,36395,11,,,1,46,,36396,11,,,1,6,,36397,11,,,1,6,,36398,11,,,1,6,,36399,11,,,1,6,,36400,11,,,1,6,,36401,11,,,1,6,,36402,11,,,1,6,,36403,11,,,1,6,,36404,11,,,1,6,,36405,11,,,1,46,,36406,11,,,1,6,,36407,11,,,1,6,,36408,11,,,1,6,,36409,11,,,1,6,,36410,11,,,1,6,,36411,11,,,1,6,,36412,11,,,1,6,,36413,11,,,1,6,,36414,11,,,1,6,,36415,11,,,1,46,,36416,11,,,1,6,,36417,11,,,1,6,,36418,11,,,1,6,,36419,11,,,1,6,,36420,11,,,1,6,,36421,11,,,1,6,,36422,11,,,1,6,,36423,11,,,1,6,,36424,11,,,1,6,,36425,11,,,1,46,,36426,11,,,1,6,,36427,11,,,1,9,,36452,11,,,1,15,,36428,11,,,1,15,,36429,11,,,1,55,,36430,11,,,1,15,,36431,11,,,1,15,,36432,11,,,1,15,,36433,11,,,1,55,,36434,11,,,1,15,,36435,11,,,1,15,,36436,11,,,1,15,,36437,11,,,1,55,,36438,11,,,1,15,,36439,11,,,1,15,,36440,11,,,1,15,,36441,11,,,1,55,,36442,11,,,1,15,,36443,11,,,1,15,,36444,11,,,1,15,,36445,11,,,1,55,,36446,11,,,1,15,,36447,11,,,1,15,,36448,11,,,1,15,,36449,11,,,1,55,,36450,11,,,1,15,,36451,11,,,1,15,,36453,11,,,1
18002100,'021R-Saturday-1-26-09',533,,32691,11,,,1,15,,32692,11,,,1,55,,32693,11,,,1,15,,32694,11,,,1,15,,32695,11,,,1,15,,32696,11,,,1,55,,32697,11,,,1,15,,32698,11,,,1,15,,32699,11,,,1,15,,32700,11,,,1,55,,32701,11,,,1,15,,32702,11,,,1,15,,32703,11,,,1,15,,32704,11,,,1,55,,32705,11,,,1,15,,32706,11,,,1,15,,32707,11,,,1,15,,32708,11,,,1,55,,32709,11,,,1,15,,32710,11,,,1,15,,32711,11,,,1,15,,32712,11,,,1,55,,32713,11,,,1,15,,32714,11,,,1,15,,32715,11,,,1,15,,32716,11,,,1,55,,32717,11,,,1,15,,32718,11,,,1,15,,32719,11,,,1,15,,32720,11,,,1,55,,32721,11,,,1,15,,32722,11,,,1,15,,32723,11,,,1,15,,32724,11,,,1,55,,32725,11,,,1,15,,32726,11,,,1,15,,32727,11,,,1,15,,32728,11,,,1,55,,32729,11,,,1,15,,32730,11,,,1,15,,32731,11,,,1,15,,32732,11,,,1,55,,32733,11,,,1,15,,32734,11,,,1,15,,32735,11,,,1,15,,32736,11,,,1,55,,32737,11,,,1,15,,32738,11,,,1,15,,32739,11,,,1,15,,32740,11,,,1,55,,32741,11,,,1,15,,32742,11,,,1,15,,32743,11,,,1,15,,32744,11,,,1,55,,32745,11,,,1,15,,32746,11,,,1,15,,32747,11,,,1,15,,32748,11,,,1,55,,32749,11,,,1,15,,32750,11,,,1,15,,32751,11,,,1,15,,32752,11,,,1,55,,32753,11,,,1,15,,32754,11,,,1,15,,32755,11,,,1,15,,32756,11,,,1,55,,32757,11,,,1,15,,32758,11,,,1,15,,32759,11,,,1,15,,32760,11,,,1,55,,32761,11,,,1,15,,32762,11,,,1,15,,32763,11,,,1,15,,32764,11,,,1,55,,32765,11,,,1,15,,32766,11,,,1,15,,32767,11,,,1,15,,32768,11,,,1,55,,32769,11,,,1,15,,32770,11,,,1,15,,32771,11,,,1
18002100,'021R-Saturday-2-26-09',533,,36454,11,,,1,15,,36455,11,,,1,55,,36456,11,,,1,15,,36457,11,,,1,15,,36458,11,,,1,15,,36459,11,,,1,55,,36460,11,,,1,15,,36461,11,,,1,15,,36462,11,,,1,15,,36463,11,,,1,55,,36464,11,,,1,15,,36465,11,,,1,15,,36466,11,,,1,15,,36467,11,,,1,55,,36468,11,,,1,15,,36469,11,,,1,15,,36470,11,,,1,15,,36471,11,,,1,55,,36472,11,,,1,15,,36473,11,,,1,15,,36474,11,,,1,15,,36475,11,,,1,55,,36476,11,,,1,15,,36477,11,,,1,15,,36478,11,,,1,15,,36479,11,,,1,55,,36480,11,,,1,15,,36481,11,,,1,15,,36482,11,,,1,15,,36483,11,,,1,55,,36484,11,,,1,15,,36485,11,,,1,15,,36486,11,,,1,15,,36487,11,,,1,55,,36488,11,,,1,15,,36489,11,,,1,15,,36490,11,,,1,15,,36491,11,,,1,55,,36492,11,,,1,15,,36493,11,,,1,15,,36494,11,,,1,15,,36495,11,,,1,55,,36496,11,,,1,15,,36497,11,,,1,15,,36498,11,,,1,15,,36499,11,,,1,55,,36500,11,,,1,15,,36501,11,,,1,15,,36502,11,,,1,15,,36503,11,,,1,55,,36504,11,,,1,15,,36505,11,,,1,15,,36506,11,,,1,15,,36507,11,,,1,55,,36508,11,,,1,15,,36509,11,,,1,15,,36510,11,,,1,15,,36511,11,,,1,55,,36512,11,,,1,15,,36513,11,,,1,15,,36514,11,,,1,15,,36515,11,,,1,55,,36516,11,,,1,15,,36517,11,,,1,15,,36518,11,,,1,15,,36519,11,,,1,55,,36520,11,,,1,15,,36521,11,,,1,15,,36522,11,,,1,15,,36523,11,,,1,55,,36524,11,,,1,15,,36525,11,,,1,15,,36526,11,,,1,15,,36527,11,,,1,55,,36528,11,,,1,15,,36529,11,,,1,15,,36530,11,,,1,15,,36531,11,,,1,55,,36532,11,,,1,15,,36533,11,,,1,15,,36534,11,,,1
18002100,'021R-Sunday-1-26-09',603,,32772,11,,,1,15,,32773,11,,,1,15,,32774,11,,,1,15,,32775,11,,,1,55,,32776,11,,,1,15,,32777,11,,,1,15,,32778,11,,,1,15,,32779,11,,,1,55,,32780,11,,,1,15,,32781,11,,,1,15,,32782,11,,,1,15,,32783,11,,,1,55,,32784,11,,,1,15,,32785,11,,,1,15,,32786,11,,,1,15,,32787,11,,,1,55,,32788,11,,,1,15,,32789,11,,,1,15,,32790,11,,,1,15,,32791,11,,,1,55,,32792,11,,,1,15,,32793,11,,,1,15,,32794,11,,,1,15,,32795,11,,,1,55,,32796,11,,,1,15,,32797,11,,,1,15,,32798,11,,,1,15,,32799,11,,,1,55,,32800,11,,,1,15,,32801,11,,,1,15,,32802,11,,,1,15,,32803,11,,,1,55,,32804,11,,,1,15,,32805,11,,,1,15,,32806,11,,,1,15,,32807,11,,,1,55,,32808,11,,,1,15,,32809,11,,,1,15,,32810,11,,,1,15,,32811,11,,,1,55,,32812,11,,,1,15,,32813,11,,,1,15,,32814,11,,,1,15,,32815,11,,,1,55,,32816,11,,,1,15,,32817,11,,,1,15,,32818,11,,,1,15,,32819,11,,,1,55,,32820,11,,,1,15,,32821,11,,,1,15,,32822,11,,,1,15,,32823,11,,,1,55,,32824,11,,,1,15,,32825,11,,,1,15,,32826,11,,,1,15,,32827,11,,,1,55,,32828,11,,,1,15,,32829,11,,,1,15,,32830,11,,,1,15,,32831,11,,,1,55,,32832,11,,,1,15,,32833,11,,,1,15,,32834,11,,,1,15,,32835,11,,,1,55,,32836,11,,,1,15,,32837,11,,,1,15,,32838,11,,,1,15,,32839,11,,,1,55,,32840,11,,,1,15,,32841,11,,,1,15,,32842,11,,,1,15,,32843,11,,,1,55,,32844,11,,,1,15,,32845,11,,,1,15,,32846,11,,,1,15,,32847,11,,,1,55,,32848,11,,,1
18002100,'021R-Sunday-2-26-09',603,,36535,11,,,1,15,,36536,11,,,1,15,,36537,11,,,1,15,,36538,11,,,1,55,,36539,11,,,1,15,,36540,11,,,1,15,,36541,11,,,1,15,,36542,11,,,1,55,,36543,11,,,1,15,,36544,11,,,1,15,,36545,11,,,1,15,,36546,11,,,1,55,,36547,11,,,1,15,,36548,11,,,1,15,,36549,11,,,1,15,,36550,11,,,1,55,,36551,11,,,1,15,,36552,11,,,1,15,,36553,11,,,1,15,,36554,11,,,1,55,,36555,11,,,1,15,,36556,11,,,1,15,,36557,11,,,1,15,,36558,11,,,1,55,,36559,11,,,1,15,,36560,11,,,1,15,,36561,11,,,1,15,,36562,11,,,1,55,,36563,11,,,1,15,,36564,11,,,1,15,,36565,11,,,1,15,,36566,11,,,1,55,,36567,11,,,1,15,,36568,11,,,1,15,,36569,11,,,1,15,,36570,11,,,1,55,,36571,11,,,1,15,,36572,11,,,1,15,,36573,11,,,1,15,,36574,11,,,1,55,,36575,11,,,1,15,,36576,11,,,1,15,,36577,11,,,1,15,,36578,11,,,1,55,,36579,11,,,1,15,,36580,11,,,1,15,,36581,11,,,1,15,,36582,11,,,1,55,,36583,11,,,1,15,,36584,11,,,1,15,,36585,11,,,1,15,,36586,11,,,1,55,,36587,11,,,1,15,,36588,11,,,1,15,,36589,11,,,1,15,,36590,11,,,1,55,,36591,11,,,1,15,,36592,11,,,1,15,,36593,11,,,1,15,,36594,11,,,1,55,,36595,11,,,1,15,,36596,11,,,1,15,,36597,11,,,1,15,,36598,11,,,1,55,,36599,11,,,1,15,,36600,11,,,1,15,,36601,11,,,1,15,,36602,11,,,1,55,,36603,11,,,1,15,,36604,11,,,1,15,,36605,11,,,1,15,,36606,11,,,1,55,,36607,11,,,1,15,,36608,11,,,1,15,,36609,11,,,1,15,,36610,11,,,1,55,,36611,11,,,1
18002100,'021R-Sunday-4-26-09',603,,36612,11,,,1,15,,36613,11,,,1,15,,36614,11,,,1,15,,36615,11,,,1,55,,36616,11,,,1,15,,36617,11,,,1,15,,36618,11,,,1,15,,36619,11,,,1,55,,36620,11,,,1,15,,36621,11,,,1,15,,36622,11,,,1,15,,36623,11,,,1,55,,36624,11,,,1,15,,36625,11,,,1,15,,36626,11,,,1,15,,36627,11,,,1,55,,36628,11,,,1,15,,36629,11,,,1,15,,36630,11,,,1,15,,36631,11,,,1,55,,36632,11,,,1,15,,36633,11,,,1,15,,36634,11,,,1,15,,36635,11,,,1,55,,36636,11,,,1,15,,36637,11,,,1,15,,36638,11,,,1,15,,36639,11,,,1,55,,36640,11,,,1,15,,36641,11,,,1,15,,36642,11,,,1,15,,36643,11,,,1,55,,36644,11,,,1,15,,36645,11,,,1,15,,36646,11,,,1,15,,36647,11,,,1,55,,36648,11,,,1,15,,36649,11,,,1,15,,36650,11,,,1,15,,36651,11,,,1,55,,36652,11,,,1,15,,36653,11,,,1,15,,36654,11,,,1,15,,36655,11,,,1,55,,36656,11,,,1,15,,36657,11,,,1,15,,36658,11,,,1,15,,36659,11,,,1,55,,36660,11,,,1,15,,36661,11,,,1,15,,36662,11,,,1,15,,36663,11,,,1,55,,36664,11,,,1,15,,36665,11,,,1,15,,36666,11,,,1,15,,36667,11,,,1,55,,36668,11,,,1,15,,36669,11,,,1,15,,36670,11,,,1,15,,36671,11,,,1,55,,36672,11,,,1,15,,36673,11,,,1,15,,36674,11,,,1,15,,36675,11,,,1,55,,36676,11,,,1,15,,36677,11,,,1,15,,36678,11,,,1,15,,36679,11,,,1,55,,36680,11,,,1,15,,36681,11,,,1,15,,36682,11,,,1,15,,36683,11,,,1,55,,36684,11,,,1,15,,36685,11,,,1,15,,36686,11,,,1,15,,36687,11,,,1,55,,36688,11,,,1
18002200,'022R-Weekday-1-26-09',536,,33412,8,,,1,12,,33413,8,,,1,52,,33414,8,,,1,12,,33415,8,,,1,12,,33416,8,,,1,12,,33417,8,,,1,12,,33418,8,,,1,52,,33419,8,,,1,12,,33420,8,,,1,12,,33421,8,,,1,12,,33422,8,,,1,12,,33453,8,,,1,52,,33454,8,,,1,12,,33455,8,,,1,12,,33456,8,,,1,12,,33457,8,,,1,12,,33458,8,,,1,52,,33459,8,,,1,12,,33426,8,,,1,12,,33427,8,,,1,12,,33428,8,,,1,12,,33429,8,,,1,58,,33460,8,,,1,15,,33461,8,,,1,15,,33462,8,,,1,15,,33463,8,,,1,55,,33430,8,,,1,15,,33431,8,,,1,15,,33432,8,,,1,15,,33433,8,,,1,55,,33434,8,,,1,15,,33435,8,,,1,15,,33436,8,,,1,15,,33437,8,,,1,55,,33438,8,,,1,15,,33439,8,,,1,15,,33440,8,,,1,15,,33441,8,,,1,55,,33423,8,,,1,15,,33424,8,,,1,15,,33425,8,,,1,12,,33486,8,,,1,52,,33487,8,,,1,12,,33488,8,,,1,12,,33489,8,,,1,12,,33490,8,,,1,12,,33491,8,,,1,52,,33492,8,,,1,12,,33493,8,,,1,12,,33494,8,,,1,12,,33495,8,,,1,12,,33442,8,,,1,52,,33443,8,,,1,12,,33444,8,,,1,12,,33445,8,,,1,12,,33446,8,,,1,12,,33447,8,,,1,52,,33448,8,,,1,12,,33449,8,,,1,12,,33450,8,,,1,12,,33451,8,,,1,12,,33452,8,,,1,59,,33464,8,,,1,15,,33465,8,,,1,15,,33466,8,,,1,15,,33467,8,,,1,55,,33468,8,,,1,15,,33469,8,,,1,15,,33470,8,,,1,15,,33471,8,,,1,55,,33472,8,,,1,15,,33473,8,,,1,15,,33474,8,,,1,15,,33475,8,,,1,55,,33476,8,,,1,15,,33477,8,,,1,15,,33478,8,,,1,15,,33479,8,,,1,55,,33480,8,,,1,15,,33481,8,,,1,15,,33482,8,,,1,15,,33483,8,,,1,55,,33484,8,,,1,15,,33485,8,,,1,15,,33411,8,,,1
18002200,'022R-Weekday-2-26-09',536,,33497,8,,,1,12,,33498,8,,,1,52,,33499,8,,,1,12,,33500,8,,,1,12,,33501,8,,,1,12,,33502,8,,,1,12,,33503,8,,,1,52,,33504,8,,,1,12,,33505,8,,,1,12,,33506,8,,,1,12,,33507,8,,,1,12,,33538,8,,,1,52,,33539,8,,,1,12,,33540,8,,,1,12,,33541,8,,,1,12,,33542,8,,,1,12,,33543,8,,,1,52,,33544,8,,,1,12,,33511,8,,,1,12,,33512,8,,,1,12,,33513,8,,,1,12,,33514,8,,,1,58,,33545,8,,,1,15,,33546,8,,,1,15,,33547,8,,,1,15,,33548,8,,,1,55,,33515,8,,,1,15,,33516,8,,,1,15,,33517,8,,,1,15,,33518,8,,,1,55,,33519,8,,,1,15,,33520,8,,,1,15,,33521,8,,,1,15,,33522,8,,,1,55,,33523,8,,,1,15,,33524,8,,,1,15,,33525,8,,,1,15,,33526,8,,,1,55,,33508,8,,,1,15,,33509,8,,,1,15,,33510,8,,,1,12,,33571,8,,,1,52,,33572,8,,,1,12,,33573,8,,,1,12,,33574,8,,,1,12,,33575,8,,,1,12,,33576,8,,,1,52,,33577,8,,,1,12,,33578,8,,,1,12,,33579,8,,,1,12,,33580,8,,,1,12,,33527,8,,,1,52,,33528,8,,,1,12,,33529,8,,,1,12,,33530,8,,,1,12,,33531,8,,,1,12,,33532,8,,,1,52,,33533,8,,,1,12,,33534,8,,,1,12,,33535,8,,,1,12,,33536,8,,,1,12,,33537,8,,,1,59,,33549,8,,,1,15,,33550,8,,,1,15,,33551,8,,,1,15,,33552,8,,,1,55,,33553,8,,,1,15,,33554,8,,,1,15,,33555,8,,,1,15,,33556,8,,,1,55,,33557,8,,,1,15,,33558,8,,,1,15,,33559,8,,,1,15,,33560,8,,,1,55,,33561,8,,,1,15,,33562,8,,,1,15,,33563,8,,,1,15,,33564,8,,,1,55,,33565,8,,,1,15,,33566,8,,,1,15,,33567,8,,,1,15,,33568,8,,,1,55,,33569,8,,,1,15,,33570,8,,,1,15,,33496,8,,,1
18002200,'022R-Weekday-3-26-09',536,,37464,8,,,1,12,,37465,8,,,1,52,,37466,8,,,1,12,,37467,8,,,1,12,,37468,8,,,1,12,,37469,8,,,1,12,,37470,8,,,1,52,,37471,8,,,1,12,,37472,8,,,1,12,,37473,8,,,1,12,,37474,8,,,1,12,,37505,8,,,1,52,,37506,8,,,1,12,,37507,8,,,1,12,,37508,8,,,1,12,,37509,8,,,1,12,,37510,8,,,1,52,,37511,8,,,1,12,,37478,8,,,1,12,,37479,8,,,1,12,,37480,8,,,1,12,,37481,8,,,1,58,,37512,8,,,1,15,,37513,8,,,1,15,,37514,8,,,1,15,,37515,8,,,1,55,,37482,8,,,1,15,,37483,8,,,1,15,,37484,8,,,1,15,,37485,8,,,1,55,,37486,8,,,1,15,,37487,8,,,1,15,,37488,8,,,1,15,,37489,8,,,1,55,,37490,8,,,1,15,,37491,8,,,1,15,,37492,8,,,1,15,,37493,8,,,1,55,,37475,8,,,1,15,,37476,8,,,1,15,,37477,8,,,1,12,,37538,8,,,1,52,,37539,8,,,1,12,,37540,8,,,1,12,,37541,8,,,1,12,,37542,8,,,1,12,,37543,8,,,1,52,,37544,8,,,1,12,,37545,8,,,1,12,,37546,8,,,1,12,,37547,8,,,1,12,,37494,8,,,1,52,,37495,8,,,1,12,,37496,8,,,1,12,,37497,8,,,1,12,,37498,8,,,1,12,,37499,8,,,1,52,,37500,8,,,1,12,,37501,8,,,1,12,,37502,8,,,1,12,,37503,8,,,1,12,,37504,8,,,1,59,,37516,8,,,1,15,,37517,8,,,1,15,,37518,8,,,1,15,,37519,8,,,1,55,,37520,8,,,1,15,,37521,8,,,1,15,,37522,8,,,1,15,,37523,8,,,1,55,,37524,8,,,1,15,,37525,8,,,1,15,,37526,8,,,1,15,,37527,8,,,1,55,,37528,8,,,1,15,,37529,8,,,1,15,,37530,8,,,1,15,,37531,8,,,1,55,,37532,8,,,1,15,,37533,8,,,1,15,,37534,8,,,1,15,,37535,8,,,1,55,,37536,8,,,1,15,,37537,8,,,1,15,,37463,8,,,1
18002200,'022R-Weekday-4-26-09',536,,33582,8,,,1,12,,33583,8,,,1,52,,33584,8,,,1,12,,33585,8,,,1,12,,33586,8,,,1,12,,33587,8,,,1,12,,33588,8,,,1,52,,33589,8,,,1,12,,33590,8,,,1,12,,33591,8,,,1,12,,33592,8,,,1,12,,33623,8,,,1,52,,33624,8,,,1,12,,33625,8,,,1,12,,33626,8,,,1,12,,33627,8,,,1,12,,33628,8,,,1,52,,33629,8,,,1,12,,33596,8,,,1,12,,33597,8,,,1,12,,33598,8,,,1,12,,33599,8,,,1,58,,33630,8,,,1,15,,33631,8,,,1,15,,33632,8,,,1,15,,33633,8,,,1,55,,33600,8,,,1,15,,33601,8,,,1,15,,33602,8,,,1,15,,33603,8,,,1,55,,33604,8,,,1,15,,33605,8,,,1,15,,33606,8,,,1,15,,33607,8,,,1,55,,33608,8,,,1,15,,33609,8,,,1,15,,33610,8,,,1,15,,33611,8,,,1,55,,33593,8,,,1,15,,33594,8,,,1,15,,33595,8,,,1,12,,33656,8,,,1,52,,33657,8,,,1,12,,33658,8,,,1,12,,33659,8,,,1,12,,33660,8,,,1,12,,33661,8,,,1,52,,33662,8,,,1,12,,33663,8,,,1,12,,33664,8,,,1,12,,33665,8,,,1,12,,33612,8,,,1,52,,33613,8,,,1,12,,33614,8,,,1,12,,33615,8,,,1,12,,33616,8,,,1,12,,33617,8,,,1,52,,33618,8,,,1,12,,33619,8,,,1,12,,33620,8,,,1,12,,33621,8,,,1,12,,33622,8,,,1,59,,33634,8,,,1,15,,33635,8,,,1,15,,33636,8,,,1,15,,33637,8,,,1,55,,33638,8,,,1,15,,33639,8,,,1,15,,33640,8,,,1,15,,33641,8,,,1,55,,33642,8,,,1,15,,33643,8,,,1,15,,33644,8,,,1,15,,33645,8,,,1,55,,33646,8,,,1,15,,33647,8,,,1,15,,33648,8,,,1,15,,33649,8,,,1,55,,33650,8,,,1,15,,33651,8,,,1,15,,33652,8,,,1,15,,33653,8,,,1,55,,33654,8,,,1,15,,33655,8,,,1,15,,33581,8,,,1
18002200,'022R-Weekday-5-26-09',536,,37549,8,,,1,12,,37550,8,,,1,52,,37551,8,,,1,12,,37552,8,,,1,12,,37553,8,,,1,12,,37554,8,,,1,12,,37555,8,,,1,52,,37556,8,,,1,12,,37557,8,,,1,12,,37558,8,,,1,12,,37559,8,,,1,12,,37590,8,,,1,52,,37591,8,,,1,12,,37592,8,,,1,12,,37593,8,,,1,12,,37594,8,,,1,12,,37595,8,,,1,52,,37596,8,,,1,12,,37563,8,,,1,12,,37564,8,,,1,12,,37565,8,,,1,12,,37566,8,,,1,58,,37597,8,,,1,15,,37598,8,,,1,15,,37599,8,,,1,15,,37600,8,,,1,55,,37567,8,,,1,15,,37568,8,,,1,15,,37569,8,,,1,15,,37570,8,,,1,55,,37571,8,,,1,15,,37572,8,,,1,15,,37573,8,,,1,15,,37574,8,,,1,55,,37575,8,,,1,15,,37576,8,,,1,15,,37577,8,,,1,15,,37578,8,,,1,55,,37560,8,,,1,15,,37561,8,,,1,15,,37562,8,,,1,12,,37623,8,,,1,52,,37624,8,,,1,12,,37625,8,,,1,12,,37626,8,,,1,12,,37627,8,,,1,12,,37628,8,,,1,52,,37629,8,,,1,12,,37630,8,,,1,12,,37631,8,,,1,12,,37632,8,,,1,12,,37579,8,,,1,52,,37580,8,,,1,12,,37581,8,,,1,12,,37582,8,,,1,12,,37583,8,,,1,12,,37584,8,,,1,52,,37585,8,,,1,12,,37586,8,,,1,12,,37587,8,,,1,12,,37588,8,,,1,12,,37589,8,,,1,59,,37601,8,,,1,15,,37602,8,,,1,15,,37603,8,,,1,15,,37604,8,,,1,55,,37605,8,,,1,15,,37606,8,,,1,15,,37607,8,,,1,15,,37608,8,,,1,55,,37609,8,,,1,15,,37610,8,,,1,15,,37611,8,,,1,15,,37612,8,,,1,55,,37613,8,,,1,15,,37614,8,,,1,15,,37615,8,,,1,15,,37616,8,,,1,55,,37617,8,,,1,15,,37618,8,,,1,15,,37619,8,,,1,15,,37620,8,,,1,55,,37621,8,,,1,15,,37622,8,,,1,15,,37548,8,,,1
18002200,'022R-Weekday-6-26-09',536,,37634,8,,,1,12,,37635,8,,,1,52,,37636,8,,,1,12,,37637,8,,,1,12,,37638,8,,,1,12,,37639,8,,,1,12,,37640,8,,,1,52,,37641,8,,,1,12,,37642,8,,,1,12,,37643,8,,,1,12,,37644,8,,,1,12,,37675,8,,,1,52,,37676,8,,,1,12,,37677,8,,,1,12,,37678,8,,,1,12,,37679,8,,,1,12,,37680,8,,,1,52,,37681,8,,,1,12,,37648,8,,,1,12,,37649,8,,,1,12,,37650,8,,,1,12,,37651,8,,,1,58,,37682,8,,,1,15,,37683,8,,,1,15,,37684,8,,,1,15,,37685,8,,,1,55,,37652,8,,,1,15,,37653,8,,,1,15,,37654,8,,,1,15,,37655,8,,,1,55,,37656,8,,,1,15,,37657,8,,,1,15,,37658,8,,,1,15,,37659,8,,,1,55,,37660,8,,,1,15,,37661,8,,,1,15,,37662,8,,,1,15,,37663,8,,,1,55,,37645,8,,,1,15,,37646,8,,,1,15,,37647,8,,,1,12,,37708,8,,,1,52,,37709,8,,,1,12,,37710,8,,,1,12,,37711,8,,,1,12,,37712,8,,,1,12,,37713,8,,,1,52,,37714,8,,,1,12,,37715,8,,,1,12,,37716,8,,,1,12,,37717,8,,,1,12,,37664,8,,,1,52,,37665,8,,,1,12,,37666,8,,,1,12,,37667,8,,,1,12,,37668,8,,,1,12,,37669,8,,,1,52,,37670,8,,,1,12,,37671,8,,,1,12,,37672,8,,,1,12,,37673,8,,,1,12,,37674,8,,,1,59,,37686,8,,,1,15,,37687,8,,,1,15,,37688,8,,,1,15,,37689,8,,,1,55,,37690,8,,,1,15,,37691,8,,,1,15,,37692,8,,,1,15,,37693,8,,,1,55,,37694,8,,,1,15,,37695,8,,,1,15,,37696,8,,,1,15,,37697,8,,,1,55,,37698,8,,,1,15,,37699,8,,,1,15,,37700,8,,,1,15,,37701,8,,,1,55,,37702,8,,,1,15,,37703,8,,,1,15,,37704,8,,,1,15,,37705,8,,,1,55,,37706,8,,,1,15,,37707,8,,,1,15,,37633,8,,,1
18002200,'022R-Weekday-7-26-09',536,,37719,8,,,1,12,,37720,8,,,1,52,,37721,8,,,1,12,,37722,8,,,1,12,,37723,8,,,1,12,,37724,8,,,1,12,,37725,8,,,1,52,,37726,8,,,1,12,,37727,8,,,1,12,,37728,8,,,1,12,,37729,8,,,1,12,,37760,8,,,1,52,,37761,8,,,1,12,,37762,8,,,1,12,,37763,8,,,1,12,,37764,8,,,1,12,,37765,8,,,1,52,,37766,8,,,1,12,,37733,8,,,1,12,,37734,8,,,1,12,,37735,8,,,1,12,,37736,8,,,1,58,,37767,8,,,1,15,,37768,8,,,1,15,,37769,8,,,1,15,,37770,8,,,1,55,,37737,8,,,1,15,,37738,8,,,1,15,,37739,8,,,1,15,,37740,8,,,1,55,,37741,8,,,1,15,,37742,8,,,1,15,,37743,8,,,1,15,,37744,8,,,1,55,,37745,8,,,1,15,,37746,8,,,1,15,,37747,8,,,1,15,,37748,8,,,1,55,,37730,8,,,1,15,,37731,8,,,1,15,,37732,8,,,1,12,,37793,8,,,1,52,,37794,8,,,1,12,,37795,8,,,1,12,,37796,8,,,1,12,,37797,8,,,1,12,,37798,8,,,1,52,,37799,8,,,1,12,,37800,8,,,1,12,,37801,8,,,1,12,,37802,8,,,1,12,,37749,8,,,1,52,,37750,8,,,1,12,,37751,8,,,1,12,,37752,8,,,1,12,,37753,8,,,1,12,,37754,8,,,1,52,,37755,8,,,1,12,,37756,8,,,1,12,,37757,8,,,1,12,,37758,8,,,1,12,,37759,8,,,1,59,,37771,8,,,1,15,,37772,8,,,1,15,,37773,8,,,1,15,,37774,8,,,1,55,,37775,8,,,1,15,,37776,8,,,1,15,,37777,8,,,1,15,,37778,8,,,1,55,,37779,8,,,1,15,,37780,8,,,1,15,,37781,8,,,1,15,,37782,8,,,1,55,,37783,8,,,1,15,,37784,8,,,1,15,,37785,8,,,1,15,,37786,8,,,1,55,,37787,8,,,1,15,,37788,8,,,1,15,,37789,8,,,1,15,,37790,8,,,1,55,,37791,8,,,1,15,,37792,8,,,1,15,,37718,8,,,1
18002200,'022R-Saturday-1-26-09',536,,33666,8,,,1,15,,33667,8,,,1,55,,33668,8,,,1,15,,33669,8,,,1,15,,33670,8,,,1,15,,33671,8,,,1,55,,33672,8,,,1,15,,33673,8,,,1,15,,33674,8,,,1,15,,33675,8,,,1,55,,33676,8,,,1,15,,33677,8,,,1,15,,33678,8,,,1,15,,33679,8,,,1,55,,33680,8,,,1,15,,33681,8,,,1,15,,33682,8,,,1,15,,33683,8,,,1,55,,33684,8,,,1,15,,33685,8,,,1,15,,33686,8,,,1,15,,33687,8,,,1,55,,33688,8,,,1,15,,33689,8,,,1,15,,33690,8,,,1,15,,33691,8,,,1,55,,33692,8,,,1,15,,33693,8,,,1,15,,33694,8,,,1,15,,33695,8,,,1,55,,33696,8,,,1,15,,33697,8,,,1,15,,33698,8,,,1,15,,33699,8,,,1,55,,33700,8,,,1,15,,33701,8,,,1,15,,33702,8,,,1,15,,33703,8,,,1,55,,33704,8,,,1,15,,33705,8,,,1,15,,33706,8,,,1,15,,33707,8,,,1,55,,33708,8,,,1,15,,33709,8,,,1,15,,33710,8,,,1,15,,33711,8,,,1,55,,33712,8,,,1,15,,33713,8,,,1,15,,33714,8,,,1,15,,33715,8,,,1,55,,33716,8,,,1,15,,33717,8,,,1,15,,33718,8,,,1,15,,33719,8,,,1,55,,33720,8,,,1,15,,33721,8,,,1,15,,33722,8,,,1,15,,33723,8,,,1,55,,33724,8,,,1,15,,33725,8,,,1,15,,33726,8,,,1,15,,33727,8,,,1,55,,33728,8,,,1,15,,33729,8,,,1,15,,33730,8,,,1,15,,33731,8,,,1,55,,33732,8,,,1,15,,33733,8,,,1,15,,33734,8,,,1,15,,33735,8,,,1,55,,33736,8,,,1,15,,33737,8,,,1,15,,33738,8,,,1,15,,33739,8,,,1,55,,33740,8,,,1,15,,33741,8,,,1,15,,33742,8,,,1
18002200,'022R-Saturday-2-26-09',533,,37803,11,,,1,15,,37804,11,,,1,55,,37819,11,,,1,15,,37834,11,,,1,15,,37852,11,,,1,15,,37835,11,,,1,55,,37815,11,,,1,15,,37846,11,,,1,15,,37861,11,,,1,15,,37845,11,,,1,55,,37830,11,,,1,15,,37862,11,,,1,15,,37836,11,,,1,15,,37878,11,,,1,55,,37805,11,,,1,15,,37821,11,,,1,15,,37877,11,,,1,15,,37867,11,,,1,55,,37881,11,,,1,15,,37817,11,,,1,15,,37851,11,,,1,15,,37824,11,,,1,55,,37864,11,,,1,15,,37814,11,,,1,15,,37832,11,,,1,15,,37848,11,,,1,55,,37829,11,,,1,15,,37811,11,,,1,15,,37873,11,,,1,15,,37826,11,,,1,55,,37882,11,,,1,15,,37858,11,,,1,15,,37874,11,,,1,15,,37841,11,,,1,55,,37810,11,,,1,15,,37857,11,,,1,15,,37859,11,,,1,15,,37827,11,,,1,55,,37843,11,,,1,15,,37808,11,,,1,15,,37875,11,,,1,15,,37839,11,,,1,55,,37831,11,,,1,15,,37844,11,,,1,15,,37813,11,,,1,15,,37828,11,,,1,55,,37860,11,,,1,15,,37876,11,,,1,15,,37842,11,,,1,15,,37855,11,,,1,55,,37883,11,,,1,15,,37879,11,,,1,15,,37863,11,,,1,15,,37854,11,,,1,55,,37869,11,,,1,15,,37847,11,,,1,15,,37816,11,,,1,15,,37820,11,,,1,55,,37871,11,,,1,15,,37809,11,,,1,15,,37825,11,,,1,15,,37840,11,,,1,55,,37856,11,,,1,15,,37872,11,,,1,15,,37838,11,,,1,15,,37806,11,,,1,55,,37822,11,,,1,15,,37870,11,,,1,15,,37807,11,,,1,15,,37823,11,,,1,55,,37837,11,,,1,15,,37853,11,,,1,15,,37850,11,,,1,15,,37866,11,,,1,55,,37812,11,,,1,15,,37818,11,,,1,15,,37833,11,,,1,15,,37849,11,,,1,55,,37880,11,,,1,15,,37865,11,,,1,15,,37868,11,,,1
18002200,'022R-Saturday-3-26-09',526,,37891,5,0,5 6 7 8,1,15,,37936,5,0,5 6 7 8,1,15,,37901,5,0,5 6 7 8,1,55,,37885,5,0,5 6 7 8,1,15,,37927,5,0,5 6 7 8,1,15,,37895,5,0,5 6 7 8,1,15,,37907,5,0,5 6 7 8,1,55,,37943,5,0,5 6 7 8,1,15,,37897,5,0,5 6 7 8,1,15,,37959,5,0,5 6 7 8,1,15,,37945,5,0,5 6 7 8,1,55,,37888,5,0,5 6 7 8,1,15,,37913,5,0,5 6 7 8,1,15,,37929,5,0,5 6 7 8,1,15,,37933,5,0,5 6 7 8,1,55,,37917,5,0,5 6 7 8,1,15,,37949,5,0,5 6 7 8,1,15,,37920,5,0,5 6 7 8,1,15,,37931,5,0,5 6 7 8,1,55,,37903,5,0,5 6 7 8,1,15,,37947,5,0,5 6 7 8,1,15,,37899,5,0,5 6 7 8,1,15,,37930,5,0,5 6 7 8,1,55,,37898,5,0,5 6 7 8,1,15,,37914,5,0,5 6 7 8,1,15,,37960,5,0,5 6 7 8,1,15,,37915,5,0,5 6 7 8,1,55,,37909,5,0,5 6 7 8,1,15,,37941,5,0,5 6 7 8,1,15,,37896,5,0,5 6 7 8,1,15,,37912,5,0,5 6 7 8,1,55,,37893,5,0,5 6 7 8,1,15,,37928,5,0,5 6 7 8,1,15,,37925,5,0,5 6 7 8,1,15,,37944,5,0,5 6 7 8,1,55,,37946,5,0,5 6 7 8,1,15,,37932,5,0,5 6 7 8,1,15,,37916,5,0,5 6 7 8,1,15,,37948,5,0,5 6 7 8,1,55,,37900,5,0,5 6 7 8,1,15,,37884,5,0,5 6 7 8,1,15,,37940,5,0,5 6 7 8,1,15,,37958,5,0,5 6 7 8,1,55,,37910,5,0,5 6 7 8,1,15,,37892,5,0,5 6 7 8,1,15,,37926,5,0,5 6 7 8,1,15,,37889,5,0,5 6 7 8,1,55,,37956,5,0,5 6 7 8,1,15,,37924,5,0,5 6 7 8,1,15,,37942,5,0,5 6 7 8,1,15,,37908,5,0,5 6 7 8,1,55,,37894,5,0,5 6 7 8,1,15,,37955,5,0,5 6 7 8,1,15,,37905,5,0,5 6 7 8,1,15,,37937,5,0,5 6 7 8,1,55,,37921,5,0,5 6 7 8,1,15,,37953,5,0,5 6 7 8,1,15,,37904,5,0,5 6 7 8,1,15,,37890,5,0,5 6 7 8,1,55,,37923,5,0,5 6 7 8,1,15,,37887,5,0,5 6 7 8,1,15,,37939,5,0,5 6 7 8,1,15,,37906,5,0,5 6 7 8,1,55,,37922,5,0,5 6 7 8,1,15,,37938,5,0,5 6 7 8,1,15,,37954,5,0,5 6 7 8,1,15,,37918,5,0,5 6 7 8,1,55,,37957,5,0,5 6 7 8,1,15,,37919,5,0,5 6 7 8,1,15,,37911,5,0,5 6 7 8,1,15,,37950,5,0,5 6 7 8,1,55,,37902,5,0,5 6 7 8,1,15,,37886,5,0,5 6 7 8,1,15,,37952,5,0,5 6 7 8,1,15,,37951,5,0,5 6 7 8,1,55,,37935,5,0,5 6 7 8,1,15,,37934,5,0,5 6 7 8,1
18002200,'022R-Saturday-4-26-09',539,,38021,5,0,5 6 7 8,1,15,,38017,5,0,5 6 7 8,1,55,,38013,5,0,5 6 7 8,1,15,,38037,5,0,5 6 7 8,1,15,,38026,5,0,5 6 7 8,1,15,,37996,5,0,5 6 7 8,1,55,,38007,5,0,5 6 7 8,1,15,,38003,5,0,5 6 7 8,1,15,,38006,5,0,5 6 7 8,1,15,,37999,5,0,5 6 7 8,1,55,,38014,5,0,5 6 7 8,1,15,,37995,5,0,5 6 7 8,1,15,,38034,5,0,5 6 7 8,1,15,,38002,5,0,5 6 7 8,1,55,,38030,5,0,5 6 7 8,1,15,,38022,5,0,5 6 7 8,1,15,,38018,5,0,5 6 7 8,1,15,,38010,5,0,5 6 7 8,1,55,,38023,5,0,5 6 7 8,1,15,,38019,5,0,5 6 7 8,1,15,,38015,5,0,5 6 7 8,1,15,,38011,5,0,5 6 7 8,1,55,,38033,5,0,5 6 7 8,1,15,,38027,5,0,5 6 7 8,1,15,,38035,5,0,5 6 7 8,1,15,,37998,5,0,5 6 7 8,1,55,,38031,5,0,5 6 7 8,1,15,,38001,5,0,5 6 7 8,1,15,,37997,5,0,5 6 7 8,1,15,,38036,5,0,5 6 7 8,1,55,,38032,5,0,5 6 7 8,1,15,,38016,5,0,5 6 7 8,1,15,,38012,5,0,5 6 7 8,1,15,,38020,5,0,5 6 7 8,1,55,,38009,5,0,5 6 7 8,1,15,,38005,5,0,5 6 7 8,1,15,,38024,5,0,5 6 7 8,1,15,,38004,5,0,5 6 7 8,1,55,,38008,5,0,5 6 7 8,1,15,,38000,5,0,5 6 7 8,1,15,,38028,5,0,5 6 7 8,1,15,,38029,5,0,5 6 7 8,1,55,,38025,5,0,5 6 7 8,1,12,,37961,8,,,1,15,,37962,8,,,1,15,,37963,8,,,1,55,,37964,8,,,1,15,,37965,8,,,1,15,,37966,8,,,1,15,,37967,8,,,1,55,,37968,8,,,1,15,,37969,8,,,1,15,,37970,8,,,1,15,,37971,8,,,1,55,,37972,8,,,1,15,,37973,8,,,1,15,,37974,8,,,1,15,,37975,8,,,1,55,,37976,8,,,1,15,,37977,8,,,1,15,,37978,8,,,1,15,,37979,8,,,1,55,,37980,8,,,1,15,,37981,8,,,1,15,,37982,8,,,1,15,,37983,8,,,1,55,,37984,8,,,1,15,,37985,8,,,1,15,,37986,8,,,1,15,,37987,8,,,1,55,,37988,8,,,1,15,,37989,8,,,1,15,,37990,8,,,1,15,,37991,8,,,1,55,,37992,8,,,1,15,,37993,8,,,1,15,,37994,8,,,1
18002200,'022R-Sunday-1-26-09',551,,33743,8,,,1,55,,33744,8,,,1,15,,33745,8,,,1,15,,33746,8,,,1,15,,33747,8,,,1,55,,33748,8,,,1,15,,33749,8,,,1,15,,33750,8,,,1,15,,33751,8,,,1,55,,33752,8,,,1,15,,33753,8,,,1,15,,33754,8,,,1,15,,33755,8,,,1,55,,33756,8,,,1,15,,33757,8,,,1,15,,33758,8,,,1,15,,33759,8,,,1,55,,33760,8,,,1,15,,33761,8,,,1,15,,33762,8,,,1,15,,33763,8,,,1,55,,33764,8,,,1,15,,33765,8,,,1,15,,33766,8,,,1,15,,33767,8,,,1,55,,33768,8,,,1,15,,33769,8,,,1,15,,33770,8,,,1,15,,33771,8,,,1,55,,33772,8,,,1,15,,33773,8,,,1,15,,33774,8,,,1,15,,33775,8,,,1,55,,33776,8,,,1,15,,33777,8,,,1,15,,33778,8,,,1,15,,33779,8,,,1,55,,33780,8,,,1,15,,33781,8,,,1,15,,33782,8,,,1,15,,33783,8,,,1,55,,33784,8,,,1,15,,33785,8,,,1,15,,33786,8,,,1,15,,33787,8,,,1,55,,33788,8,,,1,15,,33789,8,,,1,15,,33790,8,,,1,15,,33791,8,,,1,55,,33792,8,,,1,15,,33793,8,,,1,15,,33794,8,,,1,15,,33795,8,,,1,55,,33796,8,,,1,15,,33797,8,,,1,15,,33798,8,,,1,15,,33799,8,,,1,55,,33800,8,,,1,15,,33801,8,,,1,15,,33802,8,,,1,15,,33803,8,,,1,55,,33804,8,,,1,15,,33805,8,,,1,15,,33806,8,,,1,15,,33807,8,,,1,55,,33808,8,,,1,15,,33809,8,,,1,15,,33810,8,,,1,15,,33811,8,,,1,55,,33812,8,,,1,15,,33813,8,,,1,15,,33814,8,,,1,15,,33815,8,,,1
18002200,'022R-Sunday-2-26-09',603,,38109,11,,,1,15,,38110,11,,,1,15,,38111,11,,,1,15,,38112,11,,,1,55,,38080,11,,,1,15,,38095,11,,,1,15,,38041,11,,,1,15,,38052,11,,,1,55,,38067,11,,,1,15,,38064,11,,,1,15,,38081,11,,,1,15,,38066,11,,,1,55,,38094,11,,,1,15,,38093,11,,,1,15,,38096,11,,,1,15,,38048,11,,,1,55,,38106,11,,,1,15,,38091,11,,,1,15,,38079,11,,,1,15,,38057,11,,,1,55,,38063,11,,,1,15,,38108,11,,,1,15,,38050,11,,,1,15,,38078,11,,,1,55,,38076,11,,,1,15,,38045,11,,,1,15,,38105,11,,,1,15,,38047,11,,,1,55,,38083,11,,,1,15,,38071,11,,,1,15,,38055,11,,,1,15,,38102,11,,,1,55,,38089,11,,,1,15,,38068,11,,,1,15,,38061,11,,,1,15,,38103,11,,,1,55,,38042,11,,,1,15,,38088,11,,,1,15,,38046,11,,,1,15,,38092,11,,,1,55,,38070,11,,,1,15,,38086,11,,,1,15,,38040,11,,,1,15,,38085,11,,,1,55,,38062,11,,,1,15,,38098,11,,,1,15,,38099,11,,,1,15,,38044,11,,,1,55,,38053,11,,,1,15,,38058,11,,,1,15,,38060,11,,,1,15,,38059,11,,,1,55,,38056,11,,,1,15,,38100,11,,,1,15,,38073,11,,,1,15,,38075,11,,,1,55,,38090,11,,,1,15,,38104,11,,,1,15,,38043,11,,,1,15,,38039,11,,,1,55,,38077,11,,,1,15,,38074,11,,,1,15,,38107,11,,,1,15,,38049,11,,,1,55,,38101,11,,,1,15,,38082,11,,,1,15,,38087,11,,,1,15,,38097,11,,,1,55,,38051,11,,,1,15,,38038,11,,,1,15,,38054,11,,,1,15,,38069,11,,,1,55,,38072,11,,,1,15,,38065,11,,,1,15,,38084,11,,,1
18002200,'022R-Sunday-3-26-09',556,,38113,5,0,5 6 7 8,1,55,,38114,5,0,5 6 7 8,1,15,,38115,5,0,5 6 7 8,1,15,,38116,5,0,5 6 7 8,1,15,,38117,5,0,5 6 7 8,1,55,,38118,5,0,5 6 7 8,1,15,,38119,5,0,5 6 7 8,1,15,,38120,5,0,5 6 7 8,1,15,,38121,5,0,5 6 7 8,1,55,,38122,5,0,5 6 7 8,1,15,,38123,5,0,5 6 7 8,1,15,,38124,5,0,5 6 7 8,1,15,,38125,5,0,5 6 7 8,1,55,,38126,5,0,5 6 7 8,1,15,,38127,5,0,5 6 7 8,1,15,,38128,5,0,5 6 7 8,1,15,,38129,5,0,5 6 7 8,1,55,,38130,5,0,5 6 7 8,1,15,,38131,5,0,5 6 7 8,1,15,,38132,5,0,5 6 7 8,1,15,,38133,5,0,5 6 7 8,1,55,,38134,5,0,5 6 7 8,1,15,,38135,5,0,5 6 7 8,1,15,,38136,5,0,5 6 7 8,1,15,,38137,5,0,5 6 7 8,1,55,,38138,5,0,5 6 7 8,1,15,,38139,5,0,5 6 7 8,1,15,,38140,5,0,5 6 7 8,1,15,,38141,5,0,5 6 7 8,1,55,,38142,5,0,5 6 7 8,1,15,,38143,5,0,5 6 7 8,1,15,,38144,5,0,5 6 7 8,1,15,,38145,5,0,5 6 7 8,1,55,,38146,5,0,5 6 7 8,1,15,,38147,5,0,5 6 7 8,1,15,,38148,5,0,5 6 7 8,1,15,,38149,5,0,5 6 7 8,1,55,,38150,5,0,5 6 7 8,1,15,,38151,5,0,5 6 7 8,1,15,,38152,5,0,5 6 7 8,1,15,,38153,5,0,5 6 7 8,1,55,,38154,5,0,5 6 7 8,1,15,,38155,5,0,5 6 7 8,1,15,,38156,5,0,5 6 7 8,1,15,,38157,5,0,5 6 7 8,1,55,,38158,5,0,5 6 7 8,1,15,,38159,5,0,5 6 7 8,1,15,,38160,5,0,5 6 7 8,1,15,,38161,5,0,5 6 7 8,1,55,,38162,5,0,5 6 7 8,1,15,,38163,5,0,5 6 7 8,1,15,,38164,5,0,5 6 7 8,1,15,,38165,5,0,5 6 7 8,1,55,,38166,5,0,5 6 7 8,1,15,,38167,5,0,5 6 7 8,1,15,,38168,5,0,5 6 7 8,1,15,,38169,5,0,5 6 7 8,1,55,,38170,5,0,5 6 7 8,1,15,,38171,5,0,5 6 7 8,1,15,,38172,5,0,5 6 7 8,1,15,,38173,5,0,5 6 7 8,1,55,,38174,5,0,5 6 7 8,1,15,,38175,5,0,5 6 7 8,1,15,,38176,5,0,5 6 7 8,1,15,,38177,5,0,5 6 7 8,1,55,,38178,5,0,5 6 7 8,1,15,,38179,5,0,5 6 7 8,1,15,,38180,5,0,5 6 7 8,1,15,,38181,5,0,5 6 7 8,1,55,,38182,5,0,5 6 7 8,1,15,,38183,5,0,5 6 7 8,1,15,,38184,5,0,5 6 7 8,1
18002200,'022R-Sunday-5-26-09',556,,38185,5,0,5 6 7 8,1,55,,38186,5,0,5 6 7 8,1,15,,38187,5,0,5 6 7 8,1,15,,38188,5,0,5 6 7 8,1,15,,38189,5,0,5 6 7 8,1,55,,38190,5,0,5 6 7 8,1,15,,38191,5,0,5 6 7 8,1,15,,38192,5,0,5 6 7 8,1,15,,38193,5,0,5 6 7 8,1,55,,38194,5,0,5 6 7 8,1,15,,38195,5,0,5 6 7 8,1,15,,38196,5,0,5 6 7 8,1,15,,38197,5,0,5 6 7 8,1,55,,38198,5,0,5 6 7 8,1,15,,38199,5,0,5 6 7 8,1,15,,38200,5,0,5 6 7 8,1,15,,38201,5,0,5 6 7 8,1,55,,38202,5,0,5 6 7 8,1,15,,38203,5,0,5 6 7 8,1,15,,38204,5,0,5 6 7 8,1,15,,38205,5,0,5 6 7 8,1,55,,38206,5,0,5 6 7 8,1,15,,38207,5,0,5 6 7 8,1,15,,38208,5,0,5 6 7 8,1,15,,38209,5,0,5 6 7 8,1,55,,38210,5,0,5 6 7 8,1,15,,38211,5,0,5 6 7 8,1,15,,38212,5,0,5 6 7 8,1,15,,38213,5,0,5 6 7 8,1,55,,38214,5,0,5 6 7 8,1,15,,38215,5,0,5 6 7 8,1,15,,38216,5,0,5 6 7 8,1,15,,38217,5,0,5 6 7 8,1,55,,38218,5,0,5 6 7 8,1,15,,38219,5,0,5 6 7 8,1,15,,38220,5,0,5 6 7 8,1,15,,38221,5,0,5 6 7 8,1,55,,38222,5,0,5 6 7 8,1,15,,38223,5,0,5 6 7 8,1,15,,38224,5,0,5 6 7 8,1,15,,38225,5,0,5 6 7 8,1,55,,38226,5,0,5 6 7 8,1,15,,38227,5,0,5 6 7 8,1,15,,38228,5,0,5 6 7 8,1,15,,38229,5,0,5 6 7 8,1,55,,38230,5,0,5 6 7 8,1,15,,38231,5,0,5 6 7 8,1,15,,38232,5,0,5 6 7 8,1,15,,38233,5,0,5 6 7 8,1,55,,38234,5,0,5 6 7 8,1,15,,38235,5,0,5 6 7 8,1,15,,38236,5,0,5 6 7 8,1,15,,38237,5,0,5 6 7 8,1,55,,38238,5,0,5 6 7 8,1,15,,38239,5,0,5 6 7 8,1,15,,38240,5,0,5 6 7 8,1,15,,38241,5,0,5 6 7 8,1,55,,38242,5,0,5 6 7 8,1,15,,38243,5,0,5 6 7 8,1,15,,38244,5,0,5 6 7 8,1,15,,38245,5,0,5 6 7 8,1,55,,38246,5,0,5 6 7 8,1,15,,38247,5,0,5 6 7 8,1,15,,38248,5,0,5 6 7 8,1,15,,38249,5,0,5 6 7 8,1,55,,38250,5,0,5 6 7 8,1,15,,38251,5,0,5 6 7 8,1,15,,38252,5,0,5 6 7 8,1,15,,38253,5,0,5 6 7 8,1,55,,38254,5,0,5 6 7 8,1,15,,38255,5,0,5 6 7 8,1,15,,38256,5,0,5 6 7 8,1
18002200,'022R-Sunday-6-26-09',551,,38279,5,0,5 6 7 8,1,55,,38280,5,0,5 6 7 8,1,15,,38281,5,0,5 6 7 8,1,15,,38282,5,0,5 6 7 8,1,15,,38283,5,0,5 6 7 8,1,55,,38284,5,0,5 6 7 8,1,15,,38285,5,0,5 6 7 8,1,15,,38286,5,0,5 6 7 8,1,15,,38287,5,0,5 6 7 8,1,55,,38288,5,0,5 6 7 8,1,15,,38289,5,0,5 6 7 8,1,15,,38290,5,0,5 6 7 8,1,15,,38291,5,0,5 6 7 8,1,55,,38292,5,0,5 6 7 8,1,15,,38293,5,0,5 6 7 8,1,15,,38294,5,0,5 6 7 8,1,15,,38295,5,0,5 6 7 8,1,55,,38296,5,0,5 6 7 8,1,15,,38297,5,0,5 6 7 8,1,15,,38298,5,0,5 6 7 8,1,15,,38299,5,0,5 6 7 8,1,55,,38300,5,0,5 6 7 8,1,15,,38301,5,0,5 6 7 8,1,15,,38302,5,0,5 6 7 8,1,15,,38303,5,0,5 6 7 8,1,55,,38304,5,0,5 6 7 8,1,15,,38305,5,0,5 6 7 8,1,15,,38306,5,0,5 6 7 8,1,15,,38307,5,0,5 6 7 8,1,55,,38308,5,0,5 6 7 8,1,15,,38309,5,0,5 6 7 8,1,15,,38310,5,0,5 6 7 8,1,15,,38311,5,0,5 6 7 8,1,55,,38312,5,0,5 6 7 8,1,15,,38313,5,0,5 6 7 8,1,15,,38314,5,0,5 6 7 8,1,15,,38315,5,0,5 6 7 8,1,55,,38316,5,0,5 6 7 8,1,15,,38317,5,0,5 6 7 8,1,15,,38318,5,0,5 6 7 8,1,15,,38319,5,0,5 6 7 8,1,55,,38320,5,0,5 6 7 8,1,15,,38321,5,0,5 6 7 8,1,15,,38322,5,0,5 6 7 8,1,15,,38323,5,0,5 6 7 8,1,55,,38324,5,0,5 6 7 8,1,15,,38325,5,0,5 6 7 8,1,15,,38326,5,0,5 6 7 8,1,15,,38327,5,0,5 6 7 8,1,55,,38328,5,0,5 6 7 8,1,15,,38329,5,0,5 6 7 8,1,15,,38257,8,,,1,15,,38258,8,,,1,55,,38259,8,,,1,15,,38260,8,,,1,15,,38261,8,,,1,15,,38262,8,,,1,55,,38263,8,,,1,15,,38264,8,,,1,15,,38265,8,,,1,15,,38266,8,,,1,55,,38267,8,,,1,15,,38268,8,,,1,15,,38269,8,,,1,15,,38270,8,,,1,55,,38271,8,,,1,15,,38272,8,,,1,15,,38273,8,,,1,15,,38274,8,,,1,55,,38275,8,,,1,15,,38276,8,,,1,15,,38277,8,,,1,15,,38278,8,,,1
