18002101,'021R-Weekday-1-26-09',527,,32849,7,,,1,12,,32851,7,,,1,12,,32852,7,,,1,6,,32983,7,,,1,46,,32850,7,,,1,6,,32881,7,,,1,6,,32882,7,,,1,6,,32883,7,,,1,6,,32884,7,,,1,6,,32880,7,,,1,6,,32879,7,,,1,6,,32878,7,,,1,6,,32877,7,,,1,6,,32876,7,,,1,46,,32875,7,,,1,6,,32874,7,,,1,6,,32873,7,,,1,6,,32872,7,,,1,6,,32871,7,,,1,6,,32870,7,,,1,6,,32869,7,,,1,6,,32868,7,,,1,6,,32867,7,,,1,6,,32866,7,,,1,46,,32865,7,,,1,6,,32864,7,,,1,6,,32863,7,,,1,6,,32862,7,,,1,6,,32861,7,,,1,6,,32860,7,,,1,6,,32859,7,,,1,6,,32858,7,,,1,6,,32857,7,,,1,6,,32856,7,,,1,46,,32855,7,,,1,6,,32854,7,,,1,10,,32885,7,,,1,10,,32886,7,,,1,10,,32887,7,,,1,10,,32888,7,,,1,10,,32889,7,,,1,50,,32890,7,,,1,10,,32891,7,,,1,10,,32892,7,,,1,10,,32893,7,,,1,10,,32894,7,,,1,10,,32895,7,,,1,50,,32896,7,,,1,10,,32897,7,,,1,10,,32898,7,,,1,10,,32899,7,,,1,10,,32900,7,,,1,10,,32901,7,,,1,50,,32902,7,,,1,10,,32903,7,,,1,10,,32904,7,,,1,10,,32905,7,,,1,10,,32906,7,,,1,10,,32907,7,,,1,50,,32908,7,,,1,10,,32909,7,,,1,10,,32910,7,,,1,10,,32911,7,,,1,10,,32912,7,,,1,10,,32913,7,,,1,50,,32914,7,,,1,6,,32915,7,,,1,6,,32916,7,,,1,6,,32917,7,,,1,6,,32918,7,,,1,6,,32919,7,,,1,6,,32920,7,,,1,6,,32921,7,,,1,6,,32922,7,,,1,46,,32923,7,,,1,6,,32924,7,,,1,6,,32925,7,,,1,6,,32926,7,,,1,6,,32927,7,,,1,6,,32928,7,,,1,6,,32929,7,,,1,6,,32930,7,,,1,6,,32931,7,,,1,6,,32932,7,,,1,46,,32933,7,,,1,6,,32934,7,,,1,6,,32935,7,,,1,6,,32936,7,,,1,6,,32937,7,,,1,6,,32938,7,,,1,6,,32939,7,,,1,6,,32940,7,,,1,6,,32941,7,,,1,6,,32942,7,,,1,46,,32943,7,,,1,6,,32944,7,,,1,6,,32945,7,,,1,6,,32946,7,,,1,6,,32947,7,,,1,6,,32948,7,,,1,6,,32949,7,,,1,6,,32950,7,,,1,6,,32951,7,,,1,6,,32952,7,,,1,46,,32953,7,,,1,6,,32954,7,,,1,6,,32955,7,,,1,9,,32956,7,,,1,15,,32957,7,,,1,15,,32958,7,,,1,55,,32959,7,,,1,15,,32960,7,,,1,15,,32961,7,,,1,15,,32962,7,,,1,55,,32963,7,,,1,15,,32964,7,,,1,15,,32965,7,,,1,15,,32966,7,,,1,55,,32967,7,,,1,15,,32968,7,,,1,15,,32969,7,,,1,15,,32970,7,,,1,55,,32971,7,,,1,15,,32972,7,,,1,15,,32973,7,,,1,15,,32974,7,,,1,55,,32975,7,,,1,15,,32976,7,,,1,15,,32977,7,,,1,15,,32978,7,,,1,55,,32979,7,,,1,15,,32980,7,,,1,15,,32981,7,,,1,15,,32982,7,,,1,55,,32853,7,,,1
18002101,'021R-Weekday-2-26-09',527,,32984,7,,,1,12,,32986,7,,,1,12,,32987,7,,,1,6,,33118,7,,,1,46,,32985,7,,,1,6,,33016,7,,,1,6,,33017,7,,,1,6,,33018,7,,,1,6,,33019,7,,,1,6,,33015,7,,,1,6,,33014,7,,,1,6,,33013,7,,,1,6,,33012,7,,,1,6,,33011,7,,,1,46,,33010,7,,,1,6,,33009,7,,,1,6,,33008,7,,,1,6,,33007,7,,,1,6,,33006,7,,,1,6,,33005,7,,,1,6,,33004,7,,,1,6,,33003,7,,,1,6,,33002,7,,,1,6,,33001,7,,,1,46,,33000,7,,,1,6,,32999,7,,,1,6,,32998,7,,,1,6,,32997,7,,,1,6,,32996,7,,,1,6,,32995,7,,,1,6,,32994,7,,,1,6,,32993,7,,,1,6,,32992,7,,,1,6,,32991,7,,,1,46,,32990,7,,,1,6,,32989,7,,,1,10,,33020,7,,,1,10,,33021,7,,,1,10,,33022,7,,,1,10,,33023,7,,,1,10,,33024,7,,,1,50,,33025,7,,,1,10,,33026,7,,,1,10,,33027,7,,,1,10,,33028,7,,,1,10,,33029,7,,,1,10,,33030,7,,,1,50,,33031,7,,,1,10,,33032,7,,,1,10,,33033,7,,,1,10,,33034,7,,,1,10,,33035,7,,,1,10,,33036,7,,,1,50,,33037,7,,,1,10,,33038,7,,,1,10,,33039,7,,,1,10,,33040,7,,,1,10,,33041,7,,,1,10,,33042,7,,,1,50,,33043,7,,,1,10,,33044,7,,,1,10,,33045,7,,,1,10,,33046,7,,,1,10,,33047,7,,,1,10,,33048,7,,,1,50,,33049,7,,,1,6,,33050,7,,,1,6,,33051,7,,,1,6,,33052,7,,,1,6,,33053,7,,,1,6,,33054,7,,,1,6,,33055,7,,,1,6,,33056,7,,,1,6,,33057,7,,,1,46,,33058,7,,,1,6,,33059,7,,,1,6,,33060,7,,,1,6,,33061,7,,,1,6,,33062,7,,,1,6,,33063,7,,,1,6,,33064,7,,,1,6,,33065,7,,,1,6,,33066,7,,,1,6,,33067,7,,,1,46,,33068,7,,,1,6,,33069,7,,,1,6,,33070,7,,,1,6,,33071,7,,,1,6,,33072,7,,,1,6,,33073,7,,,1,6,,33074,7,,,1,6,,33075,7,,,1,6,,33076,7,,,1,6,,33077,7,,,1,46,,33078,7,,,1,6,,33079,7,,,1,6,,33080,7,,,1,6,,33081,7,,,1,6,,33082,7,,,1,6,,33083,7,,,1,6,,33084,7,,,1,6,,33085,7,,,1,6,,33086,7,,,1,6,,33087,7,,,1,46,,33088,7,,,1,6,,33089,7,,,1,6,,33090,7,,,1,9,,33091,7,,,1,15,,33092,7,,,1,15,,33093,7,,,1,55,,33094,7,,,1,15,,33095,7,,,1,15,,33096,7,,,1,15,,33097,7,,,1,55,,33098,7,,,1,15,,33099,7,,,1,15,,33100,7,,,1,15,,33101,7,,,1,55,,33102,7,,,1,15,,33103,7,,,1,15,,33104,7,,,1,15,,33105,7,,,1,55,,33106,7,,,1,15,,33107,7,,,1,15,,33108,7,,,1,15,,33109,7,,,1,55,,33110,7,,,1,15,,33111,7,,,1,15,,33112,7,,,1,15,,33113,7,,,1,55,,33114,7,,,1,15,,33115,7,,,1,15,,33116,7,,,1,15,,33117,7,,,1,55,,32988,7,,,1
18002101,'021R-Weekday-3-26-09',527,,36689,7,,,1,12,,36691,7,,,1,12,,36692,7,,,1,6,,36823,7,,,1,46,,36690,7,,,1,6,,36721,7,,,1,6,,36722,7,,,1,6,,36723,7,,,1,6,,36724,7,,,1,6,,36720,7,,,1,6,,36719,7,,,1,6,,36718,7,,,1,6,,36717,7,,,1,6,,36716,7,,,1,46,,36715,7,,,1,6,,36714,7,,,1,6,,36713,7,,,1,6,,36712,7,,,1,6,,36711,7,,,1,6,,36710,7,,,1,6,,36709,7,,,1,6,,36708,7,,,1,6,,36707,7,,,1,6,,36706,7,,,1,46,,36705,7,,,1,6,,36704,7,,,1,6,,36703,7,,,1,6,,36702,7,,,1,6,,36701,7,,,1,6,,36700,7,,,1,6,,36699,7,,,1,6,,36698,7,,,1,6,,36697,7,,,1,6,,36696,7,,,1,46,,36695,7,,,1,6,,36694,7,,,1,10,,36725,7,,,1,10,,36726,7,,,1,10,,36727,7,,,1,10,,36728,7,,,1,10,,36729,7,,,1,50,,36730,7,,,1,10,,36731,7,,,1,10,,36732,7,,,1,10,,36733,7,,,1,10,,36734,7,,,1,10,,36735,7,,,1,50,,36736,7,,,1,10,,36737,7,,,1,10,,36738,7,,,1,10,,36739,7,,,1,10,,36740,7,,,1,10,,36741,7,,,1,50,,36742,7,,,1,10,,36743,7,,,1,10,,36744,7,,,1,10,,36745,7,,,1,10,,36746,7,,,1,10,,36747,7,,,1,50,,36748,7,,,1,10,,36749,7,,,1,10,,36750,7,,,1,10,,36751,7,,,1,10,,36752,7,,,1,10,,36753,7,,,1,50,,36754,7,,,1,6,,36755,7,,,1,6,,36756,7,,,1,6,,36757,7,,,1,6,,36758,7,,,1,6,,36759,7,,,1,6,,36760,7,,,1,6,,36761,7,,,1,6,,36762,7,,,1,46,,36763,7,,,1,6,,36764,7,,,1,6,,36765,7,,,1,6,,36766,7,,,1,6,,36767,7,,,1,6,,36768,7,,,1,6,,36769,7,,,1,6,,36770,7,,,1,6,,36771,7,,,1,6,,36772,7,,,1,46,,36773,7,,,1,6,,36774,7,,,1,6,,36775,7,,,1,6,,36776,7,,,1,6,,36777,7,,,1,6,,36778,7,,,1,6,,36779,7,,,1,6,,36780,7,,,1,6,,36781,7,,,1,6,,36782,7,,,1,46,,36783,7,,,1,6,,36784,7,,,1,6,,36785,7,,,1,6,,36786,7,,,1,6,,36787,7,,,1,6,,36788,7,,,1,6,,36789,7,,,1,6,,36790,7,,,1,6,,36791,7,,,1,6,,36792,7,,,1,46,,36793,7,,,1,6,,36794,7,,,1,6,,36795,7,,,1,9,,36796,7,,,1,15,,36797,7,,,1,15,,36798,7,,,1,55,,36799,7,,,1,15,,36800,7,,,1,15,,36801,7,,,1,15,,36802,7,,,1,55,,36803,7,,,1,15,,36804,7,,,1,15,,36805,7,,,1,15,,36806,7,,,1,55,,36807,7,,,1,15,,36808,7,,,1,15,,36809,7,,,1,15,,36810,7,,,1,55,,36811,7,,,1,15,,36812,7,,,1,15,,36813,7,,,1,15,,36814,7,,,1,55,,36815,7,,,1,15,,36816,7,,,1,15,,36817,7,,,1,15,,36818,7,,,1,55,,36819,7,,,1,15,,36820,7,,,1,15,,36821,7,,,1,15,,36822,7,,,1,55,,36693,7,,,1
18002101,'021R-Weekday-4-26-09',527,,33119,7,,,1,12,,33121,7,,,1,12,,33122,7,,,1,6,,33253,7,,,1,46,,33120,7,,,1,6,,33151,7,,,1,6,,33152,7,,,1,6,,33153,7,,,1,6,,33154,7,,,1,6,,33150,7,,,1,6,,33149,7,,,1,6,,33148,7,,,1,6,,33147,7,,,1,6,,33146,7,,,1,46,,33145,7,,,1,6,,33144,7,,,1,6,,33143,7,,,1,6,,33142,7,,,1,6,,33141,7,,,1,6,,33140,7,,,1,6,,33139,7,,,1,6,,33138,7,,,1,6,,33137,7,,,1,6,,33136,7,,,1,46,,33135,7,,,1,6,,33134,7,,,1,6,,33133,7,,,1,6,,33132,7,,,1,6,,33131,7,,,1,6,,33130,7,,,1,6,,33129,7,,,1,6,,33128,7,,,1,6,,33127,7,,,1,6,,33126,7,,,1,46,,33125,7,,,1,6,,33124,7,,,1,10,,33155,7,,,1,10,,33156,7,,,1,10,,33157,7,,,1,10,,33158,7,,,1,10,,33159,7,,,1,50,,33160,7,,,1,10,,33161,7,,,1,10,,33162,7,,,1,10,,33163,7,,,1,10,,33164,7,,,1,10,,33165,7,,,1,50,,33166,7,,,1,10,,33167,7,,,1,10,,33168,7,,,1,10,,33169,7,,,1,10,,33170,7,,,1,10,,33171,7,,,1,50,,33172,7,,,1,10,,33173,7,,,1,10,,33174,7,,,1,10,,33175,7,,,1,10,,33176,7,,,1,10,,33177,7,,,1,50,,33178,7,,,1,10,,33179,7,,,1,10,,33180,7,,,1,10,,33181,7,,,1,10,,33182,7,,,1,10,,33183,7,,,1,50,,33184,7,,,1,6,,33185,7,,,1,6,,33186,7,,,1,6,,33187,7,,,1,6,,33188,7,,,1,6,,33189,7,,,1,6,,33190,7,,,1,6,,33191,7,,,1,6,,33192,7,,,1,46,,33193,7,,,1,6,,33194,7,,,1,6,,33195,7,,,1,6,,33196,7,,,1,6,,33197,7,,,1,6,,33198,7,,,1,6,,33199,7,,,1,6,,33200,7,,,1,6,,33201,7,,,1,6,,33202,7,,,1,46,,33203,7,,,1,6,,33204,7,,,1,6,,33205,7,,,1,6,,33206,7,,,1,6,,33207,7,,,1,6,,33208,7,,,1,6,,33209,7,,,1,6,,33210,7,,,1,6,,33211,7,,,1,6,,33212,7,,,1,46,,33213,7,,,1,6,,33214,7,,,1,6,,33215,7,,,1,6,,33216,7,,,1,6,,33217,7,,,1,6,,33218,7,,,1,6,,33219,7,,,1,6,,33220,7,,,1,6,,33221,7,,,1,6,,33222,7,,,1,46,,33223,7,,,1,6,,33224,7,,,1,6,,33225,7,,,1,9,,33226,7,,,1,15,,33227,7,,,1,15,,33228,7,,,1,55,,33229,7,,,1,15,,33230,7,,,1,15,,33231,7,,,1,15,,33232,7,,,1,55,,33233,7,,,1,15,,33234,7,,,1,15,,33235,7,,,1,15,,33236,7,,,1,55,,33237,7,,,1,15,,33238,7,,,1,15,,33239,7,,,1,15,,33240,7,,,1,55,,33241,7,,,1,15,,33242,7,,,1,15,,33243,7,,,1,15,,33244,7,,,1,55,,33245,7,,,1,15,,33246,7,,,1,15,,33247,7,,,1,15,,33248,7,,,1,55,,33249,7,,,1,15,,33250,7,,,1,15,,33251,7,,,1,15,,33252,7,,,1,55,,33123,7,,,1
18002101,'021R-Weekday-5-26-09',527,,36824,7,,,1,12,,36826,7,,,1,12,,36827,7,,,1,6,,36958,7,,,1,46,,36825,7,,,1,6,,36856,7,,,1,6,,36857,7,,,1,6,,36858,7,,,1,6,,36859,7,,,1,6,,36855,7,,,1,6,,36854,7,,,1,6,,36853,7,,,1,6,,36852,7,,,1,6,,36851,7,,,1,46,,36850,7,,,1,6,,36849,7,,,1,6,,36848,7,,,1,6,,36847,7,,,1,6,,36846,7,,,1,6,,36845,7,,,1,6,,36844,7,,,1,6,,36843,7,,,1,6,,36842,7,,,1,6,,36841,7,,,1,46,,36840,7,,,1,6,,36839,7,,,1,6,,36838,7,,,1,6,,36837,7,,,1,6,,36836,7,,,1,6,,36835,7,,,1,6,,36834,7,,,1,6,,36833,7,,,1,6,,36832,7,,,1,6,,36831,7,,,1,46,,36830,7,,,1,6,,36829,7,,,1,10,,36860,7,,,1,10,,36861,7,,,1,10,,36862,7,,,1,10,,36863,7,,,1,10,,36864,7,,,1,50,,36865,7,,,1,10,,36866,7,,,1,10,,36867,7,,,1,10,,36868,7,,,1,10,,36869,7,,,1,10,,36870,7,,,1,50,,36871,7,,,1,10,,36872,7,,,1,10,,36873,7,,,1,10,,36874,7,,,1,10,,36875,7,,,1,10,,36876,7,,,1,50,,36877,7,,,1,10,,36878,7,,,1,10,,36879,7,,,1,10,,36880,7,,,1,10,,36881,7,,,1,10,,36882,7,,,1,50,,36883,7,,,1,10,,36884,7,,,1,10,,36885,7,,,1,10,,36886,7,,,1,10,,36887,7,,,1,10,,36888,7,,,1,50,,36889,7,,,1,6,,36890,7,,,1,6,,36891,7,,,1,6,,36892,7,,,1,6,,36893,7,,,1,6,,36894,7,,,1,6,,36895,7,,,1,6,,36896,7,,,1,6,,36897,7,,,1,46,,36898,7,,,1,6,,36899,7,,,1,6,,36900,7,,,1,6,,36901,7,,,1,6,,36902,7,,,1,6,,36903,7,,,1,6,,36904,7,,,1,6,,36905,7,,,1,6,,36906,7,,,1,6,,36907,7,,,1,46,,36908,7,,,1,6,,36909,7,,,1,6,,36910,7,,,1,6,,36911,7,,,1,6,,36912,7,,,1,6,,36913,7,,,1,6,,36914,7,,,1,6,,36915,7,,,1,6,,36916,7,,,1,6,,36917,7,,,1,46,,36918,7,,,1,6,,36919,7,,,1,6,,36920,7,,,1,6,,36921,7,,,1,6,,36922,7,,,1,6,,36923,7,,,1,6,,36924,7,,,1,6,,36925,7,,,1,6,,36926,7,,,1,6,,36927,7,,,1,46,,36928,7,,,1,6,,36929,7,,,1,6,,36930,7,,,1,9,,36931,7,,,1,15,,36932,7,,,1,15,,36933,7,,,1,55,,36934,7,,,1,15,,36935,7,,,1,15,,36936,7,,,1,15,,36937,7,,,1,55,,36938,7,,,1,15,,36939,7,,,1,15,,36940,7,,,1,15,,36941,7,,,1,55,,36942,7,,,1,15,,36943,7,,,1,15,,36944,7,,,1,15,,36945,7,,,1,55,,36946,7,,,1,15,,36947,7,,,1,15,,36948,7,,,1,15,,36949,7,,,1,55,,36950,7,,,1,15,,36951,7,,,1,15,,36952,7,,,1,15,,36953,7,,,1,55,,36954,7,,,1,15,,36955,7,,,1,15,,36956,7,,,1,15,,36957,7,,,1,55,,36828,7,,,1
18002101,'021R-Weekday-6-26-09',527,,36959,7,,,1,12,,36961,7,,,1,12,,36962,7,,,1,6,,37093,7,,,1,46,,36960,7,,,1,6,,36991,7,,,1,6,,36992,7,,,1,6,,36993,7,,,1,6,,36994,7,,,1,6,,36990,7,,,1,6,,36989,7,,,1,6,,36988,7,,,1,6,,36987,7,,,1,6,,36986,7,,,1,46,,36985,7,,,1,6,,36984,7,,,1,6,,36983,7,,,1,6,,36982,7,,,1,6,,36981,7,,,1,6,,36980,7,,,1,6,,36979,7,,,1,6,,36978,7,,,1,6,,36977,7,,,1,6,,36976,7,,,1,46,,36975,7,,,1,6,,36974,7,,,1,6,,36973,7,,,1,6,,36972,7,,,1,6,,36971,7,,,1,6,,36970,7,,,1,6,,36969,7,,,1,6,,36968,7,,,1,6,,36967,7,,,1,6,,36966,7,,,1,46,,36965,7,,,1,6,,36964,7,,,1,10,,36995,7,,,1,10,,36996,7,,,1,10,,36997,7,,,1,10,,36998,7,,,1,10,,36999,7,,,1,50,,37000,7,,,1,10,,37001,7,,,1,10,,37002,7,,,1,10,,37003,7,,,1,10,,37004,7,,,1,10,,37005,7,,,1,50,,37006,7,,,1,10,,37007,7,,,1,10,,37008,7,,,1,10,,37009,7,,,1,10,,37010,7,,,1,10,,37011,7,,,1,50,,37012,7,,,1,10,,37013,7,,,1,10,,37014,7,,,1,10,,37015,7,,,1,10,,37016,7,,,1,10,,37017,7,,,1,50,,37018,7,,,1,10,,37019,7,,,1,10,,37020,7,,,1,10,,37021,7,,,1,10,,37022,7,,,1,10,,37023,7,,,1,50,,37024,7,,,1,6,,37025,7,,,1,6,,37026,7,,,1,6,,37027,7,,,1,6,,37028,7,,,1,6,,37029,7,,,1,6,,37030,7,,,1,6,,37031,7,,,1,6,,37032,7,,,1,46,,37033,7,,,1,6,,37034,7,,,1,6,,37035,7,,,1,6,,37036,7,,,1,6,,37037,7,,,1,6,,37038,7,,,1,6,,37039,7,,,1,6,,37040,7,,,1,6,,37041,7,,,1,6,,37042,7,,,1,46,,37043,7,,,1,6,,37044,7,,,1,6,,37045,7,,,1,6,,37046,7,,,1,6,,37047,7,,,1,6,,37048,7,,,1,6,,37049,7,,,1,6,,37050,7,,,1,6,,37051,7,,,1,6,,37052,7,,,1,46,,37053,7,,,1,6,,37054,7,,,1,6,,37055,7,,,1,6,,37056,7,,,1,6,,37057,7,,,1,6,,37058,7,,,1,6,,37059,7,,,1,6,,37060,7,,,1,6,,37061,7,,,1,6,,37062,7,,,1,46,,37063,7,,,1,6,,37064,7,,,1,6,,37065,7,,,1,9,,37066,7,,,1,15,,37067,7,,,1,15,,37068,7,,,1,55,,37069,7,,,1,15,,37070,7,,,1,15,,37071,7,,,1,15,,37072,7,,,1,55,,37073,7,,,1,15,,37074,7,,,1,15,,37075,7,,,1,15,,37076,7,,,1,55,,37077,7,,,1,15,,37078,7,,,1,15,,37079,7,,,1,15,,37080,7,,,1,55,,37081,7,,,1,15,,37082,7,,,1,15,,37083,7,,,1,15,,37084,7,,,1,55,,37085,7,,,1,15,,37086,7,,,1,15,,37087,7,,,1,15,,37088,7,,,1,55,,37089,7,,,1,15,,37090,7,,,1,15,,37091,7,,,1,15,,37092,7,,,1,55,,36963,7,,,1
18002101,'021R-Weekday-7-26-09',527,,37094,7,,,1,12,,37096,7,,,1,12,,37097,7,,,1,6,,37228,7,,,1,46,,37095,7,,,1,6,,37126,7,,,1,6,,37127,7,,,1,6,,37128,7,,,1,6,,37129,7,,,1,6,,37125,7,,,1,6,,37124,7,,,1,6,,37123,7,,,1,6,,37122,7,,,1,6,,37121,7,,,1,46,,37120,7,,,1,6,,37119,7,,,1,6,,37118,7,,,1,6,,37117,7,,,1,6,,37116,7,,,1,6,,37115,7,,,1,6,,37114,7,,,1,6,,37113,7,,,1,6,,37112,7,,,1,6,,37111,7,,,1,46,,37110,7,,,1,6,,37109,7,,,1,6,,37108,7,,,1,6,,37107,7,,,1,6,,37106,7,,,1,6,,37105,7,,,1,6,,37104,7,,,1,6,,37103,7,,,1,6,,37102,7,,,1,6,,37101,7,,,1,46,,37100,7,,,1,6,,37099,7,,,1,10,,37130,7,,,1,10,,37131,7,,,1,10,,37132,7,,,1,10,,37133,7,,,1,10,,37134,7,,,1,50,,37135,7,,,1,10,,37136,7,,,1,10,,37137,7,,,1,10,,37138,7,,,1,10,,37139,7,,,1,10,,37140,7,,,1,50,,37141,7,,,1,10,,37142,7,,,1,10,,37143,7,,,1,10,,37144,7,,,1,10,,37145,7,,,1,10,,37146,7,,,1,50,,37147,7,,,1,10,,37148,7,,,1,10,,37149,7,,,1,10,,37150,7,,,1,10,,37151,7,,,1,10,,37152,7,,,1,50,,37153,7,,,1,10,,37154,7,,,1,10,,37155,7,,,1,10,,37156,7,,,1,10,,37157,7,,,1,10,,37158,7,,,1,50,,37159,7,,,1,6,,37160,7,,,1,6,,37161,7,,,1,6,,37162,7,,,1,6,,37163,7,,,1,6,,37164,7,,,1,6,,37165,7,,,1,6,,37166,7,,,1,6,,37167,7,,,1,46,,37168,7,,,1,6,,37169,7,,,1,6,,37170,7,,,1,6,,37171,7,,,1,6,,37172,7,,,1,6,,37173,7,,,1,6,,37174,7,,,1,6,,37175,7,,,1,6,,37176,7,,,1,6,,37177,7,,,1,46,,37178,7,,,1,6,,37179,7,,,1,6,,37180,7,,,1,6,,37181,7,,,1,6,,37182,7,,,1,6,,37183,7,,,1,6,,37184,7,,,1,6,,37185,7,,,1,6,,37186,7,,,1,6,,37187,7,,,1,46,,37188,7,,,1,6,,37189,7,,,1,6,,37190,7,,,1,6,,37191,7,,,1,6,,37192,7,,,1,6,,37193,7,,,1,6,,37194,7,,,1,6,,37195,7,,,1,6,,37196,7,,,1,6,,37197,7,,,1,46,,37198,7,,,1,6,,37199,7,,,1,6,,37200,7,,,1,9,,37201,7,,,1,15,,37202,7,,,1,15,,37203,7,,,1,55,,37204,7,,,1,15,,37205,7,,,1,15,,37206,7,,,1,15,,37207,7,,,1,55,,37208,7,,,1,15,,37209,7,,,1,15,,37210,7,,,1,15,,37211,7,,,1,55,,37212,7,,,1,15,,37213,7,,,1,15,,37214,7,,,1,15,,37215,7,,,1,55,,37216,7,,,1,15,,37217,7,,,1,15,,37218,7,,,1,15,,37219,7,,,1,55,,37220,7,,,1,15,,37221,7,,,1,15,,37222,7,,,1,15,,37223,7,,,1,55,,37224,7,,,1,15,,37225,7,,,1,15,,37226,7,,,1,15,,37227,7,,,1,55,,37098,7,,,1
18002101,'021R-Saturday-1-26-09',524,,33254,7,,,1,15,,33255,7,,,1,15,,33256,7,,,1,55,,33257,7,,,1,15,,33258,7,,,1,15,,33259,7,,,1,15,,33260,7,,,1,55,,33261,7,,,1,15,,33262,7,,,1,15,,33263,7,,,1,15,,33264,7,,,1,55,,33265,7,,,1,15,,33266,7,,,1,15,,33267,7,,,1,15,,33268,7,,,1,55,,33269,7,,,1,15,,33270,7,,,1,15,,33271,7,,,1,15,,33272,7,,,1,55,,33273,7,,,1,15,,33274,7,,,1,15,,33275,7,,,1,15,,33276,7,,,1,55,,33277,7,,,1,15,,33278,7,,,1,15,,33279,7,,,1,15,,33280,7,,,1,55,,33281,7,,,1,15,,33282,7,,,1,15,,33283,7,,,1,15,,33284,7,,,1,55,,33285,7,,,1,15,,33286,7,,,1,15,,33287,7,,,1,15,,33288,7,,,1,55,,33289,7,,,1,15,,33290,7,,,1,15,,33291,7,,,1,15,,33292,7,,,1,55,,33293,7,,,1,15,,33294,7,,,1,15,,33295,7,,,1,15,,33296,7,,,1,55,,33297,7,,,1,15,,33298,7,,,1,15,,33299,7,,,1,15,,33300,7,,,1,55,,33301,7,,,1,15,,33302,7,,,1,15,,33303,7,,,1,15,,33304,7,,,1,55,,33305,7,,,1,15,,33306,7,,,1,15,,33307,7,,,1,15,,33308,7,,,1,55,,33309,7,,,1,15,,33310,7,,,1,15,,33311,7,,,1,15,,33312,7,,,1,55,,33313,7,,,1,15,,33314,7,,,1,15,,33315,7,,,1,15,,33316,7,,,1,55,,33317,7,,,1,15,,33318,7,,,1,15,,33319,7,,,1,15,,33320,7,,,1,55,,33321,7,,,1,15,,33322,7,,,1,15,,33323,7,,,1,15,,33324,7,,,1,55,,33325,7,,,1,15,,33326,7,,,1,15,,33327,7,,,1,15,,33328,7,,,1,55,,33329,7,,,1,15,,33330,7,,,1,15,,33331,7,,,1,15,,33332,7,,,1,55,,33333,7,,,1
18002101,'021R-Saturday-2-26-09',526,,37229,7,,,1,15,,37230,7,,,1,15,,37231,7,,,1,55,,37232,7,,,1,15,,37233,7,,,1,15,,37234,7,,,1,15,,37235,7,,,1,55,,37236,7,,,1,15,,37237,7,,,1,15,,37238,7,,,1,15,,37239,7,,,1,55,,37240,7,,,1,15,,37241,7,,,1,15,,37242,7,,,1,15,,37243,7,,,1,55,,37244,7,,,1,15,,37245,7,,,1,15,,37246,7,,,1,15,,37247,7,,,1,55,,37248,7,,,1,15,,37249,7,,,1,15,,37250,7,,,1,15,,37251,7,,,1,55,,37252,7,,,1,15,,37253,7,,,1,15,,37254,7,,,1,15,,37255,7,,,1,55,,37256,7,,,1,15,,37257,7,,,1,15,,37258,7,,,1,15,,37259,7,,,1,55,,37260,7,,,1,15,,37261,7,,,1,15,,37262,7,,,1,15,,37263,7,,,1,55,,37264,7,,,1,15,,37265,7,,,1,15,,37266,7,,,1,15,,37267,7,,,1,55,,37268,7,,,1,15,,37269,7,,,1,15,,37270,7,,,1,15,,37271,7,,,1,55,,37272,7,,,1,15,,37273,7,,,1,15,,37274,7,,,1,15,,37275,7,,,1,55,,37276,7,,,1,15,,37277,7,,,1,15,,37278,7,,,1,15,,37279,7,,,1,55,,37280,7,,,1,15,,37281,7,,,1,15,,37282,7,,,1,15,,37283,7,,,1,55,,37284,7,,,1,15,,37285,7,,,1,15,,37286,7,,,1,15,,37287,7,,,1,55,,37288,7,,,1,15,,37289,7,,,1,15,,37290,7,,,1,15,,37291,7,,,1,55,,37292,7,,,1,15,,37293,7,,,1,15,,37294,7,,,1,15,,37295,7,,,1,55,,37296,7,,,1,15,,37297,7,,,1,15,,37298,7,,,1,15,,37299,7,,,1,55,,37300,7,,,1,15,,37301,7,,,1,15,,37302,7,,,1,15,,37303,7,,,1,55,,37304,7,,,1,15,,37305,7,,,1,15,,37306,7,,,1,15,,37307,7,,,1,55,,37308,7,,,1
18002101,'021R-Sunday-1-26-09',524,,33334,7,,,1,15,,33335,7,,,1,15,,33336,7,,,1,55,,33337,7,,,1,15,,33338,7,,,1,15,,33339,7,,,1,15,,33340,7,,,1,55,,33341,7,,,1,15,,33342,7,,,1,15,,33343,7,,,1,15,,33344,7,,,1,55,,33345,7,,,1,15,,33346,7,,,1,15,,33347,7,,,1,15,,33348,7,,,1,55,,33349,7,,,1,15,,33350,7,,,1,15,,33351,7,,,1,15,,33352,7,,,1,55,,33353,7,,,1,15,,33354,7,,,1,15,,33355,7,,,1,15,,33356,7,,,1,55,,33357,7,,,1,15,,33358,7,,,1,15,,33359,7,,,1,15,,33360,7,,,1,55,,33361,7,,,1,15,,33362,7,,,1,15,,33363,7,,,1,15,,33364,7,,,1,55,,33365,7,,,1,15,,33366,7,,,1,15,,33367,7,,,1,15,,33368,7,,,1,55,,33369,7,,,1,15,,33370,7,,,1,15,,33371,7,,,1,15,,33372,7,,,1,55,,33373,7,,,1,15,,33374,7,,,1,15,,33375,7,,,1,15,,33376,7,,,1,55,,33377,7,,,1,15,,33378,7,,,1,15,,33379,7,,,1,15,,33380,7,,,1,55,,33381,7,,,1,15,,33382,7,,,1,15,,33383,7,,,1,15,,33384,7,,,1,55,,33385,7,,,1,15,,33386,7,,,1,15,,33387,7,,,1,15,,33388,7,,,1,55,,33389,7,,,1,15,,33390,7,,,1,15,,33391,7,,,1,15,,33392,7,,,1,55,,33393,7,,,1,15,,33394,7,,,1,15,,33395,7,,,1,15,,33396,7,,,1,55,,33397,7,,,1,15,,33398,7,,,1,15,,33399,7,,,1,15,,33400,7,,,1,55,,33401,7,,,1,15,,33402,7,,,1,15,,33403,7,,,1,15,,33404,7,,,1,55,,33405,7,,,1,15,,33406,7,,,1,15,,33407,7,,,1,15,,33408,7,,,1,55,,33409,7,,,1,15,,33410,7,,,1
18002101,'021R-Sunday-2-26-09',526,,37309,7,,,1,15,,37310,7,,,1,15,,37311,7,,,1,55,,37312,7,,,1,15,,37313,7,,,1,15,,37314,7,,,1,15,,37315,7,,,1,55,,37316,7,,,1,15,,37317,7,,,1,15,,37318,7,,,1,15,,37319,7,,,1,55,,37320,7,,,1,15,,37321,7,,,1,15,,37322,7,,,1,15,,37323,7,,,1,55,,37324,7,,,1,15,,37325,7,,,1,15,,37326,7,,,1,15,,37327,7,,,1,55,,37328,7,,,1,15,,37329,7,,,1,15,,37330,7,,,1,15,,37331,7,,,1,55,,37332,7,,,1,15,,37333,7,,,1,15,,37334,7,,,1,15,,37335,7,,,1,55,,37336,7,,,1,15,,37337,7,,,1,15,,37338,7,,,1,15,,37339,7,,,1,55,,37340,7,,,1,15,,37341,7,,,1,15,,37342,7,,,1,15,,37343,7,,,1,55,,37344,7,,,1,15,,37345,7,,,1,15,,37346,7,,,1,15,,37347,7,,,1,55,,37348,7,,,1,15,,37349,7,,,1,15,,37350,7,,,1,15,,37351,7,,,1,55,,37352,7,,,1,15,,37353,7,,,1,15,,37354,7,,,1,15,,37355,7,,,1,55,,37356,7,,,1,15,,37357,7,,,1,15,,37358,7,,,1,15,,37359,7,,,1,55,,37360,7,,,1,15,,37361,7,,,1,15,,37362,7,,,1,15,,37363,7,,,1,55,,37364,7,,,1,15,,37365,7,,,1,15,,37366,7,,,1,15,,37367,7,,,1,55,,37368,7,,,1,15,,37369,7,,,1,15,,37370,7,,,1,15,,37371,7,,,1,55,,37372,7,,,1,15,,37373,7,,,1,15,,37374,7,,,1,15,,37375,7,,,1,55,,37376,7,,,1,15,,37377,7,,,1,15,,37378,7,,,1,15,,37379,7,,,1,55,,37380,7,,,1,15,,37381,7,,,1,15,,37382,7,,,1,15,,37383,7,,,1,55,,37384,7,,,1,15,,37385,7,,,1
18002101,'021R-Sunday-4-26-09',526,,37386,7,,,1,15,,37387,7,,,1,15,,37388,7,,,1,55,,37389,7,,,1,15,,37390,7,,,1,15,,37391,7,,,1,15,,37392,7,,,1,55,,37393,7,,,1,15,,37394,7,,,1,15,,37395,7,,,1,15,,37396,7,,,1,55,,37397,7,,,1,15,,37398,7,,,1,15,,37399,7,,,1,15,,37400,7,,,1,55,,37401,7,,,1,15,,37402,7,,,1,15,,37403,7,,,1,15,,37404,7,,,1,55,,37405,7,,,1,15,,37406,7,,,1,15,,37407,7,,,1,15,,37408,7,,,1,55,,37409,7,,,1,15,,37410,7,,,1,15,,37411,7,,,1,15,,37412,7,,,1,55,,37413,7,,,1,15,,37414,7,,,1,15,,37415,7,,,1,15,,37416,7,,,1,55,,37417,7,,,1,15,,37418,7,,,1,15,,37419,7,,,1,15,,37420,7,,,1,55,,37421,7,,,1,15,,37422,7,,,1,15,,37423,7,,,1,15,,37424,7,,,1,55,,37425,7,,,1,15,,37426,7,,,1,15,,37427,7,,,1,15,,37428,7,,,1,55,,37429,7,,,1,15,,37430,7,,,1,15,,37431,7,,,1,15,,37432,7,,,1,55,,37433,7,,,1,15,,37434,7,,,1,15,,37435,7,,,1,15,,37436,7,,,1,55,,37437,7,,,1,15,,37438,7,,,1,15,,37439,7,,,1,15,,37440,7,,,1,55,,37441,7,,,1,15,,37442,7,,,1,15,,37443,7,,,1,15,,37444,7,,,1,55,,37445,7,,,1,15,,37446,7,,,1,15,,37447,7,,,1,15,,37448,7,,,1,55,,37449,7,,,1,15,,37450,7,,,1,15,,37451,7,,,1,15,,37452,7,,,1,55,,37453,7,,,1,15,,37454,7,,,1,15,,37455,7,,,1,15,,37456,7,,,1,55,,37457,7,,,1,15,,37458,7,,,1,15,,37459,7,,,1,15,,37460,7,,,1,55,,37461,7,,,1,15,,37462,7,,,1
18002201,'022R-Weekday-1-26-09',606,,33824,4,0,12 13,1,12,,33825,4,0,12 13,1,12,,33826,4,0,12 13,1,12,,33827,4,0,12 13,1,12,,33828,4,0,12 13,1,52,,33829,4,0,12 13,1,12,,33830,4,0,12 13,1,12,,33831,4,0,12 13,1,12,,33832,4,0,12 13,1,12,,33833,4,0,12 13,1,52,,33834,4,0,12 13,1,12,,33835,4,0,12 13,1,12,,33836,4,0,12 13,1,12,,33837,4,0,12 13,1,12,,33838,4,0,12 13,1,52,,33839,4,0,12 13,1,12,,33840,4,0,12 13,1,18,,33841,4,0,12 13,1,20,,33842,4,0,12 13,1,55,,33843,4,0,12 13,1,15,,33844,4,0,12 13,1,15,,33845,4,0,12 13,1,15,,33846,4,0,12 13,1,55,,33847,4,0,12 13,1,15,,33848,4,0,12 13,1,15,,33849,4,0,12 13,1,15,,33850,4,0,12 13,1,55,,33851,4,0,12 13,1,15,,33852,4,0,12 13,1,15,,33853,4,0,12 13,1,15,,33854,4,0,12 13,1,55,,33855,4,0,12 13,1,15,,33856,4,0,12 13,1,15,,33857,4,0,12 13,1,13,,33858,4,0,12 13,1,52,,33859,4,0,12 13,1,12,,33860,4,0,12 13,1,12,,33861,4,0,12 13,1,12,,33862,4,0,12 13,1,12,,33863,4,0,12 13,1,52,,33864,4,0,12 13,1,12,,33865,4,0,12 13,1,12,,33866,4,0,12 13,1,12,,33867,4,0,12 13,1,12,,33868,4,0,12 13,1,52,,33869,4,0,12 13,1,12,,33870,4,0,12 13,1,12,,33871,4,0,12 13,1,12,,33872,4,0,12 13,1,12,,33873,4,0,12 13,1,52,,33874,4,0,12 13,1,12,,33875,4,0,12 13,1,12,,33876,4,0,12 13,1,12,,33877,4,0,12 13,1,12,,33878,4,0,12 13,1,52,,33879,4,0,12 13,1,12,,33880,4,0,12 13,1,17,,33881,4,0,12 13,1,15,,33882,4,0,12 13,1,55,,33883,4,0,12 13,1,15,,33884,4,0,12 13,1,15,,33885,4,0,12 13,1,15,,33886,4,0,12 13,1,55,,33887,4,0,12 13,1,15,,33888,4,0,12 13,1,15,,33889,4,0,12 13,1,15,,33890,4,0,12 13,1,55,,33891,4,0,12 13,1,15,,33892,4,0,12 13,1,15,,33893,4,0,12 13,1,15,,33894,4,0,12 13,1,55,,33895,4,0,12 13,1,15,,33896,4,0,12 13,1,15,,33897,4,0,12 13,1,15,,33898,4,0,12 13,1,55,,33899,4,0,12 13,1,15,,33823,4,0,12 13,1,15,,33822,4,0,12 13,1,15,,33821,4,0,12 13,1,55,,33820,4,0,12 13,1,15,,33819,4,0,12 13,1,15,,33818,4,0,12 13,1,15,,33817,4,0,12 13,1,55,,33816,4,0,12 13,1
18002201,'022R-Weekday-2-26-09',606,,33908,4,0,12 13,1,12,,33909,4,0,12 13,1,12,,33910,4,0,12 13,1,12,,33911,4,0,12 13,1,12,,33912,4,0,12 13,1,52,,33913,4,0,12 13,1,12,,33914,4,0,12 13,1,12,,33915,4,0,12 13,1,12,,33916,4,0,12 13,1,12,,33917,4,0,12 13,1,52,,33918,4,0,12 13,1,12,,33919,4,0,12 13,1,12,,33920,4,0,12 13,1,12,,33921,4,0,12 13,1,12,,33922,4,0,12 13,1,52,,33923,4,0,12 13,1,12,,33924,4,0,12 13,1,18,,33925,4,0,12 13,1,20,,33926,4,0,12 13,1,55,,33927,4,0,12 13,1,15,,33928,4,0,12 13,1,15,,33929,4,0,12 13,1,15,,33930,4,0,12 13,1,55,,33931,4,0,12 13,1,15,,33932,4,0,12 13,1,15,,33933,4,0,12 13,1,15,,33934,4,0,12 13,1,55,,33935,4,0,12 13,1,15,,33936,4,0,12 13,1,15,,33937,4,0,12 13,1,15,,33938,4,0,12 13,1,55,,33939,4,0,12 13,1,15,,33940,4,0,12 13,1,15,,33941,4,0,12 13,1,13,,33942,4,0,12 13,1,52,,33943,4,0,12 13,1,12,,33944,4,0,12 13,1,12,,33945,4,0,12 13,1,12,,33946,4,0,12 13,1,12,,33947,4,0,12 13,1,52,,33948,4,0,12 13,1,12,,33949,4,0,12 13,1,12,,33950,4,0,12 13,1,12,,33951,4,0,12 13,1,12,,33952,4,0,12 13,1,52,,33953,4,0,12 13,1,12,,33954,4,0,12 13,1,12,,33955,4,0,12 13,1,12,,33956,4,0,12 13,1,12,,33957,4,0,12 13,1,52,,33958,4,0,12 13,1,12,,33959,4,0,12 13,1,12,,33960,4,0,12 13,1,12,,33961,4,0,12 13,1,12,,33962,4,0,12 13,1,52,,33963,4,0,12 13,1,12,,33964,4,0,12 13,1,17,,33965,4,0,12 13,1,15,,33966,4,0,12 13,1,55,,33967,4,0,12 13,1,15,,33968,4,0,12 13,1,15,,33969,4,0,12 13,1,15,,33970,4,0,12 13,1,55,,33971,4,0,12 13,1,15,,33972,4,0,12 13,1,15,,33973,4,0,12 13,1,15,,33974,4,0,12 13,1,55,,33975,4,0,12 13,1,15,,33976,4,0,12 13,1,15,,33977,4,0,12 13,1,15,,33978,4,0,12 13,1,55,,33979,4,0,12 13,1,15,,33980,4,0,12 13,1,15,,33981,4,0,12 13,1,15,,33982,4,0,12 13,1,55,,33983,4,0,12 13,1,15,,33907,4,0,12 13,1,15,,33906,4,0,12 13,1,15,,33905,4,0,12 13,1,55,,33904,4,0,12 13,1,15,,33903,4,0,12 13,1,15,,33902,4,0,12 13,1,15,,33901,4,0,12 13,1,55,,33900,4,0,12 13,1
18002201,'022R-Weekday-3-26-09',606,,38338,4,0,12 13,1,12,,38339,4,0,12 13,1,12,,38340,4,0,12 13,1,12,,38341,4,0,12 13,1,12,,38342,4,0,12 13,1,52,,38343,4,0,12 13,1,12,,38344,4,0,12 13,1,12,,38345,4,0,12 13,1,12,,38346,4,0,12 13,1,12,,38347,4,0,12 13,1,52,,38348,4,0,12 13,1,12,,38349,4,0,12 13,1,12,,38350,4,0,12 13,1,12,,38351,4,0,12 13,1,12,,38352,4,0,12 13,1,52,,38353,4,0,12 13,1,12,,38354,4,0,12 13,1,18,,38355,4,0,12 13,1,20,,38356,4,0,12 13,1,55,,38357,4,0,12 13,1,15,,38358,4,0,12 13,1,15,,38359,4,0,12 13,1,15,,38360,4,0,12 13,1,55,,38361,4,0,12 13,1,15,,38362,4,0,12 13,1,15,,38363,4,0,12 13,1,15,,38364,4,0,12 13,1,55,,38365,4,0,12 13,1,15,,38366,4,0,12 13,1,15,,38367,4,0,12 13,1,15,,38368,4,0,12 13,1,55,,38369,4,0,12 13,1,15,,38370,4,0,12 13,1,15,,38371,4,0,12 13,1,13,,38372,4,0,12 13,1,52,,38373,4,0,12 13,1,12,,38374,4,0,12 13,1,12,,38375,4,0,12 13,1,12,,38376,4,0,12 13,1,12,,38377,4,0,12 13,1,52,,38378,4,0,12 13,1,12,,38379,4,0,12 13,1,12,,38380,4,0,12 13,1,12,,38381,4,0,12 13,1,12,,38382,4,0,12 13,1,52,,38383,4,0,12 13,1,12,,38384,4,0,12 13,1,12,,38385,4,0,12 13,1,12,,38386,4,0,12 13,1,12,,38387,4,0,12 13,1,52,,38388,4,0,12 13,1,12,,38389,4,0,12 13,1,12,,38390,4,0,12 13,1,12,,38391,4,0,12 13,1,12,,38392,4,0,12 13,1,52,,38393,4,0,12 13,1,12,,38394,4,0,12 13,1,17,,38395,4,0,12 13,1,15,,38396,4,0,12 13,1,55,,38397,4,0,12 13,1,15,,38398,4,0,12 13,1,15,,38399,4,0,12 13,1,15,,38400,4,0,12 13,1,55,,38401,4,0,12 13,1,15,,38402,4,0,12 13,1,15,,38403,4,0,12 13,1,15,,38404,4,0,12 13,1,55,,38405,4,0,12 13,1,15,,38406,4,0,12 13,1,15,,38407,4,0,12 13,1,15,,38408,4,0,12 13,1,55,,38409,4,0,12 13,1,15,,38410,4,0,12 13,1,15,,38411,4,0,12 13,1,15,,38412,4,0,12 13,1,55,,38413,4,0,12 13,1,15,,38337,4,0,12 13,1,15,,38336,4,0,12 13,1,15,,38335,4,0,12 13,1,55,,38334,4,0,12 13,1,15,,38333,4,0,12 13,1,15,,38332,4,0,12 13,1,15,,38331,4,0,12 13,1,55,,38330,4,0,12 13,1
18002201,'022R-Weekday-4-26-09',606,,33992,4,0,12 13,1,12,,33993,4,0,12 13,1,12,,33994,4,0,12 13,1,12,,33995,4,0,12 13,1,12,,33996,4,0,12 13,1,52,,33997,4,0,12 13,1,12,,33998,4,0,12 13,1,12,,33999,4,0,12 13,1,12,,34000,4,0,12 13,1,12,,34001,4,0,12 13,1,52,,34002,4,0,12 13,1,12,,34003,4,0,12 13,1,12,,34004,4,0,12 13,1,12,,34005,4,0,12 13,1,12,,34006,4,0,12 13,1,52,,34007,4,0,12 13,1,12,,34008,4,0,12 13,1,18,,34009,4,0,12 13,1,20,,34010,4,0,12 13,1,55,,34011,4,0,12 13,1,15,,34012,4,0,12 13,1,15,,34013,4,0,12 13,1,15,,34014,4,0,12 13,1,55,,34015,4,0,12 13,1,15,,34016,4,0,12 13,1,15,,34017,4,0,12 13,1,15,,34018,4,0,12 13,1,55,,34019,4,0,12 13,1,15,,34020,4,0,12 13,1,15,,34021,4,0,12 13,1,15,,34022,4,0,12 13,1,55,,34023,4,0,12 13,1,15,,34024,4,0,12 13,1,15,,34025,4,0,12 13,1,13,,34026,4,0,12 13,1,52,,34027,4,0,12 13,1,12,,34028,4,0,12 13,1,12,,34029,4,0,12 13,1,12,,34030,4,0,12 13,1,12,,34031,4,0,12 13,1,52,,34032,4,0,12 13,1,12,,34033,4,0,12 13,1,12,,34034,4,0,12 13,1,12,,34035,4,0,12 13,1,12,,34036,4,0,12 13,1,52,,34037,4,0,12 13,1,12,,34038,4,0,12 13,1,12,,34039,4,0,12 13,1,12,,34040,4,0,12 13,1,12,,34041,4,0,12 13,1,52,,34042,4,0,12 13,1,12,,34043,4,0,12 13,1,12,,34044,4,0,12 13,1,12,,34045,4,0,12 13,1,12,,34046,4,0,12 13,1,52,,34047,4,0,12 13,1,12,,34048,4,0,12 13,1,17,,34049,4,0,12 13,1,15,,34050,4,0,12 13,1,55,,34051,4,0,12 13,1,15,,34052,4,0,12 13,1,15,,34053,4,0,12 13,1,15,,34054,4,0,12 13,1,55,,34055,4,0,12 13,1,15,,34056,4,0,12 13,1,15,,34057,4,0,12 13,1,15,,34058,4,0,12 13,1,55,,34059,4,0,12 13,1,15,,34060,4,0,12 13,1,15,,34061,4,0,12 13,1,15,,34062,4,0,12 13,1,55,,34063,4,0,12 13,1,15,,34064,4,0,12 13,1,15,,34065,4,0,12 13,1,15,,34066,4,0,12 13,1,55,,34067,4,0,12 13,1,15,,33991,4,0,12 13,1,15,,33990,4,0,12 13,1,15,,33989,4,0,12 13,1,55,,33988,4,0,12 13,1,15,,33987,4,0,12 13,1,15,,33986,4,0,12 13,1,15,,33985,4,0,12 13,1,55,,33984,4,0,12 13,1
18002201,'022R-Weekday-5-26-09',606,,38422,4,0,12 13,1,12,,38423,4,0,12 13,1,12,,38424,4,0,12 13,1,12,,38425,4,0,12 13,1,12,,38426,4,0,12 13,1,52,,38427,4,0,12 13,1,12,,38428,4,0,12 13,1,12,,38429,4,0,12 13,1,12,,38430,4,0,12 13,1,12,,38431,4,0,12 13,1,52,,38432,4,0,12 13,1,12,,38433,4,0,12 13,1,12,,38434,4,0,12 13,1,12,,38435,4,0,12 13,1,12,,38436,4,0,12 13,1,52,,38437,4,0,12 13,1,12,,38438,4,0,12 13,1,18,,38439,4,0,12 13,1,20,,38440,4,0,12 13,1,55,,38441,4,0,12 13,1,15,,38442,4,0,12 13,1,15,,38443,4,0,12 13,1,15,,38444,4,0,12 13,1,55,,38445,4,0,12 13,1,15,,38446,4,0,12 13,1,15,,38447,4,0,12 13,1,15,,38448,4,0,12 13,1,55,,38449,4,0,12 13,1,15,,38450,4,0,12 13,1,15,,38451,4,0,12 13,1,15,,38452,4,0,12 13,1,55,,38453,4,0,12 13,1,15,,38454,4,0,12 13,1,15,,38455,4,0,12 13,1,13,,38456,4,0,12 13,1,52,,38457,4,0,12 13,1,12,,38458,4,0,12 13,1,12,,38459,4,0,12 13,1,12,,38460,4,0,12 13,1,12,,38461,4,0,12 13,1,52,,38462,4,0,12 13,1,12,,38463,4,0,12 13,1,12,,38464,4,0,12 13,1,12,,38465,4,0,12 13,1,12,,38466,4,0,12 13,1,52,,38467,4,0,12 13,1,12,,38468,4,0,12 13,1,12,,38469,4,0,12 13,1,12,,38470,4,0,12 13,1,12,,38471,4,0,12 13,1,52,,38472,4,0,12 13,1,12,,38473,4,0,12 13,1,12,,38474,4,0,12 13,1,12,,38475,4,0,12 13,1,12,,38476,4,0,12 13,1,52,,38477,4,0,12 13,1,12,,38478,4,0,12 13,1,17,,38479,4,0,12 13,1,15,,38480,4,0,12 13,1,55,,38481,4,0,12 13,1,15,,38482,4,0,12 13,1,15,,38483,4,0,12 13,1,15,,38484,4,0,12 13,1,55,,38485,4,0,12 13,1,15,,38486,4,0,12 13,1,15,,38487,4,0,12 13,1,15,,38488,4,0,12 13,1,55,,38489,4,0,12 13,1,15,,38490,4,0,12 13,1,15,,38491,4,0,12 13,1,15,,38492,4,0,12 13,1,55,,38493,4,0,12 13,1,15,,38494,4,0,12 13,1,15,,38495,4,0,12 13,1,15,,38496,4,0,12 13,1,55,,38497,4,0,12 13,1,15,,38421,4,0,12 13,1,15,,38420,4,0,12 13,1,15,,38419,4,0,12 13,1,55,,38418,4,0,12 13,1,15,,38417,4,0,12 13,1,15,,38416,4,0,12 13,1,15,,38415,4,0,12 13,1,55,,38414,4,0,12 13,1
18002201,'022R-Weekday-6-26-09',606,,38506,4,0,12 13,1,12,,38507,4,0,12 13,1,12,,38508,4,0,12 13,1,12,,38509,4,0,12 13,1,12,,38510,4,0,12 13,1,52,,38511,4,0,12 13,1,12,,38512,4,0,12 13,1,12,,38513,4,0,12 13,1,12,,38514,4,0,12 13,1,12,,38515,4,0,12 13,1,52,,38516,4,0,12 13,1,12,,38517,4,0,12 13,1,12,,38518,4,0,12 13,1,12,,38519,4,0,12 13,1,12,,38520,4,0,12 13,1,52,,38521,4,0,12 13,1,12,,38522,4,0,12 13,1,18,,38523,4,0,12 13,1,20,,38524,4,0,12 13,1,55,,38525,4,0,12 13,1,15,,38526,4,0,12 13,1,15,,38527,4,0,12 13,1,15,,38528,4,0,12 13,1,55,,38529,4,0,12 13,1,15,,38530,4,0,12 13,1,15,,38531,4,0,12 13,1,15,,38532,4,0,12 13,1,55,,38533,4,0,12 13,1,15,,38534,4,0,12 13,1,15,,38535,4,0,12 13,1,15,,38536,4,0,12 13,1,55,,38537,4,0,12 13,1,15,,38538,4,0,12 13,1,15,,38539,4,0,12 13,1,13,,38540,4,0,12 13,1,52,,38541,4,0,12 13,1,12,,38542,4,0,12 13,1,12,,38543,4,0,12 13,1,12,,38544,4,0,12 13,1,12,,38545,4,0,12 13,1,52,,38546,4,0,12 13,1,12,,38547,4,0,12 13,1,12,,38548,4,0,12 13,1,12,,38549,4,0,12 13,1,12,,38550,4,0,12 13,1,52,,38551,4,0,12 13,1,12,,38552,4,0,12 13,1,12,,38553,4,0,12 13,1,12,,38554,4,0,12 13,1,12,,38555,4,0,12 13,1,52,,38556,4,0,12 13,1,12,,38557,4,0,12 13,1,12,,38558,4,0,12 13,1,12,,38559,4,0,12 13,1,12,,38560,4,0,12 13,1,52,,38561,4,0,12 13,1,12,,38562,4,0,12 13,1,17,,38563,4,0,12 13,1,15,,38564,4,0,12 13,1,55,,38565,4,0,12 13,1,15,,38566,4,0,12 13,1,15,,38567,4,0,12 13,1,15,,38568,4,0,12 13,1,55,,38569,4,0,12 13,1,15,,38570,4,0,12 13,1,15,,38571,4,0,12 13,1,15,,38572,4,0,12 13,1,55,,38573,4,0,12 13,1,15,,38574,4,0,12 13,1,15,,38575,4,0,12 13,1,15,,38576,4,0,12 13,1,55,,38577,4,0,12 13,1,15,,38578,4,0,12 13,1,15,,38579,4,0,12 13,1,15,,38580,4,0,12 13,1,55,,38581,4,0,12 13,1,15,,38505,4,0,12 13,1,15,,38504,4,0,12 13,1,15,,38503,4,0,12 13,1,55,,38502,4,0,12 13,1,15,,38501,4,0,12 13,1,15,,38500,4,0,12 13,1,15,,38499,4,0,12 13,1,55,,38498,4,0,12 13,1
18002201,'022R-Weekday-7-26-09',606,,38590,4,0,12 13,1,12,,38591,4,0,12 13,1,12,,38592,4,0,12 13,1,12,,38593,4,0,12 13,1,12,,38594,4,0,12 13,1,52,,38595,4,0,12 13,1,12,,38596,4,0,12 13,1,12,,38597,4,0,12 13,1,12,,38598,4,0,12 13,1,12,,38599,4,0,12 13,1,52,,38600,4,0,12 13,1,12,,38601,4,0,12 13,1,12,,38602,4,0,12 13,1,12,,38603,4,0,12 13,1,12,,38604,4,0,12 13,1,52,,38605,4,0,12 13,1,12,,38606,4,0,12 13,1,18,,38607,4,0,12 13,1,20,,38608,4,0,12 13,1,55,,38609,4,0,12 13,1,15,,38610,4,0,12 13,1,15,,38611,4,0,12 13,1,15,,38612,4,0,12 13,1,55,,38613,4,0,12 13,1,15,,38614,4,0,12 13,1,15,,38615,4,0,12 13,1,15,,38616,4,0,12 13,1,55,,38617,4,0,12 13,1,15,,38618,4,0,12 13,1,15,,38619,4,0,12 13,1,15,,38620,4,0,12 13,1,55,,38621,4,0,12 13,1,15,,38622,4,0,12 13,1,15,,38623,4,0,12 13,1,13,,38624,4,0,12 13,1,52,,38625,4,0,12 13,1,12,,38626,4,0,12 13,1,12,,38627,4,0,12 13,1,12,,38628,4,0,12 13,1,12,,38629,4,0,12 13,1,52,,38630,4,0,12 13,1,12,,38631,4,0,12 13,1,12,,38632,4,0,12 13,1,12,,38633,4,0,12 13,1,12,,38634,4,0,12 13,1,52,,38635,4,0,12 13,1,12,,38636,4,0,12 13,1,12,,38637,4,0,12 13,1,12,,38638,4,0,12 13,1,12,,38639,4,0,12 13,1,52,,38640,4,0,12 13,1,12,,38641,4,0,12 13,1,12,,38642,4,0,12 13,1,12,,38643,4,0,12 13,1,12,,38644,4,0,12 13,1,52,,38645,4,0,12 13,1,12,,38646,4,0,12 13,1,17,,38647,4,0,12 13,1,15,,38648,4,0,12 13,1,55,,38649,4,0,12 13,1,15,,38650,4,0,12 13,1,15,,38651,4,0,12 13,1,15,,38652,4,0,12 13,1,55,,38653,4,0,12 13,1,15,,38654,4,0,12 13,1,15,,38655,4,0,12 13,1,15,,38656,4,0,12 13,1,55,,38657,4,0,12 13,1,15,,38658,4,0,12 13,1,15,,38659,4,0,12 13,1,15,,38660,4,0,12 13,1,55,,38661,4,0,12 13,1,15,,38662,4,0,12 13,1,15,,38663,4,0,12 13,1,15,,38664,4,0,12 13,1,55,,38665,4,0,12 13,1,15,,38589,4,0,12 13,1,15,,38588,4,0,12 13,1,15,,38587,4,0,12 13,1,55,,38586,4,0,12 13,1,15,,38585,4,0,12 13,1,15,,38584,4,0,12 13,1,15,,38583,4,0,12 13,1,55,,38582,4,0,12 13,1
18002201,'022R-Saturday-1-26-09',604,,34068,4,0,12 13,1,15,,34069,4,0,12 13,1,15,,34070,4,0,12 13,1,15,,34071,4,0,12 13,1,55,,34072,4,0,12 13,1,15,,34073,4,0,12 13,1,15,,34074,4,0,12 13,1,15,,34075,4,0,12 13,1,55,,34076,4,0,12 13,1,15,,34077,4,0,12 13,1,15,,34078,4,0,12 13,1,15,,34079,4,0,12 13,1,55,,34080,4,0,12 13,1,15,,34081,4,0,12 13,1,15,,34082,4,0,12 13,1,15,,34083,4,0,12 13,1,55,,34084,4,0,12 13,1,15,,34085,4,0,12 13,1,15,,34086,4,0,12 13,1,15,,34087,4,0,12 13,1,55,,34088,4,0,12 13,1,15,,34089,4,0,12 13,1,15,,34090,4,0,12 13,1,15,,34091,4,0,12 13,1,55,,34092,4,0,12 13,1,15,,34093,4,0,12 13,1,15,,34094,4,0,12 13,1,15,,34095,4,0,12 13,1,55,,34096,4,0,12 13,1,15,,34097,4,0,12 13,1,15,,34098,4,0,12 13,1,15,,34099,4,0,12 13,1,55,,34100,4,0,12 13,1,15,,34101,4,0,12 13,1,15,,34102,4,0,12 13,1,15,,34103,4,0,12 13,1,55,,34104,4,0,12 13,1,15,,34105,4,0,12 13,1,15,,34106,4,0,12 13,1,15,,34107,4,0,12 13,1,55,,34108,4,0,12 13,1,15,,34109,4,0,12 13,1,15,,34110,4,0,12 13,1,15,,34111,4,0,12 13,1,55,,34112,4,0,12 13,1,15,,34113,4,0,12 13,1,15,,34114,4,0,12 13,1,15,,34115,4,0,12 13,1,55,,34116,4,0,12 13,1,15,,34117,4,0,12 13,1,15,,34118,4,0,12 13,1,15,,34119,4,0,12 13,1,55,,34120,4,0,12 13,1,15,,34121,4,0,12 13,1,15,,34122,4,0,12 13,1,15,,34123,4,0,12 13,1,55,,34124,4,0,12 13,1,15,,34125,4,0,12 13,1,15,,34126,4,0,12 13,1,15,,34127,4,0,12 13,1,55,,34128,4,0,12 13,1,15,,34129,4,0,12 13,1,15,,34130,4,0,12 13,1,15,,34131,4,0,12 13,1,55,,34132,4,0,12 13,1,15,,34133,4,0,12 13,1,15,,34134,4,0,12 13,1,15,,34135,4,0,12 13,1,55,,34136,4,0,12 13,1,15,,34137,4,0,12 13,1,15,,34138,4,0,12 13,1,15,,34139,4,0,12 13,1,55,,34140,4,0,12 13,1,15,,34141,4,0,12 13,1,15,,34142,4,0,12 13,1,15,,34143,4,0,12 13,1,55,,34144,4,0,12 13,1
18002201,'022R-Saturday-2-26-09',522,,38744,1,,,1,15,,38743,1,,,1,15,,38666,4,,,1,55,,38667,4,,,1,15,,38668,4,,,1,15,,38669,4,,,1,15,,38670,4,,,1,55,,38671,4,,,1,15,,38672,4,,,1,15,,38673,4,,,1,15,,38674,4,,,1,55,,38675,4,,,1,15,,38676,4,,,1,15,,38677,4,,,1,15,,38678,4,,,1,55,,38679,4,,,1,15,,38680,4,,,1,15,,38681,4,,,1,15,,38682,4,,,1,55,,38683,4,,,1,15,,38684,4,,,1,15,,38685,4,,,1,15,,38686,4,,,1,55,,38687,4,,,1,15,,38688,4,,,1,15,,38689,4,,,1,15,,38690,4,,,1,55,,38691,4,,,1,15,,38692,4,,,1,15,,38693,4,,,1,15,,38694,4,,,1,55,,38695,4,,,1,15,,38696,4,,,1,15,,38697,4,,,1,15,,38698,4,,,1,55,,38699,4,,,1,15,,38700,4,,,1,15,,38701,4,,,1,15,,38702,4,,,1,55,,38703,4,,,1,15,,38704,4,,,1,15,,38705,4,,,1,15,,38706,4,,,1,55,,38707,4,,,1,15,,38708,4,,,1,15,,38709,4,,,1,15,,38710,4,,,1,55,,38711,4,,,1,15,,38712,4,,,1,15,,38713,4,,,1,15,,38714,4,,,1,55,,38715,4,,,1,15,,38716,4,,,1,15,,38717,4,,,1,15,,38718,4,,,1,55,,38719,4,,,1,15,,38720,4,,,1,15,,38721,4,,,1,15,,38722,4,,,1,55,,38723,4,,,1,15,,38724,4,,,1,15,,38725,4,,,1,15,,38726,4,,,1,55,,38727,4,,,1,15,,38728,4,,,1,15,,38729,4,,,1,15,,38730,4,,,1,55,,38731,4,,,1,15,,38732,4,,,1,15,,38733,4,,,1,15,,38734,4,,,1,55,,38735,4,,,1,15,,38736,4,,,1,15,,38737,4,,,1,15,,38738,4,,,1,55,,38739,4,,,1,15,,38740,4,,,1,15,,38741,4,,,1,15,,38742,4,,,1
18002201,'022R-Saturday-3-26-09',559,,38745,4,0,9 11,1,55,,38746,4,0,9 11,1,15,,38747,4,0,9 11,1,15,,38748,4,0,9 11,1,15,,38749,4,0,9 11,1,55,,38750,4,0,9 11,1,15,,38751,4,0,9 11,1,15,,38752,4,0,9 11,1,15,,38753,4,0,9 11,1,55,,38754,4,0,9 11,1,15,,38755,4,0,9 11,1,15,,38756,4,0,9 11,1,15,,38757,4,0,9 11,1,55,,38758,4,0,9 11,1,15,,38759,4,0,9 11,1,15,,38760,4,0,9 11,1,15,,38761,4,0,9 11,1,55,,38762,4,0,9 11,1,15,,38763,4,0,9 11,1,15,,38764,4,0,9 11,1,15,,38765,4,0,9 11,1,55,,38766,4,0,9 11,1,15,,38767,4,0,9 11,1,15,,38768,4,0,9 11,1,15,,38769,4,0,9 11,1,55,,38770,4,0,9 11,1,15,,38771,4,0,9 11,1,15,,38772,4,0,9 11,1,15,,38773,4,0,9 11,1,55,,38774,4,0,9 11,1,15,,38775,4,0,9 11,1,15,,38776,4,0,9 11,1,15,,38777,4,0,9 11,1,55,,38778,4,0,9 11,1,15,,38779,4,0,9 11,1,15,,38780,4,0,9 11,1,15,,38781,4,0,9 11,1,55,,38782,4,0,9 11,1,15,,38783,4,0,9 11,1,15,,38784,4,0,9 11,1,15,,38785,4,0,9 11,1,55,,38786,4,0,9 11,1,15,,38787,4,0,9 11,1,15,,38788,4,0,9 11,1,15,,38789,4,0,9 11,1,55,,38790,4,0,9 11,1,15,,38791,4,0,9 11,1,15,,38792,4,0,9 11,1,15,,38793,4,0,9 11,1,55,,38794,4,0,9 11,1,15,,38795,4,0,9 11,1,15,,38796,4,0,9 11,1,15,,38797,4,0,9 11,1,55,,38798,4,0,9 11,1,15,,38799,4,0,9 11,1,15,,38800,4,0,9 11,1,15,,38801,4,0,9 11,1,55,,38802,4,0,9 11,1,15,,38803,4,0,9 11,1,15,,38804,4,0,9 11,1,15,,38805,4,0,9 11,1,55,,38806,4,0,9 11,1,15,,38807,4,0,9 11,1,15,,38808,4,0,9 11,1,15,,38809,4,0,9 11,1,55,,38810,4,0,9 11,1,15,,38811,4,0,9 11,1,15,,38812,4,0,9 11,1,15,,38813,4,0,9 11,1,55,,38814,4,0,9 11,1,15,,38815,4,0,9 11,1,15,,38816,4,0,9 11,1,15,,38817,4,0,9 11,1,55,,38818,4,0,9 11,1,15,,38819,4,0,9 11,1,15,,38820,4,0,9 11,1,15,,38821,4,0,9 11,1
18002201,'022R-Saturday-4-26-09',612,,38856,4,0,9 11,1,15,,38857,4,0,9 11,1,15,,38858,4,0,9 11,1,15,,38859,4,0,9 11,1,55,,38860,4,0,9 11,1,15,,38861,4,0,9 11,1,15,,38862,4,0,9 11,1,15,,38863,4,0,9 11,1,55,,38864,4,0,9 11,1,15,,38865,4,0,9 11,1,15,,38866,4,0,9 11,1,15,,38867,4,0,9 11,1,55,,38868,4,0,9 11,1,15,,38869,4,0,9 11,1,15,,38870,4,0,9 11,1,15,,38871,4,0,9 11,1,55,,38872,4,0,9 11,1,15,,38873,4,0,9 11,1,15,,38874,4,0,9 11,1,15,,38875,4,0,9 11,1,55,,38876,4,0,9 11,1,15,,38877,4,0,9 11,1,15,,38878,4,0,9 11,1,15,,38879,4,0,9 11,1,55,,38880,4,0,9 11,1,15,,38881,4,0,9 11,1,15,,38882,4,0,9 11,1,15,,38883,4,0,9 11,1,55,,38884,4,0,9 11,1,15,,38885,4,0,9 11,1,15,,38886,4,0,9 11,1,15,,38887,4,0,9 11,1,55,,38888,4,0,9 11,1,15,,38889,4,0,9 11,1,15,,38890,4,0,9 11,1,15,,38891,4,0,9 11,1,55,,38892,4,0,9 11,1,15,,38893,4,0,9 11,1,15,,38894,4,0,9 11,1,15,,38895,4,0,9 11,1,50,,38898,4,0,12 13,1,15,,38897,4,0,12 13,1,15,,38896,4,0,12 13,1,12,,38822,4,0,12 13,1,55,,38823,4,0,12 13,1,15,,38824,4,0,12 13,1,15,,38825,4,0,12 13,1,15,,38826,4,0,12 13,1,55,,38827,4,0,12 13,1,15,,38828,4,0,12 13,1,15,,38829,4,0,12 13,1,15,,38830,4,0,12 13,1,55,,38831,4,0,12 13,1,15,,38832,4,0,12 13,1,15,,38833,4,0,12 13,1,15,,38834,4,0,12 13,1,55,,38835,4,0,12 13,1,15,,38836,4,0,12 13,1,15,,38837,4,0,12 13,1,15,,38838,4,0,12 13,1,55,,38839,4,0,12 13,1,15,,38840,4,0,12 13,1,15,,38841,4,0,12 13,1,15,,38842,4,0,12 13,1,55,,38843,4,0,12 13,1,15,,38844,4,0,12 13,1,15,,38845,4,0,12 13,1,15,,38846,4,0,12 13,1,55,,38847,4,0,12 13,1,15,,38848,4,0,12 13,1,15,,38849,4,0,12 13,1,15,,38850,4,0,12 13,1,55,,38851,4,0,12 13,1,15,,38852,4,0,12 13,1,15,,38853,4,0,12 13,1,15,,38854,4,0,12 13,1,55,,38855,4,0,12 13,1
18002201,'022R-Sunday-1-26-09',619,,34145,4,0,12 13,1,15,,34146,4,0,12 13,1,15,,34147,4,0,12 13,1,55,,34148,4,0,12 13,1,15,,34149,4,0,12 13,1,15,,34150,4,0,12 13,1,15,,34151,4,0,12 13,1,55,,34152,4,0,12 13,1,15,,34153,4,0,12 13,1,15,,34154,4,0,12 13,1,15,,34155,4,0,12 13,1,55,,34156,4,0,12 13,1,15,,34157,4,0,12 13,1,15,,34158,4,0,12 13,1,15,,34159,4,0,12 13,1,55,,34160,4,0,12 13,1,15,,34161,4,0,12 13,1,15,,34162,4,0,12 13,1,15,,34163,4,0,12 13,1,55,,34164,4,0,12 13,1,15,,34165,4,0,12 13,1,15,,34166,4,0,12 13,1,15,,34167,4,0,12 13,1,55,,34168,4,0,12 13,1,15,,34169,4,0,12 13,1,15,,34170,4,0,12 13,1,15,,34171,4,0,12 13,1,55,,34172,4,0,12 13,1,15,,34173,4,0,12 13,1,15,,34174,4,0,12 13,1,15,,34175,4,0,12 13,1,55,,34176,4,0,12 13,1,15,,34177,4,0,12 13,1,15,,34178,4,0,12 13,1,15,,34179,4,0,12 13,1,55,,34180,4,0,12 13,1,15,,34181,4,0,12 13,1,15,,34182,4,0,12 13,1,15,,34183,4,0,12 13,1,55,,34184,4,0,12 13,1,15,,34185,4,0,12 13,1,15,,34186,4,0,12 13,1,15,,34187,4,0,12 13,1,55,,34188,4,0,12 13,1,15,,34189,4,0,12 13,1,15,,34190,4,0,12 13,1,15,,34191,4,0,12 13,1,55,,34192,4,0,12 13,1,15,,34193,4,0,12 13,1,15,,34194,4,0,12 13,1,15,,34195,4,0,12 13,1,55,,34196,4,0,12 13,1,15,,34197,4,0,12 13,1,15,,34198,4,0,12 13,1,15,,34199,4,0,12 13,1,55,,34200,4,0,12 13,1,15,,34201,4,0,12 13,1,15,,34202,4,0,12 13,1,15,,34203,4,0,12 13,1,55,,34204,4,0,12 13,1,15,,34205,4,0,12 13,1,15,,34206,4,0,12 13,1,15,,34207,4,0,12 13,1,55,,34208,4,0,12 13,1,15,,34209,4,0,12 13,1,15,,34210,4,0,12 13,1,15,,34211,4,0,12 13,1,55,,34212,4,0,12 13,1,15,,34213,4,0,12 13,1,15,,34214,4,0,12 13,1,15,,34215,4,0,12 13,1,55,,34216,4,0,12 13,1
18002201,'022R-Sunday-2-26-09',552,,38901,1,,,1,55,,38900,1,,,1,15,,38903,4,,,1,15,,38904,4,,,1,15,,38905,4,,,1,55,,38906,4,,,1,15,,38907,4,,,1,15,,38908,4,,,1,15,,38909,4,,,1,55,,38910,4,,,1,15,,38911,4,,,1,15,,38912,4,,,1,15,,38913,4,,,1,55,,38914,4,,,1,15,,38915,4,,,1,15,,38916,4,,,1,15,,38917,4,,,1,55,,38918,4,,,1,15,,38919,4,,,1,15,,38920,4,,,1,15,,38921,4,,,1,55,,38922,4,,,1,15,,38923,4,,,1,15,,38924,4,,,1,15,,38925,4,,,1,55,,38926,4,,,1,15,,38927,4,,,1,15,,38928,4,,,1,15,,38929,4,,,1,55,,38930,4,,,1,15,,38931,4,,,1,15,,38932,4,,,1,15,,38933,4,,,1,55,,38934,4,,,1,15,,38935,4,,,1,15,,38936,4,,,1,15,,38937,4,,,1,55,,38938,4,,,1,15,,38939,4,,,1,15,,38940,4,,,1,15,,38941,4,,,1,55,,38942,4,,,1,15,,38943,4,,,1,15,,38944,4,,,1,15,,38945,4,,,1,55,,38946,4,,,1,15,,38947,4,,,1,15,,38948,4,,,1,15,,38949,4,,,1,55,,38950,4,,,1,15,,38951,4,,,1,15,,38952,4,,,1,15,,38953,4,,,1,55,,38954,4,,,1,15,,38955,4,,,1,15,,38956,4,,,1,15,,38957,4,,,1,55,,38958,4,,,1,15,,38959,4,,,1,15,,38960,4,,,1,15,,38961,4,,,1,55,,38962,4,,,1,15,,38963,4,,,1,15,,38964,4,,,1,15,,38965,4,,,1,55,,38966,4,,,1,15,,38967,4,,,1,15,,38968,4,,,1,15,,38969,4,,,1,55,,38970,4,,,1,15,,38971,4,,,1,15,,38902,4,,,1,15,,38899,4,,,1
18002201,'022R-Sunday-3-26-09',629,,38972,4,0,9 11,1,15,,38973,4,0,9 11,1,15,,38974,4,0,9 11,1,55,,38975,4,0,9 11,1,15,,38976,4,0,9 11,1,15,,38977,4,0,9 11,1,15,,38978,4,0,9 11,1,55,,38979,4,0,9 11,1,15,,38980,4,0,9 11,1,15,,38981,4,0,9 11,1,15,,38982,4,0,9 11,1,55,,38983,4,0,9 11,1,15,,38984,4,0,9 11,1,15,,38985,4,0,9 11,1,15,,38986,4,0,9 11,1,55,,38987,4,0,9 11,1,15,,38988,4,0,9 11,1,15,,38989,4,0,9 11,1,15,,38990,4,0,9 11,1,55,,38991,4,0,9 11,1,15,,38992,4,0,9 11,1,15,,38993,4,0,9 11,1,15,,38994,4,0,9 11,1,55,,38995,4,0,9 11,1,15,,38996,4,0,9 11,1,15,,38997,4,0,9 11,1,15,,38998,4,0,9 11,1,55,,38999,4,0,9 11,1,15,,39000,4,0,9 11,1,15,,39001,4,0,9 11,1,15,,39002,4,0,9 11,1,55,,39003,4,0,9 11,1,15,,39004,4,0,9 11,1,15,,39005,4,0,9 11,1,15,,39006,4,0,9 11,1,55,,39007,4,0,9 11,1,15,,39008,4,0,9 11,1,15,,39009,4,0,9 11,1,15,,39010,4,0,9 11,1,55,,39011,4,0,9 11,1,15,,39012,4,0,9 11,1,15,,39013,4,0,9 11,1,15,,39014,4,0,9 11,1,55,,39015,4,0,9 11,1,15,,39016,4,0,9 11,1,15,,39017,4,0,9 11,1,15,,39018,4,0,9 11,1,55,,39019,4,0,9 11,1,15,,39020,4,0,9 11,1,15,,39021,4,0,9 11,1,15,,39022,4,0,9 11,1,55,,39023,4,0,9 11,1,15,,39024,4,0,9 11,1,15,,39025,4,0,9 11,1,15,,39026,4,0,9 11,1,55,,39027,4,0,9 11,1,15,,39028,4,0,9 11,1,15,,39029,4,0,9 11,1,15,,39030,4,0,9 11,1,55,,39031,4,0,9 11,1,15,,39032,4,0,9 11,1,15,,39033,4,0,9 11,1,15,,39034,4,0,9 11,1,55,,39035,4,0,9 11,1,15,,39036,4,0,9 11,1,15,,39037,4,0,9 11,1,15,,39038,4,0,9 11,1,55,,39039,4,0,9 11,1,15,,39040,4,0,9 11,1,15,,39041,4,0,9 11,1,15,,39042,4,0,9 11,1,55,,39043,4,0,9 11,1
18002201,'022R-Sunday-5-26-09',629,,39044,4,0,9 11,1,15,,39045,4,0,9 11,1,15,,39046,4,0,9 11,1,55,,39047,4,0,9 11,1,15,,39048,4,0,9 11,1,15,,39049,4,0,9 11,1,15,,39050,4,0,9 11,1,55,,39051,4,0,9 11,1,15,,39052,4,0,9 11,1,15,,39053,4,0,9 11,1,15,,39054,4,0,9 11,1,55,,39055,4,0,9 11,1,15,,39056,4,0,9 11,1,15,,39057,4,0,9 11,1,15,,39058,4,0,9 11,1,55,,39059,4,0,9 11,1,15,,39060,4,0,9 11,1,15,,39061,4,0,9 11,1,15,,39062,4,0,9 11,1,55,,39063,4,0,9 11,1,15,,39064,4,0,9 11,1,15,,39065,4,0,9 11,1,15,,39066,4,0,9 11,1,55,,39067,4,0,9 11,1,15,,39068,4,0,9 11,1,15,,39069,4,0,9 11,1,15,,39070,4,0,9 11,1,55,,39071,4,0,9 11,1,15,,39072,4,0,9 11,1,15,,39073,4,0,9 11,1,15,,39074,4,0,9 11,1,55,,39075,4,0,9 11,1,15,,39076,4,0,9 11,1,15,,39077,4,0,9 11,1,15,,39078,4,0,9 11,1,55,,39079,4,0,9 11,1,15,,39080,4,0,9 11,1,15,,39081,4,0,9 11,1,15,,39082,4,0,9 11,1,55,,39083,4,0,9 11,1,15,,39084,4,0,9 11,1,15,,39085,4,0,9 11,1,15,,39086,4,0,9 11,1,55,,39087,4,0,9 11,1,15,,39088,4,0,9 11,1,15,,39089,4,0,9 11,1,15,,39090,4,0,9 11,1,55,,39091,4,0,9 11,1,15,,39092,4,0,9 11,1,15,,39093,4,0,9 11,1,15,,39094,4,0,9 11,1,55,,39095,4,0,9 11,1,15,,39096,4,0,9 11,1,15,,39097,4,0,9 11,1,15,,39098,4,0,9 11,1,55,,39099,4,0,9 11,1,15,,39100,4,0,9 11,1,15,,39101,4,0,9 11,1,15,,39102,4,0,9 11,1,55,,39103,4,0,9 11,1,15,,39104,4,0,9 11,1,15,,39105,4,0,9 11,1,15,,39106,4,0,9 11,1,55,,39107,4,0,9 11,1,15,,39108,4,0,9 11,1,15,,39109,4,0,9 11,1,15,,39110,4,0,9 11,1,55,,39111,4,0,9 11,1,15,,39112,4,0,9 11,1,15,,39113,4,0,9 11,1,15,,39114,4,0,9 11,1,55,,39115,4,0,9 11,1
18002201,'022R-Sunday-6-26-09',622,,39140,4,0,9 11,1,15,,39141,4,0,9 11,1,15,,39142,4,0,9 11,1,55,,39143,4,0,9 11,1,15,,39144,4,0,9 11,1,15,,39145,4,0,9 11,1,15,,39146,4,0,9 11,1,55,,39147,4,0,9 11,1,15,,39148,4,0,9 11,1,15,,39149,4,0,9 11,1,15,,39150,4,0,9 11,1,55,,39151,4,0,9 11,1,15,,39152,4,0,9 11,1,15,,39153,4,0,9 11,1,15,,39154,4,0,9 11,1,55,,39155,4,0,9 11,1,15,,39156,4,0,9 11,1,15,,39157,4,0,9 11,1,15,,39158,4,0,9 11,1,55,,39159,4,0,9 11,1,15,,39160,4,0,9 11,1,15,,39161,4,0,9 11,1,15,,39162,4,0,9 11,1,55,,39163,4,0,9 11,1,15,,39164,4,0,9 11,1,15,,39165,4,0,9 11,1,15,,39166,4,0,9 11,1,55,,39167,4,0,9 11,1,15,,39168,4,0,9 11,1,15,,39169,4,0,9 11,1,15,,39170,4,0,9 11,1,55,,39171,4,0,9 11,1,15,,39172,4,0,9 11,1,15,,39173,4,0,9 11,1,15,,39174,4,0,9 11,1,55,,39175,4,0,9 11,1,15,,39176,4,0,9 11,1,15,,39177,4,0,9 11,1,15,,39178,4,0,9 11,1,55,,39179,4,0,9 11,1,15,,39180,4,0,9 11,1,15,,39181,4,0,9 11,1,15,,39182,4,0,9 11,1,55,,39183,4,0,9 11,1,15,,39184,4,0,9 11,1,15,,39185,4,0,9 11,1,15,,39186,4,0,9 11,1,55,,39187,4,0,9 11,1,12,,39116,4,0,12 13,1,15,,39117,4,0,12 13,1,15,,39118,4,0,12 13,1,55,,39119,4,0,12 13,1,15,,39120,4,0,12 13,1,15,,39121,4,0,12 13,1,15,,39122,4,0,12 13,1,55,,39123,4,0,12 13,1,15,,39124,4,0,12 13,1,15,,39125,4,0,12 13,1,15,,39126,4,0,12 13,1,55,,39127,4,0,12 13,1,15,,39128,4,0,12 13,1,15,,39129,4,0,12 13,1,15,,39130,4,0,12 13,1,55,,39131,4,0,12 13,1,15,,39132,4,0,12 13,1,15,,39133,4,0,12 13,1,15,,39134,4,0,12 13,1,55,,39135,4,0,12 13,1,15,,39136,4,0,12 13,1,15,,39137,4,0,12 13,1,15,,39138,4,0,12 13,1,55,,39139,4,0,12 13,1
