18002200,'022R-Weekday-1-26-09',541,,33412,10,,,1,12,,33413,10,,,1,52,,33414,10,,,1,12,,33415,10,,,1,12,,33416,10,,,1,12,,33417,10,,,1,12,,33418,10,,,1,52,,33419,10,,,1,12,,33420,10,,,1,12,,33421,10,,,1,12,,33422,10,,,1,12,,33453,10,,,1,52,,33454,10,,,1,12,,33455,10,,,1,12,,33456,10,,,1,12,,33457,10,,,1,12,,33458,10,,,1,52,,33459,10,,,1,12,,33426,10,,,1,12,,33427,10,,,1,12,,33428,10,,,1,12,,33429,10,,,1,58,,33460,10,,,1,15,,33461,10,,,1,15,,33462,10,,,1,15,,33463,10,,,1,55,,33430,10,,,1,15,,33431,10,,,1,15,,33432,10,,,1,15,,33433,10,,,1,55,,33434,10,,,1,15,,33435,10,,,1,15,,33436,10,,,1,15,,33437,10,,,1,55,,33438,10,,,1,15,,33439,10,,,1,15,,33440,10,,,1,15,,33441,10,,,1,55,,33423,10,,,1,15,,33424,10,,,1,15,,33425,10,,,1,12,,33486,10,,,1,52,,33487,10,,,1,12,,33488,10,,,1,12,,33489,10,,,1,12,,33490,10,,,1,12,,33491,10,,,1,52,,33492,10,,,1,12,,33493,10,,,1,12,,33494,10,,,1,12,,33495,10,,,1,12,,33442,10,,,1,52,,33443,10,,,1,12,,33444,10,,,1,12,,33445,10,,,1,12,,33446,10,,,1,12,,33447,10,,,1,52,,33448,10,,,1,12,,33449,10,,,1,12,,33450,10,,,1,12,,33451,10,,,1,12,,33452,10,,,1,59,,33464,10,,,1,15,,33465,10,,,1,15,,33466,10,,,1,15,,33467,10,,,1,55,,33468,10,,,1,15,,33469,10,,,1,15,,33470,10,,,1,15,,33471,10,,,1,55,,33472,10,,,1,15,,33473,10,,,1,15,,33474,10,,,1,15,,33475,10,,,1,55,,33476,10,,,1,15,,33477,10,,,1,15,,33478,10,,,1,15,,33479,10,,,1,55,,33480,10,,,1,15,,33481,10,,,1,15,,33482,10,,,1,15,,33483,10,,,1,55,,33484,10,,,1,15,,33485,10,,,1,15,,33411,10,,,1
18002200,'022R-Weekday-2-26-09',541,,33497,10,,,1,12,,33498,10,,,1,52,,33499,10,,,1,12,,33500,10,,,1,12,,33501,10,,,1,12,,33502,10,,,1,12,,33503,10,,,1,52,,33504,10,,,1,12,,33505,10,,,1,12,,33506,10,,,1,12,,33507,10,,,1,12,,33538,10,,,1,52,,33539,10,,,1,12,,33540,10,,,1,12,,33541,10,,,1,12,,33542,10,,,1,12,,33543,10,,,1,52,,33544,10,,,1,12,,33511,10,,,1,12,,33512,10,,,1,12,,33513,10,,,1,12,,33514,10,,,1,58,,33545,10,,,1,15,,33546,10,,,1,15,,33547,10,,,1,15,,33548,10,,,1,55,,33515,10,,,1,15,,33516,10,,,1,15,,33517,10,,,1,15,,33518,10,,,1,55,,33519,10,,,1,15,,33520,10,,,1,15,,33521,10,,,1,15,,33522,10,,,1,55,,33523,10,,,1,15,,33524,10,,,1,15,,33525,10,,,1,15,,33526,10,,,1,55,,33508,10,,,1,15,,33509,10,,,1,15,,33510,10,,,1,12,,33571,10,,,1,52,,33572,10,,,1,12,,33573,10,,,1,12,,33574,10,,,1,12,,33575,10,,,1,12,,33576,10,,,1,52,,33577,10,,,1,12,,33578,10,,,1,12,,33579,10,,,1,12,,33580,10,,,1,12,,33527,10,,,1,52,,33528,10,,,1,12,,33529,10,,,1,12,,33530,10,,,1,12,,33531,10,,,1,12,,33532,10,,,1,52,,33533,10,,,1,12,,33534,10,,,1,12,,33535,10,,,1,12,,33536,10,,,1,12,,33537,10,,,1,59,,33549,10,,,1,15,,33550,10,,,1,15,,33551,10,,,1,15,,33552,10,,,1,55,,33553,10,,,1,15,,33554,10,,,1,15,,33555,10,,,1,15,,33556,10,,,1,55,,33557,10,,,1,15,,33558,10,,,1,15,,33559,10,,,1,15,,33560,10,,,1,55,,33561,10,,,1,15,,33562,10,,,1,15,,33563,10,,,1,15,,33564,10,,,1,55,,33565,10,,,1,15,,33566,10,,,1,15,,33567,10,,,1,15,,33568,10,,,1,55,,33569,10,,,1,15,,33570,10,,,1,15,,33496,10,,,1
18002200,'022R-Weekday-3-26-09',541,,37464,10,,,1,12,,37465,10,,,1,52,,37466,10,,,1,12,,37467,10,,,1,12,,37468,10,,,1,12,,37469,10,,,1,12,,37470,10,,,1,52,,37471,10,,,1,12,,37472,10,,,1,12,,37473,10,,,1,12,,37474,10,,,1,12,,37505,10,,,1,52,,37506,10,,,1,12,,37507,10,,,1,12,,37508,10,,,1,12,,37509,10,,,1,12,,37510,10,,,1,52,,37511,10,,,1,12,,37478,10,,,1,12,,37479,10,,,1,12,,37480,10,,,1,12,,37481,10,,,1,58,,37512,10,,,1,15,,37513,10,,,1,15,,37514,10,,,1,15,,37515,10,,,1,55,,37482,10,,,1,15,,37483,10,,,1,15,,37484,10,,,1,15,,37485,10,,,1,55,,37486,10,,,1,15,,37487,10,,,1,15,,37488,10,,,1,15,,37489,10,,,1,55,,37490,10,,,1,15,,37491,10,,,1,15,,37492,10,,,1,15,,37493,10,,,1,55,,37475,10,,,1,15,,37476,10,,,1,15,,37477,10,,,1,12,,37538,10,,,1,52,,37539,10,,,1,12,,37540,10,,,1,12,,37541,10,,,1,12,,37542,10,,,1,12,,37543,10,,,1,52,,37544,10,,,1,12,,37545,10,,,1,12,,37546,10,,,1,12,,37547,10,,,1,12,,37494,10,,,1,52,,37495,10,,,1,12,,37496,10,,,1,12,,37497,10,,,1,12,,37498,10,,,1,12,,37499,10,,,1,52,,37500,10,,,1,12,,37501,10,,,1,12,,37502,10,,,1,12,,37503,10,,,1,12,,37504,10,,,1,59,,37516,10,,,1,15,,37517,10,,,1,15,,37518,10,,,1,15,,37519,10,,,1,55,,37520,10,,,1,15,,37521,10,,,1,15,,37522,10,,,1,15,,37523,10,,,1,55,,37524,10,,,1,15,,37525,10,,,1,15,,37526,10,,,1,15,,37527,10,,,1,55,,37528,10,,,1,15,,37529,10,,,1,15,,37530,10,,,1,15,,37531,10,,,1,55,,37532,10,,,1,15,,37533,10,,,1,15,,37534,10,,,1,15,,37535,10,,,1,55,,37536,10,,,1,15,,37537,10,,,1,15,,37463,10,,,1
18002200,'022R-Weekday-4-26-09',541,,33582,10,,,1,12,,33583,10,,,1,52,,33584,10,,,1,12,,33585,10,,,1,12,,33586,10,,,1,12,,33587,10,,,1,12,,33588,10,,,1,52,,33589,10,,,1,12,,33590,10,,,1,12,,33591,10,,,1,12,,33592,10,,,1,12,,33623,10,,,1,52,,33624,10,,,1,12,,33625,10,,,1,12,,33626,10,,,1,12,,33627,10,,,1,12,,33628,10,,,1,52,,33629,10,,,1,12,,33596,10,,,1,12,,33597,10,,,1,12,,33598,10,,,1,12,,33599,10,,,1,58,,33630,10,,,1,15,,33631,10,,,1,15,,33632,10,,,1,15,,33633,10,,,1,55,,33600,10,,,1,15,,33601,10,,,1,15,,33602,10,,,1,15,,33603,10,,,1,55,,33604,10,,,1,15,,33605,10,,,1,15,,33606,10,,,1,15,,33607,10,,,1,55,,33608,10,,,1,15,,33609,10,,,1,15,,33610,10,,,1,15,,33611,10,,,1,55,,33593,10,,,1,15,,33594,10,,,1,15,,33595,10,,,1,12,,33656,10,,,1,52,,33657,10,,,1,12,,33658,10,,,1,12,,33659,10,,,1,12,,33660,10,,,1,12,,33661,10,,,1,52,,33662,10,,,1,12,,33663,10,,,1,12,,33664,10,,,1,12,,33665,10,,,1,12,,33612,10,,,1,52,,33613,10,,,1,12,,33614,10,,,1,12,,33615,10,,,1,12,,33616,10,,,1,12,,33617,10,,,1,52,,33618,10,,,1,12,,33619,10,,,1,12,,33620,10,,,1,12,,33621,10,,,1,12,,33622,10,,,1,59,,33634,10,,,1,15,,33635,10,,,1,15,,33636,10,,,1,15,,33637,10,,,1,55,,33638,10,,,1,15,,33639,10,,,1,15,,33640,10,,,1,15,,33641,10,,,1,55,,33642,10,,,1,15,,33643,10,,,1,15,,33644,10,,,1,15,,33645,10,,,1,55,,33646,10,,,1,15,,33647,10,,,1,15,,33648,10,,,1,15,,33649,10,,,1,55,,33650,10,,,1,15,,33651,10,,,1,15,,33652,10,,,1,15,,33653,10,,,1,55,,33654,10,,,1,15,,33655,10,,,1,15,,33581,10,,,1
18002200,'022R-Weekday-5-26-09',541,,37549,10,,,1,12,,37550,10,,,1,52,,37551,10,,,1,12,,37552,10,,,1,12,,37553,10,,,1,12,,37554,10,,,1,12,,37555,10,,,1,52,,37556,10,,,1,12,,37557,10,,,1,12,,37558,10,,,1,12,,37559,10,,,1,12,,37590,10,,,1,52,,37591,10,,,1,12,,37592,10,,,1,12,,37593,10,,,1,12,,37594,10,,,1,12,,37595,10,,,1,52,,37596,10,,,1,12,,37563,10,,,1,12,,37564,10,,,1,12,,37565,10,,,1,12,,37566,10,,,1,58,,37597,10,,,1,15,,37598,10,,,1,15,,37599,10,,,1,15,,37600,10,,,1,55,,37567,10,,,1,15,,37568,10,,,1,15,,37569,10,,,1,15,,37570,10,,,1,55,,37571,10,,,1,15,,37572,10,,,1,15,,37573,10,,,1,15,,37574,10,,,1,55,,37575,10,,,1,15,,37576,10,,,1,15,,37577,10,,,1,15,,37578,10,,,1,55,,37560,10,,,1,15,,37561,10,,,1,15,,37562,10,,,1,12,,37623,10,,,1,52,,37624,10,,,1,12,,37625,10,,,1,12,,37626,10,,,1,12,,37627,10,,,1,12,,37628,10,,,1,52,,37629,10,,,1,12,,37630,10,,,1,12,,37631,10,,,1,12,,37632,10,,,1,12,,37579,10,,,1,52,,37580,10,,,1,12,,37581,10,,,1,12,,37582,10,,,1,12,,37583,10,,,1,12,,37584,10,,,1,52,,37585,10,,,1,12,,37586,10,,,1,12,,37587,10,,,1,12,,37588,10,,,1,12,,37589,10,,,1,59,,37601,10,,,1,15,,37602,10,,,1,15,,37603,10,,,1,15,,37604,10,,,1,55,,37605,10,,,1,15,,37606,10,,,1,15,,37607,10,,,1,15,,37608,10,,,1,55,,37609,10,,,1,15,,37610,10,,,1,15,,37611,10,,,1,15,,37612,10,,,1,55,,37613,10,,,1,15,,37614,10,,,1,15,,37615,10,,,1,15,,37616,10,,,1,55,,37617,10,,,1,15,,37618,10,,,1,15,,37619,10,,,1,15,,37620,10,,,1,55,,37621,10,,,1,15,,37622,10,,,1,15,,37548,10,,,1
18002200,'022R-Weekday-6-26-09',541,,37634,10,,,1,12,,37635,10,,,1,52,,37636,10,,,1,12,,37637,10,,,1,12,,37638,10,,,1,12,,37639,10,,,1,12,,37640,10,,,1,52,,37641,10,,,1,12,,37642,10,,,1,12,,37643,10,,,1,12,,37644,10,,,1,12,,37675,10,,,1,52,,37676,10,,,1,12,,37677,10,,,1,12,,37678,10,,,1,12,,37679,10,,,1,12,,37680,10,,,1,52,,37681,10,,,1,12,,37648,10,,,1,12,,37649,10,,,1,12,,37650,10,,,1,12,,37651,10,,,1,58,,37682,10,,,1,15,,37683,10,,,1,15,,37684,10,,,1,15,,37685,10,,,1,55,,37652,10,,,1,15,,37653,10,,,1,15,,37654,10,,,1,15,,37655,10,,,1,55,,37656,10,,,1,15,,37657,10,,,1,15,,37658,10,,,1,15,,37659,10,,,1,55,,37660,10,,,1,15,,37661,10,,,1,15,,37662,10,,,1,15,,37663,10,,,1,55,,37645,10,,,1,15,,37646,10,,,1,15,,37647,10,,,1,12,,37708,10,,,1,52,,37709,10,,,1,12,,37710,10,,,1,12,,37711,10,,,1,12,,37712,10,,,1,12,,37713,10,,,1,52,,37714,10,,,1,12,,37715,10,,,1,12,,37716,10,,,1,12,,37717,10,,,1,12,,37664,10,,,1,52,,37665,10,,,1,12,,37666,10,,,1,12,,37667,10,,,1,12,,37668,10,,,1,12,,37669,10,,,1,52,,37670,10,,,1,12,,37671,10,,,1,12,,37672,10,,,1,12,,37673,10,,,1,12,,37674,10,,,1,59,,37686,10,,,1,15,,37687,10,,,1,15,,37688,10,,,1,15,,37689,10,,,1,55,,37690,10,,,1,15,,37691,10,,,1,15,,37692,10,,,1,15,,37693,10,,,1,55,,37694,10,,,1,15,,37695,10,,,1,15,,37696,10,,,1,15,,37697,10,,,1,55,,37698,10,,,1,15,,37699,10,,,1,15,,37700,10,,,1,15,,37701,10,,,1,55,,37702,10,,,1,15,,37703,10,,,1,15,,37704,10,,,1,15,,37705,10,,,1,55,,37706,10,,,1,15,,37707,10,,,1,15,,37633,10,,,1
18002200,'022R-Weekday-7-26-09',541,,37719,10,,,1,12,,37720,10,,,1,52,,37721,10,,,1,12,,37722,10,,,1,12,,37723,10,,,1,12,,37724,10,,,1,12,,37725,10,,,1,52,,37726,10,,,1,12,,37727,10,,,1,12,,37728,10,,,1,12,,37729,10,,,1,12,,37760,10,,,1,52,,37761,10,,,1,12,,37762,10,,,1,12,,37763,10,,,1,12,,37764,10,,,1,12,,37765,10,,,1,52,,37766,10,,,1,12,,37733,10,,,1,12,,37734,10,,,1,12,,37735,10,,,1,12,,37736,10,,,1,58,,37767,10,,,1,15,,37768,10,,,1,15,,37769,10,,,1,15,,37770,10,,,1,55,,37737,10,,,1,15,,37738,10,,,1,15,,37739,10,,,1,15,,37740,10,,,1,55,,37741,10,,,1,15,,37742,10,,,1,15,,37743,10,,,1,15,,37744,10,,,1,55,,37745,10,,,1,15,,37746,10,,,1,15,,37747,10,,,1,15,,37748,10,,,1,55,,37730,10,,,1,15,,37731,10,,,1,15,,37732,10,,,1,12,,37793,10,,,1,52,,37794,10,,,1,12,,37795,10,,,1,12,,37796,10,,,1,12,,37797,10,,,1,12,,37798,10,,,1,52,,37799,10,,,1,12,,37800,10,,,1,12,,37801,10,,,1,12,,37802,10,,,1,12,,37749,10,,,1,52,,37750,10,,,1,12,,37751,10,,,1,12,,37752,10,,,1,12,,37753,10,,,1,12,,37754,10,,,1,52,,37755,10,,,1,12,,37756,10,,,1,12,,37757,10,,,1,12,,37758,10,,,1,12,,37759,10,,,1,59,,37771,10,,,1,15,,37772,10,,,1,15,,37773,10,,,1,15,,37774,10,,,1,55,,37775,10,,,1,15,,37776,10,,,1,15,,37777,10,,,1,15,,37778,10,,,1,55,,37779,10,,,1,15,,37780,10,,,1,15,,37781,10,,,1,15,,37782,10,,,1,55,,37783,10,,,1,15,,37784,10,,,1,15,,37785,10,,,1,15,,37786,10,,,1,55,,37787,10,,,1,15,,37788,10,,,1,15,,37789,10,,,1,15,,37790,10,,,1,55,,37791,10,,,1,15,,37792,10,,,1,15,,37718,10,,,1
18002200,'022R-Saturday-1-26-09',541,,33666,10,,,1,15,,33667,10,,,1,55,,33668,10,,,1,15,,33669,10,,,1,15,,33670,10,,,1,15,,33671,10,,,1,55,,33672,10,,,1,15,,33673,10,,,1,15,,33674,10,,,1,15,,33675,10,,,1,55,,33676,10,,,1,15,,33677,10,,,1,15,,33678,10,,,1,15,,33679,10,,,1,55,,33680,10,,,1,15,,33681,10,,,1,15,,33682,10,,,1,15,,33683,10,,,1,55,,33684,10,,,1,15,,33685,10,,,1,15,,33686,10,,,1,15,,33687,10,,,1,55,,33688,10,,,1,15,,33689,10,,,1,15,,33690,10,,,1,15,,33691,10,,,1,55,,33692,10,,,1,15,,33693,10,,,1,15,,33694,10,,,1,15,,33695,10,,,1,55,,33696,10,,,1,15,,33697,10,,,1,15,,33698,10,,,1,15,,33699,10,,,1,55,,33700,10,,,1,15,,33701,10,,,1,15,,33702,10,,,1,15,,33703,10,,,1,55,,33704,10,,,1,15,,33705,10,,,1,15,,33706,10,,,1,15,,33707,10,,,1,55,,33708,10,,,1,15,,33709,10,,,1,15,,33710,10,,,1,15,,33711,10,,,1,55,,33712,10,,,1,15,,33713,10,,,1,15,,33714,10,,,1,15,,33715,10,,,1,55,,33716,10,,,1,15,,33717,10,,,1,15,,33718,10,,,1,15,,33719,10,,,1,55,,33720,10,,,1,15,,33721,10,,,1,15,,33722,10,,,1,15,,33723,10,,,1,55,,33724,10,,,1,15,,33725,10,,,1,15,,33726,10,,,1,15,,33727,10,,,1,55,,33728,10,,,1,15,,33729,10,,,1,15,,33730,10,,,1,15,,33731,10,,,1,55,,33732,10,,,1,15,,33733,10,,,1,15,,33734,10,,,1,15,,33735,10,,,1,55,,33736,10,,,1,15,,33737,10,,,1,15,,33738,10,,,1,15,,33739,10,,,1,55,,33740,10,,,1,15,,33741,10,,,1,15,,33742,10,,,1
18002200,'022R-Saturday-2-26-09',538,,37803,13,,,1,15,,37804,13,,,1,55,,37819,13,,,1,15,,37834,13,,,1,15,,37852,13,,,1,15,,37835,13,,,1,55,,37815,13,,,1,15,,37846,13,,,1,15,,37861,13,,,1,15,,37845,13,,,1,55,,37830,13,,,1,15,,37862,13,,,1,15,,37836,13,,,1,15,,37878,13,,,1,55,,37805,13,,,1,15,,37821,13,,,1,15,,37877,13,,,1,15,,37867,13,,,1,55,,37881,13,,,1,15,,37817,13,,,1,15,,37851,13,,,1,15,,37824,13,,,1,55,,37864,13,,,1,15,,37814,13,,,1,15,,37832,13,,,1,15,,37848,13,,,1,55,,37829,13,,,1,15,,37811,13,,,1,15,,37873,13,,,1,15,,37826,13,,,1,55,,37882,13,,,1,15,,37858,13,,,1,15,,37874,13,,,1,15,,37841,13,,,1,55,,37810,13,,,1,15,,37857,13,,,1,15,,37859,13,,,1,15,,37827,13,,,1,55,,37843,13,,,1,15,,37808,13,,,1,15,,37875,13,,,1,15,,37839,13,,,1,55,,37831,13,,,1,15,,37844,13,,,1,15,,37813,13,,,1,15,,37828,13,,,1,55,,37860,13,,,1,15,,37876,13,,,1,15,,37842,13,,,1,15,,37855,13,,,1,55,,37883,13,,,1,15,,37879,13,,,1,15,,37863,13,,,1,15,,37854,13,,,1,55,,37869,13,,,1,15,,37847,13,,,1,15,,37816,13,,,1,15,,37820,13,,,1,55,,37871,13,,,1,15,,37809,13,,,1,15,,37825,13,,,1,15,,37840,13,,,1,55,,37856,13,,,1,15,,37872,13,,,1,15,,37838,13,,,1,15,,37806,13,,,1,55,,37822,13,,,1,15,,37870,13,,,1,15,,37807,13,,,1,15,,37823,13,,,1,55,,37837,13,,,1,15,,37853,13,,,1,15,,37850,13,,,1,15,,37866,13,,,1,55,,37812,13,,,1,15,,37818,13,,,1,15,,37833,13,,,1,15,,37849,13,,,1,55,,37880,13,,,1,15,,37865,13,,,1,15,,37868,13,,,1
18002200,'022R-Saturday-3-26-09',531,,37891,7,0,5 6 7 8,1,15,,37936,7,0,5 6 7 8,1,55,,37901,7,0,5 6 7 8,1,15,,37885,7,0,5 6 7 8,1,15,,37927,7,0,5 6 7 8,1,15,,37895,7,0,5 6 7 8,1,55,,37907,7,0,5 6 7 8,1,15,,37943,7,0,5 6 7 8,1,15,,37897,7,0,5 6 7 8,1,15,,37959,7,0,5 6 7 8,1,55,,37945,7,0,5 6 7 8,1,15,,37888,7,0,5 6 7 8,1,15,,37913,7,0,5 6 7 8,1,15,,37929,7,0,5 6 7 8,1,55,,37933,7,0,5 6 7 8,1,15,,37917,7,0,5 6 7 8,1,15,,37949,7,0,5 6 7 8,1,15,,37920,7,0,5 6 7 8,1,55,,37931,7,0,5 6 7 8,1,15,,37903,7,0,5 6 7 8,1,15,,37947,7,0,5 6 7 8,1,15,,37899,7,0,5 6 7 8,1,55,,37930,7,0,5 6 7 8,1,15,,37898,7,0,5 6 7 8,1,15,,37914,7,0,5 6 7 8,1,15,,37960,7,0,5 6 7 8,1,55,,37915,7,0,5 6 7 8,1,15,,37909,7,0,5 6 7 8,1,15,,37941,7,0,5 6 7 8,1,15,,37896,7,0,5 6 7 8,1,55,,37912,7,0,5 6 7 8,1,15,,37893,7,0,5 6 7 8,1,15,,37928,7,0,5 6 7 8,1,15,,37925,7,0,5 6 7 8,1,55,,37944,7,0,5 6 7 8,1,15,,37946,7,0,5 6 7 8,1,15,,37932,7,0,5 6 7 8,1,15,,37916,7,0,5 6 7 8,1,55,,37948,7,0,5 6 7 8,1,15,,37900,7,0,5 6 7 8,1,15,,37884,7,0,5 6 7 8,1,15,,37940,7,0,5 6 7 8,1,55,,37958,7,0,5 6 7 8,1,15,,37910,7,0,5 6 7 8,1,15,,37892,7,0,5 6 7 8,1,15,,37926,7,0,5 6 7 8,1,55,,37889,7,0,5 6 7 8,1,15,,37956,7,0,5 6 7 8,1,15,,37924,7,0,5 6 7 8,1,15,,37942,7,0,5 6 7 8,1,55,,37908,7,0,5 6 7 8,1,15,,37894,7,0,5 6 7 8,1,15,,37955,7,0,5 6 7 8,1,15,,37905,7,0,5 6 7 8,1,55,,37937,7,0,5 6 7 8,1,15,,37921,7,0,5 6 7 8,1,15,,37953,7,0,5 6 7 8,1,15,,37904,7,0,5 6 7 8,1,55,,37890,7,0,5 6 7 8,1,15,,37923,7,0,5 6 7 8,1,15,,37887,7,0,5 6 7 8,1,15,,37939,7,0,5 6 7 8,1,55,,37906,7,0,5 6 7 8,1,15,,37922,7,0,5 6 7 8,1,15,,37938,7,0,5 6 7 8,1,15,,37954,7,0,5 6 7 8,1,55,,37918,7,0,5 6 7 8,1,15,,37957,7,0,5 6 7 8,1,15,,37919,7,0,5 6 7 8,1,15,,37911,7,0,5 6 7 8,1,55,,37950,7,0,5 6 7 8,1,15,,37902,7,0,5 6 7 8,1,15,,37886,7,0,5 6 7 8,1,15,,37952,7,0,5 6 7 8,1,55,,37951,7,0,5 6 7 8,1,15,,37935,7,0,5 6 7 8,1,15,,37934,7,0,5 6 7 8,1
18002200,'022R-Saturday-4-26-09',544,,38021,7,0,5 6 7 8,1,15,,38017,7,0,5 6 7 8,1,55,,38013,7,0,5 6 7 8,1,15,,38037,7,0,5 6 7 8,1,15,,38026,7,0,5 6 7 8,1,15,,37996,7,0,5 6 7 8,1,55,,38007,7,0,5 6 7 8,1,15,,38003,7,0,5 6 7 8,1,15,,38006,7,0,5 6 7 8,1,15,,37999,7,0,5 6 7 8,1,55,,38014,7,0,5 6 7 8,1,15,,37995,7,0,5 6 7 8,1,15,,38034,7,0,5 6 7 8,1,15,,38002,7,0,5 6 7 8,1,55,,38030,7,0,5 6 7 8,1,15,,38022,7,0,5 6 7 8,1,15,,38018,7,0,5 6 7 8,1,15,,38010,7,0,5 6 7 8,1,55,,38023,7,0,5 6 7 8,1,15,,38019,7,0,5 6 7 8,1,15,,38015,7,0,5 6 7 8,1,15,,38011,7,0,5 6 7 8,1,55,,38033,7,0,5 6 7 8,1,15,,38027,7,0,5 6 7 8,1,15,,38035,7,0,5 6 7 8,1,15,,37998,7,0,5 6 7 8,1,55,,38031,7,0,5 6 7 8,1,15,,38001,7,0,5 6 7 8,1,15,,37997,7,0,5 6 7 8,1,15,,38036,7,0,5 6 7 8,1,55,,38032,7,0,5 6 7 8,1,15,,38016,7,0,5 6 7 8,1,15,,38012,7,0,5 6 7 8,1,15,,38020,7,0,5 6 7 8,1,55,,38009,7,0,5 6 7 8,1,15,,38005,7,0,5 6 7 8,1,15,,38024,7,0,5 6 7 8,1,15,,38004,7,0,5 6 7 8,1,55,,38008,7,0,5 6 7 8,1,15,,38000,7,0,5 6 7 8,1,15,,38028,7,0,5 6 7 8,1,15,,38029,7,0,5 6 7 8,1,55,,38025,7,0,5 6 7 8,1,12,,37961,10,,,1,15,,37962,10,,,1,15,,37963,10,,,1,55,,37964,10,,,1,15,,37965,10,,,1,15,,37966,10,,,1,15,,37967,10,,,1,55,,37968,10,,,1,15,,37969,10,,,1,15,,37970,10,,,1,15,,37971,10,,,1,55,,37972,10,,,1,15,,37973,10,,,1,15,,37974,10,,,1,15,,37975,10,,,1,55,,37976,10,,,1,15,,37977,10,,,1,15,,37978,10,,,1,15,,37979,10,,,1,55,,37980,10,,,1,15,,37981,10,,,1,15,,37982,10,,,1,15,,37983,10,,,1,55,,37984,10,,,1,15,,37985,10,,,1,15,,37986,10,,,1,15,,37987,10,,,1,55,,37988,10,,,1,15,,37989,10,,,1,15,,37990,10,,,1,15,,37991,10,,,1,55,,37992,10,,,1,15,,37993,10,,,1,15,,37994,10,,,1
18002200,'022R-Sunday-1-26-09',556,,33743,10,,,1,55,,33744,10,,,1,15,,33745,10,,,1,15,,33746,10,,,1,15,,33747,10,,,1,55,,33748,10,,,1,15,,33749,10,,,1,15,,33750,10,,,1,15,,33751,10,,,1,55,,33752,10,,,1,15,,33753,10,,,1,15,,33754,10,,,1,15,,33755,10,,,1,55,,33756,10,,,1,15,,33757,10,,,1,15,,33758,10,,,1,15,,33759,10,,,1,55,,33760,10,,,1,15,,33761,10,,,1,15,,33762,10,,,1,15,,33763,10,,,1,55,,33764,10,,,1,15,,33765,10,,,1,15,,33766,10,,,1,15,,33767,10,,,1,55,,33768,10,,,1,15,,33769,10,,,1,15,,33770,10,,,1,15,,33771,10,,,1,55,,33772,10,,,1,15,,33773,10,,,1,15,,33774,10,,,1,15,,33775,10,,,1,55,,33776,10,,,1,15,,33777,10,,,1,15,,33778,10,,,1,15,,33779,10,,,1,55,,33780,10,,,1,15,,33781,10,,,1,15,,33782,10,,,1,15,,33783,10,,,1,55,,33784,10,,,1,15,,33785,10,,,1,15,,33786,10,,,1,15,,33787,10,,,1,55,,33788,10,,,1,15,,33789,10,,,1,15,,33790,10,,,1,15,,33791,10,,,1,55,,33792,10,,,1,15,,33793,10,,,1,15,,33794,10,,,1,15,,33795,10,,,1,55,,33796,10,,,1,15,,33797,10,,,1,15,,33798,10,,,1,15,,33799,10,,,1,55,,33800,10,,,1,15,,33801,10,,,1,15,,33802,10,,,1,15,,33803,10,,,1,55,,33804,10,,,1,15,,33805,10,,,1,15,,33806,10,,,1,15,,33807,10,,,1,55,,33808,10,,,1,15,,33809,10,,,1,15,,33810,10,,,1,15,,33811,10,,,1,55,,33812,10,,,1,15,,33813,10,,,1,15,,33814,10,,,1,15,,33815,10,,,1
18002200,'022R-Sunday-2-26-09',608,,38109,13,,,1,15,,38110,13,,,1,15,,38111,13,,,1,15,,38112,13,,,1,55,,38080,13,,,1,15,,38095,13,,,1,15,,38041,13,,,1,15,,38052,13,,,1,55,,38067,13,,,1,15,,38064,13,,,1,15,,38081,13,,,1,15,,38066,13,,,1,55,,38094,13,,,1,15,,38093,13,,,1,15,,38096,13,,,1,15,,38048,13,,,1,55,,38106,13,,,1,15,,38091,13,,,1,15,,38079,13,,,1,15,,38057,13,,,1,55,,38063,13,,,1,15,,38108,13,,,1,15,,38050,13,,,1,15,,38078,13,,,1,55,,38076,13,,,1,15,,38045,13,,,1,15,,38105,13,,,1,15,,38047,13,,,1,55,,38083,13,,,1,15,,38071,13,,,1,15,,38055,13,,,1,15,,38102,13,,,1,55,,38089,13,,,1,15,,38068,13,,,1,15,,38061,13,,,1,15,,38103,13,,,1,55,,38042,13,,,1,15,,38088,13,,,1,15,,38046,13,,,1,15,,38092,13,,,1,55,,38070,13,,,1,15,,38086,13,,,1,15,,38040,13,,,1,15,,38085,13,,,1,55,,38062,13,,,1,15,,38098,13,,,1,15,,38099,13,,,1,15,,38044,13,,,1,55,,38053,13,,,1,15,,38058,13,,,1,15,,38060,13,,,1,15,,38059,13,,,1,55,,38056,13,,,1,15,,38100,13,,,1,15,,38073,13,,,1,15,,38075,13,,,1,55,,38090,13,,,1,15,,38104,13,,,1,15,,38043,13,,,1,15,,38039,13,,,1,55,,38077,13,,,1,15,,38074,13,,,1,15,,38107,13,,,1,15,,38049,13,,,1,55,,38101,13,,,1,15,,38082,13,,,1,15,,38087,13,,,1,15,,38097,13,,,1,55,,38051,13,,,1,15,,38038,13,,,1,15,,38054,13,,,1,15,,38069,13,,,1,55,,38072,13,,,1,15,,38065,13,,,1,15,,38084,13,,,1
18002200,'022R-Sunday-3-26-09',601,,38113,7,0,5 6 7 8,1,15,,38114,7,0,5 6 7 8,1,15,,38115,7,0,5 6 7 8,1,15,,38116,7,0,5 6 7 8,1,55,,38117,7,0,5 6 7 8,1,15,,38118,7,0,5 6 7 8,1,15,,38119,7,0,5 6 7 8,1,15,,38120,7,0,5 6 7 8,1,55,,38121,7,0,5 6 7 8,1,15,,38122,7,0,5 6 7 8,1,15,,38123,7,0,5 6 7 8,1,15,,38124,7,0,5 6 7 8,1,55,,38125,7,0,5 6 7 8,1,15,,38126,7,0,5 6 7 8,1,15,,38127,7,0,5 6 7 8,1,15,,38128,7,0,5 6 7 8,1,55,,38129,7,0,5 6 7 8,1,15,,38130,7,0,5 6 7 8,1,15,,38131,7,0,5 6 7 8,1,15,,38132,7,0,5 6 7 8,1,55,,38133,7,0,5 6 7 8,1,15,,38134,7,0,5 6 7 8,1,15,,38135,7,0,5 6 7 8,1,15,,38136,7,0,5 6 7 8,1,55,,38137,7,0,5 6 7 8,1,15,,38138,7,0,5 6 7 8,1,15,,38139,7,0,5 6 7 8,1,15,,38140,7,0,5 6 7 8,1,55,,38141,7,0,5 6 7 8,1,15,,38142,7,0,5 6 7 8,1,15,,38143,7,0,5 6 7 8,1,15,,38144,7,0,5 6 7 8,1,55,,38145,7,0,5 6 7 8,1,15,,38146,7,0,5 6 7 8,1,15,,38147,7,0,5 6 7 8,1,15,,38148,7,0,5 6 7 8,1,55,,38149,7,0,5 6 7 8,1,15,,38150,7,0,5 6 7 8,1,15,,38151,7,0,5 6 7 8,1,15,,38152,7,0,5 6 7 8,1,55,,38153,7,0,5 6 7 8,1,15,,38154,7,0,5 6 7 8,1,15,,38155,7,0,5 6 7 8,1,15,,38156,7,0,5 6 7 8,1,55,,38157,7,0,5 6 7 8,1,15,,38158,7,0,5 6 7 8,1,15,,38159,7,0,5 6 7 8,1,15,,38160,7,0,5 6 7 8,1,55,,38161,7,0,5 6 7 8,1,15,,38162,7,0,5 6 7 8,1,15,,38163,7,0,5 6 7 8,1,15,,38164,7,0,5 6 7 8,1,55,,38165,7,0,5 6 7 8,1,15,,38166,7,0,5 6 7 8,1,15,,38167,7,0,5 6 7 8,1,15,,38168,7,0,5 6 7 8,1,55,,38169,7,0,5 6 7 8,1,15,,38170,7,0,5 6 7 8,1,15,,38171,7,0,5 6 7 8,1,15,,38172,7,0,5 6 7 8,1,55,,38173,7,0,5 6 7 8,1,15,,38174,7,0,5 6 7 8,1,15,,38175,7,0,5 6 7 8,1,15,,38176,7,0,5 6 7 8,1,55,,38177,7,0,5 6 7 8,1,15,,38178,7,0,5 6 7 8,1,15,,38179,7,0,5 6 7 8,1,15,,38180,7,0,5 6 7 8,1,55,,38181,7,0,5 6 7 8,1,15,,38182,7,0,5 6 7 8,1,15,,38183,7,0,5 6 7 8,1,15,,38184,7,0,5 6 7 8,1
18002200,'022R-Sunday-5-26-09',601,,38185,7,0,5 6 7 8,1,15,,38186,7,0,5 6 7 8,1,15,,38187,7,0,5 6 7 8,1,15,,38188,7,0,5 6 7 8,1,55,,38189,7,0,5 6 7 8,1,15,,38190,7,0,5 6 7 8,1,15,,38191,7,0,5 6 7 8,1,15,,38192,7,0,5 6 7 8,1,55,,38193,7,0,5 6 7 8,1,15,,38194,7,0,5 6 7 8,1,15,,38195,7,0,5 6 7 8,1,15,,38196,7,0,5 6 7 8,1,55,,38197,7,0,5 6 7 8,1,15,,38198,7,0,5 6 7 8,1,15,,38199,7,0,5 6 7 8,1,15,,38200,7,0,5 6 7 8,1,55,,38201,7,0,5 6 7 8,1,15,,38202,7,0,5 6 7 8,1,15,,38203,7,0,5 6 7 8,1,15,,38204,7,0,5 6 7 8,1,55,,38205,7,0,5 6 7 8,1,15,,38206,7,0,5 6 7 8,1,15,,38207,7,0,5 6 7 8,1,15,,38208,7,0,5 6 7 8,1,55,,38209,7,0,5 6 7 8,1,15,,38210,7,0,5 6 7 8,1,15,,38211,7,0,5 6 7 8,1,15,,38212,7,0,5 6 7 8,1,55,,38213,7,0,5 6 7 8,1,15,,38214,7,0,5 6 7 8,1,15,,38215,7,0,5 6 7 8,1,15,,38216,7,0,5 6 7 8,1,55,,38217,7,0,5 6 7 8,1,15,,38218,7,0,5 6 7 8,1,15,,38219,7,0,5 6 7 8,1,15,,38220,7,0,5 6 7 8,1,55,,38221,7,0,5 6 7 8,1,15,,38222,7,0,5 6 7 8,1,15,,38223,7,0,5 6 7 8,1,15,,38224,7,0,5 6 7 8,1,55,,38225,7,0,5 6 7 8,1,15,,38226,7,0,5 6 7 8,1,15,,38227,7,0,5 6 7 8,1,15,,38228,7,0,5 6 7 8,1,55,,38229,7,0,5 6 7 8,1,15,,38230,7,0,5 6 7 8,1,15,,38231,7,0,5 6 7 8,1,15,,38232,7,0,5 6 7 8,1,55,,38233,7,0,5 6 7 8,1,15,,38234,7,0,5 6 7 8,1,15,,38235,7,0,5 6 7 8,1,15,,38236,7,0,5 6 7 8,1,55,,38237,7,0,5 6 7 8,1,15,,38238,7,0,5 6 7 8,1,15,,38239,7,0,5 6 7 8,1,15,,38240,7,0,5 6 7 8,1,55,,38241,7,0,5 6 7 8,1,15,,38242,7,0,5 6 7 8,1,15,,38243,7,0,5 6 7 8,1,15,,38244,7,0,5 6 7 8,1,55,,38245,7,0,5 6 7 8,1,15,,38246,7,0,5 6 7 8,1,15,,38247,7,0,5 6 7 8,1,15,,38248,7,0,5 6 7 8,1,55,,38249,7,0,5 6 7 8,1,15,,38250,7,0,5 6 7 8,1,15,,38251,7,0,5 6 7 8,1,15,,38252,7,0,5 6 7 8,1,55,,38253,7,0,5 6 7 8,1,15,,38254,7,0,5 6 7 8,1,15,,38255,7,0,5 6 7 8,1,15,,38256,7,0,5 6 7 8,1
18002200,'022R-Sunday-6-26-09',556,,38279,7,0,5 6 7 8,1,55,,38280,7,0,5 6 7 8,1,15,,38281,7,0,5 6 7 8,1,15,,38282,7,0,5 6 7 8,1,15,,38283,7,0,5 6 7 8,1,55,,38284,7,0,5 6 7 8,1,15,,38285,7,0,5 6 7 8,1,15,,38286,7,0,5 6 7 8,1,15,,38287,7,0,5 6 7 8,1,55,,38288,7,0,5 6 7 8,1,15,,38289,7,0,5 6 7 8,1,15,,38290,7,0,5 6 7 8,1,15,,38291,7,0,5 6 7 8,1,55,,38292,7,0,5 6 7 8,1,15,,38293,7,0,5 6 7 8,1,15,,38294,7,0,5 6 7 8,1,15,,38295,7,0,5 6 7 8,1,55,,38296,7,0,5 6 7 8,1,15,,38297,7,0,5 6 7 8,1,15,,38298,7,0,5 6 7 8,1,15,,38299,7,0,5 6 7 8,1,55,,38300,7,0,5 6 7 8,1,15,,38301,7,0,5 6 7 8,1,15,,38302,7,0,5 6 7 8,1,15,,38303,7,0,5 6 7 8,1,55,,38304,7,0,5 6 7 8,1,15,,38305,7,0,5 6 7 8,1,15,,38306,7,0,5 6 7 8,1,15,,38307,7,0,5 6 7 8,1,55,,38308,7,0,5 6 7 8,1,15,,38309,7,0,5 6 7 8,1,15,,38310,7,0,5 6 7 8,1,15,,38311,7,0,5 6 7 8,1,55,,38312,7,0,5 6 7 8,1,15,,38313,7,0,5 6 7 8,1,15,,38314,7,0,5 6 7 8,1,15,,38315,7,0,5 6 7 8,1,55,,38316,7,0,5 6 7 8,1,15,,38317,7,0,5 6 7 8,1,15,,38318,7,0,5 6 7 8,1,15,,38319,7,0,5 6 7 8,1,55,,38320,7,0,5 6 7 8,1,15,,38321,7,0,5 6 7 8,1,15,,38322,7,0,5 6 7 8,1,15,,38323,7,0,5 6 7 8,1,55,,38324,7,0,5 6 7 8,1,15,,38325,7,0,5 6 7 8,1,15,,38326,7,0,5 6 7 8,1,15,,38327,7,0,5 6 7 8,1,55,,38328,7,0,5 6 7 8,1,15,,38329,7,0,5 6 7 8,1,15,,38257,10,,,1,15,,38258,10,,,1,55,,38259,10,,,1,15,,38260,10,,,1,15,,38261,10,,,1,15,,38262,10,,,1,55,,38263,10,,,1,15,,38264,10,,,1,15,,38265,10,,,1,15,,38266,10,,,1,55,,38267,10,,,1,15,,38268,10,,,1,15,,38269,10,,,1,15,,38270,10,,,1,55,,38271,10,,,1,15,,38272,10,,,1,15,,38273,10,,,1,15,,38274,10,,,1,55,,38275,10,,,1,15,,38276,10,,,1,15,,38277,10,,,1,15,,38278,10,,,1
