18002300,'20260913-Sunday-1-26-09',510,,34217,1,,,1,15,,34233,1,,,1,15,,34249,1,,,1,15,,34265,1,,,1,55,,34281,1,,,1,15,,34218,1,,,1,15,,34234,1,,,1,15,,34250,1,,,1,55,,34266,1,,,1,15,,34282,1,,,1,15,,34219,1,,,1,15,,34235,1,,,1,55,,34251,1,,,1,15,,34267,1,,,1,15,,34283,1,,,1,15,,34220,1,,,1,55,,34236,1,,,1,15,,34252,1,,,1,15,,34268,1,,,1,15,,34284,1,,,1,55,,34221,1,,,1,15,,34237,1,,,1,15,,34253,1,,,1,15,,34269,1,,,1,55,,34285,1,,,1,15,,34222,1,,,1,15,,34238,1,,,1,15,,34254,1,,,1,55,,34270,1,,,1,15,,34286,1,,,1,15,,34223,1,,,1,15,,34239,1,,,1,55,,34255,1,,,1,15,,34271,1,,,1,15,,34287,1,,,1,15,,34224,1,,,1,55,,34240,1,,,1,15,,34256,1,,,1,15,,34272,1,,,1,15,,34288,1,,,1,55,,34225,1,,,1,15,,34241,1,,,1,15,,34257,1,,,1,15,,34273,1,,,1,55,,34289,1,,,1,15,,34226,1,,,1,15,,34242,1,,,1,15,,34258,1,,,1,55,,34274,1,,,1,15,,34290,1,,,1,15,,34227,1,,,1,15,,34243,1,,,1,55,,34259,1,,,1,15,,34275,1,,,1,15,,34291,1,,,1,15,,34228,1,,,1,55,,34244,1,,,1,15,,34260,1,,,1,15,,34276,1,,,1,15,,34292,1,,,1,55,,34229,1,,,1,15,,34245,1,,,1,15,,34261,1,,,1,15,,34277,1,,,1,55,,34293,1,,,1,15,,34230,1,,,1,15,,34246,1,,,1,15,,34262,1,,,1,55,,34278,1,,,1,15,,34294,1,,,1,15,,34231,1,,,1,15,,34247,1,,,1,55,,34263,1,,,1,15,,34279,1,,,1,15,,34295,1,,,1,15,,34232,1,,,1,55,,34248,1,,,1,15,,34264,1,,,1,15,,34280,1,,,1
18002300,'20260914-Weekday-1-26-09',500,,34296,1,,,1,10,,34320,1,,,1,10,,34308,1,,,1,10,,34332,1,,,1,10,,34373,1,,,1,10,,34343,1,,,1,7,,34360,1,,,1,45,,34390,1,,,1,5,,34297,1,,,1,5,,34402,1,,,1,5,,34321,1,,,1,5,,34410,1,,,1,5,,34309,1,,,1,5,,34434,1,,,1,5,,34333,1,,,1,5,,34418,1,,,1,5,,34374,1,,,1,5,,34451,1,,,1,5,,34344,1,,,1,45,,34361,1,,,1,5,,34391,1,,,1,5,,34298,1,,,1,5,,34403,1,,,1,5,,34322,1,,,1,5,,34411,1,,,1,5,,34310,1,,,1,5,,34435,1,,,1,5,,34334,1,,,1,5,,34419,1,,,1,5,,34375,1,,,1,5,,34452,1,,,1,45,,34345,1,,,1,5,,34362,1,,,1,5,,34392,1,,,1,5,,34299,1,,,1,5,,34404,1,,,1,5,,34323,1,,,1,5,,34412,1,,,1,5,,34311,1,,,1,5,,34436,1,,,1,5,,34335,1,,,1,5,,34420,1,,,1,5,,34376,1,,,1,45,,34453,1,,,1,5,,34346,1,,,1,5,,34363,1,,,1,5,,34393,1,,,1,5,,34300,1,,,1,5,,34405,1,,,1,5,,34324,1,,,1,5,,34413,1,,,1,5,,34312,1,,,1,5,,34437,1,,,1,5,,34336,1,,,1,5,,34421,1,,,1,48,,34377,1,,,1,10,,34347,1,,,1,10,,34394,1,,,1,10,,34301,1,,,1,10,,34325,1,,,1,10,,34438,1,,,1,50,,34422,1,,,1,10,,34378,1,,,1,10,,34348,1,,,1,10,,34395,1,,,1,10,,34302,1,,,1,10,,34326,1,,,1,50,,34439,1,,,1,10,,34423,1,,,1,10,,34379,1,,,1,10,,34349,1,,,1,10,,34396,1,,,1,10,,34303,1,,,1,50,,34327,1,,,1,10,,34440,1,,,1,10,,34424,1,,,1,10,,34380,1,,,1,10,,34350,1,,,1,10,,34397,1,,,1,50,,34304,1,,,1,10,,34328,1,,,1,10,,34441,1,,,1,7,,34414,1,,,1,5,,34313,1,,,1,5,,34381,1,,,1,5,,34454,1,,,1,5,,34351,1,,,1,5,,34364,1,,,1,45,,34398,1,,,1,5,,34425,1,,,1,5,,34406,1,,,1,5,,34305,1,,,1,5,,34337,1,,,1,5,,34329,1,,,1,5,,34442,1,,,1,5,,34415,1,,,1,5,,34314,1,,,1,5,,34382,1,,,1,5,,34455,1,,,1,5,,34352,1,,,1,45,,34365,1,,,1,5,,34399,1,,,1,5,,34426,1,,,1,5,,34407,1,,,1,5,,34306,1,,,1,5,,34338,1,,,1,5,,34330,1,,,1,5,,34443,1,,,1,5,,34416,1,,,1,5,,34315,1,,,1,5,,34383,1,,,1,5,,34456,1,,,1,45,,34353,1,,,1,5,,34366,1,,,1,5,,34400,1,,,1,5,,34427,1,,,1,5,,34408,1,,,1,5,,34307,1,,,1,5,,34339,1,,,1,5,,34331,1,,,1,5,,34444,1,,,1,5,,34417,1,,,1,5,,34316,1,,,1,5,,34384,1,,,1,45,,34457,1,,,1,5,,34354,1,,,1,5,,34367,1,,,1,5,,34401,1,,,1,5,,34428,1,,,1,5,,34409,1,,,1,13,,34340,1,,,1,10,,34445,1,,,1,50,,34317,1,,,1,10,,34385,1,,,1,10,,34355,1,,,1,10,,34368,1,,,1,10,,34429,1,,,1,10,,34341,1,,,1,50,,34446,1,,,1,10,,34318,1,,,1,10,,34386,1,,,1,10,,34356,1,,,1,10,,34369,1,,,1,10,,34430,1,,,1,50,,34342,1,,,1,10,,34447,1,,,1,10,,34319,1,,,1,10,,34387,1,,,1,15,,34357,1,,,1,55,,34370,1,,,1,15,,34431,1,,,1,15,,34448,1,,,1,15,,34388,1,,,1,55,,34358,1,,,1,15,,34371,1,,,1,15,,34432,1,,,1,15,,34449,1,,,1,55,,34389,1,,,1,15,,34359,1,,,1,15,,34372,1,,,1,15,,34433,1,,,1,55,,34450,1,,,1
18002300,'20260914-Weekday-2-26-09',500,,34458,1,,,1,10,,34482,1,,,1,10,,34470,1,,,1,10,,34494,1,,,1,10,,34535,1,,,1,10,,34505,1,,,1,7,,34522,1,,,1,45,,34552,1,,,1,5,,34459,1,,,1,5,,34564,1,,,1,5,,34483,1,,,1,5,,34572,1,,,1,5,,34471,1,,,1,5,,34596,1,,,1,5,,34495,1,,,1,5,,34580,1,,,1,5,,34536,1,,,1,5,,34613,1,,,1,5,,34506,1,,,1,45,,34523,1,,,1,5,,34553,1,,,1,5,,34460,1,,,1,5,,34565,1,,,1,5,,34484,1,,,1,5,,34573,1,,,1,5,,34472,1,,,1,5,,34597,1,,,1,5,,34496,1,,,1,5,,34581,1,,,1,5,,34537,1,,,1,5,,34614,1,,,1,45,,34507,1,,,1,5,,34524,1,,,1,5,,34554,1,,,1,5,,34461,1,,,1,5,,34566,1,,,1,5,,34485,1,,,1,5,,34574,1,,,1,5,,34473,1,,,1,5,,34598,1,,,1,5,,34497,1,,,1,5,,34582,1,,,1,5,,34538,1,,,1,45,,34615,1,,,1,5,,34508,1,,,1,5,,34525,1,,,1,5,,34555,1,,,1,5,,34462,1,,,1,5,,34567,1,,,1,5,,34486,1,,,1,5,,34575,1,,,1,5,,34474,1,,,1,5,,34599,1,,,1,5,,34498,1,,,1,5,,34583,1,,,1,48,,34539,1,,,1,10,,34509,1,,,1,10,,34556,1,,,1,10,,34463,1,,,1,10,,34487,1,,,1,10,,34600,1,,,1,50,,34584,1,,,1,10,,34540,1,,,1,10,,34510,1,,,1,10,,34557,1,,,1,10,,34464,1,,,1,10,,34488,1,,,1,50,,34601,1,,,1,10,,34585,1,,,1,10,,34541,1,,,1,10,,34511,1,,,1,10,,34558,1,,,1,10,,34465,1,,,1,50,,34489,1,,,1,10,,34602,1,,,1,10,,34586,1,,,1,10,,34542,1,,,1,10,,34512,1,,,1,10,,34559,1,,,1,50,,34466,1,,,1,10,,34490,1,,,1,10,,34603,1,,,1,7,,34576,1,,,1,5,,34475,1,,,1,5,,34543,1,,,1,5,,34616,1,,,1,5,,34513,1,,,1,5,,34526,1,,,1,45,,34560,1,,,1,5,,34587,1,,,1,5,,34568,1,,,1,5,,34467,1,,,1,5,,34499,1,,,1,5,,34491,1,,,1,5,,34604,1,,,1,5,,34577,1,,,1,5,,34476,1,,,1,5,,34544,1,,,1,5,,34617,1,,,1,5,,34514,1,,,1,45,,34527,1,,,1,5,,34561,1,,,1,5,,34588,1,,,1,5,,34569,1,,,1,5,,34468,1,,,1,5,,34500,1,,,1,5,,34492,1,,,1,5,,34605,1,,,1,5,,34578,1,,,1,5,,34477,1,,,1,5,,34545,1,,,1,5,,34618,1,,,1,45,,34515,1,,,1,5,,34528,1,,,1,5,,34562,1,,,1,5,,34589,1,,,1,5,,34570,1,,,1,5,,34469,1,,,1,5,,34501,1,,,1,5,,34493,1,,,1,5,,34606,1,,,1,5,,34579,1,,,1,5,,34478,1,,,1,5,,34546,1,,,1,45,,34619,1,,,1,5,,34516,1,,,1,5,,34529,1,,,1,5,,34563,1,,,1,5,,34590,1,,,1,5,,34571,1,,,1,13,,34502,1,,,1,10,,34607,1,,,1,50,,34479,1,,,1,10,,34547,1,,,1,10,,34517,1,,,1,10,,34530,1,,,1,10,,34591,1,,,1,10,,34503,1,,,1,50,,34608,1,,,1,10,,34480,1,,,1,10,,34548,1,,,1,10,,34518,1,,,1,10,,34531,1,,,1,10,,34592,1,,,1,50,,34504,1,,,1,10,,34609,1,,,1,10,,34481,1,,,1,10,,34549,1,,,1,15,,34519,1,,,1,55,,34532,1,,,1,15,,34593,1,,,1,15,,34610,1,,,1,15,,34550,1,,,1,55,,34520,1,,,1,15,,34533,1,,,1,15,,34594,1,,,1,15,,34611,1,,,1,55,,34551,1,,,1,15,,34521,1,,,1,15,,34534,1,,,1,15,,34595,1,,,1,55,,34612,1,,,1
18002300,'20260914-Weekday-3-26-09',500,,39188,1,,,1,10,,39212,1,,,1,10,,39200,1,,,1,10,,39224,1,,,1,10,,39265,1,,,1,10,,39235,1,,,1,7,,39252,1,,,1,45,,39282,1,,,1,5,,39189,1,,,1,5,,39294,1,,,1,5,,39213,1,,,1,5,,39302,1,,,1,5,,39201,1,,,1,5,,39326,1,,,1,5,,39225,1,,,1,5,,39310,1,,,1,5,,39266,1,,,1,5,,39343,1,,,1,5,,39236,1,,,1,45,,39253,1,,,1,5,,39283,1,,,1,5,,39190,1,,,1,5,,39295,1,,,1,5,,39214,1,,,1,5,,39303,1,,,1,5,,39202,1,,,1,5,,39327,1,,,1,5,,39226,1,,,1,5,,39311,1,,,1,5,,39267,1,,,1,5,,39344,1,,,1,45,,39237,1,,,1,5,,39254,1,,,1,5,,39284,1,,,1,5,,39191,1,,,1,5,,39296,1,,,1,5,,39215,1,,,1,5,,39304,1,,,1,5,,39203,1,,,1,5,,39328,1,,,1,5,,39227,1,,,1,5,,39312,1,,,1,5,,39268,1,,,1,45,,39345,1,,,1,5,,39238,1,,,1,5,,39255,1,,,1,5,,39285,1,,,1,5,,39192,1,,,1,5,,39297,1,,,1,5,,39216,1,,,1,5,,39305,1,,,1,5,,39204,1,,,1,5,,39329,1,,,1,5,,39228,1,,,1,5,,39313,1,,,1,48,,39269,1,,,1,10,,39239,1,,,1,10,,39286,1,,,1,10,,39193,1,,,1,10,,39217,1,,,1,10,,39330,1,,,1,50,,39314,1,,,1,10,,39270,1,,,1,10,,39240,1,,,1,10,,39287,1,,,1,10,,39194,1,,,1,10,,39218,1,,,1,50,,39331,1,,,1,10,,39315,1,,,1,10,,39271,1,,,1,10,,39241,1,,,1,10,,39288,1,,,1,10,,39195,1,,,1,50,,39219,1,,,1,10,,39332,1,,,1,10,,39316,1,,,1,10,,39272,1,,,1,10,,39242,1,,,1,10,,39289,1,,,1,50,,39196,1,,,1,10,,39220,1,,,1,10,,39333,1,,,1,7,,39306,1,,,1,5,,39205,1,,,1,5,,39273,1,,,1,5,,39346,1,,,1,5,,39243,1,,,1,5,,39256,1,,,1,45,,39290,1,,,1,5,,39317,1,,,1,5,,39298,1,,,1,5,,39197,1,,,1,5,,39229,1,,,1,5,,39221,1,,,1,5,,39334,1,,,1,5,,39307,1,,,1,5,,39206,1,,,1,5,,39274,1,,,1,5,,39347,1,,,1,5,,39244,1,,,1,45,,39257,1,,,1,5,,39291,1,,,1,5,,39318,1,,,1,5,,39299,1,,,1,5,,39198,1,,,1,5,,39230,1,,,1,5,,39222,1,,,1,5,,39335,1,,,1,5,,39308,1,,,1,5,,39207,1,,,1,5,,39275,1,,,1,5,,39348,1,,,1,45,,39245,1,,,1,5,,39258,1,,,1,5,,39292,1,,,1,5,,39319,1,,,1,5,,39300,1,,,1,5,,39199,1,,,1,5,,39231,1,,,1,5,,39223,1,,,1,5,,39336,1,,,1,5,,39309,1,,,1,5,,39208,1,,,1,5,,39276,1,,,1,45,,39349,1,,,1,5,,39246,1,,,1,5,,39259,1,,,1,5,,39293,1,,,1,5,,39320,1,,,1,5,,39301,1,,,1,13,,39232,1,,,1,10,,39337,1,,,1,50,,39209,1,,,1,10,,39277,1,,,1,10,,39247,1,,,1,10,,39260,1,,,1,10,,39321,1,,,1,10,,39233,1,,,1,50,,39338,1,,,1,10,,39210,1,,,1,10,,39278,1,,,1,10,,39248,1,,,1,10,,39261,1,,,1,10,,39322,1,,,1,50,,39234,1,,,1,10,,39339,1,,,1,10,,39211,1,,,1,10,,39279,1,,,1,15,,39249,1,,,1,55,,39262,1,,,1,15,,39323,1,,,1,15,,39340,1,,,1,15,,39280,1,,,1,55,,39250,1,,,1,15,,39263,1,,,1,15,,39324,1,,,1,15,,39341,1,,,1,55,,39281,1,,,1,15,,39251,1,,,1,15,,39264,1,,,1,15,,39325,1,,,1,55,,39342,1,,,1
18002300,'20260914-Weekday-4-26-09',500,,34620,1,,,1,10,,34644,1,,,1,10,,34632,1,,,1,10,,34656,1,,,1,10,,34697,1,,,1,10,,34667,1,,,1,7,,34684,1,,,1,45,,34714,1,,,1,5,,34621,1,,,1,5,,34726,1,,,1,5,,34645,1,,,1,5,,34734,1,,,1,5,,34633,1,,,1,5,,34758,1,,,1,5,,34657,1,,,1,5,,34742,1,,,1,5,,34698,1,,,1,5,,34775,1,,,1,5,,34668,1,,,1,45,,34685,1,,,1,5,,34715,1,,,1,5,,34622,1,,,1,5,,34727,1,,,1,5,,34646,1,,,1,5,,34735,1,,,1,5,,34634,1,,,1,5,,34759,1,,,1,5,,34658,1,,,1,5,,34743,1,,,1,5,,34699,1,,,1,5,,34776,1,,,1,45,,34669,1,,,1,5,,34686,1,,,1,5,,34716,1,,,1,5,,34623,1,,,1,5,,34728,1,,,1,5,,34647,1,,,1,5,,34736,1,,,1,5,,34635,1,,,1,5,,34760,1,,,1,5,,34659,1,,,1,5,,34744,1,,,1,5,,34700,1,,,1,45,,34777,1,,,1,5,,34670,1,,,1,5,,34687,1,,,1,5,,34717,1,,,1,5,,34624,1,,,1,5,,34729,1,,,1,5,,34648,1,,,1,5,,34737,1,,,1,5,,34636,1,,,1,5,,34761,1,,,1,5,,34660,1,,,1,5,,34745,1,,,1,48,,34701,1,,,1,10,,34671,1,,,1,10,,34718,1,,,1,10,,34625,1,,,1,10,,34649,1,,,1,10,,34762,1,,,1,50,,34746,1,,,1,10,,34702,1,,,1,10,,34672,1,,,1,10,,34719,1,,,1,10,,34626,1,,,1,10,,34650,1,,,1,50,,34763,1,,,1,10,,34747,1,,,1,10,,34703,1,,,1,10,,34673,1,,,1,10,,34720,1,,,1,10,,34627,1,,,1,50,,34651,1,,,1,10,,34764,1,,,1,10,,34748,1,,,1,10,,34704,1,,,1,10,,34674,1,,,1,10,,34721,1,,,1,50,,34628,1,,,1,10,,34652,1,,,1,10,,34765,1,,,1,7,,34738,1,,,1,5,,34637,1,,,1,5,,34705,1,,,1,5,,34778,1,,,1,5,,34675,1,,,1,5,,34688,1,,,1,45,,34722,1,,,1,5,,34749,1,,,1,5,,34730,1,,,1,5,,34629,1,,,1,5,,34661,1,,,1,5,,34653,1,,,1,5,,34766,1,,,1,5,,34739,1,,,1,5,,34638,1,,,1,5,,34706,1,,,1,5,,34779,1,,,1,5,,34676,1,,,1,45,,34689,1,,,1,5,,34723,1,,,1,5,,34750,1,,,1,5,,34731,1,,,1,5,,34630,1,,,1,5,,34662,1,,,1,5,,34654,1,,,1,5,,34767,1,,,1,5,,34740,1,,,1,5,,34639,1,,,1,5,,34707,1,,,1,5,,34780,1,,,1,45,,34677,1,,,1,5,,34690,1,,,1,5,,34724,1,,,1,5,,34751,1,,,1,5,,34732,1,,,1,5,,34631,1,,,1,5,,34663,1,,,1,5,,34655,1,,,1,5,,34768,1,,,1,5,,34741,1,,,1,5,,34640,1,,,1,5,,34708,1,,,1,45,,34781,1,,,1,5,,34678,1,,,1,5,,34691,1,,,1,5,,34725,1,,,1,5,,34752,1,,,1,5,,34733,1,,,1,13,,34664,1,,,1,10,,34769,1,,,1,50,,34641,1,,,1,10,,34709,1,,,1,10,,34679,1,,,1,10,,34692,1,,,1,10,,34753,1,,,1,10,,34665,1,,,1,50,,34770,1,,,1,10,,34642,1,,,1,10,,34710,1,,,1,10,,34680,1,,,1,10,,34693,1,,,1,10,,34754,1,,,1,50,,34666,1,,,1,10,,34771,1,,,1,10,,34643,1,,,1,10,,34711,1,,,1,15,,34681,1,,,1,55,,34694,1,,,1,15,,34755,1,,,1,15,,34772,1,,,1,15,,34712,1,,,1,55,,34682,1,,,1,15,,34695,1,,,1,15,,34756,1,,,1,15,,34773,1,,,1,55,,34713,1,,,1,15,,34683,1,,,1,15,,34696,1,,,1,15,,34757,1,,,1,55,,34774,1,,,1
18002300,'20260914-Weekday-5-26-09',500,,39350,1,,,1,10,,39374,1,,,1,10,,39362,1,,,1,10,,39386,1,,,1,10,,39427,1,,,1,10,,39397,1,,,1,7,,39414,1,,,1,45,,39444,1,,,1,5,,39351,1,,,1,5,,39456,1,,,1,5,,39375,1,,,1,5,,39464,1,,,1,5,,39363,1,,,1,5,,39488,1,,,1,5,,39387,1,,,1,5,,39472,1,,,1,5,,39428,1,,,1,5,,39505,1,,,1,5,,39398,1,,,1,45,,39415,1,,,1,5,,39445,1,,,1,5,,39352,1,,,1,5,,39457,1,,,1,5,,39376,1,,,1,5,,39465,1,,,1,5,,39364,1,,,1,5,,39489,1,,,1,5,,39388,1,,,1,5,,39473,1,,,1,5,,39429,1,,,1,5,,39506,1,,,1,45,,39399,1,,,1,5,,39416,1,,,1,5,,39446,1,,,1,5,,39353,1,,,1,5,,39458,1,,,1,5,,39377,1,,,1,5,,39466,1,,,1,5,,39365,1,,,1,5,,39490,1,,,1,5,,39389,1,,,1,5,,39474,1,,,1,5,,39430,1,,,1,45,,39507,1,,,1,5,,39400,1,,,1,5,,39417,1,,,1,5,,39447,1,,,1,5,,39354,1,,,1,5,,39459,1,,,1,5,,39378,1,,,1,5,,39467,1,,,1,5,,39366,1,,,1,5,,39491,1,,,1,5,,39390,1,,,1,5,,39475,1,,,1,48,,39431,1,,,1,10,,39401,1,,,1,10,,39448,1,,,1,10,,39355,1,,,1,10,,39379,1,,,1,10,,39492,1,,,1,50,,39476,1,,,1,10,,39432,1,,,1,10,,39402,1,,,1,10,,39449,1,,,1,10,,39356,1,,,1,10,,39380,1,,,1,50,,39493,1,,,1,10,,39477,1,,,1,10,,39433,1,,,1,10,,39403,1,,,1,10,,39450,1,,,1,10,,39357,1,,,1,50,,39381,1,,,1,10,,39494,1,,,1,10,,39478,1,,,1,10,,39434,1,,,1,10,,39404,1,,,1,10,,39451,1,,,1,50,,39358,1,,,1,10,,39382,1,,,1,10,,39495,1,,,1,7,,39468,1,,,1,5,,39367,1,,,1,5,,39435,1,,,1,5,,39508,1,,,1,5,,39405,1,,,1,5,,39418,1,,,1,45,,39452,1,,,1,5,,39479,1,,,1,5,,39460,1,,,1,5,,39359,1,,,1,5,,39391,1,,,1,5,,39383,1,,,1,5,,39496,1,,,1,5,,39469,1,,,1,5,,39368,1,,,1,5,,39436,1,,,1,5,,39509,1,,,1,5,,39406,1,,,1,45,,39419,1,,,1,5,,39453,1,,,1,5,,39480,1,,,1,5,,39461,1,,,1,5,,39360,1,,,1,5,,39392,1,,,1,5,,39384,1,,,1,5,,39497,1,,,1,5,,39470,1,,,1,5,,39369,1,,,1,5,,39437,1,,,1,5,,39510,1,,,1,45,,39407,1,,,1,5,,39420,1,,,1,5,,39454,1,,,1,5,,39481,1,,,1,5,,39462,1,,,1,5,,39361,1,,,1,5,,39393,1,,,1,5,,39385,1,,,1,5,,39498,1,,,1,5,,39471,1,,,1,5,,39370,1,,,1,5,,39438,1,,,1,45,,39511,1,,,1,5,,39408,1,,,1,5,,39421,1,,,1,5,,39455,1,,,1,5,,39482,1,,,1,5,,39463,1,,,1,13,,39394,1,,,1,10,,39499,1,,,1,50,,39371,1,,,1,10,,39439,1,,,1,10,,39409,1,,,1,10,,39422,1,,,1,10,,39483,1,,,1,10,,39395,1,,,1,50,,39500,1,,,1,10,,39372,1,,,1,10,,39440,1,,,1,10,,39410,1,,,1,10,,39423,1,,,1,10,,39484,1,,,1,50,,39396,1,,,1,10,,39501,1,,,1,10,,39373,1,,,1,10,,39441,1,,,1,15,,39411,1,,,1,55,,39424,1,,,1,15,,39485,1,,,1,15,,39502,1,,,1,15,,39442,1,,,1,55,,39412,1,,,1,15,,39425,1,,,1,15,,39486,1,,,1,15,,39503,1,,,1,55,,39443,1,,,1,15,,39413,1,,,1,15,,39426,1,,,1,15,,39487,1,,,1,55,,39504,1,,,1
18002300,'20260914-Weekday-6-26-09',500,,39512,1,,,1,10,,39536,1,,,1,10,,39524,1,,,1,10,,39548,1,,,1,10,,39589,1,,,1,10,,39559,1,,,1,7,,39576,1,,,1,45,,39606,1,,,1,5,,39513,1,,,1,5,,39618,1,,,1,5,,39537,1,,,1,5,,39626,1,,,1,5,,39525,1,,,1,5,,39650,1,,,1,5,,39549,1,,,1,5,,39634,1,,,1,5,,39590,1,,,1,5,,39667,1,,,1,5,,39560,1,,,1,45,,39577,1,,,1,5,,39607,1,,,1,5,,39514,1,,,1,5,,39619,1,,,1,5,,39538,1,,,1,5,,39627,1,,,1,5,,39526,1,,,1,5,,39651,1,,,1,5,,39550,1,,,1,5,,39635,1,,,1,5,,39591,1,,,1,5,,39668,1,,,1,45,,39561,1,,,1,5,,39578,1,,,1,5,,39608,1,,,1,5,,39515,1,,,1,5,,39620,1,,,1,5,,39539,1,,,1,5,,39628,1,,,1,5,,39527,1,,,1,5,,39652,1,,,1,5,,39551,1,,,1,5,,39636,1,,,1,5,,39592,1,,,1,45,,39669,1,,,1,5,,39562,1,,,1,5,,39579,1,,,1,5,,39609,1,,,1,5,,39516,1,,,1,5,,39621,1,,,1,5,,39540,1,,,1,5,,39629,1,,,1,5,,39528,1,,,1,5,,39653,1,,,1,5,,39552,1,,,1,5,,39637,1,,,1,48,,39593,1,,,1,10,,39563,1,,,1,10,,39610,1,,,1,10,,39517,1,,,1,10,,39541,1,,,1,10,,39654,1,,,1,50,,39638,1,,,1,10,,39594,1,,,1,10,,39564,1,,,1,10,,39611,1,,,1,10,,39518,1,,,1,10,,39542,1,,,1,50,,39655,1,,,1,10,,39639,1,,,1,10,,39595,1,,,1,10,,39565,1,,,1,10,,39612,1,,,1,10,,39519,1,,,1,50,,39543,1,,,1,10,,39656,1,,,1,10,,39640,1,,,1,10,,39596,1,,,1,10,,39566,1,,,1,10,,39613,1,,,1,50,,39520,1,,,1,10,,39544,1,,,1,10,,39657,1,,,1,7,,39630,1,,,1,5,,39529,1,,,1,5,,39597,1,,,1,5,,39670,1,,,1,5,,39567,1,,,1,5,,39580,1,,,1,45,,39614,1,,,1,5,,39641,1,,,1,5,,39622,1,,,1,5,,39521,1,,,1,5,,39553,1,,,1,5,,39545,1,,,1,5,,39658,1,,,1,5,,39631,1,,,1,5,,39530,1,,,1,5,,39598,1,,,1,5,,39671,1,,,1,5,,39568,1,,,1,45,,39581,1,,,1,5,,39615,1,,,1,5,,39642,1,,,1,5,,39623,1,,,1,5,,39522,1,,,1,5,,39554,1,,,1,5,,39546,1,,,1,5,,39659,1,,,1,5,,39632,1,,,1,5,,39531,1,,,1,5,,39599,1,,,1,5,,39672,1,,,1,45,,39569,1,,,1,5,,39582,1,,,1,5,,39616,1,,,1,5,,39643,1,,,1,5,,39624,1,,,1,5,,39523,1,,,1,5,,39555,1,,,1,5,,39547,1,,,1,5,,39660,1,,,1,5,,39633,1,,,1,5,,39532,1,,,1,5,,39600,1,,,1,45,,39673,1,,,1,5,,39570,1,,,1,5,,39583,1,,,1,5,,39617,1,,,1,5,,39644,1,,,1,5,,39625,1,,,1,13,,39556,1,,,1,10,,39661,1,,,1,50,,39533,1,,,1,10,,39601,1,,,1,10,,39571,1,,,1,10,,39584,1,,,1,10,,39645,1,,,1,10,,39557,1,,,1,50,,39662,1,,,1,10,,39534,1,,,1,10,,39602,1,,,1,10,,39572,1,,,1,10,,39585,1,,,1,10,,39646,1,,,1,50,,39558,1,,,1,10,,39663,1,,,1,10,,39535,1,,,1,10,,39603,1,,,1,15,,39573,1,,,1,55,,39586,1,,,1,15,,39647,1,,,1,15,,39664,1,,,1,15,,39604,1,,,1,55,,39574,1,,,1,15,,39587,1,,,1,15,,39648,1,,,1,15,,39665,1,,,1,55,,39605,1,,,1,15,,39575,1,,,1,15,,39588,1,,,1,15,,39649,1,,,1,55,,39666,1,,,1
18002300,'20260914-Weekday-7-26-09',500,,39674,1,,,1,10,,39698,1,,,1,10,,39686,1,,,1,10,,39710,1,,,1,10,,39751,1,,,1,10,,39721,1,,,1,7,,39738,1,,,1,45,,39768,1,,,1,5,,39675,1,,,1,5,,39780,1,,,1,5,,39699,1,,,1,5,,39788,1,,,1,5,,39687,1,,,1,5,,39812,1,,,1,5,,39711,1,,,1,5,,39796,1,,,1,5,,39752,1,,,1,5,,39829,1,,,1,5,,39722,1,,,1,45,,39739,1,,,1,5,,39769,1,,,1,5,,39676,1,,,1,5,,39781,1,,,1,5,,39700,1,,,1,5,,39789,1,,,1,5,,39688,1,,,1,5,,39813,1,,,1,5,,39712,1,,,1,5,,39797,1,,,1,5,,39753,1,,,1,5,,39830,1,,,1,45,,39723,1,,,1,5,,39740,1,,,1,5,,39770,1,,,1,5,,39677,1,,,1,5,,39782,1,,,1,5,,39701,1,,,1,5,,39790,1,,,1,5,,39689,1,,,1,5,,39814,1,,,1,5,,39713,1,,,1,5,,39798,1,,,1,5,,39754,1,,,1,45,,39831,1,,,1,5,,39724,1,,,1,5,,39741,1,,,1,5,,39771,1,,,1,5,,39678,1,,,1,5,,39783,1,,,1,5,,39702,1,,,1,5,,39791,1,,,1,5,,39690,1,,,1,5,,39815,1,,,1,5,,39714,1,,,1,5,,39799,1,,,1,48,,39755,1,,,1,10,,39725,1,,,1,10,,39772,1,,,1,10,,39679,1,,,1,10,,39703,1,,,1,10,,39816,1,,,1,50,,39800,1,,,1,10,,39756,1,,,1,10,,39726,1,,,1,10,,39773,1,,,1,10,,39680,1,,,1,10,,39704,1,,,1,50,,39817,1,,,1,10,,39801,1,,,1,10,,39757,1,,,1,10,,39727,1,,,1,10,,39774,1,,,1,10,,39681,1,,,1,50,,39705,1,,,1,10,,39818,1,,,1,10,,39802,1,,,1,10,,39758,1,,,1,10,,39728,1,,,1,10,,39775,1,,,1,50,,39682,1,,,1,10,,39706,1,,,1,10,,39819,1,,,1,7,,39792,1,,,1,5,,39691,1,,,1,5,,39759,1,,,1,5,,39832,1,,,1,5,,39729,1,,,1,5,,39742,1,,,1,45,,39776,1,,,1,5,,39803,1,,,1,5,,39784,1,,,1,5,,39683,1,,,1,5,,39715,1,,,1,5,,39707,1,,,1,5,,39820,1,,,1,5,,39793,1,,,1,5,,39692,1,,,1,5,,39760,1,,,1,5,,39833,1,,,1,5,,39730,1,,,1,45,,39743,1,,,1,5,,39777,1,,,1,5,,39804,1,,,1,5,,39785,1,,,1,5,,39684,1,,,1,5,,39716,1,,,1,5,,39708,1,,,1,5,,39821,1,,,1,5,,39794,1,,,1,5,,39693,1,,,1,5,,39761,1,,,1,5,,39834,1,,,1,45,,39731,1,,,1,5,,39744,1,,,1,5,,39778,1,,,1,5,,39805,1,,,1,5,,39786,1,,,1,5,,39685,1,,,1,5,,39717,1,,,1,5,,39709,1,,,1,5,,39822,1,,,1,5,,39795,1,,,1,5,,39694,1,,,1,5,,39762,1,,,1,45,,39835,1,,,1,5,,39732,1,,,1,5,,39745,1,,,1,5,,39779,1,,,1,5,,39806,1,,,1,5,,39787,1,,,1,13,,39718,1,,,1,10,,39823,1,,,1,50,,39695,1,,,1,10,,39763,1,,,1,10,,39733,1,,,1,10,,39746,1,,,1,10,,39807,1,,,1,10,,39719,1,,,1,50,,39824,1,,,1,10,,39696,1,,,1,10,,39764,1,,,1,10,,39734,1,,,1,10,,39747,1,,,1,10,,39808,1,,,1,50,,39720,1,,,1,10,,39825,1,,,1,10,,39697,1,,,1,10,,39765,1,,,1,15,,39735,1,,,1,55,,39748,1,,,1,15,,39809,1,,,1,15,,39826,1,,,1,15,,39766,1,,,1,55,,39736,1,,,1,15,,39749,1,,,1,15,,39810,1,,,1,15,,39827,1,,,1,55,,39767,1,,,1,15,,39737,1,,,1,15,,39750,1,,,1,15,,39811,1,,,1,55,,39828,1,,,1
18002300,'20260917-Holiday1-1-26-09',500,,34782,1,,,1,10,,34809,1,,,1,10,,34794,1,,,1,10,,34821,1,,,1,10,,34865,1,,,1,10,,34835,1,,,1,7,,34852,1,,,1,45,,34883,1,,,1,5,,34783,1,,,1,5,,34895,1,,,1,5,,34810,1,,,1,5,,34903,1,,,1,5,,34795,1,,,1,5,,34927,1,,,1,5,,34822,1,,,1,5,,34911,1,,,1,5,,34866,1,,,1,5,,34944,1,,,1,5,,34836,1,,,1,45,,34853,1,,,1,5,,34884,1,,,1,5,,34784,1,,,1,5,,34896,1,,,1,5,,34811,1,,,1,5,,34904,1,,,1,5,,34796,1,,,1,5,,34928,1,,,1,5,,34823,1,,,1,5,,34912,1,,,1,5,,34867,1,,,1,5,,34945,1,,,1,45,,34837,1,,,1,5,,34854,1,,,1,5,,34885,1,,,1,5,,34785,1,,,1,5,,34897,1,,,1,5,,34812,1,,,1,5,,34905,1,,,1,5,,34797,1,,,1,5,,34929,1,,,1,5,,34824,1,,,1,5,,34913,1,,,1,5,,34868,1,,,1,45,,34946,1,,,1,5,,34838,1,,,1,5,,34855,1,,,1,5,,34886,1,,,1,5,,34786,1,,,1,5,,34898,1,,,1,5,,34813,1,,,1,5,,34906,1,,,1,5,,34798,1,,,1,5,,34930,1,,,1,5,,34825,1,,,1,5,,34914,1,,,1,48,,34869,1,,,1,10,,34839,1,,,1,10,,34887,1,,,1,10,,34787,1,,,1,10,,34814,1,,,1,10,,34931,1,,,1,50,,34915,1,,,1,10,,34870,1,,,1,10,,34840,1,,,1,10,,34888,1,,,1,10,,34788,1,,,1,10,,34815,1,,,1,50,,34932,1,,,1,10,,34916,1,,,1,10,,34871,1,,,1,10,,34841,1,,,1,10,,34889,1,,,1,10,,34789,1,,,1,50,,34816,1,,,1,10,,34933,1,,,1,10,,34917,1,,,1,10,,34872,1,,,1,10,,34842,1,,,1,10,,34890,1,,,1,50,,34790,1,,,1,10,,34817,1,,,1,10,,34934,1,,,1,7,,34907,1,,,1,5,,34799,1,,,1,5,,34873,1,,,1,5,,34947,1,,,1,5,,34843,1,,,1,5,,34856,1,,,1,45,,34891,1,,,1,5,,34918,1,,,1,5,,34899,1,,,1,5,,34791,1,,,1,5,,34826,1,,,1,5,,34818,1,,,1,5,,34935,1,,,1,5,,34908,1,,,1,5,,34800,1,,,1,5,,34874,1,,,1,5,,34948,1,,,1,5,,34844,1,,,1,45,,34857,1,,,1,5,,34892,1,,,1,5,,34919,1,,,1,5,,34900,1,,,1,5,,34792,1,,,1,5,,34827,1,,,1,5,,34819,1,,,1,5,,34936,1,,,1,5,,34909,1,,,1,5,,34801,1,,,1,5,,34875,1,,,1,5,,34949,1,,,1,45,,34845,1,,,1,5,,34858,1,,,1,5,,34893,1,,,1,5,,34920,1,,,1,5,,34901,1,,,1,5,,34793,1,,,1,5,,34828,1,,,1,5,,34820,1,,,1,5,,34937,1,,,1,5,,34910,1,,,1,5,,34802,1,,,1,5,,34876,1,,,1,45,,34950,1,,,1,5,,34846,1,,,1,5,,34859,1,,,1,5,,34894,1,,,1,5,,34921,1,,,1,5,,34902,1,,,1,13,,34829,1,,,1,10,,34938,1,,,1,50,,34803,1,,,1,10,,34877,1,,,1,10,,34847,1,,,1,10,,34860,1,,,1,10,,34922,1,,,1,10,,34830,1,,,1,50,,34939,1,,,1,10,,34804,1,,,1,10,,34878,1,,,1,10,,34848,1,,,1,10,,34861,1,,,1,10,,34923,1,,,1,50,,34831,1,,,1,10,,34940,1,,,1,10,,34805,1,,,1,10,,34879,1,,,1,10,,34849,1,,,1,10,,34862,1,,,1,50,,34924,1,,,1,10,,34832,1,,,1,10,,34941,1,,,1,10,,34806,1,,,1,10,,34880,1,,,1,10,,34850,1,,,1,50,,34863,1,,,1,10,,34925,1,,,1,10,,34833,1,,,1,10,,34942,1,,,1,10,,34807,1,,,1,10,,34881,1,,,1,50,,34851,1,,,1,10,,34864,1,,,1,10,,34926,1,,,1,10,,34834,1,,,1,10,,34943,1,,,1,10,,34808,1,,,1,50,,34882,1,,,1
18002300,'20260919-Saturday-1-26-09',510,,34951,1,,,1,10,,34968,1,,,1,10,,34985,1,,,1,10,,34997,1,,,1,10,,35014,1,,,1,50,,35031,1,,,1,10,,35047,1,,,1,10,,34952,1,,,1,10,,34969,1,,,1,10,,34986,1,,,1,10,,34998,1,,,1,50,,35015,1,,,1,10,,35032,1,,,1,10,,35048,1,,,1,10,,34953,1,,,1,10,,34970,1,,,1,10,,34987,1,,,1,50,,34999,1,,,1,10,,35016,1,,,1,10,,35033,1,,,1,10,,35049,1,,,1,10,,34954,1,,,1,10,,34971,1,,,1,50,,34988,1,,,1,10,,35000,1,,,1,10,,35017,1,,,1,10,,35034,1,,,1,10,,35050,1,,,1,10,,34955,1,,,1,50,,34972,1,,,1,10,,34989,1,,,1,10,,35001,1,,,1,10,,35018,1,,,1,10,,35035,1,,,1,10,,35051,1,,,1,50,,34956,1,,,1,10,,34973,1,,,1,10,,34990,1,,,1,10,,35002,1,,,1,10,,35019,1,,,1,10,,35036,1,,,1,50,,35052,1,,,1,10,,34957,1,,,1,10,,34974,1,,,1,10,,34991,1,,,1,10,,35003,1,,,1,10,,35020,1,,,1,50,,35037,1,,,1,10,,35053,1,,,1,10,,34958,1,,,1,10,,34975,1,,,1,10,,34992,1,,,1,10,,35004,1,,,1,50,,35021,1,,,1,10,,35038,1,,,1,10,,35054,1,,,1,10,,34959,1,,,1,10,,34976,1,,,1,10,,34993,1,,,1,50,,35005,1,,,1,10,,35022,1,,,1,10,,35039,1,,,1,10,,35055,1,,,1,10,,34960,1,,,1,10,,34977,1,,,1,50,,34994,1,,,1,10,,35006,1,,,1,10,,35023,1,,,1,10,,35040,1,,,1,10,,35056,1,,,1,10,,34961,1,,,1,50,,34978,1,,,1,10,,34995,1,,,1,10,,35007,1,,,1,10,,35024,1,,,1,10,,35041,1,,,1,10,,35057,1,,,1,50,,34962,1,,,1,10,,34979,1,,,1,10,,34996,1,,,1,10,,35008,1,,,1,15,,35025,1,,,1,55,,35042,1,,,1,15,,34963,1,,,1,15,,34980,1,,,1,15,,35009,1,,,1,55,,35026,1,,,1,15,,35043,1,,,1,15,,34964,1,,,1,15,,34981,1,,,1,55,,35010,1,,,1,15,,35027,1,,,1,15,,35044,1,,,1,15,,34965,1,,,1,55,,34982,1,,,1,15,,35011,1,,,1,15,,35028,1,,,1,15,,35045,1,,,1,55,,34966,1,,,1,15,,34983,1,,,1,15,,35012,1,,,1,15,,35029,1,,,1,55,,35046,1,,,1,15,,34967,1,,,1,15,,34984,1,,,1,15,,35013,1,,,1,55,,35030,1,,,1
