18002300,'20260913-Sunday-1-26-09',538,,34217,10,,,1,15,,34233,10,,,1,55,,34249,10,,,1,15,,34265,10,,,1,15,,34281,10,,,1,15,,34218,10,,,1,55,,34234,10,,,1,15,,34250,10,,,1,15,,34266,10,,,1,15,,34282,10,,,1,55,,34219,10,,,1,15,,34235,10,,,1,15,,34251,10,,,1,15,,34267,10,,,1,55,,34283,10,,,1,15,,34220,10,,,1,15,,34236,10,,,1,15,,34252,10,,,1,55,,34268,10,,,1,15,,34284,10,,,1,15,,34221,10,,,1,15,,34237,10,,,1,55,,34253,10,,,1,15,,34269,10,,,1,15,,34285,10,,,1,15,,34222,10,,,1,55,,34238,10,,,1,15,,34254,10,,,1,15,,34270,10,,,1,15,,34286,10,,,1,55,,34223,10,,,1,15,,34239,10,,,1,15,,34255,10,,,1,15,,34271,10,,,1,55,,34287,10,,,1,15,,34224,10,,,1,15,,34240,10,,,1,15,,34256,10,,,1,55,,34272,10,,,1,15,,34288,10,,,1,15,,34225,10,,,1,15,,34241,10,,,1,55,,34257,10,,,1,15,,34273,10,,,1,15,,34289,10,,,1,15,,34226,10,,,1,55,,34242,10,,,1,15,,34258,10,,,1,15,,34274,10,,,1,15,,34290,10,,,1,55,,34227,10,,,1,15,,34243,10,,,1,15,,34259,10,,,1,15,,34275,10,,,1,55,,34291,10,,,1,15,,34228,10,,,1,15,,34244,10,,,1,15,,34260,10,,,1,55,,34276,10,,,1,15,,34292,10,,,1,15,,34229,10,,,1,15,,34245,10,,,1,55,,34261,10,,,1,15,,34277,10,,,1,15,,34293,10,,,1,15,,34230,10,,,1,55,,34246,10,,,1,15,,34262,10,,,1,15,,34278,10,,,1,15,,34294,10,,,1,55,,34231,10,,,1,15,,34247,10,,,1,15,,34263,10,,,1,15,,34279,10,,,1,55,,34295,10,,,1,15,,34232,10,,,1,15,,34248,10,,,1,15,,34264,10,,,1,55,,34280,10,,,1
18002300,'20260914-Weekday-1-26-09',526,,34296,10,,,1,10,,34320,10,,,1,10,,34308,10,,,1,9,,34332,10,,,1,51,,34373,10,,,1,10,,34343,10,,,1,7,,34360,10,,,1,5,,34390,10,,,1,5,,34297,10,,,1,5,,34402,10,,,1,5,,34321,10,,,1,5,,34410,10,,,1,5,,34309,10,,,1,5,,34434,10,,,1,45,,34333,10,,,1,5,,34418,10,,,1,5,,34374,10,,,1,5,,34451,10,,,1,5,,34344,10,,,1,5,,34361,10,,,1,5,,34391,10,,,1,5,,34298,10,,,1,5,,34403,10,,,1,5,,34322,10,,,1,5,,34411,10,,,1,5,,34310,10,,,1,45,,34435,10,,,1,5,,34334,10,,,1,5,,34419,10,,,1,5,,34375,10,,,1,5,,34452,10,,,1,5,,34345,10,,,1,5,,34362,10,,,1,5,,34392,10,,,1,5,,34299,10,,,1,5,,34404,10,,,1,5,,34323,10,,,1,5,,34412,10,,,1,45,,34311,10,,,1,5,,34436,10,,,1,5,,34335,10,,,1,5,,34420,10,,,1,5,,34376,10,,,1,5,,34453,10,,,1,5,,34346,10,,,1,5,,34363,10,,,1,5,,34393,10,,,1,5,,34300,10,,,1,5,,34405,10,,,1,5,,34324,10,,,1,46,,34413,10,,,1,5,,34312,10,,,1,5,,34437,10,,,1,6,,34336,10,,,1,6,,34421,10,,,1,7,,34377,10,,,1,10,,34347,10,,,1,10,,34394,10,,,1,50,,34301,10,,,1,10,,34325,10,,,1,10,,34438,10,,,1,10,,34422,10,,,1,10,,34378,10,,,1,10,,34348,10,,,1,50,,34395,10,,,1,10,,34302,10,,,1,10,,34326,10,,,1,10,,34439,10,,,1,10,,34423,10,,,1,10,,34379,10,,,1,50,,34349,10,,,1,10,,34396,10,,,1,10,,34303,10,,,1,10,,34327,10,,,1,10,,34440,10,,,1,10,,34424,10,,,1,50,,34380,10,,,1,10,,34350,10,,,1,10,,34397,10,,,1,8,,34304,10,,,1,10,,34328,10,,,1,10,,34441,10,,,1,7,,34414,10,,,1,45,,34313,10,,,1,5,,34381,10,,,1,5,,34454,10,,,1,5,,34351,10,,,1,5,,34364,10,,,1,5,,34398,10,,,1,5,,34425,10,,,1,5,,34406,10,,,1,5,,34305,10,,,1,5,,34337,10,,,1,5,,34329,10,,,1,5,,34442,10,,,1,45,,34415,10,,,1,5,,34314,10,,,1,5,,34382,10,,,1,5,,34455,10,,,1,5,,34352,10,,,1,5,,34365,10,,,1,5,,34399,10,,,1,5,,34426,10,,,1,5,,34407,10,,,1,5,,34306,10,,,1,5,,34338,10,,,1,5,,34330,10,,,1,45,,34443,10,,,1,5,,34416,10,,,1,5,,34315,10,,,1,5,,34383,10,,,1,5,,34456,10,,,1,5,,34353,10,,,1,5,,34366,10,,,1,5,,34400,10,,,1,5,,34427,10,,,1,5,,34408,10,,,1,5,,34307,10,,,1,5,,34339,10,,,1,45,,34331,10,,,1,5,,34444,10,,,1,5,,34417,10,,,1,5,,34316,10,,,1,5,,34384,10,,,1,5,,34457,10,,,1,5,,34354,10,,,1,7,,34367,10,,,1,5,,34401,10,,,1,4,,34428,10,,,1,6,,34409,10,,,1,53,,34340,10,,,1,10,,34445,10,,,1,10,,34317,10,,,1,10,,34385,10,,,1,10,,34355,10,,,1,10,,34368,10,,,1,50,,34429,10,,,1,10,,34341,10,,,1,10,,34446,10,,,1,10,,34318,10,,,1,10,,34386,10,,,1,10,,34356,10,,,1,50,,34369,10,,,1,10,,34430,10,,,1,10,,34342,10,,,1,10,,34447,10,,,1,10,,34319,10,,,1,10,,34387,10,,,1,55,,34357,10,,,1,15,,34370,10,,,1,15,,34431,10,,,1,15,,34448,10,,,1,55,,34388,10,,,1,15,,34358,10,,,1,15,,34371,10,,,1,15,,34432,10,,,1,55,,34449,10,,,1,15,,34389,10,,,1,15,,34359,10,,,1,15,,34372,10,,,1,55,,34433,10,,,1,15,,34450,10,,,1
18002300,'20260914-Weekday-2-26-09',526,,34458,10,,,1,10,,34482,10,,,1,10,,34470,10,,,1,9,,34494,10,,,1,51,,34535,10,,,1,10,,34505,10,,,1,7,,34522,10,,,1,5,,34552,10,,,1,5,,34459,10,,,1,5,,34564,10,,,1,5,,34483,10,,,1,5,,34572,10,,,1,5,,34471,10,,,1,5,,34596,10,,,1,45,,34495,10,,,1,5,,34580,10,,,1,5,,34536,10,,,1,5,,34613,10,,,1,5,,34506,10,,,1,5,,34523,10,,,1,5,,34553,10,,,1,5,,34460,10,,,1,5,,34565,10,,,1,5,,34484,10,,,1,5,,34573,10,,,1,5,,34472,10,,,1,45,,34597,10,,,1,5,,34496,10,,,1,5,,34581,10,,,1,5,,34537,10,,,1,5,,34614,10,,,1,5,,34507,10,,,1,5,,34524,10,,,1,5,,34554,10,,,1,5,,34461,10,,,1,5,,34566,10,,,1,5,,34485,10,,,1,5,,34574,10,,,1,45,,34473,10,,,1,5,,34598,10,,,1,5,,34497,10,,,1,5,,34582,10,,,1,5,,34538,10,,,1,5,,34615,10,,,1,5,,34508,10,,,1,5,,34525,10,,,1,5,,34555,10,,,1,5,,34462,10,,,1,5,,34567,10,,,1,5,,34486,10,,,1,46,,34575,10,,,1,5,,34474,10,,,1,5,,34599,10,,,1,6,,34498,10,,,1,6,,34583,10,,,1,7,,34539,10,,,1,10,,34509,10,,,1,10,,34556,10,,,1,50,,34463,10,,,1,10,,34487,10,,,1,10,,34600,10,,,1,10,,34584,10,,,1,10,,34540,10,,,1,10,,34510,10,,,1,50,,34557,10,,,1,10,,34464,10,,,1,10,,34488,10,,,1,10,,34601,10,,,1,10,,34585,10,,,1,10,,34541,10,,,1,50,,34511,10,,,1,10,,34558,10,,,1,10,,34465,10,,,1,10,,34489,10,,,1,10,,34602,10,,,1,10,,34586,10,,,1,50,,34542,10,,,1,10,,34512,10,,,1,10,,34559,10,,,1,8,,34466,10,,,1,10,,34490,10,,,1,10,,34603,10,,,1,7,,34576,10,,,1,45,,34475,10,,,1,5,,34543,10,,,1,5,,34616,10,,,1,5,,34513,10,,,1,5,,34526,10,,,1,5,,34560,10,,,1,5,,34587,10,,,1,5,,34568,10,,,1,5,,34467,10,,,1,5,,34499,10,,,1,5,,34491,10,,,1,5,,34604,10,,,1,45,,34577,10,,,1,5,,34476,10,,,1,5,,34544,10,,,1,5,,34617,10,,,1,5,,34514,10,,,1,5,,34527,10,,,1,5,,34561,10,,,1,5,,34588,10,,,1,5,,34569,10,,,1,5,,34468,10,,,1,5,,34500,10,,,1,5,,34492,10,,,1,45,,34605,10,,,1,5,,34578,10,,,1,5,,34477,10,,,1,5,,34545,10,,,1,5,,34618,10,,,1,5,,34515,10,,,1,5,,34528,10,,,1,5,,34562,10,,,1,5,,34589,10,,,1,5,,34570,10,,,1,5,,34469,10,,,1,5,,34501,10,,,1,45,,34493,10,,,1,5,,34606,10,,,1,5,,34579,10,,,1,5,,34478,10,,,1,5,,34546,10,,,1,5,,34619,10,,,1,5,,34516,10,,,1,7,,34529,10,,,1,5,,34563,10,,,1,4,,34590,10,,,1,6,,34571,10,,,1,53,,34502,10,,,1,10,,34607,10,,,1,10,,34479,10,,,1,10,,34547,10,,,1,10,,34517,10,,,1,10,,34530,10,,,1,50,,34591,10,,,1,10,,34503,10,,,1,10,,34608,10,,,1,10,,34480,10,,,1,10,,34548,10,,,1,10,,34518,10,,,1,50,,34531,10,,,1,10,,34592,10,,,1,10,,34504,10,,,1,10,,34609,10,,,1,10,,34481,10,,,1,10,,34549,10,,,1,55,,34519,10,,,1,15,,34532,10,,,1,15,,34593,10,,,1,15,,34610,10,,,1,55,,34550,10,,,1,15,,34520,10,,,1,15,,34533,10,,,1,15,,34594,10,,,1,55,,34611,10,,,1,15,,34551,10,,,1,15,,34521,10,,,1,15,,34534,10,,,1,55,,34595,10,,,1,15,,34612,10,,,1
18002300,'20260914-Weekday-3-26-09',526,,39188,10,,,1,10,,39212,10,,,1,10,,39200,10,,,1,9,,39224,10,,,1,51,,39265,10,,,1,10,,39235,10,,,1,7,,39252,10,,,1,5,,39282,10,,,1,5,,39189,10,,,1,5,,39294,10,,,1,5,,39213,10,,,1,5,,39302,10,,,1,5,,39201,10,,,1,5,,39326,10,,,1,45,,39225,10,,,1,5,,39310,10,,,1,5,,39266,10,,,1,5,,39343,10,,,1,5,,39236,10,,,1,5,,39253,10,,,1,5,,39283,10,,,1,5,,39190,10,,,1,5,,39295,10,,,1,5,,39214,10,,,1,5,,39303,10,,,1,5,,39202,10,,,1,45,,39327,10,,,1,5,,39226,10,,,1,5,,39311,10,,,1,5,,39267,10,,,1,5,,39344,10,,,1,5,,39237,10,,,1,5,,39254,10,,,1,5,,39284,10,,,1,5,,39191,10,,,1,5,,39296,10,,,1,5,,39215,10,,,1,5,,39304,10,,,1,45,,39203,10,,,1,5,,39328,10,,,1,5,,39227,10,,,1,5,,39312,10,,,1,5,,39268,10,,,1,5,,39345,10,,,1,5,,39238,10,,,1,5,,39255,10,,,1,5,,39285,10,,,1,5,,39192,10,,,1,5,,39297,10,,,1,5,,39216,10,,,1,46,,39305,10,,,1,5,,39204,10,,,1,5,,39329,10,,,1,6,,39228,10,,,1,6,,39313,10,,,1,7,,39269,10,,,1,10,,39239,10,,,1,10,,39286,10,,,1,50,,39193,10,,,1,10,,39217,10,,,1,10,,39330,10,,,1,10,,39314,10,,,1,10,,39270,10,,,1,10,,39240,10,,,1,50,,39287,10,,,1,10,,39194,10,,,1,10,,39218,10,,,1,10,,39331,10,,,1,10,,39315,10,,,1,10,,39271,10,,,1,50,,39241,10,,,1,10,,39288,10,,,1,10,,39195,10,,,1,10,,39219,10,,,1,10,,39332,10,,,1,10,,39316,10,,,1,50,,39272,10,,,1,10,,39242,10,,,1,10,,39289,10,,,1,8,,39196,10,,,1,10,,39220,10,,,1,10,,39333,10,,,1,7,,39306,10,,,1,45,,39205,10,,,1,5,,39273,10,,,1,5,,39346,10,,,1,5,,39243,10,,,1,5,,39256,10,,,1,5,,39290,10,,,1,5,,39317,10,,,1,5,,39298,10,,,1,5,,39197,10,,,1,5,,39229,10,,,1,5,,39221,10,,,1,5,,39334,10,,,1,45,,39307,10,,,1,5,,39206,10,,,1,5,,39274,10,,,1,5,,39347,10,,,1,5,,39244,10,,,1,5,,39257,10,,,1,5,,39291,10,,,1,5,,39318,10,,,1,5,,39299,10,,,1,5,,39198,10,,,1,5,,39230,10,,,1,5,,39222,10,,,1,45,,39335,10,,,1,5,,39308,10,,,1,5,,39207,10,,,1,5,,39275,10,,,1,5,,39348,10,,,1,5,,39245,10,,,1,5,,39258,10,,,1,5,,39292,10,,,1,5,,39319,10,,,1,5,,39300,10,,,1,5,,39199,10,,,1,5,,39231,10,,,1,45,,39223,10,,,1,5,,39336,10,,,1,5,,39309,10,,,1,5,,39208,10,,,1,5,,39276,10,,,1,5,,39349,10,,,1,5,,39246,10,,,1,7,,39259,10,,,1,5,,39293,10,,,1,4,,39320,10,,,1,6,,39301,10,,,1,53,,39232,10,,,1,10,,39337,10,,,1,10,,39209,10,,,1,10,,39277,10,,,1,10,,39247,10,,,1,10,,39260,10,,,1,50,,39321,10,,,1,10,,39233,10,,,1,10,,39338,10,,,1,10,,39210,10,,,1,10,,39278,10,,,1,10,,39248,10,,,1,50,,39261,10,,,1,10,,39322,10,,,1,10,,39234,10,,,1,10,,39339,10,,,1,10,,39211,10,,,1,10,,39279,10,,,1,55,,39249,10,,,1,15,,39262,10,,,1,15,,39323,10,,,1,15,,39340,10,,,1,55,,39280,10,,,1,15,,39250,10,,,1,15,,39263,10,,,1,15,,39324,10,,,1,55,,39341,10,,,1,15,,39281,10,,,1,15,,39251,10,,,1,15,,39264,10,,,1,55,,39325,10,,,1,15,,39342,10,,,1
18002300,'20260914-Weekday-4-26-09',526,,34620,10,,,1,10,,34644,10,,,1,10,,34632,10,,,1,9,,34656,10,,,1,51,,34697,10,,,1,10,,34667,10,,,1,7,,34684,10,,,1,5,,34714,10,,,1,5,,34621,10,,,1,5,,34726,10,,,1,5,,34645,10,,,1,5,,34734,10,,,1,5,,34633,10,,,1,5,,34758,10,,,1,45,,34657,10,,,1,5,,34742,10,,,1,5,,34698,10,,,1,5,,34775,10,,,1,5,,34668,10,,,1,5,,34685,10,,,1,5,,34715,10,,,1,5,,34622,10,,,1,5,,34727,10,,,1,5,,34646,10,,,1,5,,34735,10,,,1,5,,34634,10,,,1,45,,34759,10,,,1,5,,34658,10,,,1,5,,34743,10,,,1,5,,34699,10,,,1,5,,34776,10,,,1,5,,34669,10,,,1,5,,34686,10,,,1,5,,34716,10,,,1,5,,34623,10,,,1,5,,34728,10,,,1,5,,34647,10,,,1,5,,34736,10,,,1,45,,34635,10,,,1,5,,34760,10,,,1,5,,34659,10,,,1,5,,34744,10,,,1,5,,34700,10,,,1,5,,34777,10,,,1,5,,34670,10,,,1,5,,34687,10,,,1,5,,34717,10,,,1,5,,34624,10,,,1,5,,34729,10,,,1,5,,34648,10,,,1,46,,34737,10,,,1,5,,34636,10,,,1,5,,34761,10,,,1,6,,34660,10,,,1,6,,34745,10,,,1,7,,34701,10,,,1,10,,34671,10,,,1,10,,34718,10,,,1,50,,34625,10,,,1,10,,34649,10,,,1,10,,34762,10,,,1,10,,34746,10,,,1,10,,34702,10,,,1,10,,34672,10,,,1,50,,34719,10,,,1,10,,34626,10,,,1,10,,34650,10,,,1,10,,34763,10,,,1,10,,34747,10,,,1,10,,34703,10,,,1,50,,34673,10,,,1,10,,34720,10,,,1,10,,34627,10,,,1,10,,34651,10,,,1,10,,34764,10,,,1,10,,34748,10,,,1,50,,34704,10,,,1,10,,34674,10,,,1,10,,34721,10,,,1,8,,34628,10,,,1,10,,34652,10,,,1,10,,34765,10,,,1,7,,34738,10,,,1,45,,34637,10,,,1,5,,34705,10,,,1,5,,34778,10,,,1,5,,34675,10,,,1,5,,34688,10,,,1,5,,34722,10,,,1,5,,34749,10,,,1,5,,34730,10,,,1,5,,34629,10,,,1,5,,34661,10,,,1,5,,34653,10,,,1,5,,34766,10,,,1,45,,34739,10,,,1,5,,34638,10,,,1,5,,34706,10,,,1,5,,34779,10,,,1,5,,34676,10,,,1,5,,34689,10,,,1,5,,34723,10,,,1,5,,34750,10,,,1,5,,34731,10,,,1,5,,34630,10,,,1,5,,34662,10,,,1,5,,34654,10,,,1,45,,34767,10,,,1,5,,34740,10,,,1,5,,34639,10,,,1,5,,34707,10,,,1,5,,34780,10,,,1,5,,34677,10,,,1,5,,34690,10,,,1,5,,34724,10,,,1,5,,34751,10,,,1,5,,34732,10,,,1,5,,34631,10,,,1,5,,34663,10,,,1,45,,34655,10,,,1,5,,34768,10,,,1,5,,34741,10,,,1,5,,34640,10,,,1,5,,34708,10,,,1,5,,34781,10,,,1,5,,34678,10,,,1,7,,34691,10,,,1,5,,34725,10,,,1,4,,34752,10,,,1,6,,34733,10,,,1,53,,34664,10,,,1,10,,34769,10,,,1,10,,34641,10,,,1,10,,34709,10,,,1,10,,34679,10,,,1,10,,34692,10,,,1,50,,34753,10,,,1,10,,34665,10,,,1,10,,34770,10,,,1,10,,34642,10,,,1,10,,34710,10,,,1,10,,34680,10,,,1,50,,34693,10,,,1,10,,34754,10,,,1,10,,34666,10,,,1,10,,34771,10,,,1,10,,34643,10,,,1,10,,34711,10,,,1,55,,34681,10,,,1,15,,34694,10,,,1,15,,34755,10,,,1,15,,34772,10,,,1,55,,34712,10,,,1,15,,34682,10,,,1,15,,34695,10,,,1,15,,34756,10,,,1,55,,34773,10,,,1,15,,34713,10,,,1,15,,34683,10,,,1,15,,34696,10,,,1,55,,34757,10,,,1,15,,34774,10,,,1
18002300,'20260914-Weekday-5-26-09',526,,39350,10,,,1,10,,39374,10,,,1,10,,39362,10,,,1,9,,39386,10,,,1,51,,39427,10,,,1,10,,39397,10,,,1,7,,39414,10,,,1,5,,39444,10,,,1,5,,39351,10,,,1,5,,39456,10,,,1,5,,39375,10,,,1,5,,39464,10,,,1,5,,39363,10,,,1,5,,39488,10,,,1,45,,39387,10,,,1,5,,39472,10,,,1,5,,39428,10,,,1,5,,39505,10,,,1,5,,39398,10,,,1,5,,39415,10,,,1,5,,39445,10,,,1,5,,39352,10,,,1,5,,39457,10,,,1,5,,39376,10,,,1,5,,39465,10,,,1,5,,39364,10,,,1,45,,39489,10,,,1,5,,39388,10,,,1,5,,39473,10,,,1,5,,39429,10,,,1,5,,39506,10,,,1,5,,39399,10,,,1,5,,39416,10,,,1,5,,39446,10,,,1,5,,39353,10,,,1,5,,39458,10,,,1,5,,39377,10,,,1,5,,39466,10,,,1,45,,39365,10,,,1,5,,39490,10,,,1,5,,39389,10,,,1,5,,39474,10,,,1,5,,39430,10,,,1,5,,39507,10,,,1,5,,39400,10,,,1,5,,39417,10,,,1,5,,39447,10,,,1,5,,39354,10,,,1,5,,39459,10,,,1,5,,39378,10,,,1,46,,39467,10,,,1,5,,39366,10,,,1,5,,39491,10,,,1,6,,39390,10,,,1,6,,39475,10,,,1,7,,39431,10,,,1,10,,39401,10,,,1,10,,39448,10,,,1,50,,39355,10,,,1,10,,39379,10,,,1,10,,39492,10,,,1,10,,39476,10,,,1,10,,39432,10,,,1,10,,39402,10,,,1,50,,39449,10,,,1,10,,39356,10,,,1,10,,39380,10,,,1,10,,39493,10,,,1,10,,39477,10,,,1,10,,39433,10,,,1,50,,39403,10,,,1,10,,39450,10,,,1,10,,39357,10,,,1,10,,39381,10,,,1,10,,39494,10,,,1,10,,39478,10,,,1,50,,39434,10,,,1,10,,39404,10,,,1,10,,39451,10,,,1,8,,39358,10,,,1,10,,39382,10,,,1,10,,39495,10,,,1,7,,39468,10,,,1,45,,39367,10,,,1,5,,39435,10,,,1,5,,39508,10,,,1,5,,39405,10,,,1,5,,39418,10,,,1,5,,39452,10,,,1,5,,39479,10,,,1,5,,39460,10,,,1,5,,39359,10,,,1,5,,39391,10,,,1,5,,39383,10,,,1,5,,39496,10,,,1,45,,39469,10,,,1,5,,39368,10,,,1,5,,39436,10,,,1,5,,39509,10,,,1,5,,39406,10,,,1,5,,39419,10,,,1,5,,39453,10,,,1,5,,39480,10,,,1,5,,39461,10,,,1,5,,39360,10,,,1,5,,39392,10,,,1,5,,39384,10,,,1,45,,39497,10,,,1,5,,39470,10,,,1,5,,39369,10,,,1,5,,39437,10,,,1,5,,39510,10,,,1,5,,39407,10,,,1,5,,39420,10,,,1,5,,39454,10,,,1,5,,39481,10,,,1,5,,39462,10,,,1,5,,39361,10,,,1,5,,39393,10,,,1,45,,39385,10,,,1,5,,39498,10,,,1,5,,39471,10,,,1,5,,39370,10,,,1,5,,39438,10,,,1,5,,39511,10,,,1,5,,39408,10,,,1,7,,39421,10,,,1,5,,39455,10,,,1,4,,39482,10,,,1,6,,39463,10,,,1,53,,39394,10,,,1,10,,39499,10,,,1,10,,39371,10,,,1,10,,39439,10,,,1,10,,39409,10,,,1,10,,39422,10,,,1,50,,39483,10,,,1,10,,39395,10,,,1,10,,39500,10,,,1,10,,39372,10,,,1,10,,39440,10,,,1,10,,39410,10,,,1,50,,39423,10,,,1,10,,39484,10,,,1,10,,39396,10,,,1,10,,39501,10,,,1,10,,39373,10,,,1,10,,39441,10,,,1,55,,39411,10,,,1,15,,39424,10,,,1,15,,39485,10,,,1,15,,39502,10,,,1,55,,39442,10,,,1,15,,39412,10,,,1,15,,39425,10,,,1,15,,39486,10,,,1,55,,39503,10,,,1,15,,39443,10,,,1,15,,39413,10,,,1,15,,39426,10,,,1,55,,39487,10,,,1,15,,39504,10,,,1
18002300,'20260914-Weekday-6-26-09',526,,39512,10,,,1,10,,39536,10,,,1,10,,39524,10,,,1,9,,39548,10,,,1,51,,39589,10,,,1,10,,39559,10,,,1,7,,39576,10,,,1,5,,39606,10,,,1,5,,39513,10,,,1,5,,39618,10,,,1,5,,39537,10,,,1,5,,39626,10,,,1,5,,39525,10,,,1,5,,39650,10,,,1,45,,39549,10,,,1,5,,39634,10,,,1,5,,39590,10,,,1,5,,39667,10,,,1,5,,39560,10,,,1,5,,39577,10,,,1,5,,39607,10,,,1,5,,39514,10,,,1,5,,39619,10,,,1,5,,39538,10,,,1,5,,39627,10,,,1,5,,39526,10,,,1,45,,39651,10,,,1,5,,39550,10,,,1,5,,39635,10,,,1,5,,39591,10,,,1,5,,39668,10,,,1,5,,39561,10,,,1,5,,39578,10,,,1,5,,39608,10,,,1,5,,39515,10,,,1,5,,39620,10,,,1,5,,39539,10,,,1,5,,39628,10,,,1,45,,39527,10,,,1,5,,39652,10,,,1,5,,39551,10,,,1,5,,39636,10,,,1,5,,39592,10,,,1,5,,39669,10,,,1,5,,39562,10,,,1,5,,39579,10,,,1,5,,39609,10,,,1,5,,39516,10,,,1,5,,39621,10,,,1,5,,39540,10,,,1,46,,39629,10,,,1,5,,39528,10,,,1,5,,39653,10,,,1,6,,39552,10,,,1,6,,39637,10,,,1,7,,39593,10,,,1,10,,39563,10,,,1,10,,39610,10,,,1,50,,39517,10,,,1,10,,39541,10,,,1,10,,39654,10,,,1,10,,39638,10,,,1,10,,39594,10,,,1,10,,39564,10,,,1,50,,39611,10,,,1,10,,39518,10,,,1,10,,39542,10,,,1,10,,39655,10,,,1,10,,39639,10,,,1,10,,39595,10,,,1,50,,39565,10,,,1,10,,39612,10,,,1,10,,39519,10,,,1,10,,39543,10,,,1,10,,39656,10,,,1,10,,39640,10,,,1,50,,39596,10,,,1,10,,39566,10,,,1,10,,39613,10,,,1,8,,39520,10,,,1,10,,39544,10,,,1,10,,39657,10,,,1,7,,39630,10,,,1,45,,39529,10,,,1,5,,39597,10,,,1,5,,39670,10,,,1,5,,39567,10,,,1,5,,39580,10,,,1,5,,39614,10,,,1,5,,39641,10,,,1,5,,39622,10,,,1,5,,39521,10,,,1,5,,39553,10,,,1,5,,39545,10,,,1,5,,39658,10,,,1,45,,39631,10,,,1,5,,39530,10,,,1,5,,39598,10,,,1,5,,39671,10,,,1,5,,39568,10,,,1,5,,39581,10,,,1,5,,39615,10,,,1,5,,39642,10,,,1,5,,39623,10,,,1,5,,39522,10,,,1,5,,39554,10,,,1,5,,39546,10,,,1,45,,39659,10,,,1,5,,39632,10,,,1,5,,39531,10,,,1,5,,39599,10,,,1,5,,39672,10,,,1,5,,39569,10,,,1,5,,39582,10,,,1,5,,39616,10,,,1,5,,39643,10,,,1,5,,39624,10,,,1,5,,39523,10,,,1,5,,39555,10,,,1,45,,39547,10,,,1,5,,39660,10,,,1,5,,39633,10,,,1,5,,39532,10,,,1,5,,39600,10,,,1,5,,39673,10,,,1,5,,39570,10,,,1,7,,39583,10,,,1,5,,39617,10,,,1,4,,39644,10,,,1,6,,39625,10,,,1,53,,39556,10,,,1,10,,39661,10,,,1,10,,39533,10,,,1,10,,39601,10,,,1,10,,39571,10,,,1,10,,39584,10,,,1,50,,39645,10,,,1,10,,39557,10,,,1,10,,39662,10,,,1,10,,39534,10,,,1,10,,39602,10,,,1,10,,39572,10,,,1,50,,39585,10,,,1,10,,39646,10,,,1,10,,39558,10,,,1,10,,39663,10,,,1,10,,39535,10,,,1,10,,39603,10,,,1,55,,39573,10,,,1,15,,39586,10,,,1,15,,39647,10,,,1,15,,39664,10,,,1,55,,39604,10,,,1,15,,39574,10,,,1,15,,39587,10,,,1,15,,39648,10,,,1,55,,39665,10,,,1,15,,39605,10,,,1,15,,39575,10,,,1,15,,39588,10,,,1,55,,39649,10,,,1,15,,39666,10,,,1
18002300,'20260914-Weekday-7-26-09',526,,39674,10,,,1,10,,39698,10,,,1,10,,39686,10,,,1,9,,39710,10,,,1,51,,39751,10,,,1,10,,39721,10,,,1,7,,39738,10,,,1,5,,39768,10,,,1,5,,39675,10,,,1,5,,39780,10,,,1,5,,39699,10,,,1,5,,39788,10,,,1,5,,39687,10,,,1,5,,39812,10,,,1,45,,39711,10,,,1,5,,39796,10,,,1,5,,39752,10,,,1,5,,39829,10,,,1,5,,39722,10,,,1,5,,39739,10,,,1,5,,39769,10,,,1,5,,39676,10,,,1,5,,39781,10,,,1,5,,39700,10,,,1,5,,39789,10,,,1,5,,39688,10,,,1,45,,39813,10,,,1,5,,39712,10,,,1,5,,39797,10,,,1,5,,39753,10,,,1,5,,39830,10,,,1,5,,39723,10,,,1,5,,39740,10,,,1,5,,39770,10,,,1,5,,39677,10,,,1,5,,39782,10,,,1,5,,39701,10,,,1,5,,39790,10,,,1,45,,39689,10,,,1,5,,39814,10,,,1,5,,39713,10,,,1,5,,39798,10,,,1,5,,39754,10,,,1,5,,39831,10,,,1,5,,39724,10,,,1,5,,39741,10,,,1,5,,39771,10,,,1,5,,39678,10,,,1,5,,39783,10,,,1,5,,39702,10,,,1,46,,39791,10,,,1,5,,39690,10,,,1,5,,39815,10,,,1,6,,39714,10,,,1,6,,39799,10,,,1,7,,39755,10,,,1,10,,39725,10,,,1,10,,39772,10,,,1,50,,39679,10,,,1,10,,39703,10,,,1,10,,39816,10,,,1,10,,39800,10,,,1,10,,39756,10,,,1,10,,39726,10,,,1,50,,39773,10,,,1,10,,39680,10,,,1,10,,39704,10,,,1,10,,39817,10,,,1,10,,39801,10,,,1,10,,39757,10,,,1,50,,39727,10,,,1,10,,39774,10,,,1,10,,39681,10,,,1,10,,39705,10,,,1,10,,39818,10,,,1,10,,39802,10,,,1,50,,39758,10,,,1,10,,39728,10,,,1,10,,39775,10,,,1,8,,39682,10,,,1,10,,39706,10,,,1,10,,39819,10,,,1,7,,39792,10,,,1,45,,39691,10,,,1,5,,39759,10,,,1,5,,39832,10,,,1,5,,39729,10,,,1,5,,39742,10,,,1,5,,39776,10,,,1,5,,39803,10,,,1,5,,39784,10,,,1,5,,39683,10,,,1,5,,39715,10,,,1,5,,39707,10,,,1,5,,39820,10,,,1,45,,39793,10,,,1,5,,39692,10,,,1,5,,39760,10,,,1,5,,39833,10,,,1,5,,39730,10,,,1,5,,39743,10,,,1,5,,39777,10,,,1,5,,39804,10,,,1,5,,39785,10,,,1,5,,39684,10,,,1,5,,39716,10,,,1,5,,39708,10,,,1,45,,39821,10,,,1,5,,39794,10,,,1,5,,39693,10,,,1,5,,39761,10,,,1,5,,39834,10,,,1,5,,39731,10,,,1,5,,39744,10,,,1,5,,39778,10,,,1,5,,39805,10,,,1,5,,39786,10,,,1,5,,39685,10,,,1,5,,39717,10,,,1,45,,39709,10,,,1,5,,39822,10,,,1,5,,39795,10,,,1,5,,39694,10,,,1,5,,39762,10,,,1,5,,39835,10,,,1,5,,39732,10,,,1,7,,39745,10,,,1,5,,39779,10,,,1,4,,39806,10,,,1,6,,39787,10,,,1,53,,39718,10,,,1,10,,39823,10,,,1,10,,39695,10,,,1,10,,39763,10,,,1,10,,39733,10,,,1,10,,39746,10,,,1,50,,39807,10,,,1,10,,39719,10,,,1,10,,39824,10,,,1,10,,39696,10,,,1,10,,39764,10,,,1,10,,39734,10,,,1,50,,39747,10,,,1,10,,39808,10,,,1,10,,39720,10,,,1,10,,39825,10,,,1,10,,39697,10,,,1,10,,39765,10,,,1,55,,39735,10,,,1,15,,39748,10,,,1,15,,39809,10,,,1,15,,39826,10,,,1,55,,39766,10,,,1,15,,39736,10,,,1,15,,39749,10,,,1,15,,39810,10,,,1,55,,39827,10,,,1,15,,39767,10,,,1,15,,39737,10,,,1,15,,39750,10,,,1,55,,39811,10,,,1,15,,39828,10,,,1
18002300,'20260917-Holiday1-1-26-09',526,,34782,10,,,1,10,,34809,10,,,1,10,,34794,10,,,1,9,,34821,10,,,1,51,,34865,10,,,1,10,,34835,10,,,1,7,,34852,10,,,1,5,,34883,10,,,1,5,,34783,10,,,1,5,,34895,10,,,1,5,,34810,10,,,1,5,,34903,10,,,1,5,,34795,10,,,1,5,,34927,10,,,1,45,,34822,10,,,1,5,,34911,10,,,1,5,,34866,10,,,1,5,,34944,10,,,1,5,,34836,10,,,1,5,,34853,10,,,1,5,,34884,10,,,1,5,,34784,10,,,1,5,,34896,10,,,1,5,,34811,10,,,1,5,,34904,10,,,1,5,,34796,10,,,1,45,,34928,10,,,1,5,,34823,10,,,1,5,,34912,10,,,1,5,,34867,10,,,1,5,,34945,10,,,1,5,,34837,10,,,1,5,,34854,10,,,1,5,,34885,10,,,1,5,,34785,10,,,1,5,,34897,10,,,1,5,,34812,10,,,1,5,,34905,10,,,1,45,,34797,10,,,1,5,,34929,10,,,1,5,,34824,10,,,1,5,,34913,10,,,1,5,,34868,10,,,1,5,,34946,10,,,1,5,,34838,10,,,1,5,,34855,10,,,1,5,,34886,10,,,1,5,,34786,10,,,1,5,,34898,10,,,1,5,,34813,10,,,1,46,,34906,10,,,1,5,,34798,10,,,1,5,,34930,10,,,1,6,,34825,10,,,1,6,,34914,10,,,1,7,,34869,10,,,1,10,,34839,10,,,1,10,,34887,10,,,1,50,,34787,10,,,1,10,,34814,10,,,1,10,,34931,10,,,1,10,,34915,10,,,1,10,,34870,10,,,1,10,,34840,10,,,1,50,,34888,10,,,1,10,,34788,10,,,1,10,,34815,10,,,1,10,,34932,10,,,1,10,,34916,10,,,1,10,,34871,10,,,1,50,,34841,10,,,1,10,,34889,10,,,1,10,,34789,10,,,1,10,,34816,10,,,1,10,,34933,10,,,1,10,,34917,10,,,1,50,,34872,10,,,1,10,,34842,10,,,1,10,,34890,10,,,1,8,,34790,10,,,1,10,,34817,10,,,1,10,,34934,10,,,1,7,,34907,10,,,1,45,,34799,10,,,1,5,,34873,10,,,1,5,,34947,10,,,1,5,,34843,10,,,1,5,,34856,10,,,1,5,,34891,10,,,1,5,,34918,10,,,1,5,,34899,10,,,1,5,,34791,10,,,1,5,,34826,10,,,1,5,,34818,10,,,1,5,,34935,10,,,1,45,,34908,10,,,1,5,,34800,10,,,1,5,,34874,10,,,1,5,,34948,10,,,1,5,,34844,10,,,1,5,,34857,10,,,1,5,,34892,10,,,1,5,,34919,10,,,1,5,,34900,10,,,1,5,,34792,10,,,1,5,,34827,10,,,1,5,,34819,10,,,1,45,,34936,10,,,1,5,,34909,10,,,1,5,,34801,10,,,1,5,,34875,10,,,1,5,,34949,10,,,1,5,,34845,10,,,1,5,,34858,10,,,1,5,,34893,10,,,1,5,,34920,10,,,1,5,,34901,10,,,1,5,,34793,10,,,1,5,,34828,10,,,1,45,,34820,10,,,1,5,,34937,10,,,1,5,,34910,10,,,1,5,,34802,10,,,1,5,,34876,10,,,1,5,,34950,10,,,1,5,,34846,10,,,1,7,,34859,10,,,1,5,,34894,10,,,1,4,,34921,10,,,1,6,,34902,10,,,1,53,,34829,10,,,1,10,,34938,10,,,1,10,,34803,10,,,1,10,,34877,10,,,1,10,,34847,10,,,1,10,,34860,10,,,1,50,,34922,10,,,1,10,,34830,10,,,1,10,,34939,10,,,1,10,,34804,10,,,1,10,,34878,10,,,1,10,,34848,10,,,1,50,,34861,10,,,1,10,,34923,10,,,1,10,,34831,10,,,1,10,,34940,10,,,1,10,,34805,10,,,1,10,,34879,10,,,1,50,,34849,10,,,1,10,,34862,10,,,1,10,,34924,10,,,1,10,,34832,10,,,1,10,,34941,10,,,1,10,,34806,10,,,1,50,,34880,10,,,1,10,,34850,10,,,1,10,,34863,10,,,1,10,,34925,10,,,1,10,,34833,10,,,1,10,,34942,10,,,1,50,,34807,10,,,1,10,,34881,10,,,1,10,,34851,10,,,1,10,,34864,10,,,1,10,,34926,10,,,1,10,,34834,10,,,1,50,,34943,10,,,1,10,,34808,10,,,1,10,,34882,10,,,1
18002300,'20260919-Saturday-1-26-09',538,,34951,10,,,1,10,,34968,10,,,1,10,,34985,10,,,1,50,,34997,10,,,1,10,,35014,10,,,1,10,,35031,10,,,1,10,,35047,10,,,1,10,,34952,10,,,1,10,,34969,10,,,1,50,,34986,10,,,1,10,,34998,10,,,1,10,,35015,10,,,1,10,,35032,10,,,1,10,,35048,10,,,1,10,,34953,10,,,1,50,,34970,10,,,1,10,,34987,10,,,1,10,,34999,10,,,1,10,,35016,10,,,1,10,,35033,10,,,1,10,,35049,10,,,1,50,,34954,10,,,1,10,,34971,10,,,1,10,,34988,10,,,1,10,,35000,10,,,1,10,,35017,10,,,1,10,,35034,10,,,1,50,,35050,10,,,1,10,,34955,10,,,1,10,,34972,10,,,1,10,,34989,10,,,1,10,,35001,10,,,1,10,,35018,10,,,1,50,,35035,10,,,1,10,,35051,10,,,1,10,,34956,10,,,1,10,,34973,10,,,1,10,,34990,10,,,1,10,,35002,10,,,1,50,,35019,10,,,1,10,,35036,10,,,1,10,,35052,10,,,1,10,,34957,10,,,1,10,,34974,10,,,1,10,,34991,10,,,1,50,,35003,10,,,1,10,,35020,10,,,1,10,,35037,10,,,1,10,,35053,10,,,1,10,,34958,10,,,1,10,,34975,10,,,1,50,,34992,10,,,1,10,,35004,10,,,1,10,,35021,10,,,1,10,,35038,10,,,1,10,,35054,10,,,1,10,,34959,10,,,1,50,,34976,10,,,1,10,,34993,10,,,1,10,,35005,10,,,1,10,,35022,10,,,1,10,,35039,10,,,1,10,,35055,10,,,1,50,,34960,10,,,1,10,,34977,10,,,1,10,,34994,10,,,1,10,,35006,10,,,1,10,,35023,10,,,1,10,,35040,10,,,1,50,,35056,10,,,1,10,,34961,10,,,1,10,,34978,10,,,1,10,,34995,10,,,1,10,,35007,10,,,1,10,,35024,10,,,1,50,,35041,10,,,1,10,,35057,10,,,1,10,,34962,10,,,1,10,,34979,10,,,1,10,,34996,10,,,1,10,,35008,10,,,1,55,,35025,10,,,1,15,,35042,10,,,1,15,,34963,10,,,1,15,,34980,10,,,1,55,,35009,10,,,1,15,,35026,10,,,1,15,,35043,10,,,1,15,,34964,10,,,1,55,,34981,10,,,1,15,,35010,10,,,1,15,,35027,10,,,1,15,,35044,10,,,1,55,,34965,10,,,1,15,,34982,10,,,1,15,,35011,10,,,1,15,,35028,10,,,1,55,,35045,10,,,1,15,,34966,10,,,1,15,,34983,10,,,1,15,,35012,10,,,1,55,,35029,10,,,1,15,,35046,10,,,1,15,,34967,10,,,1,15,,34984,10,,,1,55,,35013,10,,,1,15,,35030,10,,,1
