18002101,'021R-Weekday-1-26-09',513,,32849,1,,,1,12,,32851,1,,,1,12,,32852,1,,,1,6,,32983,1,,,1,6,,32850,1,,,1,6,,32881,1,,,1,46,,32882,1,,,1,6,,32883,1,,,1,6,,32884,1,,,1,6,,32880,1,,,1,6,,32879,1,,,1,6,,32878,1,,,1,6,,32877,1,,,1,6,,32876,1,,,1,6,,32875,1,,,1,6,,32874,1,,,1,46,,32873,1,,,1,6,,32872,1,,,1,6,,32871,1,,,1,6,,32870,1,,,1,6,,32869,1,,,1,6,,32868,1,,,1,6,,32867,1,,,1,6,,32866,1,,,1,6,,32865,1,,,1,6,,32864,1,,,1,46,,32863,1,,,1,6,,32862,1,,,1,6,,32861,1,,,1,6,,32860,1,,,1,6,,32859,1,,,1,6,,32858,1,,,1,6,,32857,1,,,1,6,,32856,1,,,1,6,,32855,1,,,1,6,,32854,1,,,1,50,,32885,1,,,1,10,,32886,1,,,1,10,,32887,1,,,1,10,,32888,1,,,1,10,,32889,1,,,1,10,,32890,1,,,1,50,,32891,1,,,1,10,,32892,1,,,1,10,,32893,1,,,1,10,,32894,1,,,1,10,,32895,1,,,1,10,,32896,1,,,1,50,,32897,1,,,1,10,,32898,1,,,1,10,,32899,1,,,1,10,,32900,1,,,1,10,,32901,1,,,1,10,,32902,1,,,1,50,,32903,1,,,1,10,,32904,1,,,1,10,,32905,1,,,1,10,,32906,1,,,1,10,,32907,1,,,1,10,,32908,1,,,1,50,,32909,1,,,1,10,,32910,1,,,1,10,,32911,1,,,1,10,,32912,1,,,1,10,,32913,1,,,1,10,,32914,1,,,1,46,,32915,1,,,1,6,,32916,1,,,1,6,,32917,1,,,1,6,,32918,1,,,1,6,,32919,1,,,1,6,,32920,1,,,1,6,,32921,1,,,1,6,,32922,1,,,1,6,,32923,1,,,1,6,,32924,1,,,1,46,,32925,1,,,1,6,,32926,1,,,1,6,,32927,1,,,1,6,,32928,1,,,1,6,,32929,1,,,1,6,,32930,1,,,1,6,,32931,1,,,1,6,,32932,1,,,1,6,,32933,1,,,1,6,,32934,1,,,1,46,,32935,1,,,1,6,,32936,1,,,1,6,,32937,1,,,1,6,,32938,1,,,1,6,,32939,1,,,1,6,,32940,1,,,1,6,,32941,1,,,1,6,,32942,1,,,1,6,,32943,1,,,1,6,,32944,1,,,1,46,,32945,1,,,1,6,,32946,1,,,1,6,,32947,1,,,1,6,,32948,1,,,1,6,,32949,1,,,1,6,,32950,1,,,1,6,,32951,1,,,1,6,,32952,1,,,1,6,,32953,1,,,1,6,,32954,1,,,1,46,,32955,1,,,1,9,,32956,1,,,1,15,,32957,1,,,1,15,,32958,1,,,1,15,,32959,1,,,1,55,,32960,1,,,1,15,,32961,1,,,1,15,,32962,1,,,1,15,,32963,1,,,1,55,,32964,1,,,1,15,,32965,1,,,1,15,,32966,1,,,1,15,,32967,1,,,1,55,,32968,1,,,1,15,,32969,1,,,1,15,,32970,1,,,1,15,,32971,1,,,1,55,,32972,1,,,1,15,,32973,1,,,1,15,,32974,1,,,1,15,,32975,1,,,1,55,,32976,1,,,1,15,,32977,1,,,1,15,,32978,1,,,1,15,,32979,1,,,1,55,,32980,1,,,1,15,,32981,1,,,1,15,,32982,1,,,1,15,,32853,1,,,1
18002101,'021R-Weekday-2-26-09',513,,32984,1,,,1,12,,32986,1,,,1,12,,32987,1,,,1,6,,33118,1,,,1,6,,32985,1,,,1,6,,33016,1,,,1,46,,33017,1,,,1,6,,33018,1,,,1,6,,33019,1,,,1,6,,33015,1,,,1,6,,33014,1,,,1,6,,33013,1,,,1,6,,33012,1,,,1,6,,33011,1,,,1,6,,33010,1,,,1,6,,33009,1,,,1,46,,33008,1,,,1,6,,33007,1,,,1,6,,33006,1,,,1,6,,33005,1,,,1,6,,33004,1,,,1,6,,33003,1,,,1,6,,33002,1,,,1,6,,33001,1,,,1,6,,33000,1,,,1,6,,32999,1,,,1,46,,32998,1,,,1,6,,32997,1,,,1,6,,32996,1,,,1,6,,32995,1,,,1,6,,32994,1,,,1,6,,32993,1,,,1,6,,32992,1,,,1,6,,32991,1,,,1,6,,32990,1,,,1,6,,32989,1,,,1,50,,33020,1,,,1,10,,33021,1,,,1,10,,33022,1,,,1,10,,33023,1,,,1,10,,33024,1,,,1,10,,33025,1,,,1,50,,33026,1,,,1,10,,33027,1,,,1,10,,33028,1,,,1,10,,33029,1,,,1,10,,33030,1,,,1,10,,33031,1,,,1,50,,33032,1,,,1,10,,33033,1,,,1,10,,33034,1,,,1,10,,33035,1,,,1,10,,33036,1,,,1,10,,33037,1,,,1,50,,33038,1,,,1,10,,33039,1,,,1,10,,33040,1,,,1,10,,33041,1,,,1,10,,33042,1,,,1,10,,33043,1,,,1,50,,33044,1,,,1,10,,33045,1,,,1,10,,33046,1,,,1,10,,33047,1,,,1,10,,33048,1,,,1,10,,33049,1,,,1,46,,33050,1,,,1,6,,33051,1,,,1,6,,33052,1,,,1,6,,33053,1,,,1,6,,33054,1,,,1,6,,33055,1,,,1,6,,33056,1,,,1,6,,33057,1,,,1,6,,33058,1,,,1,6,,33059,1,,,1,46,,33060,1,,,1,6,,33061,1,,,1,6,,33062,1,,,1,6,,33063,1,,,1,6,,33064,1,,,1,6,,33065,1,,,1,6,,33066,1,,,1,6,,33067,1,,,1,6,,33068,1,,,1,6,,33069,1,,,1,46,,33070,1,,,1,6,,33071,1,,,1,6,,33072,1,,,1,6,,33073,1,,,1,6,,33074,1,,,1,6,,33075,1,,,1,6,,33076,1,,,1,6,,33077,1,,,1,6,,33078,1,,,1,6,,33079,1,,,1,46,,33080,1,,,1,6,,33081,1,,,1,6,,33082,1,,,1,6,,33083,1,,,1,6,,33084,1,,,1,6,,33085,1,,,1,6,,33086,1,,,1,6,,33087,1,,,1,6,,33088,1,,,1,6,,33089,1,,,1,46,,33090,1,,,1,9,,33091,1,,,1,15,,33092,1,,,1,15,,33093,1,,,1,15,,33094,1,,,1,55,,33095,1,,,1,15,,33096,1,,,1,15,,33097,1,,,1,15,,33098,1,,,1,55,,33099,1,,,1,15,,33100,1,,,1,15,,33101,1,,,1,15,,33102,1,,,1,55,,33103,1,,,1,15,,33104,1,,,1,15,,33105,1,,,1,15,,33106,1,,,1,55,,33107,1,,,1,15,,33108,1,,,1,15,,33109,1,,,1,15,,33110,1,,,1,55,,33111,1,,,1,15,,33112,1,,,1,15,,33113,1,,,1,15,,33114,1,,,1,55,,33115,1,,,1,15,,33116,1,,,1,15,,33117,1,,,1,15,,32988,1,,,1
18002101,'021R-Weekday-3-26-09',513,,36689,1,,,1,12,,36691,1,,,1,12,,36692,1,,,1,6,,36823,1,,,1,6,,36690,1,,,1,6,,36721,1,,,1,46,,36722,1,,,1,6,,36723,1,,,1,6,,36724,1,,,1,6,,36720,1,,,1,6,,36719,1,,,1,6,,36718,1,,,1,6,,36717,1,,,1,6,,36716,1,,,1,6,,36715,1,,,1,6,,36714,1,,,1,46,,36713,1,,,1,6,,36712,1,,,1,6,,36711,1,,,1,6,,36710,1,,,1,6,,36709,1,,,1,6,,36708,1,,,1,6,,36707,1,,,1,6,,36706,1,,,1,6,,36705,1,,,1,6,,36704,1,,,1,46,,36703,1,,,1,6,,36702,1,,,1,6,,36701,1,,,1,6,,36700,1,,,1,6,,36699,1,,,1,6,,36698,1,,,1,6,,36697,1,,,1,6,,36696,1,,,1,6,,36695,1,,,1,6,,36694,1,,,1,50,,36725,1,,,1,10,,36726,1,,,1,10,,36727,1,,,1,10,,36728,1,,,1,10,,36729,1,,,1,10,,36730,1,,,1,50,,36731,1,,,1,10,,36732,1,,,1,10,,36733,1,,,1,10,,36734,1,,,1,10,,36735,1,,,1,10,,36736,1,,,1,50,,36737,1,,,1,10,,36738,1,,,1,10,,36739,1,,,1,10,,36740,1,,,1,10,,36741,1,,,1,10,,36742,1,,,1,50,,36743,1,,,1,10,,36744,1,,,1,10,,36745,1,,,1,10,,36746,1,,,1,10,,36747,1,,,1,10,,36748,1,,,1,50,,36749,1,,,1,10,,36750,1,,,1,10,,36751,1,,,1,10,,36752,1,,,1,10,,36753,1,,,1,10,,36754,1,,,1,46,,36755,1,,,1,6,,36756,1,,,1,6,,36757,1,,,1,6,,36758,1,,,1,6,,36759,1,,,1,6,,36760,1,,,1,6,,36761,1,,,1,6,,36762,1,,,1,6,,36763,1,,,1,6,,36764,1,,,1,46,,36765,1,,,1,6,,36766,1,,,1,6,,36767,1,,,1,6,,36768,1,,,1,6,,36769,1,,,1,6,,36770,1,,,1,6,,36771,1,,,1,6,,36772,1,,,1,6,,36773,1,,,1,6,,36774,1,,,1,46,,36775,1,,,1,6,,36776,1,,,1,6,,36777,1,,,1,6,,36778,1,,,1,6,,36779,1,,,1,6,,36780,1,,,1,6,,36781,1,,,1,6,,36782,1,,,1,6,,36783,1,,,1,6,,36784,1,,,1,46,,36785,1,,,1,6,,36786,1,,,1,6,,36787,1,,,1,6,,36788,1,,,1,6,,36789,1,,,1,6,,36790,1,,,1,6,,36791,1,,,1,6,,36792,1,,,1,6,,36793,1,,,1,6,,36794,1,,,1,46,,36795,1,,,1,9,,36796,1,,,1,15,,36797,1,,,1,15,,36798,1,,,1,15,,36799,1,,,1,55,,36800,1,,,1,15,,36801,1,,,1,15,,36802,1,,,1,15,,36803,1,,,1,55,,36804,1,,,1,15,,36805,1,,,1,15,,36806,1,,,1,15,,36807,1,,,1,55,,36808,1,,,1,15,,36809,1,,,1,15,,36810,1,,,1,15,,36811,1,,,1,55,,36812,1,,,1,15,,36813,1,,,1,15,,36814,1,,,1,15,,36815,1,,,1,55,,36816,1,,,1,15,,36817,1,,,1,15,,36818,1,,,1,15,,36819,1,,,1,55,,36820,1,,,1,15,,36821,1,,,1,15,,36822,1,,,1,15,,36693,1,,,1
18002101,'021R-Weekday-4-26-09',513,,33119,1,,,1,12,,33121,1,,,1,12,,33122,1,,,1,6,,33253,1,,,1,6,,33120,1,,,1,6,,33151,1,,,1,46,,33152,1,,,1,6,,33153,1,,,1,6,,33154,1,,,1,6,,33150,1,,,1,6,,33149,1,,,1,6,,33148,1,,,1,6,,33147,1,,,1,6,,33146,1,,,1,6,,33145,1,,,1,6,,33144,1,,,1,46,,33143,1,,,1,6,,33142,1,,,1,6,,33141,1,,,1,6,,33140,1,,,1,6,,33139,1,,,1,6,,33138,1,,,1,6,,33137,1,,,1,6,,33136,1,,,1,6,,33135,1,,,1,6,,33134,1,,,1,46,,33133,1,,,1,6,,33132,1,,,1,6,,33131,1,,,1,6,,33130,1,,,1,6,,33129,1,,,1,6,,33128,1,,,1,6,,33127,1,,,1,6,,33126,1,,,1,6,,33125,1,,,1,6,,33124,1,,,1,50,,33155,1,,,1,10,,33156,1,,,1,10,,33157,1,,,1,10,,33158,1,,,1,10,,33159,1,,,1,10,,33160,1,,,1,50,,33161,1,,,1,10,,33162,1,,,1,10,,33163,1,,,1,10,,33164,1,,,1,10,,33165,1,,,1,10,,33166,1,,,1,50,,33167,1,,,1,10,,33168,1,,,1,10,,33169,1,,,1,10,,33170,1,,,1,10,,33171,1,,,1,10,,33172,1,,,1,50,,33173,1,,,1,10,,33174,1,,,1,10,,33175,1,,,1,10,,33176,1,,,1,10,,33177,1,,,1,10,,33178,1,,,1,50,,33179,1,,,1,10,,33180,1,,,1,10,,33181,1,,,1,10,,33182,1,,,1,10,,33183,1,,,1,10,,33184,1,,,1,46,,33185,1,,,1,6,,33186,1,,,1,6,,33187,1,,,1,6,,33188,1,,,1,6,,33189,1,,,1,6,,33190,1,,,1,6,,33191,1,,,1,6,,33192,1,,,1,6,,33193,1,,,1,6,,33194,1,,,1,46,,33195,1,,,1,6,,33196,1,,,1,6,,33197,1,,,1,6,,33198,1,,,1,6,,33199,1,,,1,6,,33200,1,,,1,6,,33201,1,,,1,6,,33202,1,,,1,6,,33203,1,,,1,6,,33204,1,,,1,46,,33205,1,,,1,6,,33206,1,,,1,6,,33207,1,,,1,6,,33208,1,,,1,6,,33209,1,,,1,6,,33210,1,,,1,6,,33211,1,,,1,6,,33212,1,,,1,6,,33213,1,,,1,6,,33214,1,,,1,46,,33215,1,,,1,6,,33216,1,,,1,6,,33217,1,,,1,6,,33218,1,,,1,6,,33219,1,,,1,6,,33220,1,,,1,6,,33221,1,,,1,6,,33222,1,,,1,6,,33223,1,,,1,6,,33224,1,,,1,46,,33225,1,,,1,9,,33226,1,,,1,15,,33227,1,,,1,15,,33228,1,,,1,15,,33229,1,,,1,55,,33230,1,,,1,15,,33231,1,,,1,15,,33232,1,,,1,15,,33233,1,,,1,55,,33234,1,,,1,15,,33235,1,,,1,15,,33236,1,,,1,15,,33237,1,,,1,55,,33238,1,,,1,15,,33239,1,,,1,15,,33240,1,,,1,15,,33241,1,,,1,55,,33242,1,,,1,15,,33243,1,,,1,15,,33244,1,,,1,15,,33245,1,,,1,55,,33246,1,,,1,15,,33247,1,,,1,15,,33248,1,,,1,15,,33249,1,,,1,55,,33250,1,,,1,15,,33251,1,,,1,15,,33252,1,,,1,15,,33123,1,,,1
18002101,'021R-Weekday-5-26-09',513,,36824,1,,,1,12,,36826,1,,,1,12,,36827,1,,,1,6,,36958,1,,,1,6,,36825,1,,,1,6,,36856,1,,,1,46,,36857,1,,,1,6,,36858,1,,,1,6,,36859,1,,,1,6,,36855,1,,,1,6,,36854,1,,,1,6,,36853,1,,,1,6,,36852,1,,,1,6,,36851,1,,,1,6,,36850,1,,,1,6,,36849,1,,,1,46,,36848,1,,,1,6,,36847,1,,,1,6,,36846,1,,,1,6,,36845,1,,,1,6,,36844,1,,,1,6,,36843,1,,,1,6,,36842,1,,,1,6,,36841,1,,,1,6,,36840,1,,,1,6,,36839,1,,,1,46,,36838,1,,,1,6,,36837,1,,,1,6,,36836,1,,,1,6,,36835,1,,,1,6,,36834,1,,,1,6,,36833,1,,,1,6,,36832,1,,,1,6,,36831,1,,,1,6,,36830,1,,,1,6,,36829,1,,,1,50,,36860,1,,,1,10,,36861,1,,,1,10,,36862,1,,,1,10,,36863,1,,,1,10,,36864,1,,,1,10,,36865,1,,,1,50,,36866,1,,,1,10,,36867,1,,,1,10,,36868,1,,,1,10,,36869,1,,,1,10,,36870,1,,,1,10,,36871,1,,,1,50,,36872,1,,,1,10,,36873,1,,,1,10,,36874,1,,,1,10,,36875,1,,,1,10,,36876,1,,,1,10,,36877,1,,,1,50,,36878,1,,,1,10,,36879,1,,,1,10,,36880,1,,,1,10,,36881,1,,,1,10,,36882,1,,,1,10,,36883,1,,,1,50,,36884,1,,,1,10,,36885,1,,,1,10,,36886,1,,,1,10,,36887,1,,,1,10,,36888,1,,,1,10,,36889,1,,,1,46,,36890,1,,,1,6,,36891,1,,,1,6,,36892,1,,,1,6,,36893,1,,,1,6,,36894,1,,,1,6,,36895,1,,,1,6,,36896,1,,,1,6,,36897,1,,,1,6,,36898,1,,,1,6,,36899,1,,,1,46,,36900,1,,,1,6,,36901,1,,,1,6,,36902,1,,,1,6,,36903,1,,,1,6,,36904,1,,,1,6,,36905,1,,,1,6,,36906,1,,,1,6,,36907,1,,,1,6,,36908,1,,,1,6,,36909,1,,,1,46,,36910,1,,,1,6,,36911,1,,,1,6,,36912,1,,,1,6,,36913,1,,,1,6,,36914,1,,,1,6,,36915,1,,,1,6,,36916,1,,,1,6,,36917,1,,,1,6,,36918,1,,,1,6,,36919,1,,,1,46,,36920,1,,,1,6,,36921,1,,,1,6,,36922,1,,,1,6,,36923,1,,,1,6,,36924,1,,,1,6,,36925,1,,,1,6,,36926,1,,,1,6,,36927,1,,,1,6,,36928,1,,,1,6,,36929,1,,,1,46,,36930,1,,,1,9,,36931,1,,,1,15,,36932,1,,,1,15,,36933,1,,,1,15,,36934,1,,,1,55,,36935,1,,,1,15,,36936,1,,,1,15,,36937,1,,,1,15,,36938,1,,,1,55,,36939,1,,,1,15,,36940,1,,,1,15,,36941,1,,,1,15,,36942,1,,,1,55,,36943,1,,,1,15,,36944,1,,,1,15,,36945,1,,,1,15,,36946,1,,,1,55,,36947,1,,,1,15,,36948,1,,,1,15,,36949,1,,,1,15,,36950,1,,,1,55,,36951,1,,,1,15,,36952,1,,,1,15,,36953,1,,,1,15,,36954,1,,,1,55,,36955,1,,,1,15,,36956,1,,,1,15,,36957,1,,,1,15,,36828,1,,,1
18002101,'021R-Weekday-6-26-09',513,,36959,1,,,1,12,,36961,1,,,1,12,,36962,1,,,1,6,,37093,1,,,1,6,,36960,1,,,1,6,,36991,1,,,1,46,,36992,1,,,1,6,,36993,1,,,1,6,,36994,1,,,1,6,,36990,1,,,1,6,,36989,1,,,1,6,,36988,1,,,1,6,,36987,1,,,1,6,,36986,1,,,1,6,,36985,1,,,1,6,,36984,1,,,1,46,,36983,1,,,1,6,,36982,1,,,1,6,,36981,1,,,1,6,,36980,1,,,1,6,,36979,1,,,1,6,,36978,1,,,1,6,,36977,1,,,1,6,,36976,1,,,1,6,,36975,1,,,1,6,,36974,1,,,1,46,,36973,1,,,1,6,,36972,1,,,1,6,,36971,1,,,1,6,,36970,1,,,1,6,,36969,1,,,1,6,,36968,1,,,1,6,,36967,1,,,1,6,,36966,1,,,1,6,,36965,1,,,1,6,,36964,1,,,1,50,,36995,1,,,1,10,,36996,1,,,1,10,,36997,1,,,1,10,,36998,1,,,1,10,,36999,1,,,1,10,,37000,1,,,1,50,,37001,1,,,1,10,,37002,1,,,1,10,,37003,1,,,1,10,,37004,1,,,1,10,,37005,1,,,1,10,,37006,1,,,1,50,,37007,1,,,1,10,,37008,1,,,1,10,,37009,1,,,1,10,,37010,1,,,1,10,,37011,1,,,1,10,,37012,1,,,1,50,,37013,1,,,1,10,,37014,1,,,1,10,,37015,1,,,1,10,,37016,1,,,1,10,,37017,1,,,1,10,,37018,1,,,1,50,,37019,1,,,1,10,,37020,1,,,1,10,,37021,1,,,1,10,,37022,1,,,1,10,,37023,1,,,1,10,,37024,1,,,1,46,,37025,1,,,1,6,,37026,1,,,1,6,,37027,1,,,1,6,,37028,1,,,1,6,,37029,1,,,1,6,,37030,1,,,1,6,,37031,1,,,1,6,,37032,1,,,1,6,,37033,1,,,1,6,,37034,1,,,1,46,,37035,1,,,1,6,,37036,1,,,1,6,,37037,1,,,1,6,,37038,1,,,1,6,,37039,1,,,1,6,,37040,1,,,1,6,,37041,1,,,1,6,,37042,1,,,1,6,,37043,1,,,1,6,,37044,1,,,1,46,,37045,1,,,1,6,,37046,1,,,1,6,,37047,1,,,1,6,,37048,1,,,1,6,,37049,1,,,1,6,,37050,1,,,1,6,,37051,1,,,1,6,,37052,1,,,1,6,,37053,1,,,1,6,,37054,1,,,1,46,,37055,1,,,1,6,,37056,1,,,1,6,,37057,1,,,1,6,,37058,1,,,1,6,,37059,1,,,1,6,,37060,1,,,1,6,,37061,1,,,1,6,,37062,1,,,1,6,,37063,1,,,1,6,,37064,1,,,1,46,,37065,1,,,1,9,,37066,1,,,1,15,,37067,1,,,1,15,,37068,1,,,1,15,,37069,1,,,1,55,,37070,1,,,1,15,,37071,1,,,1,15,,37072,1,,,1,15,,37073,1,,,1,55,,37074,1,,,1,15,,37075,1,,,1,15,,37076,1,,,1,15,,37077,1,,,1,55,,37078,1,,,1,15,,37079,1,,,1,15,,37080,1,,,1,15,,37081,1,,,1,55,,37082,1,,,1,15,,37083,1,,,1,15,,37084,1,,,1,15,,37085,1,,,1,55,,37086,1,,,1,15,,37087,1,,,1,15,,37088,1,,,1,15,,37089,1,,,1,55,,37090,1,,,1,15,,37091,1,,,1,15,,37092,1,,,1,15,,36963,1,,,1
18002101,'021R-Weekday-7-26-09',513,,37094,1,,,1,12,,37096,1,,,1,12,,37097,1,,,1,6,,37228,1,,,1,6,,37095,1,,,1,6,,37126,1,,,1,46,,37127,1,,,1,6,,37128,1,,,1,6,,37129,1,,,1,6,,37125,1,,,1,6,,37124,1,,,1,6,,37123,1,,,1,6,,37122,1,,,1,6,,37121,1,,,1,6,,37120,1,,,1,6,,37119,1,,,1,46,,37118,1,,,1,6,,37117,1,,,1,6,,37116,1,,,1,6,,37115,1,,,1,6,,37114,1,,,1,6,,37113,1,,,1,6,,37112,1,,,1,6,,37111,1,,,1,6,,37110,1,,,1,6,,37109,1,,,1,46,,37108,1,,,1,6,,37107,1,,,1,6,,37106,1,,,1,6,,37105,1,,,1,6,,37104,1,,,1,6,,37103,1,,,1,6,,37102,1,,,1,6,,37101,1,,,1,6,,37100,1,,,1,6,,37099,1,,,1,50,,37130,1,,,1,10,,37131,1,,,1,10,,37132,1,,,1,10,,37133,1,,,1,10,,37134,1,,,1,10,,37135,1,,,1,50,,37136,1,,,1,10,,37137,1,,,1,10,,37138,1,,,1,10,,37139,1,,,1,10,,37140,1,,,1,10,,37141,1,,,1,50,,37142,1,,,1,10,,37143,1,,,1,10,,37144,1,,,1,10,,37145,1,,,1,10,,37146,1,,,1,10,,37147,1,,,1,50,,37148,1,,,1,10,,37149,1,,,1,10,,37150,1,,,1,10,,37151,1,,,1,10,,37152,1,,,1,10,,37153,1,,,1,50,,37154,1,,,1,10,,37155,1,,,1,10,,37156,1,,,1,10,,37157,1,,,1,10,,37158,1,,,1,10,,37159,1,,,1,46,,37160,1,,,1,6,,37161,1,,,1,6,,37162,1,,,1,6,,37163,1,,,1,6,,37164,1,,,1,6,,37165,1,,,1,6,,37166,1,,,1,6,,37167,1,,,1,6,,37168,1,,,1,6,,37169,1,,,1,46,,37170,1,,,1,6,,37171,1,,,1,6,,37172,1,,,1,6,,37173,1,,,1,6,,37174,1,,,1,6,,37175,1,,,1,6,,37176,1,,,1,6,,37177,1,,,1,6,,37178,1,,,1,6,,37179,1,,,1,46,,37180,1,,,1,6,,37181,1,,,1,6,,37182,1,,,1,6,,37183,1,,,1,6,,37184,1,,,1,6,,37185,1,,,1,6,,37186,1,,,1,6,,37187,1,,,1,6,,37188,1,,,1,6,,37189,1,,,1,46,,37190,1,,,1,6,,37191,1,,,1,6,,37192,1,,,1,6,,37193,1,,,1,6,,37194,1,,,1,6,,37195,1,,,1,6,,37196,1,,,1,6,,37197,1,,,1,6,,37198,1,,,1,6,,37199,1,,,1,46,,37200,1,,,1,9,,37201,1,,,1,15,,37202,1,,,1,15,,37203,1,,,1,15,,37204,1,,,1,55,,37205,1,,,1,15,,37206,1,,,1,15,,37207,1,,,1,15,,37208,1,,,1,55,,37209,1,,,1,15,,37210,1,,,1,15,,37211,1,,,1,15,,37212,1,,,1,55,,37213,1,,,1,15,,37214,1,,,1,15,,37215,1,,,1,15,,37216,1,,,1,55,,37217,1,,,1,15,,37218,1,,,1,15,,37219,1,,,1,15,,37220,1,,,1,55,,37221,1,,,1,15,,37222,1,,,1,15,,37223,1,,,1,15,,37224,1,,,1,55,,37225,1,,,1,15,,37226,1,,,1,15,,37227,1,,,1,15,,37098,1,,,1
18002101,'021R-Saturday-1-26-09',510,,33254,1,,,1,15,,33255,1,,,1,15,,33256,1,,,1,15,,33257,1,,,1,55,,33258,1,,,1,15,,33259,1,,,1,15,,33260,1,,,1,15,,33261,1,,,1,55,,33262,1,,,1,15,,33263,1,,,1,15,,33264,1,,,1,15,,33265,1,,,1,55,,33266,1,,,1,15,,33267,1,,,1,15,,33268,1,,,1,15,,33269,1,,,1,55,,33270,1,,,1,15,,33271,1,,,1,15,,33272,1,,,1,15,,33273,1,,,1,55,,33274,1,,,1,15,,33275,1,,,1,15,,33276,1,,,1,15,,33277,1,,,1,55,,33278,1,,,1,15,,33279,1,,,1,15,,33280,1,,,1,15,,33281,1,,,1,55,,33282,1,,,1,15,,33283,1,,,1,15,,33284,1,,,1,15,,33285,1,,,1,55,,33286,1,,,1,15,,33287,1,,,1,15,,33288,1,,,1,15,,33289,1,,,1,55,,33290,1,,,1,15,,33291,1,,,1,15,,33292,1,,,1,15,,33293,1,,,1,55,,33294,1,,,1,15,,33295,1,,,1,15,,33296,1,,,1,15,,33297,1,,,1,55,,33298,1,,,1,15,,33299,1,,,1,15,,33300,1,,,1,15,,33301,1,,,1,55,,33302,1,,,1,15,,33303,1,,,1,15,,33304,1,,,1,15,,33305,1,,,1,55,,33306,1,,,1,15,,33307,1,,,1,15,,33308,1,,,1,15,,33309,1,,,1,55,,33310,1,,,1,15,,33311,1,,,1,15,,33312,1,,,1,15,,33313,1,,,1,55,,33314,1,,,1,15,,33315,1,,,1,15,,33316,1,,,1,15,,33317,1,,,1,55,,33318,1,,,1,15,,33319,1,,,1,15,,33320,1,,,1,15,,33321,1,,,1,55,,33322,1,,,1,15,,33323,1,,,1,15,,33324,1,,,1,15,,33325,1,,,1,55,,33326,1,,,1,15,,33327,1,,,1,15,,33328,1,,,1,15,,33329,1,,,1,55,,33330,1,,,1,15,,33331,1,,,1,15,,33332,1,,,1,15,,33333,1,,,1
18002101,'021R-Saturday-2-26-09',512,,37229,1,,,1,15,,37230,1,,,1,15,,37231,1,,,1,15,,37232,1,,,1,55,,37233,1,,,1,15,,37234,1,,,1,15,,37235,1,,,1,15,,37236,1,,,1,55,,37237,1,,,1,15,,37238,1,,,1,15,,37239,1,,,1,15,,37240,1,,,1,55,,37241,1,,,1,15,,37242,1,,,1,15,,37243,1,,,1,15,,37244,1,,,1,55,,37245,1,,,1,15,,37246,1,,,1,15,,37247,1,,,1,15,,37248,1,,,1,55,,37249,1,,,1,15,,37250,1,,,1,15,,37251,1,,,1,15,,37252,1,,,1,55,,37253,1,,,1,15,,37254,1,,,1,15,,37255,1,,,1,15,,37256,1,,,1,55,,37257,1,,,1,15,,37258,1,,,1,15,,37259,1,,,1,15,,37260,1,,,1,55,,37261,1,,,1,15,,37262,1,,,1,15,,37263,1,,,1,15,,37264,1,,,1,55,,37265,1,,,1,15,,37266,1,,,1,15,,37267,1,,,1,15,,37268,1,,,1,55,,37269,1,,,1,15,,37270,1,,,1,15,,37271,1,,,1,15,,37272,1,,,1,55,,37273,1,,,1,15,,37274,1,,,1,15,,37275,1,,,1,15,,37276,1,,,1,55,,37277,1,,,1,15,,37278,1,,,1,15,,37279,1,,,1,15,,37280,1,,,1,55,,37281,1,,,1,15,,37282,1,,,1,15,,37283,1,,,1,15,,37284,1,,,1,55,,37285,1,,,1,15,,37286,1,,,1,15,,37287,1,,,1,15,,37288,1,,,1,55,,37289,1,,,1,15,,37290,1,,,1,15,,37291,1,,,1,15,,37292,1,,,1,55,,37293,1,,,1,15,,37294,1,,,1,15,,37295,1,,,1,15,,37296,1,,,1,55,,37297,1,,,1,15,,37298,1,,,1,15,,37299,1,,,1,15,,37300,1,,,1,55,,37301,1,,,1,15,,37302,1,,,1,15,,37303,1,,,1,15,,37304,1,,,1,55,,37305,1,,,1,15,,37306,1,,,1,15,,37307,1,,,1,15,,37308,1,,,1
18002101,'021R-Sunday-1-26-09',510,,33334,1,,,1,15,,33335,1,,,1,15,,33336,1,,,1,15,,33337,1,,,1,55,,33338,1,,,1,15,,33339,1,,,1,15,,33340,1,,,1,15,,33341,1,,,1,55,,33342,1,,,1,15,,33343,1,,,1,15,,33344,1,,,1,15,,33345,1,,,1,55,,33346,1,,,1,15,,33347,1,,,1,15,,33348,1,,,1,15,,33349,1,,,1,55,,33350,1,,,1,15,,33351,1,,,1,15,,33352,1,,,1,15,,33353,1,,,1,55,,33354,1,,,1,15,,33355,1,,,1,15,,33356,1,,,1,15,,33357,1,,,1,55,,33358,1,,,1,15,,33359,1,,,1,15,,33360,1,,,1,15,,33361,1,,,1,55,,33362,1,,,1,15,,33363,1,,,1,15,,33364,1,,,1,15,,33365,1,,,1,55,,33366,1,,,1,15,,33367,1,,,1,15,,33368,1,,,1,15,,33369,1,,,1,55,,33370,1,,,1,15,,33371,1,,,1,15,,33372,1,,,1,15,,33373,1,,,1,55,,33374,1,,,1,15,,33375,1,,,1,15,,33376,1,,,1,15,,33377,1,,,1,55,,33378,1,,,1,15,,33379,1,,,1,15,,33380,1,,,1,15,,33381,1,,,1,55,,33382,1,,,1,15,,33383,1,,,1,15,,33384,1,,,1,15,,33385,1,,,1,55,,33386,1,,,1,15,,33387,1,,,1,15,,33388,1,,,1,15,,33389,1,,,1,55,,33390,1,,,1,15,,33391,1,,,1,15,,33392,1,,,1,15,,33393,1,,,1,55,,33394,1,,,1,15,,33395,1,,,1,15,,33396,1,,,1,15,,33397,1,,,1,55,,33398,1,,,1,15,,33399,1,,,1,15,,33400,1,,,1,15,,33401,1,,,1,55,,33402,1,,,1,15,,33403,1,,,1,15,,33404,1,,,1,15,,33405,1,,,1,55,,33406,1,,,1,15,,33407,1,,,1,15,,33408,1,,,1,15,,33409,1,,,1,55,,33410,1,,,1
18002101,'021R-Sunday-2-26-09',512,,37309,1,,,1,15,,37310,1,,,1,15,,37311,1,,,1,15,,37312,1,,,1,55,,37313,1,,,1,15,,37314,1,,,1,15,,37315,1,,,1,15,,37316,1,,,1,55,,37317,1,,,1,15,,37318,1,,,1,15,,37319,1,,,1,15,,37320,1,,,1,55,,37321,1,,,1,15,,37322,1,,,1,15,,37323,1,,,1,15,,37324,1,,,1,55,,37325,1,,,1,15,,37326,1,,,1,15,,37327,1,,,1,15,,37328,1,,,1,55,,37329,1,,,1,15,,37330,1,,,1,15,,37331,1,,,1,15,,37332,1,,,1,55,,37333,1,,,1,15,,37334,1,,,1,15,,37335,1,,,1,15,,37336,1,,,1,55,,37337,1,,,1,15,,37338,1,,,1,15,,37339,1,,,1,15,,37340,1,,,1,55,,37341,1,,,1,15,,37342,1,,,1,15,,37343,1,,,1,15,,37344,1,,,1,55,,37345,1,,,1,15,,37346,1,,,1,15,,37347,1,,,1,15,,37348,1,,,1,55,,37349,1,,,1,15,,37350,1,,,1,15,,37351,1,,,1,15,,37352,1,,,1,55,,37353,1,,,1,15,,37354,1,,,1,15,,37355,1,,,1,15,,37356,1,,,1,55,,37357,1,,,1,15,,37358,1,,,1,15,,37359,1,,,1,15,,37360,1,,,1,55,,37361,1,,,1,15,,37362,1,,,1,15,,37363,1,,,1,15,,37364,1,,,1,55,,37365,1,,,1,15,,37366,1,,,1,15,,37367,1,,,1,15,,37368,1,,,1,55,,37369,1,,,1,15,,37370,1,,,1,15,,37371,1,,,1,15,,37372,1,,,1,55,,37373,1,,,1,15,,37374,1,,,1,15,,37375,1,,,1,15,,37376,1,,,1,55,,37377,1,,,1,15,,37378,1,,,1,15,,37379,1,,,1,15,,37380,1,,,1,55,,37381,1,,,1,15,,37382,1,,,1,15,,37383,1,,,1,15,,37384,1,,,1,55,,37385,1,,,1
18002101,'021R-Sunday-4-26-09',512,,37386,1,,,1,15,,37387,1,,,1,15,,37388,1,,,1,15,,37389,1,,,1,55,,37390,1,,,1,15,,37391,1,,,1,15,,37392,1,,,1,15,,37393,1,,,1,55,,37394,1,,,1,15,,37395,1,,,1,15,,37396,1,,,1,15,,37397,1,,,1,55,,37398,1,,,1,15,,37399,1,,,1,15,,37400,1,,,1,15,,37401,1,,,1,55,,37402,1,,,1,15,,37403,1,,,1,15,,37404,1,,,1,15,,37405,1,,,1,55,,37406,1,,,1,15,,37407,1,,,1,15,,37408,1,,,1,15,,37409,1,,,1,55,,37410,1,,,1,15,,37411,1,,,1,15,,37412,1,,,1,15,,37413,1,,,1,55,,37414,1,,,1,15,,37415,1,,,1,15,,37416,1,,,1,15,,37417,1,,,1,55,,37418,1,,,1,15,,37419,1,,,1,15,,37420,1,,,1,15,,37421,1,,,1,55,,37422,1,,,1,15,,37423,1,,,1,15,,37424,1,,,1,15,,37425,1,,,1,55,,37426,1,,,1,15,,37427,1,,,1,15,,37428,1,,,1,15,,37429,1,,,1,55,,37430,1,,,1,15,,37431,1,,,1,15,,37432,1,,,1,15,,37433,1,,,1,55,,37434,1,,,1,15,,37435,1,,,1,15,,37436,1,,,1,15,,37437,1,,,1,55,,37438,1,,,1,15,,37439,1,,,1,15,,37440,1,,,1,15,,37441,1,,,1,55,,37442,1,,,1,15,,37443,1,,,1,15,,37444,1,,,1,15,,37445,1,,,1,55,,37446,1,,,1,15,,37447,1,,,1,15,,37448,1,,,1,15,,37449,1,,,1,55,,37450,1,,,1,15,,37451,1,,,1,15,,37452,1,,,1,15,,37453,1,,,1,55,,37454,1,,,1,15,,37455,1,,,1,15,,37456,1,,,1,15,,37457,1,,,1,55,,37458,1,,,1,15,,37459,1,,,1,15,,37460,1,,,1,15,,37461,1,,,1,55,,37462,1,,,1
