18002101,'021R-Weekday-1-26-09',530,,32849,10,,,1,12,,32851,10,,,1,12,,32852,10,,,1,46,,32983,10,,,1,6,,32850,10,,,1,6,,32881,10,,,1,6,,32882,10,,,1,6,,32883,10,,,1,6,,32884,10,,,1,6,,32880,10,,,1,6,,32879,10,,,1,6,,32878,10,,,1,6,,32877,10,,,1,46,,32876,10,,,1,6,,32875,10,,,1,6,,32874,10,,,1,6,,32873,10,,,1,6,,32872,10,,,1,6,,32871,10,,,1,6,,32870,10,,,1,6,,32869,10,,,1,6,,32868,10,,,1,6,,32867,10,,,1,46,,32866,10,,,1,6,,32865,10,,,1,6,,32864,10,,,1,6,,32863,10,,,1,6,,32862,10,,,1,6,,32861,10,,,1,6,,32860,10,,,1,6,,32859,10,,,1,6,,32858,10,,,1,6,,32857,10,,,1,46,,32856,10,,,1,6,,32855,10,,,1,6,,32854,10,,,1,10,,32885,10,,,1,10,,32886,10,,,1,10,,32887,10,,,1,10,,32888,10,,,1,50,,32889,10,,,1,10,,32890,10,,,1,10,,32891,10,,,1,10,,32892,10,,,1,10,,32893,10,,,1,10,,32894,10,,,1,50,,32895,10,,,1,10,,32896,10,,,1,10,,32897,10,,,1,10,,32898,10,,,1,10,,32899,10,,,1,10,,32900,10,,,1,50,,32901,10,,,1,10,,32902,10,,,1,10,,32903,10,,,1,10,,32904,10,,,1,10,,32905,10,,,1,10,,32906,10,,,1,50,,32907,10,,,1,10,,32908,10,,,1,10,,32909,10,,,1,10,,32910,10,,,1,10,,32911,10,,,1,10,,32912,10,,,1,50,,32913,10,,,1,10,,32914,10,,,1,6,,32915,10,,,1,6,,32916,10,,,1,6,,32917,10,,,1,6,,32918,10,,,1,6,,32919,10,,,1,6,,32920,10,,,1,6,,32921,10,,,1,46,,32922,10,,,1,6,,32923,10,,,1,6,,32924,10,,,1,6,,32925,10,,,1,6,,32926,10,,,1,6,,32927,10,,,1,6,,32928,10,,,1,6,,32929,10,,,1,6,,32930,10,,,1,6,,32931,10,,,1,46,,32932,10,,,1,6,,32933,10,,,1,6,,32934,10,,,1,6,,32935,10,,,1,6,,32936,10,,,1,6,,32937,10,,,1,6,,32938,10,,,1,6,,32939,10,,,1,6,,32940,10,,,1,6,,32941,10,,,1,46,,32942,10,,,1,6,,32943,10,,,1,6,,32944,10,,,1,6,,32945,10,,,1,6,,32946,10,,,1,6,,32947,10,,,1,6,,32948,10,,,1,6,,32949,10,,,1,6,,32950,10,,,1,6,,32951,10,,,1,46,,32952,10,,,1,6,,32953,10,,,1,6,,32954,10,,,1,6,,32955,10,,,1,9,,32956,10,,,1,15,,32957,10,,,1,15,,32958,10,,,1,55,,32959,10,,,1,15,,32960,10,,,1,15,,32961,10,,,1,15,,32962,10,,,1,55,,32963,10,,,1,15,,32964,10,,,1,15,,32965,10,,,1,15,,32966,10,,,1,55,,32967,10,,,1,15,,32968,10,,,1,15,,32969,10,,,1,15,,32970,10,,,1,55,,32971,10,,,1,15,,32972,10,,,1,15,,32973,10,,,1,15,,32974,10,,,1,55,,32975,10,,,1,15,,32976,10,,,1,15,,32977,10,,,1,15,,32978,10,,,1,55,,32979,10,,,1,15,,32980,10,,,1,15,,32981,10,,,1,15,,32982,10,,,1,55,,32853,10,,,1
18002101,'021R-Weekday-2-26-09',530,,32984,10,,,1,12,,32986,10,,,1,12,,32987,10,,,1,46,,33118,10,,,1,6,,32985,10,,,1,6,,33016,10,,,1,6,,33017,10,,,1,6,,33018,10,,,1,6,,33019,10,,,1,6,,33015,10,,,1,6,,33014,10,,,1,6,,33013,10,,,1,6,,33012,10,,,1,46,,33011,10,,,1,6,,33010,10,,,1,6,,33009,10,,,1,6,,33008,10,,,1,6,,33007,10,,,1,6,,33006,10,,,1,6,,33005,10,,,1,6,,33004,10,,,1,6,,33003,10,,,1,6,,33002,10,,,1,46,,33001,10,,,1,6,,33000,10,,,1,6,,32999,10,,,1,6,,32998,10,,,1,6,,32997,10,,,1,6,,32996,10,,,1,6,,32995,10,,,1,6,,32994,10,,,1,6,,32993,10,,,1,6,,32992,10,,,1,46,,32991,10,,,1,6,,32990,10,,,1,6,,32989,10,,,1,10,,33020,10,,,1,10,,33021,10,,,1,10,,33022,10,,,1,10,,33023,10,,,1,50,,33024,10,,,1,10,,33025,10,,,1,10,,33026,10,,,1,10,,33027,10,,,1,10,,33028,10,,,1,10,,33029,10,,,1,50,,33030,10,,,1,10,,33031,10,,,1,10,,33032,10,,,1,10,,33033,10,,,1,10,,33034,10,,,1,10,,33035,10,,,1,50,,33036,10,,,1,10,,33037,10,,,1,10,,33038,10,,,1,10,,33039,10,,,1,10,,33040,10,,,1,10,,33041,10,,,1,50,,33042,10,,,1,10,,33043,10,,,1,10,,33044,10,,,1,10,,33045,10,,,1,10,,33046,10,,,1,10,,33047,10,,,1,50,,33048,10,,,1,10,,33049,10,,,1,6,,33050,10,,,1,6,,33051,10,,,1,6,,33052,10,,,1,6,,33053,10,,,1,6,,33054,10,,,1,6,,33055,10,,,1,6,,33056,10,,,1,46,,33057,10,,,1,6,,33058,10,,,1,6,,33059,10,,,1,6,,33060,10,,,1,6,,33061,10,,,1,6,,33062,10,,,1,6,,33063,10,,,1,6,,33064,10,,,1,6,,33065,10,,,1,6,,33066,10,,,1,46,,33067,10,,,1,6,,33068,10,,,1,6,,33069,10,,,1,6,,33070,10,,,1,6,,33071,10,,,1,6,,33072,10,,,1,6,,33073,10,,,1,6,,33074,10,,,1,6,,33075,10,,,1,6,,33076,10,,,1,46,,33077,10,,,1,6,,33078,10,,,1,6,,33079,10,,,1,6,,33080,10,,,1,6,,33081,10,,,1,6,,33082,10,,,1,6,,33083,10,,,1,6,,33084,10,,,1,6,,33085,10,,,1,6,,33086,10,,,1,46,,33087,10,,,1,6,,33088,10,,,1,6,,33089,10,,,1,6,,33090,10,,,1,9,,33091,10,,,1,15,,33092,10,,,1,15,,33093,10,,,1,55,,33094,10,,,1,15,,33095,10,,,1,15,,33096,10,,,1,15,,33097,10,,,1,55,,33098,10,,,1,15,,33099,10,,,1,15,,33100,10,,,1,15,,33101,10,,,1,55,,33102,10,,,1,15,,33103,10,,,1,15,,33104,10,,,1,15,,33105,10,,,1,55,,33106,10,,,1,15,,33107,10,,,1,15,,33108,10,,,1,15,,33109,10,,,1,55,,33110,10,,,1,15,,33111,10,,,1,15,,33112,10,,,1,15,,33113,10,,,1,55,,33114,10,,,1,15,,33115,10,,,1,15,,33116,10,,,1,15,,33117,10,,,1,55,,32988,10,,,1
18002101,'021R-Weekday-3-26-09',530,,36689,10,,,1,12,,36691,10,,,1,12,,36692,10,,,1,46,,36823,10,,,1,6,,36690,10,,,1,6,,36721,10,,,1,6,,36722,10,,,1,6,,36723,10,,,1,6,,36724,10,,,1,6,,36720,10,,,1,6,,36719,10,,,1,6,,36718,10,,,1,6,,36717,10,,,1,46,,36716,10,,,1,6,,36715,10,,,1,6,,36714,10,,,1,6,,36713,10,,,1,6,,36712,10,,,1,6,,36711,10,,,1,6,,36710,10,,,1,6,,36709,10,,,1,6,,36708,10,,,1,6,,36707,10,,,1,46,,36706,10,,,1,6,,36705,10,,,1,6,,36704,10,,,1,6,,36703,10,,,1,6,,36702,10,,,1,6,,36701,10,,,1,6,,36700,10,,,1,6,,36699,10,,,1,6,,36698,10,,,1,6,,36697,10,,,1,46,,36696,10,,,1,6,,36695,10,,,1,6,,36694,10,,,1,10,,36725,10,,,1,10,,36726,10,,,1,10,,36727,10,,,1,10,,36728,10,,,1,50,,36729,10,,,1,10,,36730,10,,,1,10,,36731,10,,,1,10,,36732,10,,,1,10,,36733,10,,,1,10,,36734,10,,,1,50,,36735,10,,,1,10,,36736,10,,,1,10,,36737,10,,,1,10,,36738,10,,,1,10,,36739,10,,,1,10,,36740,10,,,1,50,,36741,10,,,1,10,,36742,10,,,1,10,,36743,10,,,1,10,,36744,10,,,1,10,,36745,10,,,1,10,,36746,10,,,1,50,,36747,10,,,1,10,,36748,10,,,1,10,,36749,10,,,1,10,,36750,10,,,1,10,,36751,10,,,1,10,,36752,10,,,1,50,,36753,10,,,1,10,,36754,10,,,1,6,,36755,10,,,1,6,,36756,10,,,1,6,,36757,10,,,1,6,,36758,10,,,1,6,,36759,10,,,1,6,,36760,10,,,1,6,,36761,10,,,1,46,,36762,10,,,1,6,,36763,10,,,1,6,,36764,10,,,1,6,,36765,10,,,1,6,,36766,10,,,1,6,,36767,10,,,1,6,,36768,10,,,1,6,,36769,10,,,1,6,,36770,10,,,1,6,,36771,10,,,1,46,,36772,10,,,1,6,,36773,10,,,1,6,,36774,10,,,1,6,,36775,10,,,1,6,,36776,10,,,1,6,,36777,10,,,1,6,,36778,10,,,1,6,,36779,10,,,1,6,,36780,10,,,1,6,,36781,10,,,1,46,,36782,10,,,1,6,,36783,10,,,1,6,,36784,10,,,1,6,,36785,10,,,1,6,,36786,10,,,1,6,,36787,10,,,1,6,,36788,10,,,1,6,,36789,10,,,1,6,,36790,10,,,1,6,,36791,10,,,1,46,,36792,10,,,1,6,,36793,10,,,1,6,,36794,10,,,1,6,,36795,10,,,1,9,,36796,10,,,1,15,,36797,10,,,1,15,,36798,10,,,1,55,,36799,10,,,1,15,,36800,10,,,1,15,,36801,10,,,1,15,,36802,10,,,1,55,,36803,10,,,1,15,,36804,10,,,1,15,,36805,10,,,1,15,,36806,10,,,1,55,,36807,10,,,1,15,,36808,10,,,1,15,,36809,10,,,1,15,,36810,10,,,1,55,,36811,10,,,1,15,,36812,10,,,1,15,,36813,10,,,1,15,,36814,10,,,1,55,,36815,10,,,1,15,,36816,10,,,1,15,,36817,10,,,1,15,,36818,10,,,1,55,,36819,10,,,1,15,,36820,10,,,1,15,,36821,10,,,1,15,,36822,10,,,1,55,,36693,10,,,1
18002101,'021R-Weekday-4-26-09',530,,33119,10,,,1,12,,33121,10,,,1,12,,33122,10,,,1,46,,33253,10,,,1,6,,33120,10,,,1,6,,33151,10,,,1,6,,33152,10,,,1,6,,33153,10,,,1,6,,33154,10,,,1,6,,33150,10,,,1,6,,33149,10,,,1,6,,33148,10,,,1,6,,33147,10,,,1,46,,33146,10,,,1,6,,33145,10,,,1,6,,33144,10,,,1,6,,33143,10,,,1,6,,33142,10,,,1,6,,33141,10,,,1,6,,33140,10,,,1,6,,33139,10,,,1,6,,33138,10,,,1,6,,33137,10,,,1,46,,33136,10,,,1,6,,33135,10,,,1,6,,33134,10,,,1,6,,33133,10,,,1,6,,33132,10,,,1,6,,33131,10,,,1,6,,33130,10,,,1,6,,33129,10,,,1,6,,33128,10,,,1,6,,33127,10,,,1,46,,33126,10,,,1,6,,33125,10,,,1,6,,33124,10,,,1,10,,33155,10,,,1,10,,33156,10,,,1,10,,33157,10,,,1,10,,33158,10,,,1,50,,33159,10,,,1,10,,33160,10,,,1,10,,33161,10,,,1,10,,33162,10,,,1,10,,33163,10,,,1,10,,33164,10,,,1,50,,33165,10,,,1,10,,33166,10,,,1,10,,33167,10,,,1,10,,33168,10,,,1,10,,33169,10,,,1,10,,33170,10,,,1,50,,33171,10,,,1,10,,33172,10,,,1,10,,33173,10,,,1,10,,33174,10,,,1,10,,33175,10,,,1,10,,33176,10,,,1,50,,33177,10,,,1,10,,33178,10,,,1,10,,33179,10,,,1,10,,33180,10,,,1,10,,33181,10,,,1,10,,33182,10,,,1,50,,33183,10,,,1,10,,33184,10,,,1,6,,33185,10,,,1,6,,33186,10,,,1,6,,33187,10,,,1,6,,33188,10,,,1,6,,33189,10,,,1,6,,33190,10,,,1,6,,33191,10,,,1,46,,33192,10,,,1,6,,33193,10,,,1,6,,33194,10,,,1,6,,33195,10,,,1,6,,33196,10,,,1,6,,33197,10,,,1,6,,33198,10,,,1,6,,33199,10,,,1,6,,33200,10,,,1,6,,33201,10,,,1,46,,33202,10,,,1,6,,33203,10,,,1,6,,33204,10,,,1,6,,33205,10,,,1,6,,33206,10,,,1,6,,33207,10,,,1,6,,33208,10,,,1,6,,33209,10,,,1,6,,33210,10,,,1,6,,33211,10,,,1,46,,33212,10,,,1,6,,33213,10,,,1,6,,33214,10,,,1,6,,33215,10,,,1,6,,33216,10,,,1,6,,33217,10,,,1,6,,33218,10,,,1,6,,33219,10,,,1,6,,33220,10,,,1,6,,33221,10,,,1,46,,33222,10,,,1,6,,33223,10,,,1,6,,33224,10,,,1,6,,33225,10,,,1,9,,33226,10,,,1,15,,33227,10,,,1,15,,33228,10,,,1,55,,33229,10,,,1,15,,33230,10,,,1,15,,33231,10,,,1,15,,33232,10,,,1,55,,33233,10,,,1,15,,33234,10,,,1,15,,33235,10,,,1,15,,33236,10,,,1,55,,33237,10,,,1,15,,33238,10,,,1,15,,33239,10,,,1,15,,33240,10,,,1,55,,33241,10,,,1,15,,33242,10,,,1,15,,33243,10,,,1,15,,33244,10,,,1,55,,33245,10,,,1,15,,33246,10,,,1,15,,33247,10,,,1,15,,33248,10,,,1,55,,33249,10,,,1,15,,33250,10,,,1,15,,33251,10,,,1,15,,33252,10,,,1,55,,33123,10,,,1
18002101,'021R-Weekday-5-26-09',530,,36824,10,,,1,12,,36826,10,,,1,12,,36827,10,,,1,46,,36958,10,,,1,6,,36825,10,,,1,6,,36856,10,,,1,6,,36857,10,,,1,6,,36858,10,,,1,6,,36859,10,,,1,6,,36855,10,,,1,6,,36854,10,,,1,6,,36853,10,,,1,6,,36852,10,,,1,46,,36851,10,,,1,6,,36850,10,,,1,6,,36849,10,,,1,6,,36848,10,,,1,6,,36847,10,,,1,6,,36846,10,,,1,6,,36845,10,,,1,6,,36844,10,,,1,6,,36843,10,,,1,6,,36842,10,,,1,46,,36841,10,,,1,6,,36840,10,,,1,6,,36839,10,,,1,6,,36838,10,,,1,6,,36837,10,,,1,6,,36836,10,,,1,6,,36835,10,,,1,6,,36834,10,,,1,6,,36833,10,,,1,6,,36832,10,,,1,46,,36831,10,,,1,6,,36830,10,,,1,6,,36829,10,,,1,10,,36860,10,,,1,10,,36861,10,,,1,10,,36862,10,,,1,10,,36863,10,,,1,50,,36864,10,,,1,10,,36865,10,,,1,10,,36866,10,,,1,10,,36867,10,,,1,10,,36868,10,,,1,10,,36869,10,,,1,50,,36870,10,,,1,10,,36871,10,,,1,10,,36872,10,,,1,10,,36873,10,,,1,10,,36874,10,,,1,10,,36875,10,,,1,50,,36876,10,,,1,10,,36877,10,,,1,10,,36878,10,,,1,10,,36879,10,,,1,10,,36880,10,,,1,10,,36881,10,,,1,50,,36882,10,,,1,10,,36883,10,,,1,10,,36884,10,,,1,10,,36885,10,,,1,10,,36886,10,,,1,10,,36887,10,,,1,50,,36888,10,,,1,10,,36889,10,,,1,6,,36890,10,,,1,6,,36891,10,,,1,6,,36892,10,,,1,6,,36893,10,,,1,6,,36894,10,,,1,6,,36895,10,,,1,6,,36896,10,,,1,46,,36897,10,,,1,6,,36898,10,,,1,6,,36899,10,,,1,6,,36900,10,,,1,6,,36901,10,,,1,6,,36902,10,,,1,6,,36903,10,,,1,6,,36904,10,,,1,6,,36905,10,,,1,6,,36906,10,,,1,46,,36907,10,,,1,6,,36908,10,,,1,6,,36909,10,,,1,6,,36910,10,,,1,6,,36911,10,,,1,6,,36912,10,,,1,6,,36913,10,,,1,6,,36914,10,,,1,6,,36915,10,,,1,6,,36916,10,,,1,46,,36917,10,,,1,6,,36918,10,,,1,6,,36919,10,,,1,6,,36920,10,,,1,6,,36921,10,,,1,6,,36922,10,,,1,6,,36923,10,,,1,6,,36924,10,,,1,6,,36925,10,,,1,6,,36926,10,,,1,46,,36927,10,,,1,6,,36928,10,,,1,6,,36929,10,,,1,6,,36930,10,,,1,9,,36931,10,,,1,15,,36932,10,,,1,15,,36933,10,,,1,55,,36934,10,,,1,15,,36935,10,,,1,15,,36936,10,,,1,15,,36937,10,,,1,55,,36938,10,,,1,15,,36939,10,,,1,15,,36940,10,,,1,15,,36941,10,,,1,55,,36942,10,,,1,15,,36943,10,,,1,15,,36944,10,,,1,15,,36945,10,,,1,55,,36946,10,,,1,15,,36947,10,,,1,15,,36948,10,,,1,15,,36949,10,,,1,55,,36950,10,,,1,15,,36951,10,,,1,15,,36952,10,,,1,15,,36953,10,,,1,55,,36954,10,,,1,15,,36955,10,,,1,15,,36956,10,,,1,15,,36957,10,,,1,55,,36828,10,,,1
18002101,'021R-Weekday-6-26-09',530,,36959,10,,,1,12,,36961,10,,,1,12,,36962,10,,,1,46,,37093,10,,,1,6,,36960,10,,,1,6,,36991,10,,,1,6,,36992,10,,,1,6,,36993,10,,,1,6,,36994,10,,,1,6,,36990,10,,,1,6,,36989,10,,,1,6,,36988,10,,,1,6,,36987,10,,,1,46,,36986,10,,,1,6,,36985,10,,,1,6,,36984,10,,,1,6,,36983,10,,,1,6,,36982,10,,,1,6,,36981,10,,,1,6,,36980,10,,,1,6,,36979,10,,,1,6,,36978,10,,,1,6,,36977,10,,,1,46,,36976,10,,,1,6,,36975,10,,,1,6,,36974,10,,,1,6,,36973,10,,,1,6,,36972,10,,,1,6,,36971,10,,,1,6,,36970,10,,,1,6,,36969,10,,,1,6,,36968,10,,,1,6,,36967,10,,,1,46,,36966,10,,,1,6,,36965,10,,,1,6,,36964,10,,,1,10,,36995,10,,,1,10,,36996,10,,,1,10,,36997,10,,,1,10,,36998,10,,,1,50,,36999,10,,,1,10,,37000,10,,,1,10,,37001,10,,,1,10,,37002,10,,,1,10,,37003,10,,,1,10,,37004,10,,,1,50,,37005,10,,,1,10,,37006,10,,,1,10,,37007,10,,,1,10,,37008,10,,,1,10,,37009,10,,,1,10,,37010,10,,,1,50,,37011,10,,,1,10,,37012,10,,,1,10,,37013,10,,,1,10,,37014,10,,,1,10,,37015,10,,,1,10,,37016,10,,,1,50,,37017,10,,,1,10,,37018,10,,,1,10,,37019,10,,,1,10,,37020,10,,,1,10,,37021,10,,,1,10,,37022,10,,,1,50,,37023,10,,,1,10,,37024,10,,,1,6,,37025,10,,,1,6,,37026,10,,,1,6,,37027,10,,,1,6,,37028,10,,,1,6,,37029,10,,,1,6,,37030,10,,,1,6,,37031,10,,,1,46,,37032,10,,,1,6,,37033,10,,,1,6,,37034,10,,,1,6,,37035,10,,,1,6,,37036,10,,,1,6,,37037,10,,,1,6,,37038,10,,,1,6,,37039,10,,,1,6,,37040,10,,,1,6,,37041,10,,,1,46,,37042,10,,,1,6,,37043,10,,,1,6,,37044,10,,,1,6,,37045,10,,,1,6,,37046,10,,,1,6,,37047,10,,,1,6,,37048,10,,,1,6,,37049,10,,,1,6,,37050,10,,,1,6,,37051,10,,,1,46,,37052,10,,,1,6,,37053,10,,,1,6,,37054,10,,,1,6,,37055,10,,,1,6,,37056,10,,,1,6,,37057,10,,,1,6,,37058,10,,,1,6,,37059,10,,,1,6,,37060,10,,,1,6,,37061,10,,,1,46,,37062,10,,,1,6,,37063,10,,,1,6,,37064,10,,,1,6,,37065,10,,,1,9,,37066,10,,,1,15,,37067,10,,,1,15,,37068,10,,,1,55,,37069,10,,,1,15,,37070,10,,,1,15,,37071,10,,,1,15,,37072,10,,,1,55,,37073,10,,,1,15,,37074,10,,,1,15,,37075,10,,,1,15,,37076,10,,,1,55,,37077,10,,,1,15,,37078,10,,,1,15,,37079,10,,,1,15,,37080,10,,,1,55,,37081,10,,,1,15,,37082,10,,,1,15,,37083,10,,,1,15,,37084,10,,,1,55,,37085,10,,,1,15,,37086,10,,,1,15,,37087,10,,,1,15,,37088,10,,,1,55,,37089,10,,,1,15,,37090,10,,,1,15,,37091,10,,,1,15,,37092,10,,,1,55,,36963,10,,,1
18002101,'021R-Weekday-7-26-09',530,,37094,10,,,1,12,,37096,10,,,1,12,,37097,10,,,1,46,,37228,10,,,1,6,,37095,10,,,1,6,,37126,10,,,1,6,,37127,10,,,1,6,,37128,10,,,1,6,,37129,10,,,1,6,,37125,10,,,1,6,,37124,10,,,1,6,,37123,10,,,1,6,,37122,10,,,1,46,,37121,10,,,1,6,,37120,10,,,1,6,,37119,10,,,1,6,,37118,10,,,1,6,,37117,10,,,1,6,,37116,10,,,1,6,,37115,10,,,1,6,,37114,10,,,1,6,,37113,10,,,1,6,,37112,10,,,1,46,,37111,10,,,1,6,,37110,10,,,1,6,,37109,10,,,1,6,,37108,10,,,1,6,,37107,10,,,1,6,,37106,10,,,1,6,,37105,10,,,1,6,,37104,10,,,1,6,,37103,10,,,1,6,,37102,10,,,1,46,,37101,10,,,1,6,,37100,10,,,1,6,,37099,10,,,1,10,,37130,10,,,1,10,,37131,10,,,1,10,,37132,10,,,1,10,,37133,10,,,1,50,,37134,10,,,1,10,,37135,10,,,1,10,,37136,10,,,1,10,,37137,10,,,1,10,,37138,10,,,1,10,,37139,10,,,1,50,,37140,10,,,1,10,,37141,10,,,1,10,,37142,10,,,1,10,,37143,10,,,1,10,,37144,10,,,1,10,,37145,10,,,1,50,,37146,10,,,1,10,,37147,10,,,1,10,,37148,10,,,1,10,,37149,10,,,1,10,,37150,10,,,1,10,,37151,10,,,1,50,,37152,10,,,1,10,,37153,10,,,1,10,,37154,10,,,1,10,,37155,10,,,1,10,,37156,10,,,1,10,,37157,10,,,1,50,,37158,10,,,1,10,,37159,10,,,1,6,,37160,10,,,1,6,,37161,10,,,1,6,,37162,10,,,1,6,,37163,10,,,1,6,,37164,10,,,1,6,,37165,10,,,1,6,,37166,10,,,1,46,,37167,10,,,1,6,,37168,10,,,1,6,,37169,10,,,1,6,,37170,10,,,1,6,,37171,10,,,1,6,,37172,10,,,1,6,,37173,10,,,1,6,,37174,10,,,1,6,,37175,10,,,1,6,,37176,10,,,1,46,,37177,10,,,1,6,,37178,10,,,1,6,,37179,10,,,1,6,,37180,10,,,1,6,,37181,10,,,1,6,,37182,10,,,1,6,,37183,10,,,1,6,,37184,10,,,1,6,,37185,10,,,1,6,,37186,10,,,1,46,,37187,10,,,1,6,,37188,10,,,1,6,,37189,10,,,1,6,,37190,10,,,1,6,,37191,10,,,1,6,,37192,10,,,1,6,,37193,10,,,1,6,,37194,10,,,1,6,,37195,10,,,1,6,,37196,10,,,1,46,,37197,10,,,1,6,,37198,10,,,1,6,,37199,10,,,1,6,,37200,10,,,1,9,,37201,10,,,1,15,,37202,10,,,1,15,,37203,10,,,1,55,,37204,10,,,1,15,,37205,10,,,1,15,,37206,10,,,1,15,,37207,10,,,1,55,,37208,10,,,1,15,,37209,10,,,1,15,,37210,10,,,1,15,,37211,10,,,1,55,,37212,10,,,1,15,,37213,10,,,1,15,,37214,10,,,1,15,,37215,10,,,1,55,,37216,10,,,1,15,,37217,10,,,1,15,,37218,10,,,1,15,,37219,10,,,1,55,,37220,10,,,1,15,,37221,10,,,1,15,,37222,10,,,1,15,,37223,10,,,1,55,,37224,10,,,1,15,,37225,10,,,1,15,,37226,10,,,1,15,,37227,10,,,1,55,,37098,10,,,1
18002101,'021R-Saturday-1-26-09',527,,33254,10,,,1,15,,33255,10,,,1,15,,33256,10,,,1,55,,33257,10,,,1,15,,33258,10,,,1,15,,33259,10,,,1,15,,33260,10,,,1,55,,33261,10,,,1,15,,33262,10,,,1,15,,33263,10,,,1,15,,33264,10,,,1,55,,33265,10,,,1,15,,33266,10,,,1,15,,33267,10,,,1,15,,33268,10,,,1,55,,33269,10,,,1,15,,33270,10,,,1,15,,33271,10,,,1,15,,33272,10,,,1,55,,33273,10,,,1,15,,33274,10,,,1,15,,33275,10,,,1,15,,33276,10,,,1,55,,33277,10,,,1,15,,33278,10,,,1,15,,33279,10,,,1,15,,33280,10,,,1,55,,33281,10,,,1,15,,33282,10,,,1,15,,33283,10,,,1,15,,33284,10,,,1,55,,33285,10,,,1,15,,33286,10,,,1,15,,33287,10,,,1,15,,33288,10,,,1,55,,33289,10,,,1,15,,33290,10,,,1,15,,33291,10,,,1,15,,33292,10,,,1,55,,33293,10,,,1,15,,33294,10,,,1,15,,33295,10,,,1,15,,33296,10,,,1,55,,33297,10,,,1,15,,33298,10,,,1,15,,33299,10,,,1,15,,33300,10,,,1,55,,33301,10,,,1,15,,33302,10,,,1,15,,33303,10,,,1,15,,33304,10,,,1,55,,33305,10,,,1,15,,33306,10,,,1,15,,33307,10,,,1,15,,33308,10,,,1,55,,33309,10,,,1,15,,33310,10,,,1,15,,33311,10,,,1,15,,33312,10,,,1,55,,33313,10,,,1,15,,33314,10,,,1,15,,33315,10,,,1,15,,33316,10,,,1,55,,33317,10,,,1,15,,33318,10,,,1,15,,33319,10,,,1,15,,33320,10,,,1,55,,33321,10,,,1,15,,33322,10,,,1,15,,33323,10,,,1,15,,33324,10,,,1,55,,33325,10,,,1,15,,33326,10,,,1,15,,33327,10,,,1,15,,33328,10,,,1,55,,33329,10,,,1,15,,33330,10,,,1,15,,33331,10,,,1,15,,33332,10,,,1,55,,33333,10,,,1
18002101,'021R-Saturday-2-26-09',529,,37229,10,,,1,15,,37230,10,,,1,15,,37231,10,,,1,55,,37232,10,,,1,15,,37233,10,,,1,15,,37234,10,,,1,15,,37235,10,,,1,55,,37236,10,,,1,15,,37237,10,,,1,15,,37238,10,,,1,15,,37239,10,,,1,55,,37240,10,,,1,15,,37241,10,,,1,15,,37242,10,,,1,15,,37243,10,,,1,55,,37244,10,,,1,15,,37245,10,,,1,15,,37246,10,,,1,15,,37247,10,,,1,55,,37248,10,,,1,15,,37249,10,,,1,15,,37250,10,,,1,15,,37251,10,,,1,55,,37252,10,,,1,15,,37253,10,,,1,15,,37254,10,,,1,15,,37255,10,,,1,55,,37256,10,,,1,15,,37257,10,,,1,15,,37258,10,,,1,15,,37259,10,,,1,55,,37260,10,,,1,15,,37261,10,,,1,15,,37262,10,,,1,15,,37263,10,,,1,55,,37264,10,,,1,15,,37265,10,,,1,15,,37266,10,,,1,15,,37267,10,,,1,55,,37268,10,,,1,15,,37269,10,,,1,15,,37270,10,,,1,15,,37271,10,,,1,55,,37272,10,,,1,15,,37273,10,,,1,15,,37274,10,,,1,15,,37275,10,,,1,55,,37276,10,,,1,15,,37277,10,,,1,15,,37278,10,,,1,15,,37279,10,,,1,55,,37280,10,,,1,15,,37281,10,,,1,15,,37282,10,,,1,15,,37283,10,,,1,55,,37284,10,,,1,15,,37285,10,,,1,15,,37286,10,,,1,15,,37287,10,,,1,55,,37288,10,,,1,15,,37289,10,,,1,15,,37290,10,,,1,15,,37291,10,,,1,55,,37292,10,,,1,15,,37293,10,,,1,15,,37294,10,,,1,15,,37295,10,,,1,55,,37296,10,,,1,15,,37297,10,,,1,15,,37298,10,,,1,15,,37299,10,,,1,55,,37300,10,,,1,15,,37301,10,,,1,15,,37302,10,,,1,15,,37303,10,,,1,55,,37304,10,,,1,15,,37305,10,,,1,15,,37306,10,,,1,15,,37307,10,,,1,55,,37308,10,,,1
18002101,'021R-Sunday-1-26-09',527,,33334,10,,,1,15,,33335,10,,,1,15,,33336,10,,,1,55,,33337,10,,,1,15,,33338,10,,,1,15,,33339,10,,,1,15,,33340,10,,,1,55,,33341,10,,,1,15,,33342,10,,,1,15,,33343,10,,,1,15,,33344,10,,,1,55,,33345,10,,,1,15,,33346,10,,,1,15,,33347,10,,,1,15,,33348,10,,,1,55,,33349,10,,,1,15,,33350,10,,,1,15,,33351,10,,,1,15,,33352,10,,,1,55,,33353,10,,,1,15,,33354,10,,,1,15,,33355,10,,,1,15,,33356,10,,,1,55,,33357,10,,,1,15,,33358,10,,,1,15,,33359,10,,,1,15,,33360,10,,,1,55,,33361,10,,,1,15,,33362,10,,,1,15,,33363,10,,,1,15,,33364,10,,,1,55,,33365,10,,,1,15,,33366,10,,,1,15,,33367,10,,,1,15,,33368,10,,,1,55,,33369,10,,,1,15,,33370,10,,,1,15,,33371,10,,,1,15,,33372,10,,,1,55,,33373,10,,,1,15,,33374,10,,,1,15,,33375,10,,,1,15,,33376,10,,,1,55,,33377,10,,,1,15,,33378,10,,,1,15,,33379,10,,,1,15,,33380,10,,,1,55,,33381,10,,,1,15,,33382,10,,,1,15,,33383,10,,,1,15,,33384,10,,,1,55,,33385,10,,,1,15,,33386,10,,,1,15,,33387,10,,,1,15,,33388,10,,,1,55,,33389,10,,,1,15,,33390,10,,,1,15,,33391,10,,,1,15,,33392,10,,,1,55,,33393,10,,,1,15,,33394,10,,,1,15,,33395,10,,,1,15,,33396,10,,,1,55,,33397,10,,,1,15,,33398,10,,,1,15,,33399,10,,,1,15,,33400,10,,,1,55,,33401,10,,,1,15,,33402,10,,,1,15,,33403,10,,,1,15,,33404,10,,,1,55,,33405,10,,,1,15,,33406,10,,,1,15,,33407,10,,,1,15,,33408,10,,,1,55,,33409,10,,,1,15,,33410,10,,,1
18002101,'021R-Sunday-2-26-09',529,,37309,10,,,1,15,,37310,10,,,1,15,,37311,10,,,1,55,,37312,10,,,1,15,,37313,10,,,1,15,,37314,10,,,1,15,,37315,10,,,1,55,,37316,10,,,1,15,,37317,10,,,1,15,,37318,10,,,1,15,,37319,10,,,1,55,,37320,10,,,1,15,,37321,10,,,1,15,,37322,10,,,1,15,,37323,10,,,1,55,,37324,10,,,1,15,,37325,10,,,1,15,,37326,10,,,1,15,,37327,10,,,1,55,,37328,10,,,1,15,,37329,10,,,1,15,,37330,10,,,1,15,,37331,10,,,1,55,,37332,10,,,1,15,,37333,10,,,1,15,,37334,10,,,1,15,,37335,10,,,1,55,,37336,10,,,1,15,,37337,10,,,1,15,,37338,10,,,1,15,,37339,10,,,1,55,,37340,10,,,1,15,,37341,10,,,1,15,,37342,10,,,1,15,,37343,10,,,1,55,,37344,10,,,1,15,,37345,10,,,1,15,,37346,10,,,1,15,,37347,10,,,1,55,,37348,10,,,1,15,,37349,10,,,1,15,,37350,10,,,1,15,,37351,10,,,1,55,,37352,10,,,1,15,,37353,10,,,1,15,,37354,10,,,1,15,,37355,10,,,1,55,,37356,10,,,1,15,,37357,10,,,1,15,,37358,10,,,1,15,,37359,10,,,1,55,,37360,10,,,1,15,,37361,10,,,1,15,,37362,10,,,1,15,,37363,10,,,1,55,,37364,10,,,1,15,,37365,10,,,1,15,,37366,10,,,1,15,,37367,10,,,1,55,,37368,10,,,1,15,,37369,10,,,1,15,,37370,10,,,1,15,,37371,10,,,1,55,,37372,10,,,1,15,,37373,10,,,1,15,,37374,10,,,1,15,,37375,10,,,1,55,,37376,10,,,1,15,,37377,10,,,1,15,,37378,10,,,1,15,,37379,10,,,1,55,,37380,10,,,1,15,,37381,10,,,1,15,,37382,10,,,1,15,,37383,10,,,1,55,,37384,10,,,1,15,,37385,10,,,1
18002101,'021R-Sunday-4-26-09',529,,37386,10,,,1,15,,37387,10,,,1,15,,37388,10,,,1,55,,37389,10,,,1,15,,37390,10,,,1,15,,37391,10,,,1,15,,37392,10,,,1,55,,37393,10,,,1,15,,37394,10,,,1,15,,37395,10,,,1,15,,37396,10,,,1,55,,37397,10,,,1,15,,37398,10,,,1,15,,37399,10,,,1,15,,37400,10,,,1,55,,37401,10,,,1,15,,37402,10,,,1,15,,37403,10,,,1,15,,37404,10,,,1,55,,37405,10,,,1,15,,37406,10,,,1,15,,37407,10,,,1,15,,37408,10,,,1,55,,37409,10,,,1,15,,37410,10,,,1,15,,37411,10,,,1,15,,37412,10,,,1,55,,37413,10,,,1,15,,37414,10,,,1,15,,37415,10,,,1,15,,37416,10,,,1,55,,37417,10,,,1,15,,37418,10,,,1,15,,37419,10,,,1,15,,37420,10,,,1,55,,37421,10,,,1,15,,37422,10,,,1,15,,37423,10,,,1,15,,37424,10,,,1,55,,37425,10,,,1,15,,37426,10,,,1,15,,37427,10,,,1,15,,37428,10,,,1,55,,37429,10,,,1,15,,37430,10,,,1,15,,37431,10,,,1,15,,37432,10,,,1,55,,37433,10,,,1,15,,37434,10,,,1,15,,37435,10,,,1,15,,37436,10,,,1,55,,37437,10,,,1,15,,37438,10,,,1,15,,37439,10,,,1,15,,37440,10,,,1,55,,37441,10,,,1,15,,37442,10,,,1,15,,37443,10,,,1,15,,37444,10,,,1,55,,37445,10,,,1,15,,37446,10,,,1,15,,37447,10,,,1,15,,37448,10,,,1,55,,37449,10,,,1,15,,37450,10,,,1,15,,37451,10,,,1,15,,37452,10,,,1,55,,37453,10,,,1,15,,37454,10,,,1,15,,37455,10,,,1,15,,37456,10,,,1,55,,37457,10,,,1,15,,37458,10,,,1,15,,37459,10,,,1,15,,37460,10,,,1,55,,37461,10,,,1,15,,37462,10,,,1
18002201,'022R-Weekday-1-26-09',609,,33824,7,0,12 13,1,12,,33825,7,0,12 13,1,12,,33826,7,0,12 13,1,12,,33827,7,0,12 13,1,12,,33828,7,0,12 13,1,52,,33829,7,0,12 13,1,12,,33830,7,0,12 13,1,12,,33831,7,0,12 13,1,12,,33832,7,0,12 13,1,12,,33833,7,0,12 13,1,52,,33834,7,0,12 13,1,12,,33835,7,0,12 13,1,12,,33836,7,0,12 13,1,12,,33837,7,0,12 13,1,12,,33838,7,0,12 13,1,52,,33839,7,0,12 13,1,12,,33840,7,0,12 13,1,18,,33841,7,0,12 13,1,20,,33842,7,0,12 13,1,55,,33843,7,0,12 13,1,15,,33844,7,0,12 13,1,15,,33845,7,0,12 13,1,15,,33846,7,0,12 13,1,55,,33847,7,0,12 13,1,15,,33848,7,0,12 13,1,15,,33849,7,0,12 13,1,15,,33850,7,0,12 13,1,55,,33851,7,0,12 13,1,15,,33852,7,0,12 13,1,15,,33853,7,0,12 13,1,15,,33854,7,0,12 13,1,55,,33855,7,0,12 13,1,15,,33856,7,0,12 13,1,15,,33857,7,0,12 13,1,13,,33858,7,0,12 13,1,52,,33859,7,0,12 13,1,12,,33860,7,0,12 13,1,12,,33861,7,0,12 13,1,12,,33862,7,0,12 13,1,12,,33863,7,0,12 13,1,52,,33864,7,0,12 13,1,12,,33865,7,0,12 13,1,12,,33866,7,0,12 13,1,12,,33867,7,0,12 13,1,12,,33868,7,0,12 13,1,52,,33869,7,0,12 13,1,12,,33870,7,0,12 13,1,12,,33871,7,0,12 13,1,12,,33872,7,0,12 13,1,12,,33873,7,0,12 13,1,52,,33874,7,0,12 13,1,12,,33875,7,0,12 13,1,12,,33876,7,0,12 13,1,12,,33877,7,0,12 13,1,12,,33878,7,0,12 13,1,52,,33879,7,0,12 13,1,12,,33880,7,0,12 13,1,17,,33881,7,0,12 13,1,15,,33882,7,0,12 13,1,55,,33883,7,0,12 13,1,15,,33884,7,0,12 13,1,15,,33885,7,0,12 13,1,15,,33886,7,0,12 13,1,55,,33887,7,0,12 13,1,15,,33888,7,0,12 13,1,15,,33889,7,0,12 13,1,15,,33890,7,0,12 13,1,55,,33891,7,0,12 13,1,15,,33892,7,0,12 13,1,15,,33893,7,0,12 13,1,15,,33894,7,0,12 13,1,55,,33895,7,0,12 13,1,15,,33896,7,0,12 13,1,15,,33897,7,0,12 13,1,15,,33898,7,0,12 13,1,55,,33899,7,0,12 13,1,15,,33823,7,0,12 13,1,15,,33822,7,0,12 13,1,15,,33821,7,0,12 13,1,55,,33820,7,0,12 13,1,15,,33819,7,0,12 13,1,15,,33818,7,0,12 13,1,15,,33817,7,0,12 13,1,55,,33816,7,0,12 13,1
18002201,'022R-Weekday-2-26-09',609,,33908,7,0,12 13,1,12,,33909,7,0,12 13,1,12,,33910,7,0,12 13,1,12,,33911,7,0,12 13,1,12,,33912,7,0,12 13,1,52,,33913,7,0,12 13,1,12,,33914,7,0,12 13,1,12,,33915,7,0,12 13,1,12,,33916,7,0,12 13,1,12,,33917,7,0,12 13,1,52,,33918,7,0,12 13,1,12,,33919,7,0,12 13,1,12,,33920,7,0,12 13,1,12,,33921,7,0,12 13,1,12,,33922,7,0,12 13,1,52,,33923,7,0,12 13,1,12,,33924,7,0,12 13,1,18,,33925,7,0,12 13,1,20,,33926,7,0,12 13,1,55,,33927,7,0,12 13,1,15,,33928,7,0,12 13,1,15,,33929,7,0,12 13,1,15,,33930,7,0,12 13,1,55,,33931,7,0,12 13,1,15,,33932,7,0,12 13,1,15,,33933,7,0,12 13,1,15,,33934,7,0,12 13,1,55,,33935,7,0,12 13,1,15,,33936,7,0,12 13,1,15,,33937,7,0,12 13,1,15,,33938,7,0,12 13,1,55,,33939,7,0,12 13,1,15,,33940,7,0,12 13,1,15,,33941,7,0,12 13,1,13,,33942,7,0,12 13,1,52,,33943,7,0,12 13,1,12,,33944,7,0,12 13,1,12,,33945,7,0,12 13,1,12,,33946,7,0,12 13,1,12,,33947,7,0,12 13,1,52,,33948,7,0,12 13,1,12,,33949,7,0,12 13,1,12,,33950,7,0,12 13,1,12,,33951,7,0,12 13,1,12,,33952,7,0,12 13,1,52,,33953,7,0,12 13,1,12,,33954,7,0,12 13,1,12,,33955,7,0,12 13,1,12,,33956,7,0,12 13,1,12,,33957,7,0,12 13,1,52,,33958,7,0,12 13,1,12,,33959,7,0,12 13,1,12,,33960,7,0,12 13,1,12,,33961,7,0,12 13,1,12,,33962,7,0,12 13,1,52,,33963,7,0,12 13,1,12,,33964,7,0,12 13,1,17,,33965,7,0,12 13,1,15,,33966,7,0,12 13,1,55,,33967,7,0,12 13,1,15,,33968,7,0,12 13,1,15,,33969,7,0,12 13,1,15,,33970,7,0,12 13,1,55,,33971,7,0,12 13,1,15,,33972,7,0,12 13,1,15,,33973,7,0,12 13,1,15,,33974,7,0,12 13,1,55,,33975,7,0,12 13,1,15,,33976,7,0,12 13,1,15,,33977,7,0,12 13,1,15,,33978,7,0,12 13,1,55,,33979,7,0,12 13,1,15,,33980,7,0,12 13,1,15,,33981,7,0,12 13,1,15,,33982,7,0,12 13,1,55,,33983,7,0,12 13,1,15,,33907,7,0,12 13,1,15,,33906,7,0,12 13,1,15,,33905,7,0,12 13,1,55,,33904,7,0,12 13,1,15,,33903,7,0,12 13,1,15,,33902,7,0,12 13,1,15,,33901,7,0,12 13,1,55,,33900,7,0,12 13,1
18002201,'022R-Weekday-3-26-09',609,,38338,7,0,12 13,1,12,,38339,7,0,12 13,1,12,,38340,7,0,12 13,1,12,,38341,7,0,12 13,1,12,,38342,7,0,12 13,1,52,,38343,7,0,12 13,1,12,,38344,7,0,12 13,1,12,,38345,7,0,12 13,1,12,,38346,7,0,12 13,1,12,,38347,7,0,12 13,1,52,,38348,7,0,12 13,1,12,,38349,7,0,12 13,1,12,,38350,7,0,12 13,1,12,,38351,7,0,12 13,1,12,,38352,7,0,12 13,1,52,,38353,7,0,12 13,1,12,,38354,7,0,12 13,1,18,,38355,7,0,12 13,1,20,,38356,7,0,12 13,1,55,,38357,7,0,12 13,1,15,,38358,7,0,12 13,1,15,,38359,7,0,12 13,1,15,,38360,7,0,12 13,1,55,,38361,7,0,12 13,1,15,,38362,7,0,12 13,1,15,,38363,7,0,12 13,1,15,,38364,7,0,12 13,1,55,,38365,7,0,12 13,1,15,,38366,7,0,12 13,1,15,,38367,7,0,12 13,1,15,,38368,7,0,12 13,1,55,,38369,7,0,12 13,1,15,,38370,7,0,12 13,1,15,,38371,7,0,12 13,1,13,,38372,7,0,12 13,1,52,,38373,7,0,12 13,1,12,,38374,7,0,12 13,1,12,,38375,7,0,12 13,1,12,,38376,7,0,12 13,1,12,,38377,7,0,12 13,1,52,,38378,7,0,12 13,1,12,,38379,7,0,12 13,1,12,,38380,7,0,12 13,1,12,,38381,7,0,12 13,1,12,,38382,7,0,12 13,1,52,,38383,7,0,12 13,1,12,,38384,7,0,12 13,1,12,,38385,7,0,12 13,1,12,,38386,7,0,12 13,1,12,,38387,7,0,12 13,1,52,,38388,7,0,12 13,1,12,,38389,7,0,12 13,1,12,,38390,7,0,12 13,1,12,,38391,7,0,12 13,1,12,,38392,7,0,12 13,1,52,,38393,7,0,12 13,1,12,,38394,7,0,12 13,1,17,,38395,7,0,12 13,1,15,,38396,7,0,12 13,1,55,,38397,7,0,12 13,1,15,,38398,7,0,12 13,1,15,,38399,7,0,12 13,1,15,,38400,7,0,12 13,1,55,,38401,7,0,12 13,1,15,,38402,7,0,12 13,1,15,,38403,7,0,12 13,1,15,,38404,7,0,12 13,1,55,,38405,7,0,12 13,1,15,,38406,7,0,12 13,1,15,,38407,7,0,12 13,1,15,,38408,7,0,12 13,1,55,,38409,7,0,12 13,1,15,,38410,7,0,12 13,1,15,,38411,7,0,12 13,1,15,,38412,7,0,12 13,1,55,,38413,7,0,12 13,1,15,,38337,7,0,12 13,1,15,,38336,7,0,12 13,1,15,,38335,7,0,12 13,1,55,,38334,7,0,12 13,1,15,,38333,7,0,12 13,1,15,,38332,7,0,12 13,1,15,,38331,7,0,12 13,1,55,,38330,7,0,12 13,1
18002201,'022R-Weekday-4-26-09',609,,33992,7,0,12 13,1,12,,33993,7,0,12 13,1,12,,33994,7,0,12 13,1,12,,33995,7,0,12 13,1,12,,33996,7,0,12 13,1,52,,33997,7,0,12 13,1,12,,33998,7,0,12 13,1,12,,33999,7,0,12 13,1,12,,34000,7,0,12 13,1,12,,34001,7,0,12 13,1,52,,34002,7,0,12 13,1,12,,34003,7,0,12 13,1,12,,34004,7,0,12 13,1,12,,34005,7,0,12 13,1,12,,34006,7,0,12 13,1,52,,34007,7,0,12 13,1,12,,34008,7,0,12 13,1,18,,34009,7,0,12 13,1,20,,34010,7,0,12 13,1,55,,34011,7,0,12 13,1,15,,34012,7,0,12 13,1,15,,34013,7,0,12 13,1,15,,34014,7,0,12 13,1,55,,34015,7,0,12 13,1,15,,34016,7,0,12 13,1,15,,34017,7,0,12 13,1,15,,34018,7,0,12 13,1,55,,34019,7,0,12 13,1,15,,34020,7,0,12 13,1,15,,34021,7,0,12 13,1,15,,34022,7,0,12 13,1,55,,34023,7,0,12 13,1,15,,34024,7,0,12 13,1,15,,34025,7,0,12 13,1,13,,34026,7,0,12 13,1,52,,34027,7,0,12 13,1,12,,34028,7,0,12 13,1,12,,34029,7,0,12 13,1,12,,34030,7,0,12 13,1,12,,34031,7,0,12 13,1,52,,34032,7,0,12 13,1,12,,34033,7,0,12 13,1,12,,34034,7,0,12 13,1,12,,34035,7,0,12 13,1,12,,34036,7,0,12 13,1,52,,34037,7,0,12 13,1,12,,34038,7,0,12 13,1,12,,34039,7,0,12 13,1,12,,34040,7,0,12 13,1,12,,34041,7,0,12 13,1,52,,34042,7,0,12 13,1,12,,34043,7,0,12 13,1,12,,34044,7,0,12 13,1,12,,34045,7,0,12 13,1,12,,34046,7,0,12 13,1,52,,34047,7,0,12 13,1,12,,34048,7,0,12 13,1,17,,34049,7,0,12 13,1,15,,34050,7,0,12 13,1,55,,34051,7,0,12 13,1,15,,34052,7,0,12 13,1,15,,34053,7,0,12 13,1,15,,34054,7,0,12 13,1,55,,34055,7,0,12 13,1,15,,34056,7,0,12 13,1,15,,34057,7,0,12 13,1,15,,34058,7,0,12 13,1,55,,34059,7,0,12 13,1,15,,34060,7,0,12 13,1,15,,34061,7,0,12 13,1,15,,34062,7,0,12 13,1,55,,34063,7,0,12 13,1,15,,34064,7,0,12 13,1,15,,34065,7,0,12 13,1,15,,34066,7,0,12 13,1,55,,34067,7,0,12 13,1,15,,33991,7,0,12 13,1,15,,33990,7,0,12 13,1,15,,33989,7,0,12 13,1,55,,33988,7,0,12 13,1,15,,33987,7,0,12 13,1,15,,33986,7,0,12 13,1,15,,33985,7,0,12 13,1,55,,33984,7,0,12 13,1
18002201,'022R-Weekday-5-26-09',609,,38422,7,0,12 13,1,12,,38423,7,0,12 13,1,12,,38424,7,0,12 13,1,12,,38425,7,0,12 13,1,12,,38426,7,0,12 13,1,52,,38427,7,0,12 13,1,12,,38428,7,0,12 13,1,12,,38429,7,0,12 13,1,12,,38430,7,0,12 13,1,12,,38431,7,0,12 13,1,52,,38432,7,0,12 13,1,12,,38433,7,0,12 13,1,12,,38434,7,0,12 13,1,12,,38435,7,0,12 13,1,12,,38436,7,0,12 13,1,52,,38437,7,0,12 13,1,12,,38438,7,0,12 13,1,18,,38439,7,0,12 13,1,20,,38440,7,0,12 13,1,55,,38441,7,0,12 13,1,15,,38442,7,0,12 13,1,15,,38443,7,0,12 13,1,15,,38444,7,0,12 13,1,55,,38445,7,0,12 13,1,15,,38446,7,0,12 13,1,15,,38447,7,0,12 13,1,15,,38448,7,0,12 13,1,55,,38449,7,0,12 13,1,15,,38450,7,0,12 13,1,15,,38451,7,0,12 13,1,15,,38452,7,0,12 13,1,55,,38453,7,0,12 13,1,15,,38454,7,0,12 13,1,15,,38455,7,0,12 13,1,13,,38456,7,0,12 13,1,52,,38457,7,0,12 13,1,12,,38458,7,0,12 13,1,12,,38459,7,0,12 13,1,12,,38460,7,0,12 13,1,12,,38461,7,0,12 13,1,52,,38462,7,0,12 13,1,12,,38463,7,0,12 13,1,12,,38464,7,0,12 13,1,12,,38465,7,0,12 13,1,12,,38466,7,0,12 13,1,52,,38467,7,0,12 13,1,12,,38468,7,0,12 13,1,12,,38469,7,0,12 13,1,12,,38470,7,0,12 13,1,12,,38471,7,0,12 13,1,52,,38472,7,0,12 13,1,12,,38473,7,0,12 13,1,12,,38474,7,0,12 13,1,12,,38475,7,0,12 13,1,12,,38476,7,0,12 13,1,52,,38477,7,0,12 13,1,12,,38478,7,0,12 13,1,17,,38479,7,0,12 13,1,15,,38480,7,0,12 13,1,55,,38481,7,0,12 13,1,15,,38482,7,0,12 13,1,15,,38483,7,0,12 13,1,15,,38484,7,0,12 13,1,55,,38485,7,0,12 13,1,15,,38486,7,0,12 13,1,15,,38487,7,0,12 13,1,15,,38488,7,0,12 13,1,55,,38489,7,0,12 13,1,15,,38490,7,0,12 13,1,15,,38491,7,0,12 13,1,15,,38492,7,0,12 13,1,55,,38493,7,0,12 13,1,15,,38494,7,0,12 13,1,15,,38495,7,0,12 13,1,15,,38496,7,0,12 13,1,55,,38497,7,0,12 13,1,15,,38421,7,0,12 13,1,15,,38420,7,0,12 13,1,15,,38419,7,0,12 13,1,55,,38418,7,0,12 13,1,15,,38417,7,0,12 13,1,15,,38416,7,0,12 13,1,15,,38415,7,0,12 13,1,55,,38414,7,0,12 13,1
18002201,'022R-Weekday-6-26-09',609,,38506,7,0,12 13,1,12,,38507,7,0,12 13,1,12,,38508,7,0,12 13,1,12,,38509,7,0,12 13,1,12,,38510,7,0,12 13,1,52,,38511,7,0,12 13,1,12,,38512,7,0,12 13,1,12,,38513,7,0,12 13,1,12,,38514,7,0,12 13,1,12,,38515,7,0,12 13,1,52,,38516,7,0,12 13,1,12,,38517,7,0,12 13,1,12,,38518,7,0,12 13,1,12,,38519,7,0,12 13,1,12,,38520,7,0,12 13,1,52,,38521,7,0,12 13,1,12,,38522,7,0,12 13,1,18,,38523,7,0,12 13,1,20,,38524,7,0,12 13,1,55,,38525,7,0,12 13,1,15,,38526,7,0,12 13,1,15,,38527,7,0,12 13,1,15,,38528,7,0,12 13,1,55,,38529,7,0,12 13,1,15,,38530,7,0,12 13,1,15,,38531,7,0,12 13,1,15,,38532,7,0,12 13,1,55,,38533,7,0,12 13,1,15,,38534,7,0,12 13,1,15,,38535,7,0,12 13,1,15,,38536,7,0,12 13,1,55,,38537,7,0,12 13,1,15,,38538,7,0,12 13,1,15,,38539,7,0,12 13,1,13,,38540,7,0,12 13,1,52,,38541,7,0,12 13,1,12,,38542,7,0,12 13,1,12,,38543,7,0,12 13,1,12,,38544,7,0,12 13,1,12,,38545,7,0,12 13,1,52,,38546,7,0,12 13,1,12,,38547,7,0,12 13,1,12,,38548,7,0,12 13,1,12,,38549,7,0,12 13,1,12,,38550,7,0,12 13,1,52,,38551,7,0,12 13,1,12,,38552,7,0,12 13,1,12,,38553,7,0,12 13,1,12,,38554,7,0,12 13,1,12,,38555,7,0,12 13,1,52,,38556,7,0,12 13,1,12,,38557,7,0,12 13,1,12,,38558,7,0,12 13,1,12,,38559,7,0,12 13,1,12,,38560,7,0,12 13,1,52,,38561,7,0,12 13,1,12,,38562,7,0,12 13,1,17,,38563,7,0,12 13,1,15,,38564,7,0,12 13,1,55,,38565,7,0,12 13,1,15,,38566,7,0,12 13,1,15,,38567,7,0,12 13,1,15,,38568,7,0,12 13,1,55,,38569,7,0,12 13,1,15,,38570,7,0,12 13,1,15,,38571,7,0,12 13,1,15,,38572,7,0,12 13,1,55,,38573,7,0,12 13,1,15,,38574,7,0,12 13,1,15,,38575,7,0,12 13,1,15,,38576,7,0,12 13,1,55,,38577,7,0,12 13,1,15,,38578,7,0,12 13,1,15,,38579,7,0,12 13,1,15,,38580,7,0,12 13,1,55,,38581,7,0,12 13,1,15,,38505,7,0,12 13,1,15,,38504,7,0,12 13,1,15,,38503,7,0,12 13,1,55,,38502,7,0,12 13,1,15,,38501,7,0,12 13,1,15,,38500,7,0,12 13,1,15,,38499,7,0,12 13,1,55,,38498,7,0,12 13,1
18002201,'022R-Weekday-7-26-09',609,,38590,7,0,12 13,1,12,,38591,7,0,12 13,1,12,,38592,7,0,12 13,1,12,,38593,7,0,12 13,1,12,,38594,7,0,12 13,1,52,,38595,7,0,12 13,1,12,,38596,7,0,12 13,1,12,,38597,7,0,12 13,1,12,,38598,7,0,12 13,1,12,,38599,7,0,12 13,1,52,,38600,7,0,12 13,1,12,,38601,7,0,12 13,1,12,,38602,7,0,12 13,1,12,,38603,7,0,12 13,1,12,,38604,7,0,12 13,1,52,,38605,7,0,12 13,1,12,,38606,7,0,12 13,1,18,,38607,7,0,12 13,1,20,,38608,7,0,12 13,1,55,,38609,7,0,12 13,1,15,,38610,7,0,12 13,1,15,,38611,7,0,12 13,1,15,,38612,7,0,12 13,1,55,,38613,7,0,12 13,1,15,,38614,7,0,12 13,1,15,,38615,7,0,12 13,1,15,,38616,7,0,12 13,1,55,,38617,7,0,12 13,1,15,,38618,7,0,12 13,1,15,,38619,7,0,12 13,1,15,,38620,7,0,12 13,1,55,,38621,7,0,12 13,1,15,,38622,7,0,12 13,1,15,,38623,7,0,12 13,1,13,,38624,7,0,12 13,1,52,,38625,7,0,12 13,1,12,,38626,7,0,12 13,1,12,,38627,7,0,12 13,1,12,,38628,7,0,12 13,1,12,,38629,7,0,12 13,1,52,,38630,7,0,12 13,1,12,,38631,7,0,12 13,1,12,,38632,7,0,12 13,1,12,,38633,7,0,12 13,1,12,,38634,7,0,12 13,1,52,,38635,7,0,12 13,1,12,,38636,7,0,12 13,1,12,,38637,7,0,12 13,1,12,,38638,7,0,12 13,1,12,,38639,7,0,12 13,1,52,,38640,7,0,12 13,1,12,,38641,7,0,12 13,1,12,,38642,7,0,12 13,1,12,,38643,7,0,12 13,1,12,,38644,7,0,12 13,1,52,,38645,7,0,12 13,1,12,,38646,7,0,12 13,1,17,,38647,7,0,12 13,1,15,,38648,7,0,12 13,1,55,,38649,7,0,12 13,1,15,,38650,7,0,12 13,1,15,,38651,7,0,12 13,1,15,,38652,7,0,12 13,1,55,,38653,7,0,12 13,1,15,,38654,7,0,12 13,1,15,,38655,7,0,12 13,1,15,,38656,7,0,12 13,1,55,,38657,7,0,12 13,1,15,,38658,7,0,12 13,1,15,,38659,7,0,12 13,1,15,,38660,7,0,12 13,1,55,,38661,7,0,12 13,1,15,,38662,7,0,12 13,1,15,,38663,7,0,12 13,1,15,,38664,7,0,12 13,1,55,,38665,7,0,12 13,1,15,,38589,7,0,12 13,1,15,,38588,7,0,12 13,1,15,,38587,7,0,12 13,1,55,,38586,7,0,12 13,1,15,,38585,7,0,12 13,1,15,,38584,7,0,12 13,1,15,,38583,7,0,12 13,1,55,,38582,7,0,12 13,1
18002201,'022R-Saturday-1-26-09',607,,34068,7,0,12 13,1,15,,34069,7,0,12 13,1,15,,34070,7,0,12 13,1,15,,34071,7,0,12 13,1,55,,34072,7,0,12 13,1,15,,34073,7,0,12 13,1,15,,34074,7,0,12 13,1,15,,34075,7,0,12 13,1,55,,34076,7,0,12 13,1,15,,34077,7,0,12 13,1,15,,34078,7,0,12 13,1,15,,34079,7,0,12 13,1,55,,34080,7,0,12 13,1,15,,34081,7,0,12 13,1,15,,34082,7,0,12 13,1,15,,34083,7,0,12 13,1,55,,34084,7,0,12 13,1,15,,34085,7,0,12 13,1,15,,34086,7,0,12 13,1,15,,34087,7,0,12 13,1,55,,34088,7,0,12 13,1,15,,34089,7,0,12 13,1,15,,34090,7,0,12 13,1,15,,34091,7,0,12 13,1,55,,34092,7,0,12 13,1,15,,34093,7,0,12 13,1,15,,34094,7,0,12 13,1,15,,34095,7,0,12 13,1,55,,34096,7,0,12 13,1,15,,34097,7,0,12 13,1,15,,34098,7,0,12 13,1,15,,34099,7,0,12 13,1,55,,34100,7,0,12 13,1,15,,34101,7,0,12 13,1,15,,34102,7,0,12 13,1,15,,34103,7,0,12 13,1,55,,34104,7,0,12 13,1,15,,34105,7,0,12 13,1,15,,34106,7,0,12 13,1,15,,34107,7,0,12 13,1,55,,34108,7,0,12 13,1,15,,34109,7,0,12 13,1,15,,34110,7,0,12 13,1,15,,34111,7,0,12 13,1,55,,34112,7,0,12 13,1,15,,34113,7,0,12 13,1,15,,34114,7,0,12 13,1,15,,34115,7,0,12 13,1,55,,34116,7,0,12 13,1,15,,34117,7,0,12 13,1,15,,34118,7,0,12 13,1,15,,34119,7,0,12 13,1,55,,34120,7,0,12 13,1,15,,34121,7,0,12 13,1,15,,34122,7,0,12 13,1,15,,34123,7,0,12 13,1,55,,34124,7,0,12 13,1,15,,34125,7,0,12 13,1,15,,34126,7,0,12 13,1,15,,34127,7,0,12 13,1,55,,34128,7,0,12 13,1,15,,34129,7,0,12 13,1,15,,34130,7,0,12 13,1,15,,34131,7,0,12 13,1,55,,34132,7,0,12 13,1,15,,34133,7,0,12 13,1,15,,34134,7,0,12 13,1,15,,34135,7,0,12 13,1,55,,34136,7,0,12 13,1,15,,34137,7,0,12 13,1,15,,34138,7,0,12 13,1,15,,34139,7,0,12 13,1,55,,34140,7,0,12 13,1,15,,34141,7,0,12 13,1,15,,34142,7,0,12 13,1,15,,34143,7,0,12 13,1,55,,34144,7,0,12 13,1
18002201,'022R-Saturday-2-26-09',525,,38744,4,,,1,15,,38743,4,,,1,15,,38666,7,,,1,55,,38667,7,,,1,15,,38668,7,,,1,15,,38669,7,,,1,15,,38670,7,,,1,55,,38671,7,,,1,15,,38672,7,,,1,15,,38673,7,,,1,15,,38674,7,,,1,55,,38675,7,,,1,15,,38676,7,,,1,15,,38677,7,,,1,15,,38678,7,,,1,55,,38679,7,,,1,15,,38680,7,,,1,15,,38681,7,,,1,15,,38682,7,,,1,55,,38683,7,,,1,15,,38684,7,,,1,15,,38685,7,,,1,15,,38686,7,,,1,55,,38687,7,,,1,15,,38688,7,,,1,15,,38689,7,,,1,15,,38690,7,,,1,55,,38691,7,,,1,15,,38692,7,,,1,15,,38693,7,,,1,15,,38694,7,,,1,55,,38695,7,,,1,15,,38696,7,,,1,15,,38697,7,,,1,15,,38698,7,,,1,55,,38699,7,,,1,15,,38700,7,,,1,15,,38701,7,,,1,15,,38702,7,,,1,55,,38703,7,,,1,15,,38704,7,,,1,15,,38705,7,,,1,15,,38706,7,,,1,55,,38707,7,,,1,15,,38708,7,,,1,15,,38709,7,,,1,15,,38710,7,,,1,55,,38711,7,,,1,15,,38712,7,,,1,15,,38713,7,,,1,15,,38714,7,,,1,55,,38715,7,,,1,15,,38716,7,,,1,15,,38717,7,,,1,15,,38718,7,,,1,55,,38719,7,,,1,15,,38720,7,,,1,15,,38721,7,,,1,15,,38722,7,,,1,55,,38723,7,,,1,15,,38724,7,,,1,15,,38725,7,,,1,15,,38726,7,,,1,55,,38727,7,,,1,15,,38728,7,,,1,15,,38729,7,,,1,15,,38730,7,,,1,55,,38731,7,,,1,15,,38732,7,,,1,15,,38733,7,,,1,15,,38734,7,,,1,55,,38735,7,,,1,15,,38736,7,,,1,15,,38737,7,,,1,15,,38738,7,,,1,55,,38739,7,,,1,15,,38740,7,,,1,15,,38741,7,,,1,15,,38742,7,,,1
18002201,'022R-Saturday-3-26-09',602,,38745,7,0,9 11,1,15,,38746,7,0,9 11,1,15,,38747,7,0,9 11,1,15,,38748,7,0,9 11,1,55,,38749,7,0,9 11,1,15,,38750,7,0,9 11,1,15,,38751,7,0,9 11,1,15,,38752,7,0,9 11,1,55,,38753,7,0,9 11,1,15,,38754,7,0,9 11,1,15,,38755,7,0,9 11,1,15,,38756,7,0,9 11,1,55,,38757,7,0,9 11,1,15,,38758,7,0,9 11,1,15,,38759,7,0,9 11,1,15,,38760,7,0,9 11,1,55,,38761,7,0,9 11,1,15,,38762,7,0,9 11,1,15,,38763,7,0,9 11,1,15,,38764,7,0,9 11,1,55,,38765,7,0,9 11,1,15,,38766,7,0,9 11,1,15,,38767,7,0,9 11,1,15,,38768,7,0,9 11,1,55,,38769,7,0,9 11,1,15,,38770,7,0,9 11,1,15,,38771,7,0,9 11,1,15,,38772,7,0,9 11,1,55,,38773,7,0,9 11,1,15,,38774,7,0,9 11,1,15,,38775,7,0,9 11,1,15,,38776,7,0,9 11,1,55,,38777,7,0,9 11,1,15,,38778,7,0,9 11,1,15,,38779,7,0,9 11,1,15,,38780,7,0,9 11,1,55,,38781,7,0,9 11,1,15,,38782,7,0,9 11,1,15,,38783,7,0,9 11,1,15,,38784,7,0,9 11,1,55,,38785,7,0,9 11,1,15,,38786,7,0,9 11,1,15,,38787,7,0,9 11,1,15,,38788,7,0,9 11,1,55,,38789,7,0,9 11,1,15,,38790,7,0,9 11,1,15,,38791,7,0,9 11,1,15,,38792,7,0,9 11,1,55,,38793,7,0,9 11,1,15,,38794,7,0,9 11,1,15,,38795,7,0,9 11,1,15,,38796,7,0,9 11,1,55,,38797,7,0,9 11,1,15,,38798,7,0,9 11,1,15,,38799,7,0,9 11,1,15,,38800,7,0,9 11,1,55,,38801,7,0,9 11,1,15,,38802,7,0,9 11,1,15,,38803,7,0,9 11,1,15,,38804,7,0,9 11,1,55,,38805,7,0,9 11,1,15,,38806,7,0,9 11,1,15,,38807,7,0,9 11,1,15,,38808,7,0,9 11,1,55,,38809,7,0,9 11,1,15,,38810,7,0,9 11,1,15,,38811,7,0,9 11,1,15,,38812,7,0,9 11,1,55,,38813,7,0,9 11,1,15,,38814,7,0,9 11,1,15,,38815,7,0,9 11,1,15,,38816,7,0,9 11,1,55,,38817,7,0,9 11,1,15,,38818,7,0,9 11,1,15,,38819,7,0,9 11,1,15,,38820,7,0,9 11,1,55,,38821,7,0,9 11,1
18002201,'022R-Saturday-4-26-09',615,,38856,7,0,9 11,1,15,,38857,7,0,9 11,1,15,,38858,7,0,9 11,1,55,,38859,7,0,9 11,1,15,,38860,7,0,9 11,1,15,,38861,7,0,9 11,1,15,,38862,7,0,9 11,1,55,,38863,7,0,9 11,1,15,,38864,7,0,9 11,1,15,,38865,7,0,9 11,1,15,,38866,7,0,9 11,1,55,,38867,7,0,9 11,1,15,,38868,7,0,9 11,1,15,,38869,7,0,9 11,1,15,,38870,7,0,9 11,1,55,,38871,7,0,9 11,1,15,,38872,7,0,9 11,1,15,,38873,7,0,9 11,1,15,,38874,7,0,9 11,1,55,,38875,7,0,9 11,1,15,,38876,7,0,9 11,1,15,,38877,7,0,9 11,1,15,,38878,7,0,9 11,1,55,,38879,7,0,9 11,1,15,,38880,7,0,9 11,1,15,,38881,7,0,9 11,1,15,,38882,7,0,9 11,1,55,,38883,7,0,9 11,1,15,,38884,7,0,9 11,1,15,,38885,7,0,9 11,1,15,,38886,7,0,9 11,1,55,,38887,7,0,9 11,1,15,,38888,7,0,9 11,1,15,,38889,7,0,9 11,1,15,,38890,7,0,9 11,1,55,,38891,7,0,9 11,1,15,,38892,7,0,9 11,1,15,,38893,7,0,9 11,1,15,,38894,7,0,9 11,1,55,,38895,7,0,9 11,1,10,,38898,7,0,12 13,1,15,,38897,7,0,12 13,1,15,,38896,7,0,12 13,1,12,,38822,7,0,12 13,1,55,,38823,7,0,12 13,1,15,,38824,7,0,12 13,1,15,,38825,7,0,12 13,1,15,,38826,7,0,12 13,1,55,,38827,7,0,12 13,1,15,,38828,7,0,12 13,1,15,,38829,7,0,12 13,1,15,,38830,7,0,12 13,1,55,,38831,7,0,12 13,1,15,,38832,7,0,12 13,1,15,,38833,7,0,12 13,1,15,,38834,7,0,12 13,1,55,,38835,7,0,12 13,1,15,,38836,7,0,12 13,1,15,,38837,7,0,12 13,1,15,,38838,7,0,12 13,1,55,,38839,7,0,12 13,1,15,,38840,7,0,12 13,1,15,,38841,7,0,12 13,1,15,,38842,7,0,12 13,1,55,,38843,7,0,12 13,1,15,,38844,7,0,12 13,1,15,,38845,7,0,12 13,1,15,,38846,7,0,12 13,1,55,,38847,7,0,12 13,1,15,,38848,7,0,12 13,1,15,,38849,7,0,12 13,1,15,,38850,7,0,12 13,1,55,,38851,7,0,12 13,1,15,,38852,7,0,12 13,1,15,,38853,7,0,12 13,1,15,,38854,7,0,12 13,1,55,,38855,7,0,12 13,1
18002201,'022R-Sunday-1-26-09',622,,34145,7,0,12 13,1,15,,34146,7,0,12 13,1,15,,34147,7,0,12 13,1,55,,34148,7,0,12 13,1,15,,34149,7,0,12 13,1,15,,34150,7,0,12 13,1,15,,34151,7,0,12 13,1,55,,34152,7,0,12 13,1,15,,34153,7,0,12 13,1,15,,34154,7,0,12 13,1,15,,34155,7,0,12 13,1,55,,34156,7,0,12 13,1,15,,34157,7,0,12 13,1,15,,34158,7,0,12 13,1,15,,34159,7,0,12 13,1,55,,34160,7,0,12 13,1,15,,34161,7,0,12 13,1,15,,34162,7,0,12 13,1,15,,34163,7,0,12 13,1,55,,34164,7,0,12 13,1,15,,34165,7,0,12 13,1,15,,34166,7,0,12 13,1,15,,34167,7,0,12 13,1,55,,34168,7,0,12 13,1,15,,34169,7,0,12 13,1,15,,34170,7,0,12 13,1,15,,34171,7,0,12 13,1,55,,34172,7,0,12 13,1,15,,34173,7,0,12 13,1,15,,34174,7,0,12 13,1,15,,34175,7,0,12 13,1,55,,34176,7,0,12 13,1,15,,34177,7,0,12 13,1,15,,34178,7,0,12 13,1,15,,34179,7,0,12 13,1,55,,34180,7,0,12 13,1,15,,34181,7,0,12 13,1,15,,34182,7,0,12 13,1,15,,34183,7,0,12 13,1,55,,34184,7,0,12 13,1,15,,34185,7,0,12 13,1,15,,34186,7,0,12 13,1,15,,34187,7,0,12 13,1,55,,34188,7,0,12 13,1,15,,34189,7,0,12 13,1,15,,34190,7,0,12 13,1,15,,34191,7,0,12 13,1,55,,34192,7,0,12 13,1,15,,34193,7,0,12 13,1,15,,34194,7,0,12 13,1,15,,34195,7,0,12 13,1,55,,34196,7,0,12 13,1,15,,34197,7,0,12 13,1,15,,34198,7,0,12 13,1,15,,34199,7,0,12 13,1,55,,34200,7,0,12 13,1,15,,34201,7,0,12 13,1,15,,34202,7,0,12 13,1,15,,34203,7,0,12 13,1,55,,34204,7,0,12 13,1,15,,34205,7,0,12 13,1,15,,34206,7,0,12 13,1,15,,34207,7,0,12 13,1,55,,34208,7,0,12 13,1,15,,34209,7,0,12 13,1,15,,34210,7,0,12 13,1,15,,34211,7,0,12 13,1,55,,34212,7,0,12 13,1,15,,34213,7,0,12 13,1,15,,34214,7,0,12 13,1,15,,34215,7,0,12 13,1,55,,34216,7,0,12 13,1
18002201,'022R-Sunday-2-26-09',555,,38901,4,,,1,55,,38900,4,,,1,15,,38903,7,,,1,15,,38904,7,,,1,15,,38905,7,,,1,55,,38906,7,,,1,15,,38907,7,,,1,15,,38908,7,,,1,15,,38909,7,,,1,55,,38910,7,,,1,15,,38911,7,,,1,15,,38912,7,,,1,15,,38913,7,,,1,55,,38914,7,,,1,15,,38915,7,,,1,15,,38916,7,,,1,15,,38917,7,,,1,55,,38918,7,,,1,15,,38919,7,,,1,15,,38920,7,,,1,15,,38921,7,,,1,55,,38922,7,,,1,15,,38923,7,,,1,15,,38924,7,,,1,15,,38925,7,,,1,55,,38926,7,,,1,15,,38927,7,,,1,15,,38928,7,,,1,15,,38929,7,,,1,55,,38930,7,,,1,15,,38931,7,,,1,15,,38932,7,,,1,15,,38933,7,,,1,55,,38934,7,,,1,15,,38935,7,,,1,15,,38936,7,,,1,15,,38937,7,,,1,55,,38938,7,,,1,15,,38939,7,,,1,15,,38940,7,,,1,15,,38941,7,,,1,55,,38942,7,,,1,15,,38943,7,,,1,15,,38944,7,,,1,15,,38945,7,,,1,55,,38946,7,,,1,15,,38947,7,,,1,15,,38948,7,,,1,15,,38949,7,,,1,55,,38950,7,,,1,15,,38951,7,,,1,15,,38952,7,,,1,15,,38953,7,,,1,55,,38954,7,,,1,15,,38955,7,,,1,15,,38956,7,,,1,15,,38957,7,,,1,55,,38958,7,,,1,15,,38959,7,,,1,15,,38960,7,,,1,15,,38961,7,,,1,55,,38962,7,,,1,15,,38963,7,,,1,15,,38964,7,,,1,15,,38965,7,,,1,55,,38966,7,,,1,15,,38967,7,,,1,15,,38968,7,,,1,15,,38969,7,,,1,55,,38970,7,,,1,15,,38971,7,,,1,15,,38902,7,,,1,15,,38899,7,,,1
18002201,'022R-Sunday-3-26-09',632,,38972,7,0,9 11,1,15,,38973,7,0,9 11,1,55,,38974,7,0,9 11,1,15,,38975,7,0,9 11,1,15,,38976,7,0,9 11,1,15,,38977,7,0,9 11,1,55,,38978,7,0,9 11,1,15,,38979,7,0,9 11,1,15,,38980,7,0,9 11,1,15,,38981,7,0,9 11,1,55,,38982,7,0,9 11,1,15,,38983,7,0,9 11,1,15,,38984,7,0,9 11,1,15,,38985,7,0,9 11,1,55,,38986,7,0,9 11,1,15,,38987,7,0,9 11,1,15,,38988,7,0,9 11,1,15,,38989,7,0,9 11,1,55,,38990,7,0,9 11,1,15,,38991,7,0,9 11,1,15,,38992,7,0,9 11,1,15,,38993,7,0,9 11,1,55,,38994,7,0,9 11,1,15,,38995,7,0,9 11,1,15,,38996,7,0,9 11,1,15,,38997,7,0,9 11,1,55,,38998,7,0,9 11,1,15,,38999,7,0,9 11,1,15,,39000,7,0,9 11,1,15,,39001,7,0,9 11,1,55,,39002,7,0,9 11,1,15,,39003,7,0,9 11,1,15,,39004,7,0,9 11,1,15,,39005,7,0,9 11,1,55,,39006,7,0,9 11,1,15,,39007,7,0,9 11,1,15,,39008,7,0,9 11,1,15,,39009,7,0,9 11,1,55,,39010,7,0,9 11,1,15,,39011,7,0,9 11,1,15,,39012,7,0,9 11,1,15,,39013,7,0,9 11,1,55,,39014,7,0,9 11,1,15,,39015,7,0,9 11,1,15,,39016,7,0,9 11,1,15,,39017,7,0,9 11,1,55,,39018,7,0,9 11,1,15,,39019,7,0,9 11,1,15,,39020,7,0,9 11,1,15,,39021,7,0,9 11,1,55,,39022,7,0,9 11,1,15,,39023,7,0,9 11,1,15,,39024,7,0,9 11,1,15,,39025,7,0,9 11,1,55,,39026,7,0,9 11,1,15,,39027,7,0,9 11,1,15,,39028,7,0,9 11,1,15,,39029,7,0,9 11,1,55,,39030,7,0,9 11,1,15,,39031,7,0,9 11,1,15,,39032,7,0,9 11,1,15,,39033,7,0,9 11,1,55,,39034,7,0,9 11,1,15,,39035,7,0,9 11,1,15,,39036,7,0,9 11,1,15,,39037,7,0,9 11,1,55,,39038,7,0,9 11,1,15,,39039,7,0,9 11,1,15,,39040,7,0,9 11,1,15,,39041,7,0,9 11,1,55,,39042,7,0,9 11,1,15,,39043,7,0,9 11,1
18002201,'022R-Sunday-5-26-09',632,,39044,7,0,9 11,1,15,,39045,7,0,9 11,1,55,,39046,7,0,9 11,1,15,,39047,7,0,9 11,1,15,,39048,7,0,9 11,1,15,,39049,7,0,9 11,1,55,,39050,7,0,9 11,1,15,,39051,7,0,9 11,1,15,,39052,7,0,9 11,1,15,,39053,7,0,9 11,1,55,,39054,7,0,9 11,1,15,,39055,7,0,9 11,1,15,,39056,7,0,9 11,1,15,,39057,7,0,9 11,1,55,,39058,7,0,9 11,1,15,,39059,7,0,9 11,1,15,,39060,7,0,9 11,1,15,,39061,7,0,9 11,1,55,,39062,7,0,9 11,1,15,,39063,7,0,9 11,1,15,,39064,7,0,9 11,1,15,,39065,7,0,9 11,1,55,,39066,7,0,9 11,1,15,,39067,7,0,9 11,1,15,,39068,7,0,9 11,1,15,,39069,7,0,9 11,1,55,,39070,7,0,9 11,1,15,,39071,7,0,9 11,1,15,,39072,7,0,9 11,1,15,,39073,7,0,9 11,1,55,,39074,7,0,9 11,1,15,,39075,7,0,9 11,1,15,,39076,7,0,9 11,1,15,,39077,7,0,9 11,1,55,,39078,7,0,9 11,1,15,,39079,7,0,9 11,1,15,,39080,7,0,9 11,1,15,,39081,7,0,9 11,1,55,,39082,7,0,9 11,1,15,,39083,7,0,9 11,1,15,,39084,7,0,9 11,1,15,,39085,7,0,9 11,1,55,,39086,7,0,9 11,1,15,,39087,7,0,9 11,1,15,,39088,7,0,9 11,1,15,,39089,7,0,9 11,1,55,,39090,7,0,9 11,1,15,,39091,7,0,9 11,1,15,,39092,7,0,9 11,1,15,,39093,7,0,9 11,1,55,,39094,7,0,9 11,1,15,,39095,7,0,9 11,1,15,,39096,7,0,9 11,1,15,,39097,7,0,9 11,1,55,,39098,7,0,9 11,1,15,,39099,7,0,9 11,1,15,,39100,7,0,9 11,1,15,,39101,7,0,9 11,1,55,,39102,7,0,9 11,1,15,,39103,7,0,9 11,1,15,,39104,7,0,9 11,1,15,,39105,7,0,9 11,1,55,,39106,7,0,9 11,1,15,,39107,7,0,9 11,1,15,,39108,7,0,9 11,1,15,,39109,7,0,9 11,1,55,,39110,7,0,9 11,1,15,,39111,7,0,9 11,1,15,,39112,7,0,9 11,1,15,,39113,7,0,9 11,1,55,,39114,7,0,9 11,1,15,,39115,7,0,9 11,1
18002201,'022R-Sunday-6-26-09',625,,39140,7,0,9 11,1,15,,39141,7,0,9 11,1,15,,39142,7,0,9 11,1,55,,39143,7,0,9 11,1,15,,39144,7,0,9 11,1,15,,39145,7,0,9 11,1,15,,39146,7,0,9 11,1,55,,39147,7,0,9 11,1,15,,39148,7,0,9 11,1,15,,39149,7,0,9 11,1,15,,39150,7,0,9 11,1,55,,39151,7,0,9 11,1,15,,39152,7,0,9 11,1,15,,39153,7,0,9 11,1,15,,39154,7,0,9 11,1,55,,39155,7,0,9 11,1,15,,39156,7,0,9 11,1,15,,39157,7,0,9 11,1,15,,39158,7,0,9 11,1,55,,39159,7,0,9 11,1,15,,39160,7,0,9 11,1,15,,39161,7,0,9 11,1,15,,39162,7,0,9 11,1,55,,39163,7,0,9 11,1,15,,39164,7,0,9 11,1,15,,39165,7,0,9 11,1,15,,39166,7,0,9 11,1,55,,39167,7,0,9 11,1,15,,39168,7,0,9 11,1,15,,39169,7,0,9 11,1,15,,39170,7,0,9 11,1,55,,39171,7,0,9 11,1,15,,39172,7,0,9 11,1,15,,39173,7,0,9 11,1,15,,39174,7,0,9 11,1,55,,39175,7,0,9 11,1,15,,39176,7,0,9 11,1,15,,39177,7,0,9 11,1,15,,39178,7,0,9 11,1,55,,39179,7,0,9 11,1,15,,39180,7,0,9 11,1,15,,39181,7,0,9 11,1,15,,39182,7,0,9 11,1,55,,39183,7,0,9 11,1,15,,39184,7,0,9 11,1,15,,39185,7,0,9 11,1,15,,39186,7,0,9 11,1,55,,39187,7,0,9 11,1,12,,39116,7,0,12 13,1,15,,39117,7,0,12 13,1,15,,39118,7,0,12 13,1,55,,39119,7,0,12 13,1,15,,39120,7,0,12 13,1,15,,39121,7,0,12 13,1,15,,39122,7,0,12 13,1,55,,39123,7,0,12 13,1,15,,39124,7,0,12 13,1,15,,39125,7,0,12 13,1,15,,39126,7,0,12 13,1,55,,39127,7,0,12 13,1,15,,39128,7,0,12 13,1,15,,39129,7,0,12 13,1,15,,39130,7,0,12 13,1,55,,39131,7,0,12 13,1,15,,39132,7,0,12 13,1,15,,39133,7,0,12 13,1,15,,39134,7,0,12 13,1,55,,39135,7,0,12 13,1,15,,39136,7,0,12 13,1,15,,39137,7,0,12 13,1,15,,39138,7,0,12 13,1,55,,39139,7,0,12 13,1
