18002101,'021R-Weekday-1-26-09',529,,32849,9,,,1,12,,32851,9,,,1,12,,32852,9,,,1,6,,32983,9,,,1,46,,32850,9,,,1,6,,32881,9,,,1,6,,32882,9,,,1,6,,32883,9,,,1,6,,32884,9,,,1,6,,32880,9,,,1,6,,32879,9,,,1,6,,32878,9,,,1,6,,32877,9,,,1,6,,32876,9,,,1,46,,32875,9,,,1,6,,32874,9,,,1,6,,32873,9,,,1,6,,32872,9,,,1,6,,32871,9,,,1,6,,32870,9,,,1,6,,32869,9,,,1,6,,32868,9,,,1,6,,32867,9,,,1,6,,32866,9,,,1,46,,32865,9,,,1,6,,32864,9,,,1,6,,32863,9,,,1,6,,32862,9,,,1,6,,32861,9,,,1,6,,32860,9,,,1,6,,32859,9,,,1,6,,32858,9,,,1,6,,32857,9,,,1,6,,32856,9,,,1,46,,32855,9,,,1,6,,32854,9,,,1,10,,32885,9,,,1,10,,32886,9,,,1,10,,32887,9,,,1,10,,32888,9,,,1,50,,32889,9,,,1,10,,32890,9,,,1,10,,32891,9,,,1,10,,32892,9,,,1,10,,32893,9,,,1,10,,32894,9,,,1,50,,32895,9,,,1,10,,32896,9,,,1,10,,32897,9,,,1,10,,32898,9,,,1,10,,32899,9,,,1,10,,32900,9,,,1,50,,32901,9,,,1,10,,32902,9,,,1,10,,32903,9,,,1,10,,32904,9,,,1,10,,32905,9,,,1,10,,32906,9,,,1,50,,32907,9,,,1,10,,32908,9,,,1,10,,32909,9,,,1,10,,32910,9,,,1,10,,32911,9,,,1,10,,32912,9,,,1,50,,32913,9,,,1,10,,32914,9,,,1,6,,32915,9,,,1,6,,32916,9,,,1,6,,32917,9,,,1,6,,32918,9,,,1,6,,32919,9,,,1,6,,32920,9,,,1,6,,32921,9,,,1,6,,32922,9,,,1,46,,32923,9,,,1,6,,32924,9,,,1,6,,32925,9,,,1,6,,32926,9,,,1,6,,32927,9,,,1,6,,32928,9,,,1,6,,32929,9,,,1,6,,32930,9,,,1,6,,32931,9,,,1,6,,32932,9,,,1,46,,32933,9,,,1,6,,32934,9,,,1,6,,32935,9,,,1,6,,32936,9,,,1,6,,32937,9,,,1,6,,32938,9,,,1,6,,32939,9,,,1,6,,32940,9,,,1,6,,32941,9,,,1,6,,32942,9,,,1,46,,32943,9,,,1,6,,32944,9,,,1,6,,32945,9,,,1,6,,32946,9,,,1,6,,32947,9,,,1,6,,32948,9,,,1,6,,32949,9,,,1,6,,32950,9,,,1,6,,32951,9,,,1,6,,32952,9,,,1,46,,32953,9,,,1,6,,32954,9,,,1,6,,32955,9,,,1,9,,32956,9,,,1,15,,32957,9,,,1,15,,32958,9,,,1,55,,32959,9,,,1,15,,32960,9,,,1,15,,32961,9,,,1,15,,32962,9,,,1,55,,32963,9,,,1,15,,32964,9,,,1,15,,32965,9,,,1,15,,32966,9,,,1,55,,32967,9,,,1,15,,32968,9,,,1,15,,32969,9,,,1,15,,32970,9,,,1,55,,32971,9,,,1,15,,32972,9,,,1,15,,32973,9,,,1,15,,32974,9,,,1,55,,32975,9,,,1,15,,32976,9,,,1,15,,32977,9,,,1,15,,32978,9,,,1,55,,32979,9,,,1,15,,32980,9,,,1,15,,32981,9,,,1,15,,32982,9,,,1,55,,32853,9,,,1
18002101,'021R-Weekday-2-26-09',529,,32984,9,,,1,12,,32986,9,,,1,12,,32987,9,,,1,6,,33118,9,,,1,46,,32985,9,,,1,6,,33016,9,,,1,6,,33017,9,,,1,6,,33018,9,,,1,6,,33019,9,,,1,6,,33015,9,,,1,6,,33014,9,,,1,6,,33013,9,,,1,6,,33012,9,,,1,6,,33011,9,,,1,46,,33010,9,,,1,6,,33009,9,,,1,6,,33008,9,,,1,6,,33007,9,,,1,6,,33006,9,,,1,6,,33005,9,,,1,6,,33004,9,,,1,6,,33003,9,,,1,6,,33002,9,,,1,6,,33001,9,,,1,46,,33000,9,,,1,6,,32999,9,,,1,6,,32998,9,,,1,6,,32997,9,,,1,6,,32996,9,,,1,6,,32995,9,,,1,6,,32994,9,,,1,6,,32993,9,,,1,6,,32992,9,,,1,6,,32991,9,,,1,46,,32990,9,,,1,6,,32989,9,,,1,10,,33020,9,,,1,10,,33021,9,,,1,10,,33022,9,,,1,10,,33023,9,,,1,50,,33024,9,,,1,10,,33025,9,,,1,10,,33026,9,,,1,10,,33027,9,,,1,10,,33028,9,,,1,10,,33029,9,,,1,50,,33030,9,,,1,10,,33031,9,,,1,10,,33032,9,,,1,10,,33033,9,,,1,10,,33034,9,,,1,10,,33035,9,,,1,50,,33036,9,,,1,10,,33037,9,,,1,10,,33038,9,,,1,10,,33039,9,,,1,10,,33040,9,,,1,10,,33041,9,,,1,50,,33042,9,,,1,10,,33043,9,,,1,10,,33044,9,,,1,10,,33045,9,,,1,10,,33046,9,,,1,10,,33047,9,,,1,50,,33048,9,,,1,10,,33049,9,,,1,6,,33050,9,,,1,6,,33051,9,,,1,6,,33052,9,,,1,6,,33053,9,,,1,6,,33054,9,,,1,6,,33055,9,,,1,6,,33056,9,,,1,6,,33057,9,,,1,46,,33058,9,,,1,6,,33059,9,,,1,6,,33060,9,,,1,6,,33061,9,,,1,6,,33062,9,,,1,6,,33063,9,,,1,6,,33064,9,,,1,6,,33065,9,,,1,6,,33066,9,,,1,6,,33067,9,,,1,46,,33068,9,,,1,6,,33069,9,,,1,6,,33070,9,,,1,6,,33071,9,,,1,6,,33072,9,,,1,6,,33073,9,,,1,6,,33074,9,,,1,6,,33075,9,,,1,6,,33076,9,,,1,6,,33077,9,,,1,46,,33078,9,,,1,6,,33079,9,,,1,6,,33080,9,,,1,6,,33081,9,,,1,6,,33082,9,,,1,6,,33083,9,,,1,6,,33084,9,,,1,6,,33085,9,,,1,6,,33086,9,,,1,6,,33087,9,,,1,46,,33088,9,,,1,6,,33089,9,,,1,6,,33090,9,,,1,9,,33091,9,,,1,15,,33092,9,,,1,15,,33093,9,,,1,55,,33094,9,,,1,15,,33095,9,,,1,15,,33096,9,,,1,15,,33097,9,,,1,55,,33098,9,,,1,15,,33099,9,,,1,15,,33100,9,,,1,15,,33101,9,,,1,55,,33102,9,,,1,15,,33103,9,,,1,15,,33104,9,,,1,15,,33105,9,,,1,55,,33106,9,,,1,15,,33107,9,,,1,15,,33108,9,,,1,15,,33109,9,,,1,55,,33110,9,,,1,15,,33111,9,,,1,15,,33112,9,,,1,15,,33113,9,,,1,55,,33114,9,,,1,15,,33115,9,,,1,15,,33116,9,,,1,15,,33117,9,,,1,55,,32988,9,,,1
18002101,'021R-Weekday-3-26-09',529,,36689,9,,,1,12,,36691,9,,,1,12,,36692,9,,,1,6,,36823,9,,,1,46,,36690,9,,,1,6,,36721,9,,,1,6,,36722,9,,,1,6,,36723,9,,,1,6,,36724,9,,,1,6,,36720,9,,,1,6,,36719,9,,,1,6,,36718,9,,,1,6,,36717,9,,,1,6,,36716,9,,,1,46,,36715,9,,,1,6,,36714,9,,,1,6,,36713,9,,,1,6,,36712,9,,,1,6,,36711,9,,,1,6,,36710,9,,,1,6,,36709,9,,,1,6,,36708,9,,,1,6,,36707,9,,,1,6,,36706,9,,,1,46,,36705,9,,,1,6,,36704,9,,,1,6,,36703,9,,,1,6,,36702,9,,,1,6,,36701,9,,,1,6,,36700,9,,,1,6,,36699,9,,,1,6,,36698,9,,,1,6,,36697,9,,,1,6,,36696,9,,,1,46,,36695,9,,,1,6,,36694,9,,,1,10,,36725,9,,,1,10,,36726,9,,,1,10,,36727,9,,,1,10,,36728,9,,,1,50,,36729,9,,,1,10,,36730,9,,,1,10,,36731,9,,,1,10,,36732,9,,,1,10,,36733,9,,,1,10,,36734,9,,,1,50,,36735,9,,,1,10,,36736,9,,,1,10,,36737,9,,,1,10,,36738,9,,,1,10,,36739,9,,,1,10,,36740,9,,,1,50,,36741,9,,,1,10,,36742,9,,,1,10,,36743,9,,,1,10,,36744,9,,,1,10,,36745,9,,,1,10,,36746,9,,,1,50,,36747,9,,,1,10,,36748,9,,,1,10,,36749,9,,,1,10,,36750,9,,,1,10,,36751,9,,,1,10,,36752,9,,,1,50,,36753,9,,,1,10,,36754,9,,,1,6,,36755,9,,,1,6,,36756,9,,,1,6,,36757,9,,,1,6,,36758,9,,,1,6,,36759,9,,,1,6,,36760,9,,,1,6,,36761,9,,,1,6,,36762,9,,,1,46,,36763,9,,,1,6,,36764,9,,,1,6,,36765,9,,,1,6,,36766,9,,,1,6,,36767,9,,,1,6,,36768,9,,,1,6,,36769,9,,,1,6,,36770,9,,,1,6,,36771,9,,,1,6,,36772,9,,,1,46,,36773,9,,,1,6,,36774,9,,,1,6,,36775,9,,,1,6,,36776,9,,,1,6,,36777,9,,,1,6,,36778,9,,,1,6,,36779,9,,,1,6,,36780,9,,,1,6,,36781,9,,,1,6,,36782,9,,,1,46,,36783,9,,,1,6,,36784,9,,,1,6,,36785,9,,,1,6,,36786,9,,,1,6,,36787,9,,,1,6,,36788,9,,,1,6,,36789,9,,,1,6,,36790,9,,,1,6,,36791,9,,,1,6,,36792,9,,,1,46,,36793,9,,,1,6,,36794,9,,,1,6,,36795,9,,,1,9,,36796,9,,,1,15,,36797,9,,,1,15,,36798,9,,,1,55,,36799,9,,,1,15,,36800,9,,,1,15,,36801,9,,,1,15,,36802,9,,,1,55,,36803,9,,,1,15,,36804,9,,,1,15,,36805,9,,,1,15,,36806,9,,,1,55,,36807,9,,,1,15,,36808,9,,,1,15,,36809,9,,,1,15,,36810,9,,,1,55,,36811,9,,,1,15,,36812,9,,,1,15,,36813,9,,,1,15,,36814,9,,,1,55,,36815,9,,,1,15,,36816,9,,,1,15,,36817,9,,,1,15,,36818,9,,,1,55,,36819,9,,,1,15,,36820,9,,,1,15,,36821,9,,,1,15,,36822,9,,,1,55,,36693,9,,,1
18002101,'021R-Weekday-4-26-09',529,,33119,9,,,1,12,,33121,9,,,1,12,,33122,9,,,1,6,,33253,9,,,1,46,,33120,9,,,1,6,,33151,9,,,1,6,,33152,9,,,1,6,,33153,9,,,1,6,,33154,9,,,1,6,,33150,9,,,1,6,,33149,9,,,1,6,,33148,9,,,1,6,,33147,9,,,1,6,,33146,9,,,1,46,,33145,9,,,1,6,,33144,9,,,1,6,,33143,9,,,1,6,,33142,9,,,1,6,,33141,9,,,1,6,,33140,9,,,1,6,,33139,9,,,1,6,,33138,9,,,1,6,,33137,9,,,1,6,,33136,9,,,1,46,,33135,9,,,1,6,,33134,9,,,1,6,,33133,9,,,1,6,,33132,9,,,1,6,,33131,9,,,1,6,,33130,9,,,1,6,,33129,9,,,1,6,,33128,9,,,1,6,,33127,9,,,1,6,,33126,9,,,1,46,,33125,9,,,1,6,,33124,9,,,1,10,,33155,9,,,1,10,,33156,9,,,1,10,,33157,9,,,1,10,,33158,9,,,1,50,,33159,9,,,1,10,,33160,9,,,1,10,,33161,9,,,1,10,,33162,9,,,1,10,,33163,9,,,1,10,,33164,9,,,1,50,,33165,9,,,1,10,,33166,9,,,1,10,,33167,9,,,1,10,,33168,9,,,1,10,,33169,9,,,1,10,,33170,9,,,1,50,,33171,9,,,1,10,,33172,9,,,1,10,,33173,9,,,1,10,,33174,9,,,1,10,,33175,9,,,1,10,,33176,9,,,1,50,,33177,9,,,1,10,,33178,9,,,1,10,,33179,9,,,1,10,,33180,9,,,1,10,,33181,9,,,1,10,,33182,9,,,1,50,,33183,9,,,1,10,,33184,9,,,1,6,,33185,9,,,1,6,,33186,9,,,1,6,,33187,9,,,1,6,,33188,9,,,1,6,,33189,9,,,1,6,,33190,9,,,1,6,,33191,9,,,1,6,,33192,9,,,1,46,,33193,9,,,1,6,,33194,9,,,1,6,,33195,9,,,1,6,,33196,9,,,1,6,,33197,9,,,1,6,,33198,9,,,1,6,,33199,9,,,1,6,,33200,9,,,1,6,,33201,9,,,1,6,,33202,9,,,1,46,,33203,9,,,1,6,,33204,9,,,1,6,,33205,9,,,1,6,,33206,9,,,1,6,,33207,9,,,1,6,,33208,9,,,1,6,,33209,9,,,1,6,,33210,9,,,1,6,,33211,9,,,1,6,,33212,9,,,1,46,,33213,9,,,1,6,,33214,9,,,1,6,,33215,9,,,1,6,,33216,9,,,1,6,,33217,9,,,1,6,,33218,9,,,1,6,,33219,9,,,1,6,,33220,9,,,1,6,,33221,9,,,1,6,,33222,9,,,1,46,,33223,9,,,1,6,,33224,9,,,1,6,,33225,9,,,1,9,,33226,9,,,1,15,,33227,9,,,1,15,,33228,9,,,1,55,,33229,9,,,1,15,,33230,9,,,1,15,,33231,9,,,1,15,,33232,9,,,1,55,,33233,9,,,1,15,,33234,9,,,1,15,,33235,9,,,1,15,,33236,9,,,1,55,,33237,9,,,1,15,,33238,9,,,1,15,,33239,9,,,1,15,,33240,9,,,1,55,,33241,9,,,1,15,,33242,9,,,1,15,,33243,9,,,1,15,,33244,9,,,1,55,,33245,9,,,1,15,,33246,9,,,1,15,,33247,9,,,1,15,,33248,9,,,1,55,,33249,9,,,1,15,,33250,9,,,1,15,,33251,9,,,1,15,,33252,9,,,1,55,,33123,9,,,1
18002101,'021R-Weekday-5-26-09',529,,36824,9,,,1,12,,36826,9,,,1,12,,36827,9,,,1,6,,36958,9,,,1,46,,36825,9,,,1,6,,36856,9,,,1,6,,36857,9,,,1,6,,36858,9,,,1,6,,36859,9,,,1,6,,36855,9,,,1,6,,36854,9,,,1,6,,36853,9,,,1,6,,36852,9,,,1,6,,36851,9,,,1,46,,36850,9,,,1,6,,36849,9,,,1,6,,36848,9,,,1,6,,36847,9,,,1,6,,36846,9,,,1,6,,36845,9,,,1,6,,36844,9,,,1,6,,36843,9,,,1,6,,36842,9,,,1,6,,36841,9,,,1,46,,36840,9,,,1,6,,36839,9,,,1,6,,36838,9,,,1,6,,36837,9,,,1,6,,36836,9,,,1,6,,36835,9,,,1,6,,36834,9,,,1,6,,36833,9,,,1,6,,36832,9,,,1,6,,36831,9,,,1,46,,36830,9,,,1,6,,36829,9,,,1,10,,36860,9,,,1,10,,36861,9,,,1,10,,36862,9,,,1,10,,36863,9,,,1,50,,36864,9,,,1,10,,36865,9,,,1,10,,36866,9,,,1,10,,36867,9,,,1,10,,36868,9,,,1,10,,36869,9,,,1,50,,36870,9,,,1,10,,36871,9,,,1,10,,36872,9,,,1,10,,36873,9,,,1,10,,36874,9,,,1,10,,36875,9,,,1,50,,36876,9,,,1,10,,36877,9,,,1,10,,36878,9,,,1,10,,36879,9,,,1,10,,36880,9,,,1,10,,36881,9,,,1,50,,36882,9,,,1,10,,36883,9,,,1,10,,36884,9,,,1,10,,36885,9,,,1,10,,36886,9,,,1,10,,36887,9,,,1,50,,36888,9,,,1,10,,36889,9,,,1,6,,36890,9,,,1,6,,36891,9,,,1,6,,36892,9,,,1,6,,36893,9,,,1,6,,36894,9,,,1,6,,36895,9,,,1,6,,36896,9,,,1,6,,36897,9,,,1,46,,36898,9,,,1,6,,36899,9,,,1,6,,36900,9,,,1,6,,36901,9,,,1,6,,36902,9,,,1,6,,36903,9,,,1,6,,36904,9,,,1,6,,36905,9,,,1,6,,36906,9,,,1,6,,36907,9,,,1,46,,36908,9,,,1,6,,36909,9,,,1,6,,36910,9,,,1,6,,36911,9,,,1,6,,36912,9,,,1,6,,36913,9,,,1,6,,36914,9,,,1,6,,36915,9,,,1,6,,36916,9,,,1,6,,36917,9,,,1,46,,36918,9,,,1,6,,36919,9,,,1,6,,36920,9,,,1,6,,36921,9,,,1,6,,36922,9,,,1,6,,36923,9,,,1,6,,36924,9,,,1,6,,36925,9,,,1,6,,36926,9,,,1,6,,36927,9,,,1,46,,36928,9,,,1,6,,36929,9,,,1,6,,36930,9,,,1,9,,36931,9,,,1,15,,36932,9,,,1,15,,36933,9,,,1,55,,36934,9,,,1,15,,36935,9,,,1,15,,36936,9,,,1,15,,36937,9,,,1,55,,36938,9,,,1,15,,36939,9,,,1,15,,36940,9,,,1,15,,36941,9,,,1,55,,36942,9,,,1,15,,36943,9,,,1,15,,36944,9,,,1,15,,36945,9,,,1,55,,36946,9,,,1,15,,36947,9,,,1,15,,36948,9,,,1,15,,36949,9,,,1,55,,36950,9,,,1,15,,36951,9,,,1,15,,36952,9,,,1,15,,36953,9,,,1,55,,36954,9,,,1,15,,36955,9,,,1,15,,36956,9,,,1,15,,36957,9,,,1,55,,36828,9,,,1
18002101,'021R-Weekday-6-26-09',529,,36959,9,,,1,12,,36961,9,,,1,12,,36962,9,,,1,6,,37093,9,,,1,46,,36960,9,,,1,6,,36991,9,,,1,6,,36992,9,,,1,6,,36993,9,,,1,6,,36994,9,,,1,6,,36990,9,,,1,6,,36989,9,,,1,6,,36988,9,,,1,6,,36987,9,,,1,6,,36986,9,,,1,46,,36985,9,,,1,6,,36984,9,,,1,6,,36983,9,,,1,6,,36982,9,,,1,6,,36981,9,,,1,6,,36980,9,,,1,6,,36979,9,,,1,6,,36978,9,,,1,6,,36977,9,,,1,6,,36976,9,,,1,46,,36975,9,,,1,6,,36974,9,,,1,6,,36973,9,,,1,6,,36972,9,,,1,6,,36971,9,,,1,6,,36970,9,,,1,6,,36969,9,,,1,6,,36968,9,,,1,6,,36967,9,,,1,6,,36966,9,,,1,46,,36965,9,,,1,6,,36964,9,,,1,10,,36995,9,,,1,10,,36996,9,,,1,10,,36997,9,,,1,10,,36998,9,,,1,50,,36999,9,,,1,10,,37000,9,,,1,10,,37001,9,,,1,10,,37002,9,,,1,10,,37003,9,,,1,10,,37004,9,,,1,50,,37005,9,,,1,10,,37006,9,,,1,10,,37007,9,,,1,10,,37008,9,,,1,10,,37009,9,,,1,10,,37010,9,,,1,50,,37011,9,,,1,10,,37012,9,,,1,10,,37013,9,,,1,10,,37014,9,,,1,10,,37015,9,,,1,10,,37016,9,,,1,50,,37017,9,,,1,10,,37018,9,,,1,10,,37019,9,,,1,10,,37020,9,,,1,10,,37021,9,,,1,10,,37022,9,,,1,50,,37023,9,,,1,10,,37024,9,,,1,6,,37025,9,,,1,6,,37026,9,,,1,6,,37027,9,,,1,6,,37028,9,,,1,6,,37029,9,,,1,6,,37030,9,,,1,6,,37031,9,,,1,6,,37032,9,,,1,46,,37033,9,,,1,6,,37034,9,,,1,6,,37035,9,,,1,6,,37036,9,,,1,6,,37037,9,,,1,6,,37038,9,,,1,6,,37039,9,,,1,6,,37040,9,,,1,6,,37041,9,,,1,6,,37042,9,,,1,46,,37043,9,,,1,6,,37044,9,,,1,6,,37045,9,,,1,6,,37046,9,,,1,6,,37047,9,,,1,6,,37048,9,,,1,6,,37049,9,,,1,6,,37050,9,,,1,6,,37051,9,,,1,6,,37052,9,,,1,46,,37053,9,,,1,6,,37054,9,,,1,6,,37055,9,,,1,6,,37056,9,,,1,6,,37057,9,,,1,6,,37058,9,,,1,6,,37059,9,,,1,6,,37060,9,,,1,6,,37061,9,,,1,6,,37062,9,,,1,46,,37063,9,,,1,6,,37064,9,,,1,6,,37065,9,,,1,9,,37066,9,,,1,15,,37067,9,,,1,15,,37068,9,,,1,55,,37069,9,,,1,15,,37070,9,,,1,15,,37071,9,,,1,15,,37072,9,,,1,55,,37073,9,,,1,15,,37074,9,,,1,15,,37075,9,,,1,15,,37076,9,,,1,55,,37077,9,,,1,15,,37078,9,,,1,15,,37079,9,,,1,15,,37080,9,,,1,55,,37081,9,,,1,15,,37082,9,,,1,15,,37083,9,,,1,15,,37084,9,,,1,55,,37085,9,,,1,15,,37086,9,,,1,15,,37087,9,,,1,15,,37088,9,,,1,55,,37089,9,,,1,15,,37090,9,,,1,15,,37091,9,,,1,15,,37092,9,,,1,55,,36963,9,,,1
18002101,'021R-Weekday-7-26-09',529,,37094,9,,,1,12,,37096,9,,,1,12,,37097,9,,,1,6,,37228,9,,,1,46,,37095,9,,,1,6,,37126,9,,,1,6,,37127,9,,,1,6,,37128,9,,,1,6,,37129,9,,,1,6,,37125,9,,,1,6,,37124,9,,,1,6,,37123,9,,,1,6,,37122,9,,,1,6,,37121,9,,,1,46,,37120,9,,,1,6,,37119,9,,,1,6,,37118,9,,,1,6,,37117,9,,,1,6,,37116,9,,,1,6,,37115,9,,,1,6,,37114,9,,,1,6,,37113,9,,,1,6,,37112,9,,,1,6,,37111,9,,,1,46,,37110,9,,,1,6,,37109,9,,,1,6,,37108,9,,,1,6,,37107,9,,,1,6,,37106,9,,,1,6,,37105,9,,,1,6,,37104,9,,,1,6,,37103,9,,,1,6,,37102,9,,,1,6,,37101,9,,,1,46,,37100,9,,,1,6,,37099,9,,,1,10,,37130,9,,,1,10,,37131,9,,,1,10,,37132,9,,,1,10,,37133,9,,,1,50,,37134,9,,,1,10,,37135,9,,,1,10,,37136,9,,,1,10,,37137,9,,,1,10,,37138,9,,,1,10,,37139,9,,,1,50,,37140,9,,,1,10,,37141,9,,,1,10,,37142,9,,,1,10,,37143,9,,,1,10,,37144,9,,,1,10,,37145,9,,,1,50,,37146,9,,,1,10,,37147,9,,,1,10,,37148,9,,,1,10,,37149,9,,,1,10,,37150,9,,,1,10,,37151,9,,,1,50,,37152,9,,,1,10,,37153,9,,,1,10,,37154,9,,,1,10,,37155,9,,,1,10,,37156,9,,,1,10,,37157,9,,,1,50,,37158,9,,,1,10,,37159,9,,,1,6,,37160,9,,,1,6,,37161,9,,,1,6,,37162,9,,,1,6,,37163,9,,,1,6,,37164,9,,,1,6,,37165,9,,,1,6,,37166,9,,,1,6,,37167,9,,,1,46,,37168,9,,,1,6,,37169,9,,,1,6,,37170,9,,,1,6,,37171,9,,,1,6,,37172,9,,,1,6,,37173,9,,,1,6,,37174,9,,,1,6,,37175,9,,,1,6,,37176,9,,,1,6,,37177,9,,,1,46,,37178,9,,,1,6,,37179,9,,,1,6,,37180,9,,,1,6,,37181,9,,,1,6,,37182,9,,,1,6,,37183,9,,,1,6,,37184,9,,,1,6,,37185,9,,,1,6,,37186,9,,,1,6,,37187,9,,,1,46,,37188,9,,,1,6,,37189,9,,,1,6,,37190,9,,,1,6,,37191,9,,,1,6,,37192,9,,,1,6,,37193,9,,,1,6,,37194,9,,,1,6,,37195,9,,,1,6,,37196,9,,,1,6,,37197,9,,,1,46,,37198,9,,,1,6,,37199,9,,,1,6,,37200,9,,,1,9,,37201,9,,,1,15,,37202,9,,,1,15,,37203,9,,,1,55,,37204,9,,,1,15,,37205,9,,,1,15,,37206,9,,,1,15,,37207,9,,,1,55,,37208,9,,,1,15,,37209,9,,,1,15,,37210,9,,,1,15,,37211,9,,,1,55,,37212,9,,,1,15,,37213,9,,,1,15,,37214,9,,,1,15,,37215,9,,,1,55,,37216,9,,,1,15,,37217,9,,,1,15,,37218,9,,,1,15,,37219,9,,,1,55,,37220,9,,,1,15,,37221,9,,,1,15,,37222,9,,,1,15,,37223,9,,,1,55,,37224,9,,,1,15,,37225,9,,,1,15,,37226,9,,,1,15,,37227,9,,,1,55,,37098,9,,,1
18002101,'021R-Saturday-1-26-09',526,,33254,9,,,1,15,,33255,9,,,1,15,,33256,9,,,1,55,,33257,9,,,1,15,,33258,9,,,1,15,,33259,9,,,1,15,,33260,9,,,1,55,,33261,9,,,1,15,,33262,9,,,1,15,,33263,9,,,1,15,,33264,9,,,1,55,,33265,9,,,1,15,,33266,9,,,1,15,,33267,9,,,1,15,,33268,9,,,1,55,,33269,9,,,1,15,,33270,9,,,1,15,,33271,9,,,1,15,,33272,9,,,1,55,,33273,9,,,1,15,,33274,9,,,1,15,,33275,9,,,1,15,,33276,9,,,1,55,,33277,9,,,1,15,,33278,9,,,1,15,,33279,9,,,1,15,,33280,9,,,1,55,,33281,9,,,1,15,,33282,9,,,1,15,,33283,9,,,1,15,,33284,9,,,1,55,,33285,9,,,1,15,,33286,9,,,1,15,,33287,9,,,1,15,,33288,9,,,1,55,,33289,9,,,1,15,,33290,9,,,1,15,,33291,9,,,1,15,,33292,9,,,1,55,,33293,9,,,1,15,,33294,9,,,1,15,,33295,9,,,1,15,,33296,9,,,1,55,,33297,9,,,1,15,,33298,9,,,1,15,,33299,9,,,1,15,,33300,9,,,1,55,,33301,9,,,1,15,,33302,9,,,1,15,,33303,9,,,1,15,,33304,9,,,1,55,,33305,9,,,1,15,,33306,9,,,1,15,,33307,9,,,1,15,,33308,9,,,1,55,,33309,9,,,1,15,,33310,9,,,1,15,,33311,9,,,1,15,,33312,9,,,1,55,,33313,9,,,1,15,,33314,9,,,1,15,,33315,9,,,1,15,,33316,9,,,1,55,,33317,9,,,1,15,,33318,9,,,1,15,,33319,9,,,1,15,,33320,9,,,1,55,,33321,9,,,1,15,,33322,9,,,1,15,,33323,9,,,1,15,,33324,9,,,1,55,,33325,9,,,1,15,,33326,9,,,1,15,,33327,9,,,1,15,,33328,9,,,1,55,,33329,9,,,1,15,,33330,9,,,1,15,,33331,9,,,1,15,,33332,9,,,1,55,,33333,9,,,1
18002101,'021R-Saturday-2-26-09',528,,37229,9,,,1,15,,37230,9,,,1,15,,37231,9,,,1,55,,37232,9,,,1,15,,37233,9,,,1,15,,37234,9,,,1,15,,37235,9,,,1,55,,37236,9,,,1,15,,37237,9,,,1,15,,37238,9,,,1,15,,37239,9,,,1,55,,37240,9,,,1,15,,37241,9,,,1,15,,37242,9,,,1,15,,37243,9,,,1,55,,37244,9,,,1,15,,37245,9,,,1,15,,37246,9,,,1,15,,37247,9,,,1,55,,37248,9,,,1,15,,37249,9,,,1,15,,37250,9,,,1,15,,37251,9,,,1,55,,37252,9,,,1,15,,37253,9,,,1,15,,37254,9,,,1,15,,37255,9,,,1,55,,37256,9,,,1,15,,37257,9,,,1,15,,37258,9,,,1,15,,37259,9,,,1,55,,37260,9,,,1,15,,37261,9,,,1,15,,37262,9,,,1,15,,37263,9,,,1,55,,37264,9,,,1,15,,37265,9,,,1,15,,37266,9,,,1,15,,37267,9,,,1,55,,37268,9,,,1,15,,37269,9,,,1,15,,37270,9,,,1,15,,37271,9,,,1,55,,37272,9,,,1,15,,37273,9,,,1,15,,37274,9,,,1,15,,37275,9,,,1,55,,37276,9,,,1,15,,37277,9,,,1,15,,37278,9,,,1,15,,37279,9,,,1,55,,37280,9,,,1,15,,37281,9,,,1,15,,37282,9,,,1,15,,37283,9,,,1,55,,37284,9,,,1,15,,37285,9,,,1,15,,37286,9,,,1,15,,37287,9,,,1,55,,37288,9,,,1,15,,37289,9,,,1,15,,37290,9,,,1,15,,37291,9,,,1,55,,37292,9,,,1,15,,37293,9,,,1,15,,37294,9,,,1,15,,37295,9,,,1,55,,37296,9,,,1,15,,37297,9,,,1,15,,37298,9,,,1,15,,37299,9,,,1,55,,37300,9,,,1,15,,37301,9,,,1,15,,37302,9,,,1,15,,37303,9,,,1,55,,37304,9,,,1,15,,37305,9,,,1,15,,37306,9,,,1,15,,37307,9,,,1,55,,37308,9,,,1
18002101,'021R-Sunday-1-26-09',526,,33334,9,,,1,15,,33335,9,,,1,15,,33336,9,,,1,55,,33337,9,,,1,15,,33338,9,,,1,15,,33339,9,,,1,15,,33340,9,,,1,55,,33341,9,,,1,15,,33342,9,,,1,15,,33343,9,,,1,15,,33344,9,,,1,55,,33345,9,,,1,15,,33346,9,,,1,15,,33347,9,,,1,15,,33348,9,,,1,55,,33349,9,,,1,15,,33350,9,,,1,15,,33351,9,,,1,15,,33352,9,,,1,55,,33353,9,,,1,15,,33354,9,,,1,15,,33355,9,,,1,15,,33356,9,,,1,55,,33357,9,,,1,15,,33358,9,,,1,15,,33359,9,,,1,15,,33360,9,,,1,55,,33361,9,,,1,15,,33362,9,,,1,15,,33363,9,,,1,15,,33364,9,,,1,55,,33365,9,,,1,15,,33366,9,,,1,15,,33367,9,,,1,15,,33368,9,,,1,55,,33369,9,,,1,15,,33370,9,,,1,15,,33371,9,,,1,15,,33372,9,,,1,55,,33373,9,,,1,15,,33374,9,,,1,15,,33375,9,,,1,15,,33376,9,,,1,55,,33377,9,,,1,15,,33378,9,,,1,15,,33379,9,,,1,15,,33380,9,,,1,55,,33381,9,,,1,15,,33382,9,,,1,15,,33383,9,,,1,15,,33384,9,,,1,55,,33385,9,,,1,15,,33386,9,,,1,15,,33387,9,,,1,15,,33388,9,,,1,55,,33389,9,,,1,15,,33390,9,,,1,15,,33391,9,,,1,15,,33392,9,,,1,55,,33393,9,,,1,15,,33394,9,,,1,15,,33395,9,,,1,15,,33396,9,,,1,55,,33397,9,,,1,15,,33398,9,,,1,15,,33399,9,,,1,15,,33400,9,,,1,55,,33401,9,,,1,15,,33402,9,,,1,15,,33403,9,,,1,15,,33404,9,,,1,55,,33405,9,,,1,15,,33406,9,,,1,15,,33407,9,,,1,15,,33408,9,,,1,55,,33409,9,,,1,15,,33410,9,,,1
18002101,'021R-Sunday-2-26-09',528,,37309,9,,,1,15,,37310,9,,,1,15,,37311,9,,,1,55,,37312,9,,,1,15,,37313,9,,,1,15,,37314,9,,,1,15,,37315,9,,,1,55,,37316,9,,,1,15,,37317,9,,,1,15,,37318,9,,,1,15,,37319,9,,,1,55,,37320,9,,,1,15,,37321,9,,,1,15,,37322,9,,,1,15,,37323,9,,,1,55,,37324,9,,,1,15,,37325,9,,,1,15,,37326,9,,,1,15,,37327,9,,,1,55,,37328,9,,,1,15,,37329,9,,,1,15,,37330,9,,,1,15,,37331,9,,,1,55,,37332,9,,,1,15,,37333,9,,,1,15,,37334,9,,,1,15,,37335,9,,,1,55,,37336,9,,,1,15,,37337,9,,,1,15,,37338,9,,,1,15,,37339,9,,,1,55,,37340,9,,,1,15,,37341,9,,,1,15,,37342,9,,,1,15,,37343,9,,,1,55,,37344,9,,,1,15,,37345,9,,,1,15,,37346,9,,,1,15,,37347,9,,,1,55,,37348,9,,,1,15,,37349,9,,,1,15,,37350,9,,,1,15,,37351,9,,,1,55,,37352,9,,,1,15,,37353,9,,,1,15,,37354,9,,,1,15,,37355,9,,,1,55,,37356,9,,,1,15,,37357,9,,,1,15,,37358,9,,,1,15,,37359,9,,,1,55,,37360,9,,,1,15,,37361,9,,,1,15,,37362,9,,,1,15,,37363,9,,,1,55,,37364,9,,,1,15,,37365,9,,,1,15,,37366,9,,,1,15,,37367,9,,,1,55,,37368,9,,,1,15,,37369,9,,,1,15,,37370,9,,,1,15,,37371,9,,,1,55,,37372,9,,,1,15,,37373,9,,,1,15,,37374,9,,,1,15,,37375,9,,,1,55,,37376,9,,,1,15,,37377,9,,,1,15,,37378,9,,,1,15,,37379,9,,,1,55,,37380,9,,,1,15,,37381,9,,,1,15,,37382,9,,,1,15,,37383,9,,,1,55,,37384,9,,,1,15,,37385,9,,,1
18002101,'021R-Sunday-4-26-09',528,,37386,9,,,1,15,,37387,9,,,1,15,,37388,9,,,1,55,,37389,9,,,1,15,,37390,9,,,1,15,,37391,9,,,1,15,,37392,9,,,1,55,,37393,9,,,1,15,,37394,9,,,1,15,,37395,9,,,1,15,,37396,9,,,1,55,,37397,9,,,1,15,,37398,9,,,1,15,,37399,9,,,1,15,,37400,9,,,1,55,,37401,9,,,1,15,,37402,9,,,1,15,,37403,9,,,1,15,,37404,9,,,1,55,,37405,9,,,1,15,,37406,9,,,1,15,,37407,9,,,1,15,,37408,9,,,1,55,,37409,9,,,1,15,,37410,9,,,1,15,,37411,9,,,1,15,,37412,9,,,1,55,,37413,9,,,1,15,,37414,9,,,1,15,,37415,9,,,1,15,,37416,9,,,1,55,,37417,9,,,1,15,,37418,9,,,1,15,,37419,9,,,1,15,,37420,9,,,1,55,,37421,9,,,1,15,,37422,9,,,1,15,,37423,9,,,1,15,,37424,9,,,1,55,,37425,9,,,1,15,,37426,9,,,1,15,,37427,9,,,1,15,,37428,9,,,1,55,,37429,9,,,1,15,,37430,9,,,1,15,,37431,9,,,1,15,,37432,9,,,1,55,,37433,9,,,1,15,,37434,9,,,1,15,,37435,9,,,1,15,,37436,9,,,1,55,,37437,9,,,1,15,,37438,9,,,1,15,,37439,9,,,1,15,,37440,9,,,1,55,,37441,9,,,1,15,,37442,9,,,1,15,,37443,9,,,1,15,,37444,9,,,1,55,,37445,9,,,1,15,,37446,9,,,1,15,,37447,9,,,1,15,,37448,9,,,1,55,,37449,9,,,1,15,,37450,9,,,1,15,,37451,9,,,1,15,,37452,9,,,1,55,,37453,9,,,1,15,,37454,9,,,1,15,,37455,9,,,1,15,,37456,9,,,1,55,,37457,9,,,1,15,,37458,9,,,1,15,,37459,9,,,1,15,,37460,9,,,1,55,,37461,9,,,1,15,,37462,9,,,1
18002201,'022R-Weekday-1-26-09',608,,33824,6,0,12 13,1,12,,33825,6,0,12 13,1,12,,33826,6,0,12 13,1,12,,33827,6,0,12 13,1,12,,33828,6,0,12 13,1,52,,33829,6,0,12 13,1,12,,33830,6,0,12 13,1,12,,33831,6,0,12 13,1,12,,33832,6,0,12 13,1,12,,33833,6,0,12 13,1,52,,33834,6,0,12 13,1,12,,33835,6,0,12 13,1,12,,33836,6,0,12 13,1,12,,33837,6,0,12 13,1,12,,33838,6,0,12 13,1,52,,33839,6,0,12 13,1,12,,33840,6,0,12 13,1,18,,33841,6,0,12 13,1,20,,33842,6,0,12 13,1,55,,33843,6,0,12 13,1,15,,33844,6,0,12 13,1,15,,33845,6,0,12 13,1,15,,33846,6,0,12 13,1,55,,33847,6,0,12 13,1,15,,33848,6,0,12 13,1,15,,33849,6,0,12 13,1,15,,33850,6,0,12 13,1,55,,33851,6,0,12 13,1,15,,33852,6,0,12 13,1,15,,33853,6,0,12 13,1,15,,33854,6,0,12 13,1,55,,33855,6,0,12 13,1,15,,33856,6,0,12 13,1,15,,33857,6,0,12 13,1,13,,33858,6,0,12 13,1,52,,33859,6,0,12 13,1,12,,33860,6,0,12 13,1,12,,33861,6,0,12 13,1,12,,33862,6,0,12 13,1,12,,33863,6,0,12 13,1,52,,33864,6,0,12 13,1,12,,33865,6,0,12 13,1,12,,33866,6,0,12 13,1,12,,33867,6,0,12 13,1,12,,33868,6,0,12 13,1,52,,33869,6,0,12 13,1,12,,33870,6,0,12 13,1,12,,33871,6,0,12 13,1,12,,33872,6,0,12 13,1,12,,33873,6,0,12 13,1,52,,33874,6,0,12 13,1,12,,33875,6,0,12 13,1,12,,33876,6,0,12 13,1,12,,33877,6,0,12 13,1,12,,33878,6,0,12 13,1,52,,33879,6,0,12 13,1,12,,33880,6,0,12 13,1,17,,33881,6,0,12 13,1,15,,33882,6,0,12 13,1,55,,33883,6,0,12 13,1,15,,33884,6,0,12 13,1,15,,33885,6,0,12 13,1,15,,33886,6,0,12 13,1,55,,33887,6,0,12 13,1,15,,33888,6,0,12 13,1,15,,33889,6,0,12 13,1,15,,33890,6,0,12 13,1,55,,33891,6,0,12 13,1,15,,33892,6,0,12 13,1,15,,33893,6,0,12 13,1,15,,33894,6,0,12 13,1,55,,33895,6,0,12 13,1,15,,33896,6,0,12 13,1,15,,33897,6,0,12 13,1,15,,33898,6,0,12 13,1,55,,33899,6,0,12 13,1,15,,33823,6,0,12 13,1,15,,33822,6,0,12 13,1,15,,33821,6,0,12 13,1,55,,33820,6,0,12 13,1,15,,33819,6,0,12 13,1,15,,33818,6,0,12 13,1,15,,33817,6,0,12 13,1,55,,33816,6,0,12 13,1
18002201,'022R-Weekday-2-26-09',608,,33908,6,0,12 13,1,12,,33909,6,0,12 13,1,12,,33910,6,0,12 13,1,12,,33911,6,0,12 13,1,12,,33912,6,0,12 13,1,52,,33913,6,0,12 13,1,12,,33914,6,0,12 13,1,12,,33915,6,0,12 13,1,12,,33916,6,0,12 13,1,12,,33917,6,0,12 13,1,52,,33918,6,0,12 13,1,12,,33919,6,0,12 13,1,12,,33920,6,0,12 13,1,12,,33921,6,0,12 13,1,12,,33922,6,0,12 13,1,52,,33923,6,0,12 13,1,12,,33924,6,0,12 13,1,18,,33925,6,0,12 13,1,20,,33926,6,0,12 13,1,55,,33927,6,0,12 13,1,15,,33928,6,0,12 13,1,15,,33929,6,0,12 13,1,15,,33930,6,0,12 13,1,55,,33931,6,0,12 13,1,15,,33932,6,0,12 13,1,15,,33933,6,0,12 13,1,15,,33934,6,0,12 13,1,55,,33935,6,0,12 13,1,15,,33936,6,0,12 13,1,15,,33937,6,0,12 13,1,15,,33938,6,0,12 13,1,55,,33939,6,0,12 13,1,15,,33940,6,0,12 13,1,15,,33941,6,0,12 13,1,13,,33942,6,0,12 13,1,52,,33943,6,0,12 13,1,12,,33944,6,0,12 13,1,12,,33945,6,0,12 13,1,12,,33946,6,0,12 13,1,12,,33947,6,0,12 13,1,52,,33948,6,0,12 13,1,12,,33949,6,0,12 13,1,12,,33950,6,0,12 13,1,12,,33951,6,0,12 13,1,12,,33952,6,0,12 13,1,52,,33953,6,0,12 13,1,12,,33954,6,0,12 13,1,12,,33955,6,0,12 13,1,12,,33956,6,0,12 13,1,12,,33957,6,0,12 13,1,52,,33958,6,0,12 13,1,12,,33959,6,0,12 13,1,12,,33960,6,0,12 13,1,12,,33961,6,0,12 13,1,12,,33962,6,0,12 13,1,52,,33963,6,0,12 13,1,12,,33964,6,0,12 13,1,17,,33965,6,0,12 13,1,15,,33966,6,0,12 13,1,55,,33967,6,0,12 13,1,15,,33968,6,0,12 13,1,15,,33969,6,0,12 13,1,15,,33970,6,0,12 13,1,55,,33971,6,0,12 13,1,15,,33972,6,0,12 13,1,15,,33973,6,0,12 13,1,15,,33974,6,0,12 13,1,55,,33975,6,0,12 13,1,15,,33976,6,0,12 13,1,15,,33977,6,0,12 13,1,15,,33978,6,0,12 13,1,55,,33979,6,0,12 13,1,15,,33980,6,0,12 13,1,15,,33981,6,0,12 13,1,15,,33982,6,0,12 13,1,55,,33983,6,0,12 13,1,15,,33907,6,0,12 13,1,15,,33906,6,0,12 13,1,15,,33905,6,0,12 13,1,55,,33904,6,0,12 13,1,15,,33903,6,0,12 13,1,15,,33902,6,0,12 13,1,15,,33901,6,0,12 13,1,55,,33900,6,0,12 13,1
18002201,'022R-Weekday-3-26-09',608,,38338,6,0,12 13,1,12,,38339,6,0,12 13,1,12,,38340,6,0,12 13,1,12,,38341,6,0,12 13,1,12,,38342,6,0,12 13,1,52,,38343,6,0,12 13,1,12,,38344,6,0,12 13,1,12,,38345,6,0,12 13,1,12,,38346,6,0,12 13,1,12,,38347,6,0,12 13,1,52,,38348,6,0,12 13,1,12,,38349,6,0,12 13,1,12,,38350,6,0,12 13,1,12,,38351,6,0,12 13,1,12,,38352,6,0,12 13,1,52,,38353,6,0,12 13,1,12,,38354,6,0,12 13,1,18,,38355,6,0,12 13,1,20,,38356,6,0,12 13,1,55,,38357,6,0,12 13,1,15,,38358,6,0,12 13,1,15,,38359,6,0,12 13,1,15,,38360,6,0,12 13,1,55,,38361,6,0,12 13,1,15,,38362,6,0,12 13,1,15,,38363,6,0,12 13,1,15,,38364,6,0,12 13,1,55,,38365,6,0,12 13,1,15,,38366,6,0,12 13,1,15,,38367,6,0,12 13,1,15,,38368,6,0,12 13,1,55,,38369,6,0,12 13,1,15,,38370,6,0,12 13,1,15,,38371,6,0,12 13,1,13,,38372,6,0,12 13,1,52,,38373,6,0,12 13,1,12,,38374,6,0,12 13,1,12,,38375,6,0,12 13,1,12,,38376,6,0,12 13,1,12,,38377,6,0,12 13,1,52,,38378,6,0,12 13,1,12,,38379,6,0,12 13,1,12,,38380,6,0,12 13,1,12,,38381,6,0,12 13,1,12,,38382,6,0,12 13,1,52,,38383,6,0,12 13,1,12,,38384,6,0,12 13,1,12,,38385,6,0,12 13,1,12,,38386,6,0,12 13,1,12,,38387,6,0,12 13,1,52,,38388,6,0,12 13,1,12,,38389,6,0,12 13,1,12,,38390,6,0,12 13,1,12,,38391,6,0,12 13,1,12,,38392,6,0,12 13,1,52,,38393,6,0,12 13,1,12,,38394,6,0,12 13,1,17,,38395,6,0,12 13,1,15,,38396,6,0,12 13,1,55,,38397,6,0,12 13,1,15,,38398,6,0,12 13,1,15,,38399,6,0,12 13,1,15,,38400,6,0,12 13,1,55,,38401,6,0,12 13,1,15,,38402,6,0,12 13,1,15,,38403,6,0,12 13,1,15,,38404,6,0,12 13,1,55,,38405,6,0,12 13,1,15,,38406,6,0,12 13,1,15,,38407,6,0,12 13,1,15,,38408,6,0,12 13,1,55,,38409,6,0,12 13,1,15,,38410,6,0,12 13,1,15,,38411,6,0,12 13,1,15,,38412,6,0,12 13,1,55,,38413,6,0,12 13,1,15,,38337,6,0,12 13,1,15,,38336,6,0,12 13,1,15,,38335,6,0,12 13,1,55,,38334,6,0,12 13,1,15,,38333,6,0,12 13,1,15,,38332,6,0,12 13,1,15,,38331,6,0,12 13,1,55,,38330,6,0,12 13,1
18002201,'022R-Weekday-4-26-09',608,,33992,6,0,12 13,1,12,,33993,6,0,12 13,1,12,,33994,6,0,12 13,1,12,,33995,6,0,12 13,1,12,,33996,6,0,12 13,1,52,,33997,6,0,12 13,1,12,,33998,6,0,12 13,1,12,,33999,6,0,12 13,1,12,,34000,6,0,12 13,1,12,,34001,6,0,12 13,1,52,,34002,6,0,12 13,1,12,,34003,6,0,12 13,1,12,,34004,6,0,12 13,1,12,,34005,6,0,12 13,1,12,,34006,6,0,12 13,1,52,,34007,6,0,12 13,1,12,,34008,6,0,12 13,1,18,,34009,6,0,12 13,1,20,,34010,6,0,12 13,1,55,,34011,6,0,12 13,1,15,,34012,6,0,12 13,1,15,,34013,6,0,12 13,1,15,,34014,6,0,12 13,1,55,,34015,6,0,12 13,1,15,,34016,6,0,12 13,1,15,,34017,6,0,12 13,1,15,,34018,6,0,12 13,1,55,,34019,6,0,12 13,1,15,,34020,6,0,12 13,1,15,,34021,6,0,12 13,1,15,,34022,6,0,12 13,1,55,,34023,6,0,12 13,1,15,,34024,6,0,12 13,1,15,,34025,6,0,12 13,1,13,,34026,6,0,12 13,1,52,,34027,6,0,12 13,1,12,,34028,6,0,12 13,1,12,,34029,6,0,12 13,1,12,,34030,6,0,12 13,1,12,,34031,6,0,12 13,1,52,,34032,6,0,12 13,1,12,,34033,6,0,12 13,1,12,,34034,6,0,12 13,1,12,,34035,6,0,12 13,1,12,,34036,6,0,12 13,1,52,,34037,6,0,12 13,1,12,,34038,6,0,12 13,1,12,,34039,6,0,12 13,1,12,,34040,6,0,12 13,1,12,,34041,6,0,12 13,1,52,,34042,6,0,12 13,1,12,,34043,6,0,12 13,1,12,,34044,6,0,12 13,1,12,,34045,6,0,12 13,1,12,,34046,6,0,12 13,1,52,,34047,6,0,12 13,1,12,,34048,6,0,12 13,1,17,,34049,6,0,12 13,1,15,,34050,6,0,12 13,1,55,,34051,6,0,12 13,1,15,,34052,6,0,12 13,1,15,,34053,6,0,12 13,1,15,,34054,6,0,12 13,1,55,,34055,6,0,12 13,1,15,,34056,6,0,12 13,1,15,,34057,6,0,12 13,1,15,,34058,6,0,12 13,1,55,,34059,6,0,12 13,1,15,,34060,6,0,12 13,1,15,,34061,6,0,12 13,1,15,,34062,6,0,12 13,1,55,,34063,6,0,12 13,1,15,,34064,6,0,12 13,1,15,,34065,6,0,12 13,1,15,,34066,6,0,12 13,1,55,,34067,6,0,12 13,1,15,,33991,6,0,12 13,1,15,,33990,6,0,12 13,1,15,,33989,6,0,12 13,1,55,,33988,6,0,12 13,1,15,,33987,6,0,12 13,1,15,,33986,6,0,12 13,1,15,,33985,6,0,12 13,1,55,,33984,6,0,12 13,1
18002201,'022R-Weekday-5-26-09',608,,38422,6,0,12 13,1,12,,38423,6,0,12 13,1,12,,38424,6,0,12 13,1,12,,38425,6,0,12 13,1,12,,38426,6,0,12 13,1,52,,38427,6,0,12 13,1,12,,38428,6,0,12 13,1,12,,38429,6,0,12 13,1,12,,38430,6,0,12 13,1,12,,38431,6,0,12 13,1,52,,38432,6,0,12 13,1,12,,38433,6,0,12 13,1,12,,38434,6,0,12 13,1,12,,38435,6,0,12 13,1,12,,38436,6,0,12 13,1,52,,38437,6,0,12 13,1,12,,38438,6,0,12 13,1,18,,38439,6,0,12 13,1,20,,38440,6,0,12 13,1,55,,38441,6,0,12 13,1,15,,38442,6,0,12 13,1,15,,38443,6,0,12 13,1,15,,38444,6,0,12 13,1,55,,38445,6,0,12 13,1,15,,38446,6,0,12 13,1,15,,38447,6,0,12 13,1,15,,38448,6,0,12 13,1,55,,38449,6,0,12 13,1,15,,38450,6,0,12 13,1,15,,38451,6,0,12 13,1,15,,38452,6,0,12 13,1,55,,38453,6,0,12 13,1,15,,38454,6,0,12 13,1,15,,38455,6,0,12 13,1,13,,38456,6,0,12 13,1,52,,38457,6,0,12 13,1,12,,38458,6,0,12 13,1,12,,38459,6,0,12 13,1,12,,38460,6,0,12 13,1,12,,38461,6,0,12 13,1,52,,38462,6,0,12 13,1,12,,38463,6,0,12 13,1,12,,38464,6,0,12 13,1,12,,38465,6,0,12 13,1,12,,38466,6,0,12 13,1,52,,38467,6,0,12 13,1,12,,38468,6,0,12 13,1,12,,38469,6,0,12 13,1,12,,38470,6,0,12 13,1,12,,38471,6,0,12 13,1,52,,38472,6,0,12 13,1,12,,38473,6,0,12 13,1,12,,38474,6,0,12 13,1,12,,38475,6,0,12 13,1,12,,38476,6,0,12 13,1,52,,38477,6,0,12 13,1,12,,38478,6,0,12 13,1,17,,38479,6,0,12 13,1,15,,38480,6,0,12 13,1,55,,38481,6,0,12 13,1,15,,38482,6,0,12 13,1,15,,38483,6,0,12 13,1,15,,38484,6,0,12 13,1,55,,38485,6,0,12 13,1,15,,38486,6,0,12 13,1,15,,38487,6,0,12 13,1,15,,38488,6,0,12 13,1,55,,38489,6,0,12 13,1,15,,38490,6,0,12 13,1,15,,38491,6,0,12 13,1,15,,38492,6,0,12 13,1,55,,38493,6,0,12 13,1,15,,38494,6,0,12 13,1,15,,38495,6,0,12 13,1,15,,38496,6,0,12 13,1,55,,38497,6,0,12 13,1,15,,38421,6,0,12 13,1,15,,38420,6,0,12 13,1,15,,38419,6,0,12 13,1,55,,38418,6,0,12 13,1,15,,38417,6,0,12 13,1,15,,38416,6,0,12 13,1,15,,38415,6,0,12 13,1,55,,38414,6,0,12 13,1
18002201,'022R-Weekday-6-26-09',608,,38506,6,0,12 13,1,12,,38507,6,0,12 13,1,12,,38508,6,0,12 13,1,12,,38509,6,0,12 13,1,12,,38510,6,0,12 13,1,52,,38511,6,0,12 13,1,12,,38512,6,0,12 13,1,12,,38513,6,0,12 13,1,12,,38514,6,0,12 13,1,12,,38515,6,0,12 13,1,52,,38516,6,0,12 13,1,12,,38517,6,0,12 13,1,12,,38518,6,0,12 13,1,12,,38519,6,0,12 13,1,12,,38520,6,0,12 13,1,52,,38521,6,0,12 13,1,12,,38522,6,0,12 13,1,18,,38523,6,0,12 13,1,20,,38524,6,0,12 13,1,55,,38525,6,0,12 13,1,15,,38526,6,0,12 13,1,15,,38527,6,0,12 13,1,15,,38528,6,0,12 13,1,55,,38529,6,0,12 13,1,15,,38530,6,0,12 13,1,15,,38531,6,0,12 13,1,15,,38532,6,0,12 13,1,55,,38533,6,0,12 13,1,15,,38534,6,0,12 13,1,15,,38535,6,0,12 13,1,15,,38536,6,0,12 13,1,55,,38537,6,0,12 13,1,15,,38538,6,0,12 13,1,15,,38539,6,0,12 13,1,13,,38540,6,0,12 13,1,52,,38541,6,0,12 13,1,12,,38542,6,0,12 13,1,12,,38543,6,0,12 13,1,12,,38544,6,0,12 13,1,12,,38545,6,0,12 13,1,52,,38546,6,0,12 13,1,12,,38547,6,0,12 13,1,12,,38548,6,0,12 13,1,12,,38549,6,0,12 13,1,12,,38550,6,0,12 13,1,52,,38551,6,0,12 13,1,12,,38552,6,0,12 13,1,12,,38553,6,0,12 13,1,12,,38554,6,0,12 13,1,12,,38555,6,0,12 13,1,52,,38556,6,0,12 13,1,12,,38557,6,0,12 13,1,12,,38558,6,0,12 13,1,12,,38559,6,0,12 13,1,12,,38560,6,0,12 13,1,52,,38561,6,0,12 13,1,12,,38562,6,0,12 13,1,17,,38563,6,0,12 13,1,15,,38564,6,0,12 13,1,55,,38565,6,0,12 13,1,15,,38566,6,0,12 13,1,15,,38567,6,0,12 13,1,15,,38568,6,0,12 13,1,55,,38569,6,0,12 13,1,15,,38570,6,0,12 13,1,15,,38571,6,0,12 13,1,15,,38572,6,0,12 13,1,55,,38573,6,0,12 13,1,15,,38574,6,0,12 13,1,15,,38575,6,0,12 13,1,15,,38576,6,0,12 13,1,55,,38577,6,0,12 13,1,15,,38578,6,0,12 13,1,15,,38579,6,0,12 13,1,15,,38580,6,0,12 13,1,55,,38581,6,0,12 13,1,15,,38505,6,0,12 13,1,15,,38504,6,0,12 13,1,15,,38503,6,0,12 13,1,55,,38502,6,0,12 13,1,15,,38501,6,0,12 13,1,15,,38500,6,0,12 13,1,15,,38499,6,0,12 13,1,55,,38498,6,0,12 13,1
18002201,'022R-Weekday-7-26-09',608,,38590,6,0,12 13,1,12,,38591,6,0,12 13,1,12,,38592,6,0,12 13,1,12,,38593,6,0,12 13,1,12,,38594,6,0,12 13,1,52,,38595,6,0,12 13,1,12,,38596,6,0,12 13,1,12,,38597,6,0,12 13,1,12,,38598,6,0,12 13,1,12,,38599,6,0,12 13,1,52,,38600,6,0,12 13,1,12,,38601,6,0,12 13,1,12,,38602,6,0,12 13,1,12,,38603,6,0,12 13,1,12,,38604,6,0,12 13,1,52,,38605,6,0,12 13,1,12,,38606,6,0,12 13,1,18,,38607,6,0,12 13,1,20,,38608,6,0,12 13,1,55,,38609,6,0,12 13,1,15,,38610,6,0,12 13,1,15,,38611,6,0,12 13,1,15,,38612,6,0,12 13,1,55,,38613,6,0,12 13,1,15,,38614,6,0,12 13,1,15,,38615,6,0,12 13,1,15,,38616,6,0,12 13,1,55,,38617,6,0,12 13,1,15,,38618,6,0,12 13,1,15,,38619,6,0,12 13,1,15,,38620,6,0,12 13,1,55,,38621,6,0,12 13,1,15,,38622,6,0,12 13,1,15,,38623,6,0,12 13,1,13,,38624,6,0,12 13,1,52,,38625,6,0,12 13,1,12,,38626,6,0,12 13,1,12,,38627,6,0,12 13,1,12,,38628,6,0,12 13,1,12,,38629,6,0,12 13,1,52,,38630,6,0,12 13,1,12,,38631,6,0,12 13,1,12,,38632,6,0,12 13,1,12,,38633,6,0,12 13,1,12,,38634,6,0,12 13,1,52,,38635,6,0,12 13,1,12,,38636,6,0,12 13,1,12,,38637,6,0,12 13,1,12,,38638,6,0,12 13,1,12,,38639,6,0,12 13,1,52,,38640,6,0,12 13,1,12,,38641,6,0,12 13,1,12,,38642,6,0,12 13,1,12,,38643,6,0,12 13,1,12,,38644,6,0,12 13,1,52,,38645,6,0,12 13,1,12,,38646,6,0,12 13,1,17,,38647,6,0,12 13,1,15,,38648,6,0,12 13,1,55,,38649,6,0,12 13,1,15,,38650,6,0,12 13,1,15,,38651,6,0,12 13,1,15,,38652,6,0,12 13,1,55,,38653,6,0,12 13,1,15,,38654,6,0,12 13,1,15,,38655,6,0,12 13,1,15,,38656,6,0,12 13,1,55,,38657,6,0,12 13,1,15,,38658,6,0,12 13,1,15,,38659,6,0,12 13,1,15,,38660,6,0,12 13,1,55,,38661,6,0,12 13,1,15,,38662,6,0,12 13,1,15,,38663,6,0,12 13,1,15,,38664,6,0,12 13,1,55,,38665,6,0,12 13,1,15,,38589,6,0,12 13,1,15,,38588,6,0,12 13,1,15,,38587,6,0,12 13,1,55,,38586,6,0,12 13,1,15,,38585,6,0,12 13,1,15,,38584,6,0,12 13,1,15,,38583,6,0,12 13,1,55,,38582,6,0,12 13,1
18002201,'022R-Saturday-1-26-09',606,,34068,6,0,12 13,1,15,,34069,6,0,12 13,1,15,,34070,6,0,12 13,1,15,,34071,6,0,12 13,1,55,,34072,6,0,12 13,1,15,,34073,6,0,12 13,1,15,,34074,6,0,12 13,1,15,,34075,6,0,12 13,1,55,,34076,6,0,12 13,1,15,,34077,6,0,12 13,1,15,,34078,6,0,12 13,1,15,,34079,6,0,12 13,1,55,,34080,6,0,12 13,1,15,,34081,6,0,12 13,1,15,,34082,6,0,12 13,1,15,,34083,6,0,12 13,1,55,,34084,6,0,12 13,1,15,,34085,6,0,12 13,1,15,,34086,6,0,12 13,1,15,,34087,6,0,12 13,1,55,,34088,6,0,12 13,1,15,,34089,6,0,12 13,1,15,,34090,6,0,12 13,1,15,,34091,6,0,12 13,1,55,,34092,6,0,12 13,1,15,,34093,6,0,12 13,1,15,,34094,6,0,12 13,1,15,,34095,6,0,12 13,1,55,,34096,6,0,12 13,1,15,,34097,6,0,12 13,1,15,,34098,6,0,12 13,1,15,,34099,6,0,12 13,1,55,,34100,6,0,12 13,1,15,,34101,6,0,12 13,1,15,,34102,6,0,12 13,1,15,,34103,6,0,12 13,1,55,,34104,6,0,12 13,1,15,,34105,6,0,12 13,1,15,,34106,6,0,12 13,1,15,,34107,6,0,12 13,1,55,,34108,6,0,12 13,1,15,,34109,6,0,12 13,1,15,,34110,6,0,12 13,1,15,,34111,6,0,12 13,1,55,,34112,6,0,12 13,1,15,,34113,6,0,12 13,1,15,,34114,6,0,12 13,1,15,,34115,6,0,12 13,1,55,,34116,6,0,12 13,1,15,,34117,6,0,12 13,1,15,,34118,6,0,12 13,1,15,,34119,6,0,12 13,1,55,,34120,6,0,12 13,1,15,,34121,6,0,12 13,1,15,,34122,6,0,12 13,1,15,,34123,6,0,12 13,1,55,,34124,6,0,12 13,1,15,,34125,6,0,12 13,1,15,,34126,6,0,12 13,1,15,,34127,6,0,12 13,1,55,,34128,6,0,12 13,1,15,,34129,6,0,12 13,1,15,,34130,6,0,12 13,1,15,,34131,6,0,12 13,1,55,,34132,6,0,12 13,1,15,,34133,6,0,12 13,1,15,,34134,6,0,12 13,1,15,,34135,6,0,12 13,1,55,,34136,6,0,12 13,1,15,,34137,6,0,12 13,1,15,,34138,6,0,12 13,1,15,,34139,6,0,12 13,1,55,,34140,6,0,12 13,1,15,,34141,6,0,12 13,1,15,,34142,6,0,12 13,1,15,,34143,6,0,12 13,1,55,,34144,6,0,12 13,1
18002201,'022R-Saturday-2-26-09',524,,38744,3,,,1,15,,38743,3,,,1,15,,38666,6,,,1,55,,38667,6,,,1,15,,38668,6,,,1,15,,38669,6,,,1,15,,38670,6,,,1,55,,38671,6,,,1,15,,38672,6,,,1,15,,38673,6,,,1,15,,38674,6,,,1,55,,38675,6,,,1,15,,38676,6,,,1,15,,38677,6,,,1,15,,38678,6,,,1,55,,38679,6,,,1,15,,38680,6,,,1,15,,38681,6,,,1,15,,38682,6,,,1,55,,38683,6,,,1,15,,38684,6,,,1,15,,38685,6,,,1,15,,38686,6,,,1,55,,38687,6,,,1,15,,38688,6,,,1,15,,38689,6,,,1,15,,38690,6,,,1,55,,38691,6,,,1,15,,38692,6,,,1,15,,38693,6,,,1,15,,38694,6,,,1,55,,38695,6,,,1,15,,38696,6,,,1,15,,38697,6,,,1,15,,38698,6,,,1,55,,38699,6,,,1,15,,38700,6,,,1,15,,38701,6,,,1,15,,38702,6,,,1,55,,38703,6,,,1,15,,38704,6,,,1,15,,38705,6,,,1,15,,38706,6,,,1,55,,38707,6,,,1,15,,38708,6,,,1,15,,38709,6,,,1,15,,38710,6,,,1,55,,38711,6,,,1,15,,38712,6,,,1,15,,38713,6,,,1,15,,38714,6,,,1,55,,38715,6,,,1,15,,38716,6,,,1,15,,38717,6,,,1,15,,38718,6,,,1,55,,38719,6,,,1,15,,38720,6,,,1,15,,38721,6,,,1,15,,38722,6,,,1,55,,38723,6,,,1,15,,38724,6,,,1,15,,38725,6,,,1,15,,38726,6,,,1,55,,38727,6,,,1,15,,38728,6,,,1,15,,38729,6,,,1,15,,38730,6,,,1,55,,38731,6,,,1,15,,38732,6,,,1,15,,38733,6,,,1,15,,38734,6,,,1,55,,38735,6,,,1,15,,38736,6,,,1,15,,38737,6,,,1,15,,38738,6,,,1,55,,38739,6,,,1,15,,38740,6,,,1,15,,38741,6,,,1,15,,38742,6,,,1
18002201,'022R-Saturday-3-26-09',601,,38745,6,0,9 11,1,15,,38746,6,0,9 11,1,15,,38747,6,0,9 11,1,15,,38748,6,0,9 11,1,55,,38749,6,0,9 11,1,15,,38750,6,0,9 11,1,15,,38751,6,0,9 11,1,15,,38752,6,0,9 11,1,55,,38753,6,0,9 11,1,15,,38754,6,0,9 11,1,15,,38755,6,0,9 11,1,15,,38756,6,0,9 11,1,55,,38757,6,0,9 11,1,15,,38758,6,0,9 11,1,15,,38759,6,0,9 11,1,15,,38760,6,0,9 11,1,55,,38761,6,0,9 11,1,15,,38762,6,0,9 11,1,15,,38763,6,0,9 11,1,15,,38764,6,0,9 11,1,55,,38765,6,0,9 11,1,15,,38766,6,0,9 11,1,15,,38767,6,0,9 11,1,15,,38768,6,0,9 11,1,55,,38769,6,0,9 11,1,15,,38770,6,0,9 11,1,15,,38771,6,0,9 11,1,15,,38772,6,0,9 11,1,55,,38773,6,0,9 11,1,15,,38774,6,0,9 11,1,15,,38775,6,0,9 11,1,15,,38776,6,0,9 11,1,55,,38777,6,0,9 11,1,15,,38778,6,0,9 11,1,15,,38779,6,0,9 11,1,15,,38780,6,0,9 11,1,55,,38781,6,0,9 11,1,15,,38782,6,0,9 11,1,15,,38783,6,0,9 11,1,15,,38784,6,0,9 11,1,55,,38785,6,0,9 11,1,15,,38786,6,0,9 11,1,15,,38787,6,0,9 11,1,15,,38788,6,0,9 11,1,55,,38789,6,0,9 11,1,15,,38790,6,0,9 11,1,15,,38791,6,0,9 11,1,15,,38792,6,0,9 11,1,55,,38793,6,0,9 11,1,15,,38794,6,0,9 11,1,15,,38795,6,0,9 11,1,15,,38796,6,0,9 11,1,55,,38797,6,0,9 11,1,15,,38798,6,0,9 11,1,15,,38799,6,0,9 11,1,15,,38800,6,0,9 11,1,55,,38801,6,0,9 11,1,15,,38802,6,0,9 11,1,15,,38803,6,0,9 11,1,15,,38804,6,0,9 11,1,55,,38805,6,0,9 11,1,15,,38806,6,0,9 11,1,15,,38807,6,0,9 11,1,15,,38808,6,0,9 11,1,55,,38809,6,0,9 11,1,15,,38810,6,0,9 11,1,15,,38811,6,0,9 11,1,15,,38812,6,0,9 11,1,55,,38813,6,0,9 11,1,15,,38814,6,0,9 11,1,15,,38815,6,0,9 11,1,15,,38816,6,0,9 11,1,55,,38817,6,0,9 11,1,15,,38818,6,0,9 11,1,15,,38819,6,0,9 11,1,15,,38820,6,0,9 11,1,55,,38821,6,0,9 11,1
18002201,'022R-Saturday-4-26-09',614,,38856,6,0,9 11,1,15,,38857,6,0,9 11,1,15,,38858,6,0,9 11,1,15,,38859,6,0,9 11,1,55,,38860,6,0,9 11,1,15,,38861,6,0,9 11,1,15,,38862,6,0,9 11,1,15,,38863,6,0,9 11,1,55,,38864,6,0,9 11,1,15,,38865,6,0,9 11,1,15,,38866,6,0,9 11,1,15,,38867,6,0,9 11,1,55,,38868,6,0,9 11,1,15,,38869,6,0,9 11,1,15,,38870,6,0,9 11,1,15,,38871,6,0,9 11,1,55,,38872,6,0,9 11,1,15,,38873,6,0,9 11,1,15,,38874,6,0,9 11,1,15,,38875,6,0,9 11,1,55,,38876,6,0,9 11,1,15,,38877,6,0,9 11,1,15,,38878,6,0,9 11,1,15,,38879,6,0,9 11,1,55,,38880,6,0,9 11,1,15,,38881,6,0,9 11,1,15,,38882,6,0,9 11,1,15,,38883,6,0,9 11,1,55,,38884,6,0,9 11,1,15,,38885,6,0,9 11,1,15,,38886,6,0,9 11,1,15,,38887,6,0,9 11,1,55,,38888,6,0,9 11,1,15,,38889,6,0,9 11,1,15,,38890,6,0,9 11,1,15,,38891,6,0,9 11,1,55,,38892,6,0,9 11,1,15,,38893,6,0,9 11,1,15,,38894,6,0,9 11,1,15,,38895,6,0,9 11,1,50,,38898,6,0,12 13,1,15,,38897,6,0,12 13,1,15,,38896,6,0,12 13,1,12,,38822,6,0,12 13,1,55,,38823,6,0,12 13,1,15,,38824,6,0,12 13,1,15,,38825,6,0,12 13,1,15,,38826,6,0,12 13,1,55,,38827,6,0,12 13,1,15,,38828,6,0,12 13,1,15,,38829,6,0,12 13,1,15,,38830,6,0,12 13,1,55,,38831,6,0,12 13,1,15,,38832,6,0,12 13,1,15,,38833,6,0,12 13,1,15,,38834,6,0,12 13,1,55,,38835,6,0,12 13,1,15,,38836,6,0,12 13,1,15,,38837,6,0,12 13,1,15,,38838,6,0,12 13,1,55,,38839,6,0,12 13,1,15,,38840,6,0,12 13,1,15,,38841,6,0,12 13,1,15,,38842,6,0,12 13,1,55,,38843,6,0,12 13,1,15,,38844,6,0,12 13,1,15,,38845,6,0,12 13,1,15,,38846,6,0,12 13,1,55,,38847,6,0,12 13,1,15,,38848,6,0,12 13,1,15,,38849,6,0,12 13,1,15,,38850,6,0,12 13,1,55,,38851,6,0,12 13,1,15,,38852,6,0,12 13,1,15,,38853,6,0,12 13,1,15,,38854,6,0,12 13,1,55,,38855,6,0,12 13,1
18002201,'022R-Sunday-1-26-09',621,,34145,6,0,12 13,1,15,,34146,6,0,12 13,1,15,,34147,6,0,12 13,1,55,,34148,6,0,12 13,1,15,,34149,6,0,12 13,1,15,,34150,6,0,12 13,1,15,,34151,6,0,12 13,1,55,,34152,6,0,12 13,1,15,,34153,6,0,12 13,1,15,,34154,6,0,12 13,1,15,,34155,6,0,12 13,1,55,,34156,6,0,12 13,1,15,,34157,6,0,12 13,1,15,,34158,6,0,12 13,1,15,,34159,6,0,12 13,1,55,,34160,6,0,12 13,1,15,,34161,6,0,12 13,1,15,,34162,6,0,12 13,1,15,,34163,6,0,12 13,1,55,,34164,6,0,12 13,1,15,,34165,6,0,12 13,1,15,,34166,6,0,12 13,1,15,,34167,6,0,12 13,1,55,,34168,6,0,12 13,1,15,,34169,6,0,12 13,1,15,,34170,6,0,12 13,1,15,,34171,6,0,12 13,1,55,,34172,6,0,12 13,1,15,,34173,6,0,12 13,1,15,,34174,6,0,12 13,1,15,,34175,6,0,12 13,1,55,,34176,6,0,12 13,1,15,,34177,6,0,12 13,1,15,,34178,6,0,12 13,1,15,,34179,6,0,12 13,1,55,,34180,6,0,12 13,1,15,,34181,6,0,12 13,1,15,,34182,6,0,12 13,1,15,,34183,6,0,12 13,1,55,,34184,6,0,12 13,1,15,,34185,6,0,12 13,1,15,,34186,6,0,12 13,1,15,,34187,6,0,12 13,1,55,,34188,6,0,12 13,1,15,,34189,6,0,12 13,1,15,,34190,6,0,12 13,1,15,,34191,6,0,12 13,1,55,,34192,6,0,12 13,1,15,,34193,6,0,12 13,1,15,,34194,6,0,12 13,1,15,,34195,6,0,12 13,1,55,,34196,6,0,12 13,1,15,,34197,6,0,12 13,1,15,,34198,6,0,12 13,1,15,,34199,6,0,12 13,1,55,,34200,6,0,12 13,1,15,,34201,6,0,12 13,1,15,,34202,6,0,12 13,1,15,,34203,6,0,12 13,1,55,,34204,6,0,12 13,1,15,,34205,6,0,12 13,1,15,,34206,6,0,12 13,1,15,,34207,6,0,12 13,1,55,,34208,6,0,12 13,1,15,,34209,6,0,12 13,1,15,,34210,6,0,12 13,1,15,,34211,6,0,12 13,1,55,,34212,6,0,12 13,1,15,,34213,6,0,12 13,1,15,,34214,6,0,12 13,1,15,,34215,6,0,12 13,1,55,,34216,6,0,12 13,1
18002201,'022R-Sunday-2-26-09',554,,38901,3,,,1,55,,38900,3,,,1,15,,38903,6,,,1,15,,38904,6,,,1,15,,38905,6,,,1,55,,38906,6,,,1,15,,38907,6,,,1,15,,38908,6,,,1,15,,38909,6,,,1,55,,38910,6,,,1,15,,38911,6,,,1,15,,38912,6,,,1,15,,38913,6,,,1,55,,38914,6,,,1,15,,38915,6,,,1,15,,38916,6,,,1,15,,38917,6,,,1,55,,38918,6,,,1,15,,38919,6,,,1,15,,38920,6,,,1,15,,38921,6,,,1,55,,38922,6,,,1,15,,38923,6,,,1,15,,38924,6,,,1,15,,38925,6,,,1,55,,38926,6,,,1,15,,38927,6,,,1,15,,38928,6,,,1,15,,38929,6,,,1,55,,38930,6,,,1,15,,38931,6,,,1,15,,38932,6,,,1,15,,38933,6,,,1,55,,38934,6,,,1,15,,38935,6,,,1,15,,38936,6,,,1,15,,38937,6,,,1,55,,38938,6,,,1,15,,38939,6,,,1,15,,38940,6,,,1,15,,38941,6,,,1,55,,38942,6,,,1,15,,38943,6,,,1,15,,38944,6,,,1,15,,38945,6,,,1,55,,38946,6,,,1,15,,38947,6,,,1,15,,38948,6,,,1,15,,38949,6,,,1,55,,38950,6,,,1,15,,38951,6,,,1,15,,38952,6,,,1,15,,38953,6,,,1,55,,38954,6,,,1,15,,38955,6,,,1,15,,38956,6,,,1,15,,38957,6,,,1,55,,38958,6,,,1,15,,38959,6,,,1,15,,38960,6,,,1,15,,38961,6,,,1,55,,38962,6,,,1,15,,38963,6,,,1,15,,38964,6,,,1,15,,38965,6,,,1,55,,38966,6,,,1,15,,38967,6,,,1,15,,38968,6,,,1,15,,38969,6,,,1,55,,38970,6,,,1,15,,38971,6,,,1,15,,38902,6,,,1,15,,38899,6,,,1
18002201,'022R-Sunday-3-26-09',631,,38972,6,0,9 11,1,15,,38973,6,0,9 11,1,55,,38974,6,0,9 11,1,15,,38975,6,0,9 11,1,15,,38976,6,0,9 11,1,15,,38977,6,0,9 11,1,55,,38978,6,0,9 11,1,15,,38979,6,0,9 11,1,15,,38980,6,0,9 11,1,15,,38981,6,0,9 11,1,55,,38982,6,0,9 11,1,15,,38983,6,0,9 11,1,15,,38984,6,0,9 11,1,15,,38985,6,0,9 11,1,55,,38986,6,0,9 11,1,15,,38987,6,0,9 11,1,15,,38988,6,0,9 11,1,15,,38989,6,0,9 11,1,55,,38990,6,0,9 11,1,15,,38991,6,0,9 11,1,15,,38992,6,0,9 11,1,15,,38993,6,0,9 11,1,55,,38994,6,0,9 11,1,15,,38995,6,0,9 11,1,15,,38996,6,0,9 11,1,15,,38997,6,0,9 11,1,55,,38998,6,0,9 11,1,15,,38999,6,0,9 11,1,15,,39000,6,0,9 11,1,15,,39001,6,0,9 11,1,55,,39002,6,0,9 11,1,15,,39003,6,0,9 11,1,15,,39004,6,0,9 11,1,15,,39005,6,0,9 11,1,55,,39006,6,0,9 11,1,15,,39007,6,0,9 11,1,15,,39008,6,0,9 11,1,15,,39009,6,0,9 11,1,55,,39010,6,0,9 11,1,15,,39011,6,0,9 11,1,15,,39012,6,0,9 11,1,15,,39013,6,0,9 11,1,55,,39014,6,0,9 11,1,15,,39015,6,0,9 11,1,15,,39016,6,0,9 11,1,15,,39017,6,0,9 11,1,55,,39018,6,0,9 11,1,15,,39019,6,0,9 11,1,15,,39020,6,0,9 11,1,15,,39021,6,0,9 11,1,55,,39022,6,0,9 11,1,15,,39023,6,0,9 11,1,15,,39024,6,0,9 11,1,15,,39025,6,0,9 11,1,55,,39026,6,0,9 11,1,15,,39027,6,0,9 11,1,15,,39028,6,0,9 11,1,15,,39029,6,0,9 11,1,55,,39030,6,0,9 11,1,15,,39031,6,0,9 11,1,15,,39032,6,0,9 11,1,15,,39033,6,0,9 11,1,55,,39034,6,0,9 11,1,15,,39035,6,0,9 11,1,15,,39036,6,0,9 11,1,15,,39037,6,0,9 11,1,55,,39038,6,0,9 11,1,15,,39039,6,0,9 11,1,15,,39040,6,0,9 11,1,15,,39041,6,0,9 11,1,55,,39042,6,0,9 11,1,15,,39043,6,0,9 11,1
18002201,'022R-Sunday-5-26-09',631,,39044,6,0,9 11,1,15,,39045,6,0,9 11,1,55,,39046,6,0,9 11,1,15,,39047,6,0,9 11,1,15,,39048,6,0,9 11,1,15,,39049,6,0,9 11,1,55,,39050,6,0,9 11,1,15,,39051,6,0,9 11,1,15,,39052,6,0,9 11,1,15,,39053,6,0,9 11,1,55,,39054,6,0,9 11,1,15,,39055,6,0,9 11,1,15,,39056,6,0,9 11,1,15,,39057,6,0,9 11,1,55,,39058,6,0,9 11,1,15,,39059,6,0,9 11,1,15,,39060,6,0,9 11,1,15,,39061,6,0,9 11,1,55,,39062,6,0,9 11,1,15,,39063,6,0,9 11,1,15,,39064,6,0,9 11,1,15,,39065,6,0,9 11,1,55,,39066,6,0,9 11,1,15,,39067,6,0,9 11,1,15,,39068,6,0,9 11,1,15,,39069,6,0,9 11,1,55,,39070,6,0,9 11,1,15,,39071,6,0,9 11,1,15,,39072,6,0,9 11,1,15,,39073,6,0,9 11,1,55,,39074,6,0,9 11,1,15,,39075,6,0,9 11,1,15,,39076,6,0,9 11,1,15,,39077,6,0,9 11,1,55,,39078,6,0,9 11,1,15,,39079,6,0,9 11,1,15,,39080,6,0,9 11,1,15,,39081,6,0,9 11,1,55,,39082,6,0,9 11,1,15,,39083,6,0,9 11,1,15,,39084,6,0,9 11,1,15,,39085,6,0,9 11,1,55,,39086,6,0,9 11,1,15,,39087,6,0,9 11,1,15,,39088,6,0,9 11,1,15,,39089,6,0,9 11,1,55,,39090,6,0,9 11,1,15,,39091,6,0,9 11,1,15,,39092,6,0,9 11,1,15,,39093,6,0,9 11,1,55,,39094,6,0,9 11,1,15,,39095,6,0,9 11,1,15,,39096,6,0,9 11,1,15,,39097,6,0,9 11,1,55,,39098,6,0,9 11,1,15,,39099,6,0,9 11,1,15,,39100,6,0,9 11,1,15,,39101,6,0,9 11,1,55,,39102,6,0,9 11,1,15,,39103,6,0,9 11,1,15,,39104,6,0,9 11,1,15,,39105,6,0,9 11,1,55,,39106,6,0,9 11,1,15,,39107,6,0,9 11,1,15,,39108,6,0,9 11,1,15,,39109,6,0,9 11,1,55,,39110,6,0,9 11,1,15,,39111,6,0,9 11,1,15,,39112,6,0,9 11,1,15,,39113,6,0,9 11,1,55,,39114,6,0,9 11,1,15,,39115,6,0,9 11,1
18002201,'022R-Sunday-6-26-09',624,,39140,6,0,9 11,1,15,,39141,6,0,9 11,1,15,,39142,6,0,9 11,1,55,,39143,6,0,9 11,1,15,,39144,6,0,9 11,1,15,,39145,6,0,9 11,1,15,,39146,6,0,9 11,1,55,,39147,6,0,9 11,1,15,,39148,6,0,9 11,1,15,,39149,6,0,9 11,1,15,,39150,6,0,9 11,1,55,,39151,6,0,9 11,1,15,,39152,6,0,9 11,1,15,,39153,6,0,9 11,1,15,,39154,6,0,9 11,1,55,,39155,6,0,9 11,1,15,,39156,6,0,9 11,1,15,,39157,6,0,9 11,1,15,,39158,6,0,9 11,1,55,,39159,6,0,9 11,1,15,,39160,6,0,9 11,1,15,,39161,6,0,9 11,1,15,,39162,6,0,9 11,1,55,,39163,6,0,9 11,1,15,,39164,6,0,9 11,1,15,,39165,6,0,9 11,1,15,,39166,6,0,9 11,1,55,,39167,6,0,9 11,1,15,,39168,6,0,9 11,1,15,,39169,6,0,9 11,1,15,,39170,6,0,9 11,1,55,,39171,6,0,9 11,1,15,,39172,6,0,9 11,1,15,,39173,6,0,9 11,1,15,,39174,6,0,9 11,1,55,,39175,6,0,9 11,1,15,,39176,6,0,9 11,1,15,,39177,6,0,9 11,1,15,,39178,6,0,9 11,1,55,,39179,6,0,9 11,1,15,,39180,6,0,9 11,1,15,,39181,6,0,9 11,1,15,,39182,6,0,9 11,1,55,,39183,6,0,9 11,1,15,,39184,6,0,9 11,1,15,,39185,6,0,9 11,1,15,,39186,6,0,9 11,1,55,,39187,6,0,9 11,1,12,,39116,6,0,12 13,1,15,,39117,6,0,12 13,1,15,,39118,6,0,12 13,1,55,,39119,6,0,12 13,1,15,,39120,6,0,12 13,1,15,,39121,6,0,12 13,1,15,,39122,6,0,12 13,1,55,,39123,6,0,12 13,1,15,,39124,6,0,12 13,1,15,,39125,6,0,12 13,1,15,,39126,6,0,12 13,1,55,,39127,6,0,12 13,1,15,,39128,6,0,12 13,1,15,,39129,6,0,12 13,1,15,,39130,6,0,12 13,1,55,,39131,6,0,12 13,1,15,,39132,6,0,12 13,1,15,,39133,6,0,12 13,1,15,,39134,6,0,12 13,1,55,,39135,6,0,12 13,1,15,,39136,6,0,12 13,1,15,,39137,6,0,12 13,1,15,,39138,6,0,12 13,1,55,,39139,6,0,12 13,1
