18002101,'021R-Weekday-1-26-09',543,,32849,16,,,1,12,,32851,16,,,1,52,,32852,16,,,1,6,,32983,16,,,1,6,,32850,16,,,1,6,,32881,16,,,1,6,,32882,16,,,1,6,,32883,16,,,1,6,,32884,16,,,1,6,,32880,16,,,1,6,,32879,16,,,1,46,,32878,16,,,1,6,,32877,16,,,1,6,,32876,16,,,1,6,,32875,16,,,1,6,,32874,16,,,1,6,,32873,16,,,1,6,,32872,16,,,1,6,,32871,16,,,1,6,,32870,16,,,1,6,,32869,16,,,1,46,,32868,16,,,1,6,,32867,16,,,1,6,,32866,16,,,1,6,,32865,16,,,1,6,,32864,16,,,1,6,,32863,16,,,1,6,,32862,16,,,1,6,,32861,16,,,1,6,,32860,16,,,1,6,,32859,16,,,1,46,,32858,16,,,1,6,,32857,16,,,1,6,,32856,16,,,1,6,,32855,16,,,1,6,,32854,16,,,1,10,,32885,16,,,1,10,,32886,16,,,1,10,,32887,16,,,1,50,,32888,16,,,1,10,,32889,16,,,1,10,,32890,16,,,1,10,,32891,16,,,1,10,,32892,16,,,1,10,,32893,16,,,1,50,,32894,16,,,1,10,,32895,16,,,1,10,,32896,16,,,1,10,,32897,16,,,1,10,,32898,16,,,1,10,,32899,16,,,1,50,,32900,16,,,1,10,,32901,16,,,1,10,,32902,16,,,1,10,,32903,16,,,1,10,,32904,16,,,1,10,,32905,16,,,1,50,,32906,16,,,1,10,,32907,16,,,1,10,,32908,16,,,1,10,,32909,16,,,1,10,,32910,16,,,1,10,,32911,16,,,1,50,,32912,16,,,1,10,,32913,16,,,1,10,,32914,16,,,1,6,,32915,16,,,1,6,,32916,16,,,1,6,,32917,16,,,1,6,,32918,16,,,1,6,,32919,16,,,1,46,,32920,16,,,1,6,,32921,16,,,1,6,,32922,16,,,1,6,,32923,16,,,1,6,,32924,16,,,1,6,,32925,16,,,1,6,,32926,16,,,1,6,,32927,16,,,1,6,,32928,16,,,1,6,,32929,16,,,1,46,,32930,16,,,1,6,,32931,16,,,1,6,,32932,16,,,1,6,,32933,16,,,1,6,,32934,16,,,1,6,,32935,16,,,1,6,,32936,16,,,1,6,,32937,16,,,1,6,,32938,16,,,1,6,,32939,16,,,1,46,,32940,16,,,1,6,,32941,16,,,1,6,,32942,16,,,1,6,,32943,16,,,1,6,,32944,16,,,1,6,,32945,16,,,1,6,,32946,16,,,1,6,,32947,16,,,1,6,,32948,16,,,1,6,,32949,16,,,1,46,,32950,16,,,1,6,,32951,16,,,1,6,,32952,16,,,1,6,,32953,16,,,1,6,,32954,16,,,1,6,,32955,16,,,1,9,,32956,16,,,1,15,,32957,16,,,1,55,,32958,16,,,1,15,,32959,16,,,1,15,,32960,16,,,1,15,,32961,16,,,1,55,,32962,16,,,1,15,,32963,16,,,1,15,,32964,16,,,1,15,,32965,16,,,1,55,,32966,16,,,1,15,,32967,16,,,1,15,,32968,16,,,1,15,,32969,16,,,1,55,,32970,16,,,1,15,,32971,16,,,1,15,,32972,16,,,1,15,,32973,16,,,1,55,,32974,16,,,1,15,,32975,16,,,1,15,,32976,16,,,1,15,,32977,16,,,1,55,,32978,16,,,1,15,,32979,16,,,1,15,,32980,16,,,1,15,,32981,16,,,1,55,,32982,16,,,1,15,,32853,16,,,1
18002101,'021R-Weekday-2-26-09',543,,32984,16,,,1,12,,32986,16,,,1,52,,32987,16,,,1,6,,33118,16,,,1,6,,32985,16,,,1,6,,33016,16,,,1,6,,33017,16,,,1,6,,33018,16,,,1,6,,33019,16,,,1,6,,33015,16,,,1,6,,33014,16,,,1,46,,33013,16,,,1,6,,33012,16,,,1,6,,33011,16,,,1,6,,33010,16,,,1,6,,33009,16,,,1,6,,33008,16,,,1,6,,33007,16,,,1,6,,33006,16,,,1,6,,33005,16,,,1,6,,33004,16,,,1,46,,33003,16,,,1,6,,33002,16,,,1,6,,33001,16,,,1,6,,33000,16,,,1,6,,32999,16,,,1,6,,32998,16,,,1,6,,32997,16,,,1,6,,32996,16,,,1,6,,32995,16,,,1,6,,32994,16,,,1,46,,32993,16,,,1,6,,32992,16,,,1,6,,32991,16,,,1,6,,32990,16,,,1,6,,32989,16,,,1,10,,33020,16,,,1,10,,33021,16,,,1,10,,33022,16,,,1,50,,33023,16,,,1,10,,33024,16,,,1,10,,33025,16,,,1,10,,33026,16,,,1,10,,33027,16,,,1,10,,33028,16,,,1,50,,33029,16,,,1,10,,33030,16,,,1,10,,33031,16,,,1,10,,33032,16,,,1,10,,33033,16,,,1,10,,33034,16,,,1,50,,33035,16,,,1,10,,33036,16,,,1,10,,33037,16,,,1,10,,33038,16,,,1,10,,33039,16,,,1,10,,33040,16,,,1,50,,33041,16,,,1,10,,33042,16,,,1,10,,33043,16,,,1,10,,33044,16,,,1,10,,33045,16,,,1,10,,33046,16,,,1,50,,33047,16,,,1,10,,33048,16,,,1,10,,33049,16,,,1,6,,33050,16,,,1,6,,33051,16,,,1,6,,33052,16,,,1,6,,33053,16,,,1,6,,33054,16,,,1,46,,33055,16,,,1,6,,33056,16,,,1,6,,33057,16,,,1,6,,33058,16,,,1,6,,33059,16,,,1,6,,33060,16,,,1,6,,33061,16,,,1,6,,33062,16,,,1,6,,33063,16,,,1,6,,33064,16,,,1,46,,33065,16,,,1,6,,33066,16,,,1,6,,33067,16,,,1,6,,33068,16,,,1,6,,33069,16,,,1,6,,33070,16,,,1,6,,33071,16,,,1,6,,33072,16,,,1,6,,33073,16,,,1,6,,33074,16,,,1,46,,33075,16,,,1,6,,33076,16,,,1,6,,33077,16,,,1,6,,33078,16,,,1,6,,33079,16,,,1,6,,33080,16,,,1,6,,33081,16,,,1,6,,33082,16,,,1,6,,33083,16,,,1,6,,33084,16,,,1,46,,33085,16,,,1,6,,33086,16,,,1,6,,33087,16,,,1,6,,33088,16,,,1,6,,33089,16,,,1,6,,33090,16,,,1,9,,33091,16,,,1,15,,33092,16,,,1,55,,33093,16,,,1,15,,33094,16,,,1,15,,33095,16,,,1,15,,33096,16,,,1,55,,33097,16,,,1,15,,33098,16,,,1,15,,33099,16,,,1,15,,33100,16,,,1,55,,33101,16,,,1,15,,33102,16,,,1,15,,33103,16,,,1,15,,33104,16,,,1,55,,33105,16,,,1,15,,33106,16,,,1,15,,33107,16,,,1,15,,33108,16,,,1,55,,33109,16,,,1,15,,33110,16,,,1,15,,33111,16,,,1,15,,33112,16,,,1,55,,33113,16,,,1,15,,33114,16,,,1,15,,33115,16,,,1,15,,33116,16,,,1,55,,33117,16,,,1,15,,32988,16,,,1
18002101,'021R-Weekday-3-26-09',543,,36689,16,,,1,12,,36691,16,,,1,52,,36692,16,,,1,6,,36823,16,,,1,6,,36690,16,,,1,6,,36721,16,,,1,6,,36722,16,,,1,6,,36723,16,,,1,6,,36724,16,,,1,6,,36720,16,,,1,6,,36719,16,,,1,46,,36718,16,,,1,6,,36717,16,,,1,6,,36716,16,,,1,6,,36715,16,,,1,6,,36714,16,,,1,6,,36713,16,,,1,6,,36712,16,,,1,6,,36711,16,,,1,6,,36710,16,,,1,6,,36709,16,,,1,46,,36708,16,,,1,6,,36707,16,,,1,6,,36706,16,,,1,6,,36705,16,,,1,6,,36704,16,,,1,6,,36703,16,,,1,6,,36702,16,,,1,6,,36701,16,,,1,6,,36700,16,,,1,6,,36699,16,,,1,46,,36698,16,,,1,6,,36697,16,,,1,6,,36696,16,,,1,6,,36695,16,,,1,6,,36694,16,,,1,10,,36725,16,,,1,10,,36726,16,,,1,10,,36727,16,,,1,50,,36728,16,,,1,10,,36729,16,,,1,10,,36730,16,,,1,10,,36731,16,,,1,10,,36732,16,,,1,10,,36733,16,,,1,50,,36734,16,,,1,10,,36735,16,,,1,10,,36736,16,,,1,10,,36737,16,,,1,10,,36738,16,,,1,10,,36739,16,,,1,50,,36740,16,,,1,10,,36741,16,,,1,10,,36742,16,,,1,10,,36743,16,,,1,10,,36744,16,,,1,10,,36745,16,,,1,50,,36746,16,,,1,10,,36747,16,,,1,10,,36748,16,,,1,10,,36749,16,,,1,10,,36750,16,,,1,10,,36751,16,,,1,50,,36752,16,,,1,10,,36753,16,,,1,10,,36754,16,,,1,6,,36755,16,,,1,6,,36756,16,,,1,6,,36757,16,,,1,6,,36758,16,,,1,6,,36759,16,,,1,46,,36760,16,,,1,6,,36761,16,,,1,6,,36762,16,,,1,6,,36763,16,,,1,6,,36764,16,,,1,6,,36765,16,,,1,6,,36766,16,,,1,6,,36767,16,,,1,6,,36768,16,,,1,6,,36769,16,,,1,46,,36770,16,,,1,6,,36771,16,,,1,6,,36772,16,,,1,6,,36773,16,,,1,6,,36774,16,,,1,6,,36775,16,,,1,6,,36776,16,,,1,6,,36777,16,,,1,6,,36778,16,,,1,6,,36779,16,,,1,46,,36780,16,,,1,6,,36781,16,,,1,6,,36782,16,,,1,6,,36783,16,,,1,6,,36784,16,,,1,6,,36785,16,,,1,6,,36786,16,,,1,6,,36787,16,,,1,6,,36788,16,,,1,6,,36789,16,,,1,46,,36790,16,,,1,6,,36791,16,,,1,6,,36792,16,,,1,6,,36793,16,,,1,6,,36794,16,,,1,6,,36795,16,,,1,9,,36796,16,,,1,15,,36797,16,,,1,55,,36798,16,,,1,15,,36799,16,,,1,15,,36800,16,,,1,15,,36801,16,,,1,55,,36802,16,,,1,15,,36803,16,,,1,15,,36804,16,,,1,15,,36805,16,,,1,55,,36806,16,,,1,15,,36807,16,,,1,15,,36808,16,,,1,15,,36809,16,,,1,55,,36810,16,,,1,15,,36811,16,,,1,15,,36812,16,,,1,15,,36813,16,,,1,55,,36814,16,,,1,15,,36815,16,,,1,15,,36816,16,,,1,15,,36817,16,,,1,55,,36818,16,,,1,15,,36819,16,,,1,15,,36820,16,,,1,15,,36821,16,,,1,55,,36822,16,,,1,15,,36693,16,,,1
18002101,'021R-Weekday-4-26-09',543,,33119,16,,,1,12,,33121,16,,,1,52,,33122,16,,,1,6,,33253,16,,,1,6,,33120,16,,,1,6,,33151,16,,,1,6,,33152,16,,,1,6,,33153,16,,,1,6,,33154,16,,,1,6,,33150,16,,,1,6,,33149,16,,,1,46,,33148,16,,,1,6,,33147,16,,,1,6,,33146,16,,,1,6,,33145,16,,,1,6,,33144,16,,,1,6,,33143,16,,,1,6,,33142,16,,,1,6,,33141,16,,,1,6,,33140,16,,,1,6,,33139,16,,,1,46,,33138,16,,,1,6,,33137,16,,,1,6,,33136,16,,,1,6,,33135,16,,,1,6,,33134,16,,,1,6,,33133,16,,,1,6,,33132,16,,,1,6,,33131,16,,,1,6,,33130,16,,,1,6,,33129,16,,,1,46,,33128,16,,,1,6,,33127,16,,,1,6,,33126,16,,,1,6,,33125,16,,,1,6,,33124,16,,,1,10,,33155,16,,,1,10,,33156,16,,,1,10,,33157,16,,,1,50,,33158,16,,,1,10,,33159,16,,,1,10,,33160,16,,,1,10,,33161,16,,,1,10,,33162,16,,,1,10,,33163,16,,,1,50,,33164,16,,,1,10,,33165,16,,,1,10,,33166,16,,,1,10,,33167,16,,,1,10,,33168,16,,,1,10,,33169,16,,,1,50,,33170,16,,,1,10,,33171,16,,,1,10,,33172,16,,,1,10,,33173,16,,,1,10,,33174,16,,,1,10,,33175,16,,,1,50,,33176,16,,,1,10,,33177,16,,,1,10,,33178,16,,,1,10,,33179,16,,,1,10,,33180,16,,,1,10,,33181,16,,,1,50,,33182,16,,,1,10,,33183,16,,,1,10,,33184,16,,,1,6,,33185,16,,,1,6,,33186,16,,,1,6,,33187,16,,,1,6,,33188,16,,,1,6,,33189,16,,,1,46,,33190,16,,,1,6,,33191,16,,,1,6,,33192,16,,,1,6,,33193,16,,,1,6,,33194,16,,,1,6,,33195,16,,,1,6,,33196,16,,,1,6,,33197,16,,,1,6,,33198,16,,,1,6,,33199,16,,,1,46,,33200,16,,,1,6,,33201,16,,,1,6,,33202,16,,,1,6,,33203,16,,,1,6,,33204,16,,,1,6,,33205,16,,,1,6,,33206,16,,,1,6,,33207,16,,,1,6,,33208,16,,,1,6,,33209,16,,,1,46,,33210,16,,,1,6,,33211,16,,,1,6,,33212,16,,,1,6,,33213,16,,,1,6,,33214,16,,,1,6,,33215,16,,,1,6,,33216,16,,,1,6,,33217,16,,,1,6,,33218,16,,,1,6,,33219,16,,,1,46,,33220,16,,,1,6,,33221,16,,,1,6,,33222,16,,,1,6,,33223,16,,,1,6,,33224,16,,,1,6,,33225,16,,,1,9,,33226,16,,,1,15,,33227,16,,,1,55,,33228,16,,,1,15,,33229,16,,,1,15,,33230,16,,,1,15,,33231,16,,,1,55,,33232,16,,,1,15,,33233,16,,,1,15,,33234,16,,,1,15,,33235,16,,,1,55,,33236,16,,,1,15,,33237,16,,,1,15,,33238,16,,,1,15,,33239,16,,,1,55,,33240,16,,,1,15,,33241,16,,,1,15,,33242,16,,,1,15,,33243,16,,,1,55,,33244,16,,,1,15,,33245,16,,,1,15,,33246,16,,,1,15,,33247,16,,,1,55,,33248,16,,,1,15,,33249,16,,,1,15,,33250,16,,,1,15,,33251,16,,,1,55,,33252,16,,,1,15,,33123,16,,,1
18002101,'021R-Weekday-5-26-09',543,,36824,16,,,1,12,,36826,16,,,1,52,,36827,16,,,1,6,,36958,16,,,1,6,,36825,16,,,1,6,,36856,16,,,1,6,,36857,16,,,1,6,,36858,16,,,1,6,,36859,16,,,1,6,,36855,16,,,1,6,,36854,16,,,1,46,,36853,16,,,1,6,,36852,16,,,1,6,,36851,16,,,1,6,,36850,16,,,1,6,,36849,16,,,1,6,,36848,16,,,1,6,,36847,16,,,1,6,,36846,16,,,1,6,,36845,16,,,1,6,,36844,16,,,1,46,,36843,16,,,1,6,,36842,16,,,1,6,,36841,16,,,1,6,,36840,16,,,1,6,,36839,16,,,1,6,,36838,16,,,1,6,,36837,16,,,1,6,,36836,16,,,1,6,,36835,16,,,1,6,,36834,16,,,1,46,,36833,16,,,1,6,,36832,16,,,1,6,,36831,16,,,1,6,,36830,16,,,1,6,,36829,16,,,1,10,,36860,16,,,1,10,,36861,16,,,1,10,,36862,16,,,1,50,,36863,16,,,1,10,,36864,16,,,1,10,,36865,16,,,1,10,,36866,16,,,1,10,,36867,16,,,1,10,,36868,16,,,1,50,,36869,16,,,1,10,,36870,16,,,1,10,,36871,16,,,1,10,,36872,16,,,1,10,,36873,16,,,1,10,,36874,16,,,1,50,,36875,16,,,1,10,,36876,16,,,1,10,,36877,16,,,1,10,,36878,16,,,1,10,,36879,16,,,1,10,,36880,16,,,1,50,,36881,16,,,1,10,,36882,16,,,1,10,,36883,16,,,1,10,,36884,16,,,1,10,,36885,16,,,1,10,,36886,16,,,1,50,,36887,16,,,1,10,,36888,16,,,1,10,,36889,16,,,1,6,,36890,16,,,1,6,,36891,16,,,1,6,,36892,16,,,1,6,,36893,16,,,1,6,,36894,16,,,1,46,,36895,16,,,1,6,,36896,16,,,1,6,,36897,16,,,1,6,,36898,16,,,1,6,,36899,16,,,1,6,,36900,16,,,1,6,,36901,16,,,1,6,,36902,16,,,1,6,,36903,16,,,1,6,,36904,16,,,1,46,,36905,16,,,1,6,,36906,16,,,1,6,,36907,16,,,1,6,,36908,16,,,1,6,,36909,16,,,1,6,,36910,16,,,1,6,,36911,16,,,1,6,,36912,16,,,1,6,,36913,16,,,1,6,,36914,16,,,1,46,,36915,16,,,1,6,,36916,16,,,1,6,,36917,16,,,1,6,,36918,16,,,1,6,,36919,16,,,1,6,,36920,16,,,1,6,,36921,16,,,1,6,,36922,16,,,1,6,,36923,16,,,1,6,,36924,16,,,1,46,,36925,16,,,1,6,,36926,16,,,1,6,,36927,16,,,1,6,,36928,16,,,1,6,,36929,16,,,1,6,,36930,16,,,1,9,,36931,16,,,1,15,,36932,16,,,1,55,,36933,16,,,1,15,,36934,16,,,1,15,,36935,16,,,1,15,,36936,16,,,1,55,,36937,16,,,1,15,,36938,16,,,1,15,,36939,16,,,1,15,,36940,16,,,1,55,,36941,16,,,1,15,,36942,16,,,1,15,,36943,16,,,1,15,,36944,16,,,1,55,,36945,16,,,1,15,,36946,16,,,1,15,,36947,16,,,1,15,,36948,16,,,1,55,,36949,16,,,1,15,,36950,16,,,1,15,,36951,16,,,1,15,,36952,16,,,1,55,,36953,16,,,1,15,,36954,16,,,1,15,,36955,16,,,1,15,,36956,16,,,1,55,,36957,16,,,1,15,,36828,16,,,1
18002101,'021R-Weekday-6-26-09',543,,36959,16,,,1,12,,36961,16,,,1,52,,36962,16,,,1,6,,37093,16,,,1,6,,36960,16,,,1,6,,36991,16,,,1,6,,36992,16,,,1,6,,36993,16,,,1,6,,36994,16,,,1,6,,36990,16,,,1,6,,36989,16,,,1,46,,36988,16,,,1,6,,36987,16,,,1,6,,36986,16,,,1,6,,36985,16,,,1,6,,36984,16,,,1,6,,36983,16,,,1,6,,36982,16,,,1,6,,36981,16,,,1,6,,36980,16,,,1,6,,36979,16,,,1,46,,36978,16,,,1,6,,36977,16,,,1,6,,36976,16,,,1,6,,36975,16,,,1,6,,36974,16,,,1,6,,36973,16,,,1,6,,36972,16,,,1,6,,36971,16,,,1,6,,36970,16,,,1,6,,36969,16,,,1,46,,36968,16,,,1,6,,36967,16,,,1,6,,36966,16,,,1,6,,36965,16,,,1,6,,36964,16,,,1,10,,36995,16,,,1,10,,36996,16,,,1,10,,36997,16,,,1,50,,36998,16,,,1,10,,36999,16,,,1,10,,37000,16,,,1,10,,37001,16,,,1,10,,37002,16,,,1,10,,37003,16,,,1,50,,37004,16,,,1,10,,37005,16,,,1,10,,37006,16,,,1,10,,37007,16,,,1,10,,37008,16,,,1,10,,37009,16,,,1,50,,37010,16,,,1,10,,37011,16,,,1,10,,37012,16,,,1,10,,37013,16,,,1,10,,37014,16,,,1,10,,37015,16,,,1,50,,37016,16,,,1,10,,37017,16,,,1,10,,37018,16,,,1,10,,37019,16,,,1,10,,37020,16,,,1,10,,37021,16,,,1,50,,37022,16,,,1,10,,37023,16,,,1,10,,37024,16,,,1,6,,37025,16,,,1,6,,37026,16,,,1,6,,37027,16,,,1,6,,37028,16,,,1,6,,37029,16,,,1,46,,37030,16,,,1,6,,37031,16,,,1,6,,37032,16,,,1,6,,37033,16,,,1,6,,37034,16,,,1,6,,37035,16,,,1,6,,37036,16,,,1,6,,37037,16,,,1,6,,37038,16,,,1,6,,37039,16,,,1,46,,37040,16,,,1,6,,37041,16,,,1,6,,37042,16,,,1,6,,37043,16,,,1,6,,37044,16,,,1,6,,37045,16,,,1,6,,37046,16,,,1,6,,37047,16,,,1,6,,37048,16,,,1,6,,37049,16,,,1,46,,37050,16,,,1,6,,37051,16,,,1,6,,37052,16,,,1,6,,37053,16,,,1,6,,37054,16,,,1,6,,37055,16,,,1,6,,37056,16,,,1,6,,37057,16,,,1,6,,37058,16,,,1,6,,37059,16,,,1,46,,37060,16,,,1,6,,37061,16,,,1,6,,37062,16,,,1,6,,37063,16,,,1,6,,37064,16,,,1,6,,37065,16,,,1,9,,37066,16,,,1,15,,37067,16,,,1,55,,37068,16,,,1,15,,37069,16,,,1,15,,37070,16,,,1,15,,37071,16,,,1,55,,37072,16,,,1,15,,37073,16,,,1,15,,37074,16,,,1,15,,37075,16,,,1,55,,37076,16,,,1,15,,37077,16,,,1,15,,37078,16,,,1,15,,37079,16,,,1,55,,37080,16,,,1,15,,37081,16,,,1,15,,37082,16,,,1,15,,37083,16,,,1,55,,37084,16,,,1,15,,37085,16,,,1,15,,37086,16,,,1,15,,37087,16,,,1,55,,37088,16,,,1,15,,37089,16,,,1,15,,37090,16,,,1,15,,37091,16,,,1,55,,37092,16,,,1,15,,36963,16,,,1
18002101,'021R-Weekday-7-26-09',543,,37094,16,,,1,12,,37096,16,,,1,52,,37097,16,,,1,6,,37228,16,,,1,6,,37095,16,,,1,6,,37126,16,,,1,6,,37127,16,,,1,6,,37128,16,,,1,6,,37129,16,,,1,6,,37125,16,,,1,6,,37124,16,,,1,46,,37123,16,,,1,6,,37122,16,,,1,6,,37121,16,,,1,6,,37120,16,,,1,6,,37119,16,,,1,6,,37118,16,,,1,6,,37117,16,,,1,6,,37116,16,,,1,6,,37115,16,,,1,6,,37114,16,,,1,46,,37113,16,,,1,6,,37112,16,,,1,6,,37111,16,,,1,6,,37110,16,,,1,6,,37109,16,,,1,6,,37108,16,,,1,6,,37107,16,,,1,6,,37106,16,,,1,6,,37105,16,,,1,6,,37104,16,,,1,46,,37103,16,,,1,6,,37102,16,,,1,6,,37101,16,,,1,6,,37100,16,,,1,6,,37099,16,,,1,10,,37130,16,,,1,10,,37131,16,,,1,10,,37132,16,,,1,50,,37133,16,,,1,10,,37134,16,,,1,10,,37135,16,,,1,10,,37136,16,,,1,10,,37137,16,,,1,10,,37138,16,,,1,50,,37139,16,,,1,10,,37140,16,,,1,10,,37141,16,,,1,10,,37142,16,,,1,10,,37143,16,,,1,10,,37144,16,,,1,50,,37145,16,,,1,10,,37146,16,,,1,10,,37147,16,,,1,10,,37148,16,,,1,10,,37149,16,,,1,10,,37150,16,,,1,50,,37151,16,,,1,10,,37152,16,,,1,10,,37153,16,,,1,10,,37154,16,,,1,10,,37155,16,,,1,10,,37156,16,,,1,50,,37157,16,,,1,10,,37158,16,,,1,10,,37159,16,,,1,6,,37160,16,,,1,6,,37161,16,,,1,6,,37162,16,,,1,6,,37163,16,,,1,6,,37164,16,,,1,46,,37165,16,,,1,6,,37166,16,,,1,6,,37167,16,,,1,6,,37168,16,,,1,6,,37169,16,,,1,6,,37170,16,,,1,6,,37171,16,,,1,6,,37172,16,,,1,6,,37173,16,,,1,6,,37174,16,,,1,46,,37175,16,,,1,6,,37176,16,,,1,6,,37177,16,,,1,6,,37178,16,,,1,6,,37179,16,,,1,6,,37180,16,,,1,6,,37181,16,,,1,6,,37182,16,,,1,6,,37183,16,,,1,6,,37184,16,,,1,46,,37185,16,,,1,6,,37186,16,,,1,6,,37187,16,,,1,6,,37188,16,,,1,6,,37189,16,,,1,6,,37190,16,,,1,6,,37191,16,,,1,6,,37192,16,,,1,6,,37193,16,,,1,6,,37194,16,,,1,46,,37195,16,,,1,6,,37196,16,,,1,6,,37197,16,,,1,6,,37198,16,,,1,6,,37199,16,,,1,6,,37200,16,,,1,9,,37201,16,,,1,15,,37202,16,,,1,55,,37203,16,,,1,15,,37204,16,,,1,15,,37205,16,,,1,15,,37206,16,,,1,55,,37207,16,,,1,15,,37208,16,,,1,15,,37209,16,,,1,15,,37210,16,,,1,55,,37211,16,,,1,15,,37212,16,,,1,15,,37213,16,,,1,15,,37214,16,,,1,55,,37215,16,,,1,15,,37216,16,,,1,15,,37217,16,,,1,15,,37218,16,,,1,55,,37219,16,,,1,15,,37220,16,,,1,15,,37221,16,,,1,15,,37222,16,,,1,55,,37223,16,,,1,15,,37224,16,,,1,15,,37225,16,,,1,15,,37226,16,,,1,55,,37227,16,,,1,15,,37098,16,,,1
18002101,'021R-Saturday-1-26-09',540,,33254,16,,,1,15,,33255,16,,,1,55,,33256,16,,,1,15,,33257,16,,,1,15,,33258,16,,,1,15,,33259,16,,,1,55,,33260,16,,,1,15,,33261,16,,,1,15,,33262,16,,,1,15,,33263,16,,,1,55,,33264,16,,,1,15,,33265,16,,,1,15,,33266,16,,,1,15,,33267,16,,,1,55,,33268,16,,,1,15,,33269,16,,,1,15,,33270,16,,,1,15,,33271,16,,,1,55,,33272,16,,,1,15,,33273,16,,,1,15,,33274,16,,,1,15,,33275,16,,,1,55,,33276,16,,,1,15,,33277,16,,,1,15,,33278,16,,,1,15,,33279,16,,,1,55,,33280,16,,,1,15,,33281,16,,,1,15,,33282,16,,,1,15,,33283,16,,,1,55,,33284,16,,,1,15,,33285,16,,,1,15,,33286,16,,,1,15,,33287,16,,,1,55,,33288,16,,,1,15,,33289,16,,,1,15,,33290,16,,,1,15,,33291,16,,,1,55,,33292,16,,,1,15,,33293,16,,,1,15,,33294,16,,,1,15,,33295,16,,,1,55,,33296,16,,,1,15,,33297,16,,,1,15,,33298,16,,,1,15,,33299,16,,,1,55,,33300,16,,,1,15,,33301,16,,,1,15,,33302,16,,,1,15,,33303,16,,,1,55,,33304,16,,,1,15,,33305,16,,,1,15,,33306,16,,,1,15,,33307,16,,,1,55,,33308,16,,,1,15,,33309,16,,,1,15,,33310,16,,,1,15,,33311,16,,,1,55,,33312,16,,,1,15,,33313,16,,,1,15,,33314,16,,,1,15,,33315,16,,,1,55,,33316,16,,,1,15,,33317,16,,,1,15,,33318,16,,,1,15,,33319,16,,,1,55,,33320,16,,,1,15,,33321,16,,,1,15,,33322,16,,,1,15,,33323,16,,,1,55,,33324,16,,,1,15,,33325,16,,,1,15,,33326,16,,,1,15,,33327,16,,,1,55,,33328,16,,,1,15,,33329,16,,,1,15,,33330,16,,,1,15,,33331,16,,,1,55,,33332,16,,,1,15,,33333,16,,,1
18002101,'021R-Saturday-2-26-09',542,,37229,16,,,1,15,,37230,16,,,1,55,,37231,16,,,1,15,,37232,16,,,1,15,,37233,16,,,1,15,,37234,16,,,1,55,,37235,16,,,1,15,,37236,16,,,1,15,,37237,16,,,1,15,,37238,16,,,1,55,,37239,16,,,1,15,,37240,16,,,1,15,,37241,16,,,1,15,,37242,16,,,1,55,,37243,16,,,1,15,,37244,16,,,1,15,,37245,16,,,1,15,,37246,16,,,1,55,,37247,16,,,1,15,,37248,16,,,1,15,,37249,16,,,1,15,,37250,16,,,1,55,,37251,16,,,1,15,,37252,16,,,1,15,,37253,16,,,1,15,,37254,16,,,1,55,,37255,16,,,1,15,,37256,16,,,1,15,,37257,16,,,1,15,,37258,16,,,1,55,,37259,16,,,1,15,,37260,16,,,1,15,,37261,16,,,1,15,,37262,16,,,1,55,,37263,16,,,1,15,,37264,16,,,1,15,,37265,16,,,1,15,,37266,16,,,1,55,,37267,16,,,1,15,,37268,16,,,1,15,,37269,16,,,1,15,,37270,16,,,1,55,,37271,16,,,1,15,,37272,16,,,1,15,,37273,16,,,1,15,,37274,16,,,1,55,,37275,16,,,1,15,,37276,16,,,1,15,,37277,16,,,1,15,,37278,16,,,1,55,,37279,16,,,1,15,,37280,16,,,1,15,,37281,16,,,1,15,,37282,16,,,1,55,,37283,16,,,1,15,,37284,16,,,1,15,,37285,16,,,1,15,,37286,16,,,1,55,,37287,16,,,1,15,,37288,16,,,1,15,,37289,16,,,1,15,,37290,16,,,1,55,,37291,16,,,1,15,,37292,16,,,1,15,,37293,16,,,1,15,,37294,16,,,1,55,,37295,16,,,1,15,,37296,16,,,1,15,,37297,16,,,1,15,,37298,16,,,1,55,,37299,16,,,1,15,,37300,16,,,1,15,,37301,16,,,1,15,,37302,16,,,1,55,,37303,16,,,1,15,,37304,16,,,1,15,,37305,16,,,1,15,,37306,16,,,1,55,,37307,16,,,1,15,,37308,16,,,1
18002101,'021R-Sunday-1-26-09',540,,33334,16,,,1,15,,33335,16,,,1,55,,33336,16,,,1,15,,33337,16,,,1,15,,33338,16,,,1,15,,33339,16,,,1,55,,33340,16,,,1,15,,33341,16,,,1,15,,33342,16,,,1,15,,33343,16,,,1,55,,33344,16,,,1,15,,33345,16,,,1,15,,33346,16,,,1,15,,33347,16,,,1,55,,33348,16,,,1,15,,33349,16,,,1,15,,33350,16,,,1,15,,33351,16,,,1,55,,33352,16,,,1,15,,33353,16,,,1,15,,33354,16,,,1,15,,33355,16,,,1,55,,33356,16,,,1,15,,33357,16,,,1,15,,33358,16,,,1,15,,33359,16,,,1,55,,33360,16,,,1,15,,33361,16,,,1,15,,33362,16,,,1,15,,33363,16,,,1,55,,33364,16,,,1,15,,33365,16,,,1,15,,33366,16,,,1,15,,33367,16,,,1,55,,33368,16,,,1,15,,33369,16,,,1,15,,33370,16,,,1,15,,33371,16,,,1,55,,33372,16,,,1,15,,33373,16,,,1,15,,33374,16,,,1,15,,33375,16,,,1,55,,33376,16,,,1,15,,33377,16,,,1,15,,33378,16,,,1,15,,33379,16,,,1,55,,33380,16,,,1,15,,33381,16,,,1,15,,33382,16,,,1,15,,33383,16,,,1,55,,33384,16,,,1,15,,33385,16,,,1,15,,33386,16,,,1,15,,33387,16,,,1,55,,33388,16,,,1,15,,33389,16,,,1,15,,33390,16,,,1,15,,33391,16,,,1,55,,33392,16,,,1,15,,33393,16,,,1,15,,33394,16,,,1,15,,33395,16,,,1,55,,33396,16,,,1,15,,33397,16,,,1,15,,33398,16,,,1,15,,33399,16,,,1,55,,33400,16,,,1,15,,33401,16,,,1,15,,33402,16,,,1,15,,33403,16,,,1,55,,33404,16,,,1,15,,33405,16,,,1,15,,33406,16,,,1,15,,33407,16,,,1,55,,33408,16,,,1,15,,33409,16,,,1,15,,33410,16,,,1
18002101,'021R-Sunday-2-26-09',542,,37309,16,,,1,15,,37310,16,,,1,55,,37311,16,,,1,15,,37312,16,,,1,15,,37313,16,,,1,15,,37314,16,,,1,55,,37315,16,,,1,15,,37316,16,,,1,15,,37317,16,,,1,15,,37318,16,,,1,55,,37319,16,,,1,15,,37320,16,,,1,15,,37321,16,,,1,15,,37322,16,,,1,55,,37323,16,,,1,15,,37324,16,,,1,15,,37325,16,,,1,15,,37326,16,,,1,55,,37327,16,,,1,15,,37328,16,,,1,15,,37329,16,,,1,15,,37330,16,,,1,55,,37331,16,,,1,15,,37332,16,,,1,15,,37333,16,,,1,15,,37334,16,,,1,55,,37335,16,,,1,15,,37336,16,,,1,15,,37337,16,,,1,15,,37338,16,,,1,55,,37339,16,,,1,15,,37340,16,,,1,15,,37341,16,,,1,15,,37342,16,,,1,55,,37343,16,,,1,15,,37344,16,,,1,15,,37345,16,,,1,15,,37346,16,,,1,55,,37347,16,,,1,15,,37348,16,,,1,15,,37349,16,,,1,15,,37350,16,,,1,55,,37351,16,,,1,15,,37352,16,,,1,15,,37353,16,,,1,15,,37354,16,,,1,55,,37355,16,,,1,15,,37356,16,,,1,15,,37357,16,,,1,15,,37358,16,,,1,55,,37359,16,,,1,15,,37360,16,,,1,15,,37361,16,,,1,15,,37362,16,,,1,55,,37363,16,,,1,15,,37364,16,,,1,15,,37365,16,,,1,15,,37366,16,,,1,55,,37367,16,,,1,15,,37368,16,,,1,15,,37369,16,,,1,15,,37370,16,,,1,55,,37371,16,,,1,15,,37372,16,,,1,15,,37373,16,,,1,15,,37374,16,,,1,55,,37375,16,,,1,15,,37376,16,,,1,15,,37377,16,,,1,15,,37378,16,,,1,55,,37379,16,,,1,15,,37380,16,,,1,15,,37381,16,,,1,15,,37382,16,,,1,55,,37383,16,,,1,15,,37384,16,,,1,15,,37385,16,,,1
18002101,'021R-Sunday-4-26-09',542,,37386,16,,,1,15,,37387,16,,,1,55,,37388,16,,,1,15,,37389,16,,,1,15,,37390,16,,,1,15,,37391,16,,,1,55,,37392,16,,,1,15,,37393,16,,,1,15,,37394,16,,,1,15,,37395,16,,,1,55,,37396,16,,,1,15,,37397,16,,,1,15,,37398,16,,,1,15,,37399,16,,,1,55,,37400,16,,,1,15,,37401,16,,,1,15,,37402,16,,,1,15,,37403,16,,,1,55,,37404,16,,,1,15,,37405,16,,,1,15,,37406,16,,,1,15,,37407,16,,,1,55,,37408,16,,,1,15,,37409,16,,,1,15,,37410,16,,,1,15,,37411,16,,,1,55,,37412,16,,,1,15,,37413,16,,,1,15,,37414,16,,,1,15,,37415,16,,,1,55,,37416,16,,,1,15,,37417,16,,,1,15,,37418,16,,,1,15,,37419,16,,,1,55,,37420,16,,,1,15,,37421,16,,,1,15,,37422,16,,,1,15,,37423,16,,,1,55,,37424,16,,,1,15,,37425,16,,,1,15,,37426,16,,,1,15,,37427,16,,,1,55,,37428,16,,,1,15,,37429,16,,,1,15,,37430,16,,,1,15,,37431,16,,,1,55,,37432,16,,,1,15,,37433,16,,,1,15,,37434,16,,,1,15,,37435,16,,,1,55,,37436,16,,,1,15,,37437,16,,,1,15,,37438,16,,,1,15,,37439,16,,,1,55,,37440,16,,,1,15,,37441,16,,,1,15,,37442,16,,,1,15,,37443,16,,,1,55,,37444,16,,,1,15,,37445,16,,,1,15,,37446,16,,,1,15,,37447,16,,,1,55,,37448,16,,,1,15,,37449,16,,,1,15,,37450,16,,,1,15,,37451,16,,,1,55,,37452,16,,,1,15,,37453,16,,,1,15,,37454,16,,,1,15,,37455,16,,,1,55,,37456,16,,,1,15,,37457,16,,,1,15,,37458,16,,,1,15,,37459,16,,,1,55,,37460,16,,,1,15,,37461,16,,,1,15,,37462,16,,,1
18002201,'022R-Saturday-2-26-09',538,,38744,10,,,1,15,,38743,10,,,1,55,,38666,13,,,1,15,,38667,13,,,1,15,,38668,13,,,1,15,,38669,13,,,1,55,,38670,13,,,1,15,,38671,13,,,1,15,,38672,13,,,1,15,,38673,13,,,1,55,,38674,13,,,1,15,,38675,13,,,1,15,,38676,13,,,1,15,,38677,13,,,1,55,,38678,13,,,1,15,,38679,13,,,1,15,,38680,13,,,1,15,,38681,13,,,1,55,,38682,13,,,1,15,,38683,13,,,1,15,,38684,13,,,1,15,,38685,13,,,1,55,,38686,13,,,1,15,,38687,13,,,1,15,,38688,13,,,1,15,,38689,13,,,1,55,,38690,13,,,1,15,,38691,13,,,1,15,,38692,13,,,1,15,,38693,13,,,1,55,,38694,13,,,1,15,,38695,13,,,1,15,,38696,13,,,1,15,,38697,13,,,1,55,,38698,13,,,1,15,,38699,13,,,1,15,,38700,13,,,1,15,,38701,13,,,1,55,,38702,13,,,1,15,,38703,13,,,1,15,,38704,13,,,1,15,,38705,13,,,1,55,,38706,13,,,1,15,,38707,13,,,1,15,,38708,13,,,1,15,,38709,13,,,1,55,,38710,13,,,1,15,,38711,13,,,1,15,,38712,13,,,1,15,,38713,13,,,1,55,,38714,13,,,1,15,,38715,13,,,1,15,,38716,13,,,1,15,,38717,13,,,1,55,,38718,13,,,1,15,,38719,13,,,1,15,,38720,13,,,1,15,,38721,13,,,1,55,,38722,13,,,1,15,,38723,13,,,1,15,,38724,13,,,1,15,,38725,13,,,1,55,,38726,13,,,1,15,,38727,13,,,1,15,,38728,13,,,1,15,,38729,13,,,1,55,,38730,13,,,1,15,,38731,13,,,1,15,,38732,13,,,1,15,,38733,13,,,1,55,,38734,13,,,1,15,,38735,13,,,1,15,,38736,13,,,1,15,,38737,13,,,1,55,,38738,13,,,1,15,,38739,13,,,1,15,,38740,13,,,1,15,,38741,13,,,1,55,,38742,13,,,1
18002201,'022R-Sunday-2-26-09',608,,38901,10,,,1,15,,38900,10,,,1,15,,38903,13,,,1,15,,38904,13,,,1,55,,38905,13,,,1,15,,38906,13,,,1,15,,38907,13,,,1,15,,38908,13,,,1,55,,38909,13,,,1,15,,38910,13,,,1,15,,38911,13,,,1,15,,38912,13,,,1,55,,38913,13,,,1,15,,38914,13,,,1,15,,38915,13,,,1,15,,38916,13,,,1,55,,38917,13,,,1,15,,38918,13,,,1,15,,38919,13,,,1,15,,38920,13,,,1,55,,38921,13,,,1,15,,38922,13,,,1,15,,38923,13,,,1,15,,38924,13,,,1,55,,38925,13,,,1,15,,38926,13,,,1,15,,38927,13,,,1,15,,38928,13,,,1,55,,38929,13,,,1,15,,38930,13,,,1,15,,38931,13,,,1,15,,38932,13,,,1,55,,38933,13,,,1,15,,38934,13,,,1,15,,38935,13,,,1,15,,38936,13,,,1,55,,38937,13,,,1,15,,38938,13,,,1,15,,38939,13,,,1,15,,38940,13,,,1,55,,38941,13,,,1,15,,38942,13,,,1,15,,38943,13,,,1,15,,38944,13,,,1,55,,38945,13,,,1,15,,38946,13,,,1,15,,38947,13,,,1,15,,38948,13,,,1,55,,38949,13,,,1,15,,38950,13,,,1,15,,38951,13,,,1,15,,38952,13,,,1,55,,38953,13,,,1,15,,38954,13,,,1,15,,38955,13,,,1,15,,38956,13,,,1,55,,38957,13,,,1,15,,38958,13,,,1,15,,38959,13,,,1,15,,38960,13,,,1,55,,38961,13,,,1,15,,38962,13,,,1,15,,38963,13,,,1,15,,38964,13,,,1,55,,38965,13,,,1,15,,38966,13,,,1,15,,38967,13,,,1,15,,38968,13,,,1,55,,38969,13,,,1,15,,38970,13,,,1,15,,38971,13,,,1,15,,38902,13,,,1,55,,38899,13,,,1
