18002201,'022R-Weekday-1-26-09',604,,33824,3,0,12 13,1,12,,33825,3,0,12 13,1,12,,33826,3,0,12 13,1,12,,33827,3,0,12 13,1,12,,33828,3,0,12 13,1,52,,33829,3,0,12 13,1,12,,33830,3,0,12 13,1,12,,33831,3,0,12 13,1,12,,33832,3,0,12 13,1,12,,33833,3,0,12 13,1,52,,33834,3,0,12 13,1,12,,33835,3,0,12 13,1,12,,33836,3,0,12 13,1,12,,33837,3,0,12 13,1,12,,33838,3,0,12 13,1,52,,33839,3,0,12 13,1,12,,33840,3,0,12 13,1,18,,33841,3,0,12 13,1,20,,33842,3,0,12 13,1,55,,33843,3,0,12 13,1,15,,33844,3,0,12 13,1,15,,33845,3,0,12 13,1,15,,33846,3,0,12 13,1,55,,33847,3,0,12 13,1,15,,33848,3,0,12 13,1,15,,33849,3,0,12 13,1,15,,33850,3,0,12 13,1,55,,33851,3,0,12 13,1,15,,33852,3,0,12 13,1,15,,33853,3,0,12 13,1,15,,33854,3,0,12 13,1,55,,33855,3,0,12 13,1,15,,33856,3,0,12 13,1,15,,33857,3,0,12 13,1,13,,33858,3,0,12 13,1,52,,33859,3,0,12 13,1,12,,33860,3,0,12 13,1,12,,33861,3,0,12 13,1,12,,33862,3,0,12 13,1,12,,33863,3,0,12 13,1,52,,33864,3,0,12 13,1,12,,33865,3,0,12 13,1,12,,33866,3,0,12 13,1,12,,33867,3,0,12 13,1,12,,33868,3,0,12 13,1,52,,33869,3,0,12 13,1,12,,33870,3,0,12 13,1,12,,33871,3,0,12 13,1,12,,33872,3,0,12 13,1,12,,33873,3,0,12 13,1,52,,33874,3,0,12 13,1,12,,33875,3,0,12 13,1,12,,33876,3,0,12 13,1,12,,33877,3,0,12 13,1,12,,33878,3,0,12 13,1,52,,33879,3,0,12 13,1,12,,33880,3,0,12 13,1,17,,33881,3,0,12 13,1,15,,33882,3,0,12 13,1,55,,33883,3,0,12 13,1,15,,33884,3,0,12 13,1,15,,33885,3,0,12 13,1,15,,33886,3,0,12 13,1,55,,33887,3,0,12 13,1,15,,33888,3,0,12 13,1,15,,33889,3,0,12 13,1,15,,33890,3,0,12 13,1,55,,33891,3,0,12 13,1,15,,33892,3,0,12 13,1,15,,33893,3,0,12 13,1,15,,33894,3,0,12 13,1,55,,33895,3,0,12 13,1,15,,33896,3,0,12 13,1,15,,33897,3,0,12 13,1,15,,33898,3,0,12 13,1,55,,33899,3,0,12 13,1,15,,33823,3,0,12 13,1,15,,33822,3,0,12 13,1,15,,33821,3,0,12 13,1,55,,33820,3,0,12 13,1,15,,33819,3,0,12 13,1,15,,33818,3,0,12 13,1,15,,33817,3,0,12 13,1,55,,33816,3,0,12 13,1
18002201,'022R-Weekday-2-26-09',604,,33908,3,0,12 13,1,12,,33909,3,0,12 13,1,12,,33910,3,0,12 13,1,12,,33911,3,0,12 13,1,12,,33912,3,0,12 13,1,52,,33913,3,0,12 13,1,12,,33914,3,0,12 13,1,12,,33915,3,0,12 13,1,12,,33916,3,0,12 13,1,12,,33917,3,0,12 13,1,52,,33918,3,0,12 13,1,12,,33919,3,0,12 13,1,12,,33920,3,0,12 13,1,12,,33921,3,0,12 13,1,12,,33922,3,0,12 13,1,52,,33923,3,0,12 13,1,12,,33924,3,0,12 13,1,18,,33925,3,0,12 13,1,20,,33926,3,0,12 13,1,55,,33927,3,0,12 13,1,15,,33928,3,0,12 13,1,15,,33929,3,0,12 13,1,15,,33930,3,0,12 13,1,55,,33931,3,0,12 13,1,15,,33932,3,0,12 13,1,15,,33933,3,0,12 13,1,15,,33934,3,0,12 13,1,55,,33935,3,0,12 13,1,15,,33936,3,0,12 13,1,15,,33937,3,0,12 13,1,15,,33938,3,0,12 13,1,55,,33939,3,0,12 13,1,15,,33940,3,0,12 13,1,15,,33941,3,0,12 13,1,13,,33942,3,0,12 13,1,52,,33943,3,0,12 13,1,12,,33944,3,0,12 13,1,12,,33945,3,0,12 13,1,12,,33946,3,0,12 13,1,12,,33947,3,0,12 13,1,52,,33948,3,0,12 13,1,12,,33949,3,0,12 13,1,12,,33950,3,0,12 13,1,12,,33951,3,0,12 13,1,12,,33952,3,0,12 13,1,52,,33953,3,0,12 13,1,12,,33954,3,0,12 13,1,12,,33955,3,0,12 13,1,12,,33956,3,0,12 13,1,12,,33957,3,0,12 13,1,52,,33958,3,0,12 13,1,12,,33959,3,0,12 13,1,12,,33960,3,0,12 13,1,12,,33961,3,0,12 13,1,12,,33962,3,0,12 13,1,52,,33963,3,0,12 13,1,12,,33964,3,0,12 13,1,17,,33965,3,0,12 13,1,15,,33966,3,0,12 13,1,55,,33967,3,0,12 13,1,15,,33968,3,0,12 13,1,15,,33969,3,0,12 13,1,15,,33970,3,0,12 13,1,55,,33971,3,0,12 13,1,15,,33972,3,0,12 13,1,15,,33973,3,0,12 13,1,15,,33974,3,0,12 13,1,55,,33975,3,0,12 13,1,15,,33976,3,0,12 13,1,15,,33977,3,0,12 13,1,15,,33978,3,0,12 13,1,55,,33979,3,0,12 13,1,15,,33980,3,0,12 13,1,15,,33981,3,0,12 13,1,15,,33982,3,0,12 13,1,55,,33983,3,0,12 13,1,15,,33907,3,0,12 13,1,15,,33906,3,0,12 13,1,15,,33905,3,0,12 13,1,55,,33904,3,0,12 13,1,15,,33903,3,0,12 13,1,15,,33902,3,0,12 13,1,15,,33901,3,0,12 13,1,55,,33900,3,0,12 13,1
18002201,'022R-Weekday-3-26-09',604,,38338,3,0,12 13,1,12,,38339,3,0,12 13,1,12,,38340,3,0,12 13,1,12,,38341,3,0,12 13,1,12,,38342,3,0,12 13,1,52,,38343,3,0,12 13,1,12,,38344,3,0,12 13,1,12,,38345,3,0,12 13,1,12,,38346,3,0,12 13,1,12,,38347,3,0,12 13,1,52,,38348,3,0,12 13,1,12,,38349,3,0,12 13,1,12,,38350,3,0,12 13,1,12,,38351,3,0,12 13,1,12,,38352,3,0,12 13,1,52,,38353,3,0,12 13,1,12,,38354,3,0,12 13,1,18,,38355,3,0,12 13,1,20,,38356,3,0,12 13,1,55,,38357,3,0,12 13,1,15,,38358,3,0,12 13,1,15,,38359,3,0,12 13,1,15,,38360,3,0,12 13,1,55,,38361,3,0,12 13,1,15,,38362,3,0,12 13,1,15,,38363,3,0,12 13,1,15,,38364,3,0,12 13,1,55,,38365,3,0,12 13,1,15,,38366,3,0,12 13,1,15,,38367,3,0,12 13,1,15,,38368,3,0,12 13,1,55,,38369,3,0,12 13,1,15,,38370,3,0,12 13,1,15,,38371,3,0,12 13,1,13,,38372,3,0,12 13,1,52,,38373,3,0,12 13,1,12,,38374,3,0,12 13,1,12,,38375,3,0,12 13,1,12,,38376,3,0,12 13,1,12,,38377,3,0,12 13,1,52,,38378,3,0,12 13,1,12,,38379,3,0,12 13,1,12,,38380,3,0,12 13,1,12,,38381,3,0,12 13,1,12,,38382,3,0,12 13,1,52,,38383,3,0,12 13,1,12,,38384,3,0,12 13,1,12,,38385,3,0,12 13,1,12,,38386,3,0,12 13,1,12,,38387,3,0,12 13,1,52,,38388,3,0,12 13,1,12,,38389,3,0,12 13,1,12,,38390,3,0,12 13,1,12,,38391,3,0,12 13,1,12,,38392,3,0,12 13,1,52,,38393,3,0,12 13,1,12,,38394,3,0,12 13,1,17,,38395,3,0,12 13,1,15,,38396,3,0,12 13,1,55,,38397,3,0,12 13,1,15,,38398,3,0,12 13,1,15,,38399,3,0,12 13,1,15,,38400,3,0,12 13,1,55,,38401,3,0,12 13,1,15,,38402,3,0,12 13,1,15,,38403,3,0,12 13,1,15,,38404,3,0,12 13,1,55,,38405,3,0,12 13,1,15,,38406,3,0,12 13,1,15,,38407,3,0,12 13,1,15,,38408,3,0,12 13,1,55,,38409,3,0,12 13,1,15,,38410,3,0,12 13,1,15,,38411,3,0,12 13,1,15,,38412,3,0,12 13,1,55,,38413,3,0,12 13,1,15,,38337,3,0,12 13,1,15,,38336,3,0,12 13,1,15,,38335,3,0,12 13,1,55,,38334,3,0,12 13,1,15,,38333,3,0,12 13,1,15,,38332,3,0,12 13,1,15,,38331,3,0,12 13,1,55,,38330,3,0,12 13,1
18002201,'022R-Weekday-4-26-09',604,,33992,3,0,12 13,1,12,,33993,3,0,12 13,1,12,,33994,3,0,12 13,1,12,,33995,3,0,12 13,1,12,,33996,3,0,12 13,1,52,,33997,3,0,12 13,1,12,,33998,3,0,12 13,1,12,,33999,3,0,12 13,1,12,,34000,3,0,12 13,1,12,,34001,3,0,12 13,1,52,,34002,3,0,12 13,1,12,,34003,3,0,12 13,1,12,,34004,3,0,12 13,1,12,,34005,3,0,12 13,1,12,,34006,3,0,12 13,1,52,,34007,3,0,12 13,1,12,,34008,3,0,12 13,1,18,,34009,3,0,12 13,1,20,,34010,3,0,12 13,1,55,,34011,3,0,12 13,1,15,,34012,3,0,12 13,1,15,,34013,3,0,12 13,1,15,,34014,3,0,12 13,1,55,,34015,3,0,12 13,1,15,,34016,3,0,12 13,1,15,,34017,3,0,12 13,1,15,,34018,3,0,12 13,1,55,,34019,3,0,12 13,1,15,,34020,3,0,12 13,1,15,,34021,3,0,12 13,1,15,,34022,3,0,12 13,1,55,,34023,3,0,12 13,1,15,,34024,3,0,12 13,1,15,,34025,3,0,12 13,1,13,,34026,3,0,12 13,1,52,,34027,3,0,12 13,1,12,,34028,3,0,12 13,1,12,,34029,3,0,12 13,1,12,,34030,3,0,12 13,1,12,,34031,3,0,12 13,1,52,,34032,3,0,12 13,1,12,,34033,3,0,12 13,1,12,,34034,3,0,12 13,1,12,,34035,3,0,12 13,1,12,,34036,3,0,12 13,1,52,,34037,3,0,12 13,1,12,,34038,3,0,12 13,1,12,,34039,3,0,12 13,1,12,,34040,3,0,12 13,1,12,,34041,3,0,12 13,1,52,,34042,3,0,12 13,1,12,,34043,3,0,12 13,1,12,,34044,3,0,12 13,1,12,,34045,3,0,12 13,1,12,,34046,3,0,12 13,1,52,,34047,3,0,12 13,1,12,,34048,3,0,12 13,1,17,,34049,3,0,12 13,1,15,,34050,3,0,12 13,1,55,,34051,3,0,12 13,1,15,,34052,3,0,12 13,1,15,,34053,3,0,12 13,1,15,,34054,3,0,12 13,1,55,,34055,3,0,12 13,1,15,,34056,3,0,12 13,1,15,,34057,3,0,12 13,1,15,,34058,3,0,12 13,1,55,,34059,3,0,12 13,1,15,,34060,3,0,12 13,1,15,,34061,3,0,12 13,1,15,,34062,3,0,12 13,1,55,,34063,3,0,12 13,1,15,,34064,3,0,12 13,1,15,,34065,3,0,12 13,1,15,,34066,3,0,12 13,1,55,,34067,3,0,12 13,1,15,,33991,3,0,12 13,1,15,,33990,3,0,12 13,1,15,,33989,3,0,12 13,1,55,,33988,3,0,12 13,1,15,,33987,3,0,12 13,1,15,,33986,3,0,12 13,1,15,,33985,3,0,12 13,1,55,,33984,3,0,12 13,1
18002201,'022R-Weekday-5-26-09',604,,38422,3,0,12 13,1,12,,38423,3,0,12 13,1,12,,38424,3,0,12 13,1,12,,38425,3,0,12 13,1,12,,38426,3,0,12 13,1,52,,38427,3,0,12 13,1,12,,38428,3,0,12 13,1,12,,38429,3,0,12 13,1,12,,38430,3,0,12 13,1,12,,38431,3,0,12 13,1,52,,38432,3,0,12 13,1,12,,38433,3,0,12 13,1,12,,38434,3,0,12 13,1,12,,38435,3,0,12 13,1,12,,38436,3,0,12 13,1,52,,38437,3,0,12 13,1,12,,38438,3,0,12 13,1,18,,38439,3,0,12 13,1,20,,38440,3,0,12 13,1,55,,38441,3,0,12 13,1,15,,38442,3,0,12 13,1,15,,38443,3,0,12 13,1,15,,38444,3,0,12 13,1,55,,38445,3,0,12 13,1,15,,38446,3,0,12 13,1,15,,38447,3,0,12 13,1,15,,38448,3,0,12 13,1,55,,38449,3,0,12 13,1,15,,38450,3,0,12 13,1,15,,38451,3,0,12 13,1,15,,38452,3,0,12 13,1,55,,38453,3,0,12 13,1,15,,38454,3,0,12 13,1,15,,38455,3,0,12 13,1,13,,38456,3,0,12 13,1,52,,38457,3,0,12 13,1,12,,38458,3,0,12 13,1,12,,38459,3,0,12 13,1,12,,38460,3,0,12 13,1,12,,38461,3,0,12 13,1,52,,38462,3,0,12 13,1,12,,38463,3,0,12 13,1,12,,38464,3,0,12 13,1,12,,38465,3,0,12 13,1,12,,38466,3,0,12 13,1,52,,38467,3,0,12 13,1,12,,38468,3,0,12 13,1,12,,38469,3,0,12 13,1,12,,38470,3,0,12 13,1,12,,38471,3,0,12 13,1,52,,38472,3,0,12 13,1,12,,38473,3,0,12 13,1,12,,38474,3,0,12 13,1,12,,38475,3,0,12 13,1,12,,38476,3,0,12 13,1,52,,38477,3,0,12 13,1,12,,38478,3,0,12 13,1,17,,38479,3,0,12 13,1,15,,38480,3,0,12 13,1,55,,38481,3,0,12 13,1,15,,38482,3,0,12 13,1,15,,38483,3,0,12 13,1,15,,38484,3,0,12 13,1,55,,38485,3,0,12 13,1,15,,38486,3,0,12 13,1,15,,38487,3,0,12 13,1,15,,38488,3,0,12 13,1,55,,38489,3,0,12 13,1,15,,38490,3,0,12 13,1,15,,38491,3,0,12 13,1,15,,38492,3,0,12 13,1,55,,38493,3,0,12 13,1,15,,38494,3,0,12 13,1,15,,38495,3,0,12 13,1,15,,38496,3,0,12 13,1,55,,38497,3,0,12 13,1,15,,38421,3,0,12 13,1,15,,38420,3,0,12 13,1,15,,38419,3,0,12 13,1,55,,38418,3,0,12 13,1,15,,38417,3,0,12 13,1,15,,38416,3,0,12 13,1,15,,38415,3,0,12 13,1,55,,38414,3,0,12 13,1
18002201,'022R-Weekday-6-26-09',604,,38506,3,0,12 13,1,12,,38507,3,0,12 13,1,12,,38508,3,0,12 13,1,12,,38509,3,0,12 13,1,12,,38510,3,0,12 13,1,52,,38511,3,0,12 13,1,12,,38512,3,0,12 13,1,12,,38513,3,0,12 13,1,12,,38514,3,0,12 13,1,12,,38515,3,0,12 13,1,52,,38516,3,0,12 13,1,12,,38517,3,0,12 13,1,12,,38518,3,0,12 13,1,12,,38519,3,0,12 13,1,12,,38520,3,0,12 13,1,52,,38521,3,0,12 13,1,12,,38522,3,0,12 13,1,18,,38523,3,0,12 13,1,20,,38524,3,0,12 13,1,55,,38525,3,0,12 13,1,15,,38526,3,0,12 13,1,15,,38527,3,0,12 13,1,15,,38528,3,0,12 13,1,55,,38529,3,0,12 13,1,15,,38530,3,0,12 13,1,15,,38531,3,0,12 13,1,15,,38532,3,0,12 13,1,55,,38533,3,0,12 13,1,15,,38534,3,0,12 13,1,15,,38535,3,0,12 13,1,15,,38536,3,0,12 13,1,55,,38537,3,0,12 13,1,15,,38538,3,0,12 13,1,15,,38539,3,0,12 13,1,13,,38540,3,0,12 13,1,52,,38541,3,0,12 13,1,12,,38542,3,0,12 13,1,12,,38543,3,0,12 13,1,12,,38544,3,0,12 13,1,12,,38545,3,0,12 13,1,52,,38546,3,0,12 13,1,12,,38547,3,0,12 13,1,12,,38548,3,0,12 13,1,12,,38549,3,0,12 13,1,12,,38550,3,0,12 13,1,52,,38551,3,0,12 13,1,12,,38552,3,0,12 13,1,12,,38553,3,0,12 13,1,12,,38554,3,0,12 13,1,12,,38555,3,0,12 13,1,52,,38556,3,0,12 13,1,12,,38557,3,0,12 13,1,12,,38558,3,0,12 13,1,12,,38559,3,0,12 13,1,12,,38560,3,0,12 13,1,52,,38561,3,0,12 13,1,12,,38562,3,0,12 13,1,17,,38563,3,0,12 13,1,15,,38564,3,0,12 13,1,55,,38565,3,0,12 13,1,15,,38566,3,0,12 13,1,15,,38567,3,0,12 13,1,15,,38568,3,0,12 13,1,55,,38569,3,0,12 13,1,15,,38570,3,0,12 13,1,15,,38571,3,0,12 13,1,15,,38572,3,0,12 13,1,55,,38573,3,0,12 13,1,15,,38574,3,0,12 13,1,15,,38575,3,0,12 13,1,15,,38576,3,0,12 13,1,55,,38577,3,0,12 13,1,15,,38578,3,0,12 13,1,15,,38579,3,0,12 13,1,15,,38580,3,0,12 13,1,55,,38581,3,0,12 13,1,15,,38505,3,0,12 13,1,15,,38504,3,0,12 13,1,15,,38503,3,0,12 13,1,55,,38502,3,0,12 13,1,15,,38501,3,0,12 13,1,15,,38500,3,0,12 13,1,15,,38499,3,0,12 13,1,55,,38498,3,0,12 13,1
18002201,'022R-Weekday-7-26-09',604,,38590,3,0,12 13,1,12,,38591,3,0,12 13,1,12,,38592,3,0,12 13,1,12,,38593,3,0,12 13,1,12,,38594,3,0,12 13,1,52,,38595,3,0,12 13,1,12,,38596,3,0,12 13,1,12,,38597,3,0,12 13,1,12,,38598,3,0,12 13,1,12,,38599,3,0,12 13,1,52,,38600,3,0,12 13,1,12,,38601,3,0,12 13,1,12,,38602,3,0,12 13,1,12,,38603,3,0,12 13,1,12,,38604,3,0,12 13,1,52,,38605,3,0,12 13,1,12,,38606,3,0,12 13,1,18,,38607,3,0,12 13,1,20,,38608,3,0,12 13,1,55,,38609,3,0,12 13,1,15,,38610,3,0,12 13,1,15,,38611,3,0,12 13,1,15,,38612,3,0,12 13,1,55,,38613,3,0,12 13,1,15,,38614,3,0,12 13,1,15,,38615,3,0,12 13,1,15,,38616,3,0,12 13,1,55,,38617,3,0,12 13,1,15,,38618,3,0,12 13,1,15,,38619,3,0,12 13,1,15,,38620,3,0,12 13,1,55,,38621,3,0,12 13,1,15,,38622,3,0,12 13,1,15,,38623,3,0,12 13,1,13,,38624,3,0,12 13,1,52,,38625,3,0,12 13,1,12,,38626,3,0,12 13,1,12,,38627,3,0,12 13,1,12,,38628,3,0,12 13,1,12,,38629,3,0,12 13,1,52,,38630,3,0,12 13,1,12,,38631,3,0,12 13,1,12,,38632,3,0,12 13,1,12,,38633,3,0,12 13,1,12,,38634,3,0,12 13,1,52,,38635,3,0,12 13,1,12,,38636,3,0,12 13,1,12,,38637,3,0,12 13,1,12,,38638,3,0,12 13,1,12,,38639,3,0,12 13,1,52,,38640,3,0,12 13,1,12,,38641,3,0,12 13,1,12,,38642,3,0,12 13,1,12,,38643,3,0,12 13,1,12,,38644,3,0,12 13,1,52,,38645,3,0,12 13,1,12,,38646,3,0,12 13,1,17,,38647,3,0,12 13,1,15,,38648,3,0,12 13,1,55,,38649,3,0,12 13,1,15,,38650,3,0,12 13,1,15,,38651,3,0,12 13,1,15,,38652,3,0,12 13,1,55,,38653,3,0,12 13,1,15,,38654,3,0,12 13,1,15,,38655,3,0,12 13,1,15,,38656,3,0,12 13,1,55,,38657,3,0,12 13,1,15,,38658,3,0,12 13,1,15,,38659,3,0,12 13,1,15,,38660,3,0,12 13,1,55,,38661,3,0,12 13,1,15,,38662,3,0,12 13,1,15,,38663,3,0,12 13,1,15,,38664,3,0,12 13,1,55,,38665,3,0,12 13,1,15,,38589,3,0,12 13,1,15,,38588,3,0,12 13,1,15,,38587,3,0,12 13,1,55,,38586,3,0,12 13,1,15,,38585,3,0,12 13,1,15,,38584,3,0,12 13,1,15,,38583,3,0,12 13,1,55,,38582,3,0,12 13,1
18002201,'022R-Saturday-1-26-09',602,,34068,3,0,12 13,1,15,,34069,3,0,12 13,1,15,,34070,3,0,12 13,1,15,,34071,3,0,12 13,1,55,,34072,3,0,12 13,1,15,,34073,3,0,12 13,1,15,,34074,3,0,12 13,1,15,,34075,3,0,12 13,1,55,,34076,3,0,12 13,1,15,,34077,3,0,12 13,1,15,,34078,3,0,12 13,1,15,,34079,3,0,12 13,1,55,,34080,3,0,12 13,1,15,,34081,3,0,12 13,1,15,,34082,3,0,12 13,1,15,,34083,3,0,12 13,1,55,,34084,3,0,12 13,1,15,,34085,3,0,12 13,1,15,,34086,3,0,12 13,1,15,,34087,3,0,12 13,1,55,,34088,3,0,12 13,1,15,,34089,3,0,12 13,1,15,,34090,3,0,12 13,1,15,,34091,3,0,12 13,1,55,,34092,3,0,12 13,1,15,,34093,3,0,12 13,1,15,,34094,3,0,12 13,1,15,,34095,3,0,12 13,1,55,,34096,3,0,12 13,1,15,,34097,3,0,12 13,1,15,,34098,3,0,12 13,1,15,,34099,3,0,12 13,1,55,,34100,3,0,12 13,1,15,,34101,3,0,12 13,1,15,,34102,3,0,12 13,1,15,,34103,3,0,12 13,1,55,,34104,3,0,12 13,1,15,,34105,3,0,12 13,1,15,,34106,3,0,12 13,1,15,,34107,3,0,12 13,1,55,,34108,3,0,12 13,1,15,,34109,3,0,12 13,1,15,,34110,3,0,12 13,1,15,,34111,3,0,12 13,1,55,,34112,3,0,12 13,1,15,,34113,3,0,12 13,1,15,,34114,3,0,12 13,1,15,,34115,3,0,12 13,1,55,,34116,3,0,12 13,1,15,,34117,3,0,12 13,1,15,,34118,3,0,12 13,1,15,,34119,3,0,12 13,1,55,,34120,3,0,12 13,1,15,,34121,3,0,12 13,1,15,,34122,3,0,12 13,1,15,,34123,3,0,12 13,1,55,,34124,3,0,12 13,1,15,,34125,3,0,12 13,1,15,,34126,3,0,12 13,1,15,,34127,3,0,12 13,1,55,,34128,3,0,12 13,1,15,,34129,3,0,12 13,1,15,,34130,3,0,12 13,1,15,,34131,3,0,12 13,1,55,,34132,3,0,12 13,1,15,,34133,3,0,12 13,1,15,,34134,3,0,12 13,1,15,,34135,3,0,12 13,1,55,,34136,3,0,12 13,1,15,,34137,3,0,12 13,1,15,,34138,3,0,12 13,1,15,,34139,3,0,12 13,1,55,,34140,3,0,12 13,1,15,,34141,3,0,12 13,1,15,,34142,3,0,12 13,1,15,,34143,3,0,12 13,1,55,,34144,3,0,12 13,1
18002201,'022R-Saturday-2-26-09',550,,38666,3,,,1,55,,38667,3,,,1,15,,38668,3,,,1,15,,38669,3,,,1,15,,38670,3,,,1,55,,38671,3,,,1,15,,38672,3,,,1,15,,38673,3,,,1,15,,38674,3,,,1,55,,38675,3,,,1,15,,38676,3,,,1,15,,38677,3,,,1,15,,38678,3,,,1,55,,38679,3,,,1,15,,38680,3,,,1,15,,38681,3,,,1,15,,38682,3,,,1,55,,38683,3,,,1,15,,38684,3,,,1,15,,38685,3,,,1,15,,38686,3,,,1,55,,38687,3,,,1,15,,38688,3,,,1,15,,38689,3,,,1,15,,38690,3,,,1,55,,38691,3,,,1,15,,38692,3,,,1,15,,38693,3,,,1,15,,38694,3,,,1,55,,38695,3,,,1,15,,38696,3,,,1,15,,38697,3,,,1,15,,38698,3,,,1,55,,38699,3,,,1,15,,38700,3,,,1,15,,38701,3,,,1,15,,38702,3,,,1,55,,38703,3,,,1,15,,38704,3,,,1,15,,38705,3,,,1,15,,38706,3,,,1,55,,38707,3,,,1,15,,38708,3,,,1,15,,38709,3,,,1,15,,38710,3,,,1,55,,38711,3,,,1,15,,38712,3,,,1,15,,38713,3,,,1,15,,38714,3,,,1,55,,38715,3,,,1,15,,38716,3,,,1,15,,38717,3,,,1,15,,38718,3,,,1,55,,38719,3,,,1,15,,38720,3,,,1,15,,38721,3,,,1,15,,38722,3,,,1,55,,38723,3,,,1,15,,38724,3,,,1,15,,38725,3,,,1,15,,38726,3,,,1,55,,38727,3,,,1,15,,38728,3,,,1,15,,38729,3,,,1,15,,38730,3,,,1,55,,38731,3,,,1,15,,38732,3,,,1,15,,38733,3,,,1,15,,38734,3,,,1,55,,38735,3,,,1,15,,38736,3,,,1,15,,38737,3,,,1,15,,38738,3,,,1,55,,38739,3,,,1,15,,38740,3,,,1,15,,38741,3,,,1,15,,38742,3,,,1
18002201,'022R-Saturday-3-26-09',557,,38745,3,0,9 11,1,55,,38746,3,0,9 11,1,15,,38747,3,0,9 11,1,15,,38748,3,0,9 11,1,15,,38749,3,0,9 11,1,55,,38750,3,0,9 11,1,15,,38751,3,0,9 11,1,15,,38752,3,0,9 11,1,15,,38753,3,0,9 11,1,55,,38754,3,0,9 11,1,15,,38755,3,0,9 11,1,15,,38756,3,0,9 11,1,15,,38757,3,0,9 11,1,55,,38758,3,0,9 11,1,15,,38759,3,0,9 11,1,15,,38760,3,0,9 11,1,15,,38761,3,0,9 11,1,55,,38762,3,0,9 11,1,15,,38763,3,0,9 11,1,15,,38764,3,0,9 11,1,15,,38765,3,0,9 11,1,55,,38766,3,0,9 11,1,15,,38767,3,0,9 11,1,15,,38768,3,0,9 11,1,15,,38769,3,0,9 11,1,55,,38770,3,0,9 11,1,15,,38771,3,0,9 11,1,15,,38772,3,0,9 11,1,15,,38773,3,0,9 11,1,55,,38774,3,0,9 11,1,15,,38775,3,0,9 11,1,15,,38776,3,0,9 11,1,15,,38777,3,0,9 11,1,55,,38778,3,0,9 11,1,15,,38779,3,0,9 11,1,15,,38780,3,0,9 11,1,15,,38781,3,0,9 11,1,55,,38782,3,0,9 11,1,15,,38783,3,0,9 11,1,15,,38784,3,0,9 11,1,15,,38785,3,0,9 11,1,55,,38786,3,0,9 11,1,15,,38787,3,0,9 11,1,15,,38788,3,0,9 11,1,15,,38789,3,0,9 11,1,55,,38790,3,0,9 11,1,15,,38791,3,0,9 11,1,15,,38792,3,0,9 11,1,15,,38793,3,0,9 11,1,55,,38794,3,0,9 11,1,15,,38795,3,0,9 11,1,15,,38796,3,0,9 11,1,15,,38797,3,0,9 11,1,55,,38798,3,0,9 11,1,15,,38799,3,0,9 11,1,15,,38800,3,0,9 11,1,15,,38801,3,0,9 11,1,55,,38802,3,0,9 11,1,15,,38803,3,0,9 11,1,15,,38804,3,0,9 11,1,15,,38805,3,0,9 11,1,55,,38806,3,0,9 11,1,15,,38807,3,0,9 11,1,15,,38808,3,0,9 11,1,15,,38809,3,0,9 11,1,55,,38810,3,0,9 11,1,15,,38811,3,0,9 11,1,15,,38812,3,0,9 11,1,15,,38813,3,0,9 11,1,55,,38814,3,0,9 11,1,15,,38815,3,0,9 11,1,15,,38816,3,0,9 11,1,15,,38817,3,0,9 11,1,55,,38818,3,0,9 11,1,15,,38819,3,0,9 11,1,15,,38820,3,0,9 11,1,15,,38821,3,0,9 11,1
18002201,'022R-Saturday-4-26-09',610,,38856,3,0,9 11,1,15,,38857,3,0,9 11,1,15,,38858,3,0,9 11,1,15,,38859,3,0,9 11,1,55,,38860,3,0,9 11,1,15,,38861,3,0,9 11,1,15,,38862,3,0,9 11,1,15,,38863,3,0,9 11,1,55,,38864,3,0,9 11,1,15,,38865,3,0,9 11,1,15,,38866,3,0,9 11,1,15,,38867,3,0,9 11,1,55,,38868,3,0,9 11,1,15,,38869,3,0,9 11,1,15,,38870,3,0,9 11,1,15,,38871,3,0,9 11,1,55,,38872,3,0,9 11,1,15,,38873,3,0,9 11,1,15,,38874,3,0,9 11,1,15,,38875,3,0,9 11,1,55,,38876,3,0,9 11,1,15,,38877,3,0,9 11,1,15,,38878,3,0,9 11,1,15,,38879,3,0,9 11,1,55,,38880,3,0,9 11,1,15,,38881,3,0,9 11,1,15,,38882,3,0,9 11,1,15,,38883,3,0,9 11,1,55,,38884,3,0,9 11,1,15,,38885,3,0,9 11,1,15,,38886,3,0,9 11,1,15,,38887,3,0,9 11,1,55,,38888,3,0,9 11,1,15,,38889,3,0,9 11,1,15,,38890,3,0,9 11,1,15,,38891,3,0,9 11,1,55,,38892,3,0,9 11,1,15,,38893,3,0,9 11,1,15,,38894,3,0,9 11,1,15,,38895,3,0,9 11,1,50,,38898,3,0,12 13,1,15,,38897,3,0,12 13,1,15,,38896,3,0,12 13,1,12,,38822,3,0,12 13,1,55,,38823,3,0,12 13,1,15,,38824,3,0,12 13,1,15,,38825,3,0,12 13,1,15,,38826,3,0,12 13,1,55,,38827,3,0,12 13,1,15,,38828,3,0,12 13,1,15,,38829,3,0,12 13,1,15,,38830,3,0,12 13,1,55,,38831,3,0,12 13,1,15,,38832,3,0,12 13,1,15,,38833,3,0,12 13,1,15,,38834,3,0,12 13,1,55,,38835,3,0,12 13,1,15,,38836,3,0,12 13,1,15,,38837,3,0,12 13,1,15,,38838,3,0,12 13,1,55,,38839,3,0,12 13,1,15,,38840,3,0,12 13,1,15,,38841,3,0,12 13,1,15,,38842,3,0,12 13,1,55,,38843,3,0,12 13,1,15,,38844,3,0,12 13,1,15,,38845,3,0,12 13,1,15,,38846,3,0,12 13,1,55,,38847,3,0,12 13,1,15,,38848,3,0,12 13,1,15,,38849,3,0,12 13,1,15,,38850,3,0,12 13,1,55,,38851,3,0,12 13,1,15,,38852,3,0,12 13,1,15,,38853,3,0,12 13,1,15,,38854,3,0,12 13,1,55,,38855,3,0,12 13,1
18002201,'022R-Sunday-1-26-09',617,,34145,3,0,12 13,1,15,,34146,3,0,12 13,1,15,,34147,3,0,12 13,1,55,,34148,3,0,12 13,1,15,,34149,3,0,12 13,1,15,,34150,3,0,12 13,1,15,,34151,3,0,12 13,1,55,,34152,3,0,12 13,1,15,,34153,3,0,12 13,1,15,,34154,3,0,12 13,1,15,,34155,3,0,12 13,1,55,,34156,3,0,12 13,1,15,,34157,3,0,12 13,1,15,,34158,3,0,12 13,1,15,,34159,3,0,12 13,1,55,,34160,3,0,12 13,1,15,,34161,3,0,12 13,1,15,,34162,3,0,12 13,1,15,,34163,3,0,12 13,1,55,,34164,3,0,12 13,1,15,,34165,3,0,12 13,1,15,,34166,3,0,12 13,1,15,,34167,3,0,12 13,1,55,,34168,3,0,12 13,1,15,,34169,3,0,12 13,1,15,,34170,3,0,12 13,1,15,,34171,3,0,12 13,1,55,,34172,3,0,12 13,1,15,,34173,3,0,12 13,1,15,,34174,3,0,12 13,1,15,,34175,3,0,12 13,1,55,,34176,3,0,12 13,1,15,,34177,3,0,12 13,1,15,,34178,3,0,12 13,1,15,,34179,3,0,12 13,1,55,,34180,3,0,12 13,1,15,,34181,3,0,12 13,1,15,,34182,3,0,12 13,1,15,,34183,3,0,12 13,1,55,,34184,3,0,12 13,1,15,,34185,3,0,12 13,1,15,,34186,3,0,12 13,1,15,,34187,3,0,12 13,1,55,,34188,3,0,12 13,1,15,,34189,3,0,12 13,1,15,,34190,3,0,12 13,1,15,,34191,3,0,12 13,1,55,,34192,3,0,12 13,1,15,,34193,3,0,12 13,1,15,,34194,3,0,12 13,1,15,,34195,3,0,12 13,1,55,,34196,3,0,12 13,1,15,,34197,3,0,12 13,1,15,,34198,3,0,12 13,1,15,,34199,3,0,12 13,1,55,,34200,3,0,12 13,1,15,,34201,3,0,12 13,1,15,,34202,3,0,12 13,1,15,,34203,3,0,12 13,1,55,,34204,3,0,12 13,1,15,,34205,3,0,12 13,1,15,,34206,3,0,12 13,1,15,,34207,3,0,12 13,1,55,,34208,3,0,12 13,1,15,,34209,3,0,12 13,1,15,,34210,3,0,12 13,1,15,,34211,3,0,12 13,1,55,,34212,3,0,12 13,1,15,,34213,3,0,12 13,1,15,,34214,3,0,12 13,1,15,,34215,3,0,12 13,1,55,,34216,3,0,12 13,1
18002201,'022R-Sunday-2-26-09',620,,38903,3,,,1,15,,38904,3,,,1,15,,38905,3,,,1,55,,38906,3,,,1,15,,38907,3,,,1,15,,38908,3,,,1,15,,38909,3,,,1,55,,38910,3,,,1,15,,38911,3,,,1,15,,38912,3,,,1,15,,38913,3,,,1,55,,38914,3,,,1,15,,38915,3,,,1,15,,38916,3,,,1,15,,38917,3,,,1,55,,38918,3,,,1,15,,38919,3,,,1,15,,38920,3,,,1,15,,38921,3,,,1,55,,38922,3,,,1,15,,38923,3,,,1,15,,38924,3,,,1,15,,38925,3,,,1,55,,38926,3,,,1,15,,38927,3,,,1,15,,38928,3,,,1,15,,38929,3,,,1,55,,38930,3,,,1,15,,38931,3,,,1,15,,38932,3,,,1,15,,38933,3,,,1,55,,38934,3,,,1,15,,38935,3,,,1,15,,38936,3,,,1,15,,38937,3,,,1,55,,38938,3,,,1,15,,38939,3,,,1,15,,38940,3,,,1,15,,38941,3,,,1,55,,38942,3,,,1,15,,38943,3,,,1,15,,38944,3,,,1,15,,38945,3,,,1,55,,38946,3,,,1,15,,38947,3,,,1,15,,38948,3,,,1,15,,38949,3,,,1,55,,38950,3,,,1,15,,38951,3,,,1,15,,38952,3,,,1,15,,38953,3,,,1,55,,38954,3,,,1,15,,38955,3,,,1,15,,38956,3,,,1,15,,38957,3,,,1,55,,38958,3,,,1,15,,38959,3,,,1,15,,38960,3,,,1,15,,38961,3,,,1,55,,38962,3,,,1,15,,38963,3,,,1,15,,38964,3,,,1,15,,38965,3,,,1,55,,38966,3,,,1,15,,38967,3,,,1,15,,38968,3,,,1,15,,38969,3,,,1,55,,38970,3,,,1,15,,38971,3,,,1,15,,38902,3,,,1,15,,38899,3,,,1
18002201,'022R-Sunday-3-26-09',627,,38972,3,0,9 11,1,15,,38973,3,0,9 11,1,15,,38974,3,0,9 11,1,55,,38975,3,0,9 11,1,15,,38976,3,0,9 11,1,15,,38977,3,0,9 11,1,15,,38978,3,0,9 11,1,55,,38979,3,0,9 11,1,15,,38980,3,0,9 11,1,15,,38981,3,0,9 11,1,15,,38982,3,0,9 11,1,55,,38983,3,0,9 11,1,15,,38984,3,0,9 11,1,15,,38985,3,0,9 11,1,15,,38986,3,0,9 11,1,55,,38987,3,0,9 11,1,15,,38988,3,0,9 11,1,15,,38989,3,0,9 11,1,15,,38990,3,0,9 11,1,55,,38991,3,0,9 11,1,15,,38992,3,0,9 11,1,15,,38993,3,0,9 11,1,15,,38994,3,0,9 11,1,55,,38995,3,0,9 11,1,15,,38996,3,0,9 11,1,15,,38997,3,0,9 11,1,15,,38998,3,0,9 11,1,55,,38999,3,0,9 11,1,15,,39000,3,0,9 11,1,15,,39001,3,0,9 11,1,15,,39002,3,0,9 11,1,55,,39003,3,0,9 11,1,15,,39004,3,0,9 11,1,15,,39005,3,0,9 11,1,15,,39006,3,0,9 11,1,55,,39007,3,0,9 11,1,15,,39008,3,0,9 11,1,15,,39009,3,0,9 11,1,15,,39010,3,0,9 11,1,55,,39011,3,0,9 11,1,15,,39012,3,0,9 11,1,15,,39013,3,0,9 11,1,15,,39014,3,0,9 11,1,55,,39015,3,0,9 11,1,15,,39016,3,0,9 11,1,15,,39017,3,0,9 11,1,15,,39018,3,0,9 11,1,55,,39019,3,0,9 11,1,15,,39020,3,0,9 11,1,15,,39021,3,0,9 11,1,15,,39022,3,0,9 11,1,55,,39023,3,0,9 11,1,15,,39024,3,0,9 11,1,15,,39025,3,0,9 11,1,15,,39026,3,0,9 11,1,55,,39027,3,0,9 11,1,15,,39028,3,0,9 11,1,15,,39029,3,0,9 11,1,15,,39030,3,0,9 11,1,55,,39031,3,0,9 11,1,15,,39032,3,0,9 11,1,15,,39033,3,0,9 11,1,15,,39034,3,0,9 11,1,55,,39035,3,0,9 11,1,15,,39036,3,0,9 11,1,15,,39037,3,0,9 11,1,15,,39038,3,0,9 11,1,55,,39039,3,0,9 11,1,15,,39040,3,0,9 11,1,15,,39041,3,0,9 11,1,15,,39042,3,0,9 11,1,55,,39043,3,0,9 11,1
18002201,'022R-Sunday-5-26-09',627,,39044,3,0,9 11,1,15,,39045,3,0,9 11,1,15,,39046,3,0,9 11,1,55,,39047,3,0,9 11,1,15,,39048,3,0,9 11,1,15,,39049,3,0,9 11,1,15,,39050,3,0,9 11,1,55,,39051,3,0,9 11,1,15,,39052,3,0,9 11,1,15,,39053,3,0,9 11,1,15,,39054,3,0,9 11,1,55,,39055,3,0,9 11,1,15,,39056,3,0,9 11,1,15,,39057,3,0,9 11,1,15,,39058,3,0,9 11,1,55,,39059,3,0,9 11,1,15,,39060,3,0,9 11,1,15,,39061,3,0,9 11,1,15,,39062,3,0,9 11,1,55,,39063,3,0,9 11,1,15,,39064,3,0,9 11,1,15,,39065,3,0,9 11,1,15,,39066,3,0,9 11,1,55,,39067,3,0,9 11,1,15,,39068,3,0,9 11,1,15,,39069,3,0,9 11,1,15,,39070,3,0,9 11,1,55,,39071,3,0,9 11,1,15,,39072,3,0,9 11,1,15,,39073,3,0,9 11,1,15,,39074,3,0,9 11,1,55,,39075,3,0,9 11,1,15,,39076,3,0,9 11,1,15,,39077,3,0,9 11,1,15,,39078,3,0,9 11,1,55,,39079,3,0,9 11,1,15,,39080,3,0,9 11,1,15,,39081,3,0,9 11,1,15,,39082,3,0,9 11,1,55,,39083,3,0,9 11,1,15,,39084,3,0,9 11,1,15,,39085,3,0,9 11,1,15,,39086,3,0,9 11,1,55,,39087,3,0,9 11,1,15,,39088,3,0,9 11,1,15,,39089,3,0,9 11,1,15,,39090,3,0,9 11,1,55,,39091,3,0,9 11,1,15,,39092,3,0,9 11,1,15,,39093,3,0,9 11,1,15,,39094,3,0,9 11,1,55,,39095,3,0,9 11,1,15,,39096,3,0,9 11,1,15,,39097,3,0,9 11,1,15,,39098,3,0,9 11,1,55,,39099,3,0,9 11,1,15,,39100,3,0,9 11,1,15,,39101,3,0,9 11,1,15,,39102,3,0,9 11,1,55,,39103,3,0,9 11,1,15,,39104,3,0,9 11,1,15,,39105,3,0,9 11,1,15,,39106,3,0,9 11,1,55,,39107,3,0,9 11,1,15,,39108,3,0,9 11,1,15,,39109,3,0,9 11,1,15,,39110,3,0,9 11,1,55,,39111,3,0,9 11,1,15,,39112,3,0,9 11,1,15,,39113,3,0,9 11,1,15,,39114,3,0,9 11,1,55,,39115,3,0,9 11,1
18002201,'022R-Sunday-6-26-09',620,,39140,3,0,9 11,1,15,,39141,3,0,9 11,1,15,,39142,3,0,9 11,1,55,,39143,3,0,9 11,1,15,,39144,3,0,9 11,1,15,,39145,3,0,9 11,1,15,,39146,3,0,9 11,1,55,,39147,3,0,9 11,1,15,,39148,3,0,9 11,1,15,,39149,3,0,9 11,1,15,,39150,3,0,9 11,1,55,,39151,3,0,9 11,1,15,,39152,3,0,9 11,1,15,,39153,3,0,9 11,1,15,,39154,3,0,9 11,1,55,,39155,3,0,9 11,1,15,,39156,3,0,9 11,1,15,,39157,3,0,9 11,1,15,,39158,3,0,9 11,1,55,,39159,3,0,9 11,1,15,,39160,3,0,9 11,1,15,,39161,3,0,9 11,1,15,,39162,3,0,9 11,1,55,,39163,3,0,9 11,1,15,,39164,3,0,9 11,1,15,,39165,3,0,9 11,1,15,,39166,3,0,9 11,1,55,,39167,3,0,9 11,1,15,,39168,3,0,9 11,1,15,,39169,3,0,9 11,1,15,,39170,3,0,9 11,1,55,,39171,3,0,9 11,1,15,,39172,3,0,9 11,1,15,,39173,3,0,9 11,1,15,,39174,3,0,9 11,1,55,,39175,3,0,9 11,1,15,,39176,3,0,9 11,1,15,,39177,3,0,9 11,1,15,,39178,3,0,9 11,1,55,,39179,3,0,9 11,1,15,,39180,3,0,9 11,1,15,,39181,3,0,9 11,1,15,,39182,3,0,9 11,1,55,,39183,3,0,9 11,1,15,,39184,3,0,9 11,1,15,,39185,3,0,9 11,1,15,,39186,3,0,9 11,1,55,,39187,3,0,9 11,1,12,,39116,3,0,12 13,1,15,,39117,3,0,12 13,1,15,,39118,3,0,12 13,1,55,,39119,3,0,12 13,1,15,,39120,3,0,12 13,1,15,,39121,3,0,12 13,1,15,,39122,3,0,12 13,1,55,,39123,3,0,12 13,1,15,,39124,3,0,12 13,1,15,,39125,3,0,12 13,1,15,,39126,3,0,12 13,1,55,,39127,3,0,12 13,1,15,,39128,3,0,12 13,1,15,,39129,3,0,12 13,1,15,,39130,3,0,12 13,1,55,,39131,3,0,12 13,1,15,,39132,3,0,12 13,1,15,,39133,3,0,12 13,1,15,,39134,3,0,12 13,1,55,,39135,3,0,12 13,1,15,,39136,3,0,12 13,1,15,,39137,3,0,12 13,1,15,,39138,3,0,12 13,1,55,,39139,3,0,12 13,1
