18002300,'20260913-Sunday-1-26-09',529,,34217,7,,,1,15,,34233,7,,,1,15,,34249,7,,,1,55,,34265,7,,,1,15,,34281,7,,,1,15,,34218,7,,,1,15,,34234,7,,,1,55,,34250,7,,,1,15,,34266,7,,,1,15,,34282,7,,,1,15,,34219,7,,,1,55,,34235,7,,,1,15,,34251,7,,,1,15,,34267,7,,,1,15,,34283,7,,,1,55,,34220,7,,,1,15,,34236,7,,,1,15,,34252,7,,,1,15,,34268,7,,,1,55,,34284,7,,,1,15,,34221,7,,,1,15,,34237,7,,,1,15,,34253,7,,,1,55,,34269,7,,,1,15,,34285,7,,,1,15,,34222,7,,,1,15,,34238,7,,,1,55,,34254,7,,,1,15,,34270,7,,,1,15,,34286,7,,,1,15,,34223,7,,,1,55,,34239,7,,,1,15,,34255,7,,,1,15,,34271,7,,,1,15,,34287,7,,,1,55,,34224,7,,,1,15,,34240,7,,,1,15,,34256,7,,,1,15,,34272,7,,,1,55,,34288,7,,,1,15,,34225,7,,,1,15,,34241,7,,,1,15,,34257,7,,,1,55,,34273,7,,,1,15,,34289,7,,,1,15,,34226,7,,,1,15,,34242,7,,,1,55,,34258,7,,,1,15,,34274,7,,,1,15,,34290,7,,,1,15,,34227,7,,,1,55,,34243,7,,,1,15,,34259,7,,,1,15,,34275,7,,,1,15,,34291,7,,,1,55,,34228,7,,,1,15,,34244,7,,,1,15,,34260,7,,,1,15,,34276,7,,,1,55,,34292,7,,,1,15,,34229,7,,,1,15,,34245,7,,,1,15,,34261,7,,,1,55,,34277,7,,,1,15,,34293,7,,,1,15,,34230,7,,,1,15,,34246,7,,,1,55,,34262,7,,,1,15,,34278,7,,,1,15,,34294,7,,,1,15,,34231,7,,,1,55,,34247,7,,,1,15,,34263,7,,,1,15,,34279,7,,,1,15,,34295,7,,,1,55,,34232,7,,,1,15,,34248,7,,,1,15,,34264,7,,,1,15,,34280,7,,,1
18002300,'20260914-Weekday-1-26-09',518,,34296,7,,,1,10,,34320,7,,,1,10,,34308,7,,,1,10,,34332,7,,,1,10,,34373,7,,,1,50,,34343,7,,,1,7,,34360,7,,,1,5,,34390,7,,,1,5,,34297,7,,,1,5,,34402,7,,,1,5,,34321,7,,,1,5,,34410,7,,,1,5,,34309,7,,,1,5,,34434,7,,,1,5,,34333,7,,,1,45,,34418,7,,,1,5,,34374,7,,,1,5,,34451,7,,,1,5,,34344,7,,,1,5,,34361,7,,,1,5,,34391,7,,,1,5,,34298,7,,,1,5,,34403,7,,,1,5,,34322,7,,,1,5,,34411,7,,,1,5,,34310,7,,,1,5,,34435,7,,,1,45,,34334,7,,,1,5,,34419,7,,,1,5,,34375,7,,,1,5,,34452,7,,,1,5,,34345,7,,,1,5,,34362,7,,,1,5,,34392,7,,,1,5,,34299,7,,,1,5,,34404,7,,,1,5,,34323,7,,,1,5,,34412,7,,,1,5,,34311,7,,,1,45,,34436,7,,,1,5,,34335,7,,,1,5,,34420,7,,,1,5,,34376,7,,,1,5,,34453,7,,,1,5,,34346,7,,,1,5,,34363,7,,,1,5,,34393,7,,,1,5,,34300,7,,,1,5,,34405,7,,,1,5,,34324,7,,,1,5,,34413,7,,,1,45,,34312,7,,,1,5,,34437,7,,,1,6,,34336,7,,,1,6,,34421,7,,,1,7,,34377,7,,,1,10,,34347,7,,,1,10,,34394,7,,,1,10,,34301,7,,,1,50,,34325,7,,,1,10,,34438,7,,,1,10,,34422,7,,,1,10,,34378,7,,,1,10,,34348,7,,,1,10,,34395,7,,,1,50,,34302,7,,,1,10,,34326,7,,,1,10,,34439,7,,,1,10,,34423,7,,,1,10,,34379,7,,,1,10,,34349,7,,,1,50,,34396,7,,,1,10,,34303,7,,,1,10,,34327,7,,,1,10,,34440,7,,,1,10,,34424,7,,,1,10,,34380,7,,,1,50,,34350,7,,,1,10,,34397,7,,,1,10,,34304,7,,,1,9,,34328,7,,,1,10,,34441,7,,,1,7,,34414,7,,,1,5,,34313,7,,,1,45,,34381,7,,,1,5,,34454,7,,,1,5,,34351,7,,,1,5,,34364,7,,,1,5,,34398,7,,,1,5,,34425,7,,,1,5,,34406,7,,,1,5,,34305,7,,,1,5,,34337,7,,,1,5,,34329,7,,,1,5,,34442,7,,,1,5,,34415,7,,,1,45,,34314,7,,,1,5,,34382,7,,,1,5,,34455,7,,,1,5,,34352,7,,,1,5,,34365,7,,,1,5,,34399,7,,,1,5,,34426,7,,,1,5,,34407,7,,,1,5,,34306,7,,,1,5,,34338,7,,,1,5,,34330,7,,,1,5,,34443,7,,,1,45,,34416,7,,,1,5,,34315,7,,,1,5,,34383,7,,,1,5,,34456,7,,,1,5,,34353,7,,,1,5,,34366,7,,,1,5,,34400,7,,,1,5,,34427,7,,,1,5,,34408,7,,,1,5,,34307,7,,,1,5,,34339,7,,,1,5,,34331,7,,,1,45,,34444,7,,,1,5,,34417,7,,,1,5,,34316,7,,,1,5,,34384,7,,,1,5,,34457,7,,,1,5,,34354,7,,,1,5,,34367,7,,,1,6,,34401,7,,,1,4,,34428,7,,,1,6,,34409,7,,,1,13,,34340,7,,,1,50,,34445,7,,,1,10,,34317,7,,,1,10,,34385,7,,,1,10,,34355,7,,,1,10,,34368,7,,,1,10,,34429,7,,,1,50,,34341,7,,,1,10,,34446,7,,,1,10,,34318,7,,,1,10,,34386,7,,,1,10,,34356,7,,,1,10,,34369,7,,,1,50,,34430,7,,,1,10,,34342,7,,,1,10,,34447,7,,,1,10,,34319,7,,,1,10,,34387,7,,,1,55,,34357,7,,,1,15,,34370,7,,,1,15,,34431,7,,,1,15,,34448,7,,,1,55,,34388,7,,,1,15,,34358,7,,,1,15,,34371,7,,,1,15,,34432,7,,,1,55,,34449,7,,,1,15,,34389,7,,,1,15,,34359,7,,,1,15,,34372,7,,,1,55,,34433,7,,,1,15,,34450,7,,,1
18002300,'20260914-Weekday-2-26-09',518,,34458,7,,,1,10,,34482,7,,,1,10,,34470,7,,,1,10,,34494,7,,,1,10,,34535,7,,,1,50,,34505,7,,,1,7,,34522,7,,,1,5,,34552,7,,,1,5,,34459,7,,,1,5,,34564,7,,,1,5,,34483,7,,,1,5,,34572,7,,,1,5,,34471,7,,,1,5,,34596,7,,,1,5,,34495,7,,,1,45,,34580,7,,,1,5,,34536,7,,,1,5,,34613,7,,,1,5,,34506,7,,,1,5,,34523,7,,,1,5,,34553,7,,,1,5,,34460,7,,,1,5,,34565,7,,,1,5,,34484,7,,,1,5,,34573,7,,,1,5,,34472,7,,,1,5,,34597,7,,,1,45,,34496,7,,,1,5,,34581,7,,,1,5,,34537,7,,,1,5,,34614,7,,,1,5,,34507,7,,,1,5,,34524,7,,,1,5,,34554,7,,,1,5,,34461,7,,,1,5,,34566,7,,,1,5,,34485,7,,,1,5,,34574,7,,,1,5,,34473,7,,,1,45,,34598,7,,,1,5,,34497,7,,,1,5,,34582,7,,,1,5,,34538,7,,,1,5,,34615,7,,,1,5,,34508,7,,,1,5,,34525,7,,,1,5,,34555,7,,,1,5,,34462,7,,,1,5,,34567,7,,,1,5,,34486,7,,,1,5,,34575,7,,,1,45,,34474,7,,,1,5,,34599,7,,,1,6,,34498,7,,,1,6,,34583,7,,,1,7,,34539,7,,,1,10,,34509,7,,,1,10,,34556,7,,,1,10,,34463,7,,,1,50,,34487,7,,,1,10,,34600,7,,,1,10,,34584,7,,,1,10,,34540,7,,,1,10,,34510,7,,,1,10,,34557,7,,,1,50,,34464,7,,,1,10,,34488,7,,,1,10,,34601,7,,,1,10,,34585,7,,,1,10,,34541,7,,,1,10,,34511,7,,,1,50,,34558,7,,,1,10,,34465,7,,,1,10,,34489,7,,,1,10,,34602,7,,,1,10,,34586,7,,,1,10,,34542,7,,,1,50,,34512,7,,,1,10,,34559,7,,,1,10,,34466,7,,,1,9,,34490,7,,,1,10,,34603,7,,,1,7,,34576,7,,,1,5,,34475,7,,,1,45,,34543,7,,,1,5,,34616,7,,,1,5,,34513,7,,,1,5,,34526,7,,,1,5,,34560,7,,,1,5,,34587,7,,,1,5,,34568,7,,,1,5,,34467,7,,,1,5,,34499,7,,,1,5,,34491,7,,,1,5,,34604,7,,,1,5,,34577,7,,,1,45,,34476,7,,,1,5,,34544,7,,,1,5,,34617,7,,,1,5,,34514,7,,,1,5,,34527,7,,,1,5,,34561,7,,,1,5,,34588,7,,,1,5,,34569,7,,,1,5,,34468,7,,,1,5,,34500,7,,,1,5,,34492,7,,,1,5,,34605,7,,,1,45,,34578,7,,,1,5,,34477,7,,,1,5,,34545,7,,,1,5,,34618,7,,,1,5,,34515,7,,,1,5,,34528,7,,,1,5,,34562,7,,,1,5,,34589,7,,,1,5,,34570,7,,,1,5,,34469,7,,,1,5,,34501,7,,,1,5,,34493,7,,,1,45,,34606,7,,,1,5,,34579,7,,,1,5,,34478,7,,,1,5,,34546,7,,,1,5,,34619,7,,,1,5,,34516,7,,,1,5,,34529,7,,,1,6,,34563,7,,,1,4,,34590,7,,,1,6,,34571,7,,,1,13,,34502,7,,,1,50,,34607,7,,,1,10,,34479,7,,,1,10,,34547,7,,,1,10,,34517,7,,,1,10,,34530,7,,,1,10,,34591,7,,,1,50,,34503,7,,,1,10,,34608,7,,,1,10,,34480,7,,,1,10,,34548,7,,,1,10,,34518,7,,,1,10,,34531,7,,,1,50,,34592,7,,,1,10,,34504,7,,,1,10,,34609,7,,,1,10,,34481,7,,,1,10,,34549,7,,,1,55,,34519,7,,,1,15,,34532,7,,,1,15,,34593,7,,,1,15,,34610,7,,,1,55,,34550,7,,,1,15,,34520,7,,,1,15,,34533,7,,,1,15,,34594,7,,,1,55,,34611,7,,,1,15,,34551,7,,,1,15,,34521,7,,,1,15,,34534,7,,,1,55,,34595,7,,,1,15,,34612,7,,,1
18002300,'20260914-Weekday-3-26-09',518,,39188,7,,,1,10,,39212,7,,,1,10,,39200,7,,,1,10,,39224,7,,,1,10,,39265,7,,,1,50,,39235,7,,,1,7,,39252,7,,,1,5,,39282,7,,,1,5,,39189,7,,,1,5,,39294,7,,,1,5,,39213,7,,,1,5,,39302,7,,,1,5,,39201,7,,,1,5,,39326,7,,,1,5,,39225,7,,,1,45,,39310,7,,,1,5,,39266,7,,,1,5,,39343,7,,,1,5,,39236,7,,,1,5,,39253,7,,,1,5,,39283,7,,,1,5,,39190,7,,,1,5,,39295,7,,,1,5,,39214,7,,,1,5,,39303,7,,,1,5,,39202,7,,,1,5,,39327,7,,,1,45,,39226,7,,,1,5,,39311,7,,,1,5,,39267,7,,,1,5,,39344,7,,,1,5,,39237,7,,,1,5,,39254,7,,,1,5,,39284,7,,,1,5,,39191,7,,,1,5,,39296,7,,,1,5,,39215,7,,,1,5,,39304,7,,,1,5,,39203,7,,,1,45,,39328,7,,,1,5,,39227,7,,,1,5,,39312,7,,,1,5,,39268,7,,,1,5,,39345,7,,,1,5,,39238,7,,,1,5,,39255,7,,,1,5,,39285,7,,,1,5,,39192,7,,,1,5,,39297,7,,,1,5,,39216,7,,,1,5,,39305,7,,,1,45,,39204,7,,,1,5,,39329,7,,,1,6,,39228,7,,,1,6,,39313,7,,,1,7,,39269,7,,,1,10,,39239,7,,,1,10,,39286,7,,,1,10,,39193,7,,,1,50,,39217,7,,,1,10,,39330,7,,,1,10,,39314,7,,,1,10,,39270,7,,,1,10,,39240,7,,,1,10,,39287,7,,,1,50,,39194,7,,,1,10,,39218,7,,,1,10,,39331,7,,,1,10,,39315,7,,,1,10,,39271,7,,,1,10,,39241,7,,,1,50,,39288,7,,,1,10,,39195,7,,,1,10,,39219,7,,,1,10,,39332,7,,,1,10,,39316,7,,,1,10,,39272,7,,,1,50,,39242,7,,,1,10,,39289,7,,,1,10,,39196,7,,,1,9,,39220,7,,,1,10,,39333,7,,,1,7,,39306,7,,,1,5,,39205,7,,,1,45,,39273,7,,,1,5,,39346,7,,,1,5,,39243,7,,,1,5,,39256,7,,,1,5,,39290,7,,,1,5,,39317,7,,,1,5,,39298,7,,,1,5,,39197,7,,,1,5,,39229,7,,,1,5,,39221,7,,,1,5,,39334,7,,,1,5,,39307,7,,,1,45,,39206,7,,,1,5,,39274,7,,,1,5,,39347,7,,,1,5,,39244,7,,,1,5,,39257,7,,,1,5,,39291,7,,,1,5,,39318,7,,,1,5,,39299,7,,,1,5,,39198,7,,,1,5,,39230,7,,,1,5,,39222,7,,,1,5,,39335,7,,,1,45,,39308,7,,,1,5,,39207,7,,,1,5,,39275,7,,,1,5,,39348,7,,,1,5,,39245,7,,,1,5,,39258,7,,,1,5,,39292,7,,,1,5,,39319,7,,,1,5,,39300,7,,,1,5,,39199,7,,,1,5,,39231,7,,,1,5,,39223,7,,,1,45,,39336,7,,,1,5,,39309,7,,,1,5,,39208,7,,,1,5,,39276,7,,,1,5,,39349,7,,,1,5,,39246,7,,,1,5,,39259,7,,,1,6,,39293,7,,,1,4,,39320,7,,,1,6,,39301,7,,,1,13,,39232,7,,,1,50,,39337,7,,,1,10,,39209,7,,,1,10,,39277,7,,,1,10,,39247,7,,,1,10,,39260,7,,,1,10,,39321,7,,,1,50,,39233,7,,,1,10,,39338,7,,,1,10,,39210,7,,,1,10,,39278,7,,,1,10,,39248,7,,,1,10,,39261,7,,,1,50,,39322,7,,,1,10,,39234,7,,,1,10,,39339,7,,,1,10,,39211,7,,,1,10,,39279,7,,,1,55,,39249,7,,,1,15,,39262,7,,,1,15,,39323,7,,,1,15,,39340,7,,,1,55,,39280,7,,,1,15,,39250,7,,,1,15,,39263,7,,,1,15,,39324,7,,,1,55,,39341,7,,,1,15,,39281,7,,,1,15,,39251,7,,,1,15,,39264,7,,,1,55,,39325,7,,,1,15,,39342,7,,,1
18002300,'20260914-Weekday-4-26-09',518,,34620,7,,,1,10,,34644,7,,,1,10,,34632,7,,,1,10,,34656,7,,,1,10,,34697,7,,,1,50,,34667,7,,,1,7,,34684,7,,,1,5,,34714,7,,,1,5,,34621,7,,,1,5,,34726,7,,,1,5,,34645,7,,,1,5,,34734,7,,,1,5,,34633,7,,,1,5,,34758,7,,,1,5,,34657,7,,,1,45,,34742,7,,,1,5,,34698,7,,,1,5,,34775,7,,,1,5,,34668,7,,,1,5,,34685,7,,,1,5,,34715,7,,,1,5,,34622,7,,,1,5,,34727,7,,,1,5,,34646,7,,,1,5,,34735,7,,,1,5,,34634,7,,,1,5,,34759,7,,,1,45,,34658,7,,,1,5,,34743,7,,,1,5,,34699,7,,,1,5,,34776,7,,,1,5,,34669,7,,,1,5,,34686,7,,,1,5,,34716,7,,,1,5,,34623,7,,,1,5,,34728,7,,,1,5,,34647,7,,,1,5,,34736,7,,,1,5,,34635,7,,,1,45,,34760,7,,,1,5,,34659,7,,,1,5,,34744,7,,,1,5,,34700,7,,,1,5,,34777,7,,,1,5,,34670,7,,,1,5,,34687,7,,,1,5,,34717,7,,,1,5,,34624,7,,,1,5,,34729,7,,,1,5,,34648,7,,,1,5,,34737,7,,,1,45,,34636,7,,,1,5,,34761,7,,,1,6,,34660,7,,,1,6,,34745,7,,,1,7,,34701,7,,,1,10,,34671,7,,,1,10,,34718,7,,,1,10,,34625,7,,,1,50,,34649,7,,,1,10,,34762,7,,,1,10,,34746,7,,,1,10,,34702,7,,,1,10,,34672,7,,,1,10,,34719,7,,,1,50,,34626,7,,,1,10,,34650,7,,,1,10,,34763,7,,,1,10,,34747,7,,,1,10,,34703,7,,,1,10,,34673,7,,,1,50,,34720,7,,,1,10,,34627,7,,,1,10,,34651,7,,,1,10,,34764,7,,,1,10,,34748,7,,,1,10,,34704,7,,,1,50,,34674,7,,,1,10,,34721,7,,,1,10,,34628,7,,,1,9,,34652,7,,,1,10,,34765,7,,,1,7,,34738,7,,,1,5,,34637,7,,,1,45,,34705,7,,,1,5,,34778,7,,,1,5,,34675,7,,,1,5,,34688,7,,,1,5,,34722,7,,,1,5,,34749,7,,,1,5,,34730,7,,,1,5,,34629,7,,,1,5,,34661,7,,,1,5,,34653,7,,,1,5,,34766,7,,,1,5,,34739,7,,,1,45,,34638,7,,,1,5,,34706,7,,,1,5,,34779,7,,,1,5,,34676,7,,,1,5,,34689,7,,,1,5,,34723,7,,,1,5,,34750,7,,,1,5,,34731,7,,,1,5,,34630,7,,,1,5,,34662,7,,,1,5,,34654,7,,,1,5,,34767,7,,,1,45,,34740,7,,,1,5,,34639,7,,,1,5,,34707,7,,,1,5,,34780,7,,,1,5,,34677,7,,,1,5,,34690,7,,,1,5,,34724,7,,,1,5,,34751,7,,,1,5,,34732,7,,,1,5,,34631,7,,,1,5,,34663,7,,,1,5,,34655,7,,,1,45,,34768,7,,,1,5,,34741,7,,,1,5,,34640,7,,,1,5,,34708,7,,,1,5,,34781,7,,,1,5,,34678,7,,,1,5,,34691,7,,,1,6,,34725,7,,,1,4,,34752,7,,,1,6,,34733,7,,,1,13,,34664,7,,,1,50,,34769,7,,,1,10,,34641,7,,,1,10,,34709,7,,,1,10,,34679,7,,,1,10,,34692,7,,,1,10,,34753,7,,,1,50,,34665,7,,,1,10,,34770,7,,,1,10,,34642,7,,,1,10,,34710,7,,,1,10,,34680,7,,,1,10,,34693,7,,,1,50,,34754,7,,,1,10,,34666,7,,,1,10,,34771,7,,,1,10,,34643,7,,,1,10,,34711,7,,,1,55,,34681,7,,,1,15,,34694,7,,,1,15,,34755,7,,,1,15,,34772,7,,,1,55,,34712,7,,,1,15,,34682,7,,,1,15,,34695,7,,,1,15,,34756,7,,,1,55,,34773,7,,,1,15,,34713,7,,,1,15,,34683,7,,,1,15,,34696,7,,,1,55,,34757,7,,,1,15,,34774,7,,,1
18002300,'20260914-Weekday-5-26-09',518,,39350,7,,,1,10,,39374,7,,,1,10,,39362,7,,,1,10,,39386,7,,,1,10,,39427,7,,,1,50,,39397,7,,,1,7,,39414,7,,,1,5,,39444,7,,,1,5,,39351,7,,,1,5,,39456,7,,,1,5,,39375,7,,,1,5,,39464,7,,,1,5,,39363,7,,,1,5,,39488,7,,,1,5,,39387,7,,,1,45,,39472,7,,,1,5,,39428,7,,,1,5,,39505,7,,,1,5,,39398,7,,,1,5,,39415,7,,,1,5,,39445,7,,,1,5,,39352,7,,,1,5,,39457,7,,,1,5,,39376,7,,,1,5,,39465,7,,,1,5,,39364,7,,,1,5,,39489,7,,,1,45,,39388,7,,,1,5,,39473,7,,,1,5,,39429,7,,,1,5,,39506,7,,,1,5,,39399,7,,,1,5,,39416,7,,,1,5,,39446,7,,,1,5,,39353,7,,,1,5,,39458,7,,,1,5,,39377,7,,,1,5,,39466,7,,,1,5,,39365,7,,,1,45,,39490,7,,,1,5,,39389,7,,,1,5,,39474,7,,,1,5,,39430,7,,,1,5,,39507,7,,,1,5,,39400,7,,,1,5,,39417,7,,,1,5,,39447,7,,,1,5,,39354,7,,,1,5,,39459,7,,,1,5,,39378,7,,,1,5,,39467,7,,,1,45,,39366,7,,,1,5,,39491,7,,,1,6,,39390,7,,,1,6,,39475,7,,,1,7,,39431,7,,,1,10,,39401,7,,,1,10,,39448,7,,,1,10,,39355,7,,,1,50,,39379,7,,,1,10,,39492,7,,,1,10,,39476,7,,,1,10,,39432,7,,,1,10,,39402,7,,,1,10,,39449,7,,,1,50,,39356,7,,,1,10,,39380,7,,,1,10,,39493,7,,,1,10,,39477,7,,,1,10,,39433,7,,,1,10,,39403,7,,,1,50,,39450,7,,,1,10,,39357,7,,,1,10,,39381,7,,,1,10,,39494,7,,,1,10,,39478,7,,,1,10,,39434,7,,,1,50,,39404,7,,,1,10,,39451,7,,,1,10,,39358,7,,,1,9,,39382,7,,,1,10,,39495,7,,,1,7,,39468,7,,,1,5,,39367,7,,,1,45,,39435,7,,,1,5,,39508,7,,,1,5,,39405,7,,,1,5,,39418,7,,,1,5,,39452,7,,,1,5,,39479,7,,,1,5,,39460,7,,,1,5,,39359,7,,,1,5,,39391,7,,,1,5,,39383,7,,,1,5,,39496,7,,,1,5,,39469,7,,,1,45,,39368,7,,,1,5,,39436,7,,,1,5,,39509,7,,,1,5,,39406,7,,,1,5,,39419,7,,,1,5,,39453,7,,,1,5,,39480,7,,,1,5,,39461,7,,,1,5,,39360,7,,,1,5,,39392,7,,,1,5,,39384,7,,,1,5,,39497,7,,,1,45,,39470,7,,,1,5,,39369,7,,,1,5,,39437,7,,,1,5,,39510,7,,,1,5,,39407,7,,,1,5,,39420,7,,,1,5,,39454,7,,,1,5,,39481,7,,,1,5,,39462,7,,,1,5,,39361,7,,,1,5,,39393,7,,,1,5,,39385,7,,,1,45,,39498,7,,,1,5,,39471,7,,,1,5,,39370,7,,,1,5,,39438,7,,,1,5,,39511,7,,,1,5,,39408,7,,,1,5,,39421,7,,,1,6,,39455,7,,,1,4,,39482,7,,,1,6,,39463,7,,,1,13,,39394,7,,,1,50,,39499,7,,,1,10,,39371,7,,,1,10,,39439,7,,,1,10,,39409,7,,,1,10,,39422,7,,,1,10,,39483,7,,,1,50,,39395,7,,,1,10,,39500,7,,,1,10,,39372,7,,,1,10,,39440,7,,,1,10,,39410,7,,,1,10,,39423,7,,,1,50,,39484,7,,,1,10,,39396,7,,,1,10,,39501,7,,,1,10,,39373,7,,,1,10,,39441,7,,,1,55,,39411,7,,,1,15,,39424,7,,,1,15,,39485,7,,,1,15,,39502,7,,,1,55,,39442,7,,,1,15,,39412,7,,,1,15,,39425,7,,,1,15,,39486,7,,,1,55,,39503,7,,,1,15,,39443,7,,,1,15,,39413,7,,,1,15,,39426,7,,,1,55,,39487,7,,,1,15,,39504,7,,,1
18002300,'20260914-Weekday-6-26-09',518,,39512,7,,,1,10,,39536,7,,,1,10,,39524,7,,,1,10,,39548,7,,,1,10,,39589,7,,,1,50,,39559,7,,,1,7,,39576,7,,,1,5,,39606,7,,,1,5,,39513,7,,,1,5,,39618,7,,,1,5,,39537,7,,,1,5,,39626,7,,,1,5,,39525,7,,,1,5,,39650,7,,,1,5,,39549,7,,,1,45,,39634,7,,,1,5,,39590,7,,,1,5,,39667,7,,,1,5,,39560,7,,,1,5,,39577,7,,,1,5,,39607,7,,,1,5,,39514,7,,,1,5,,39619,7,,,1,5,,39538,7,,,1,5,,39627,7,,,1,5,,39526,7,,,1,5,,39651,7,,,1,45,,39550,7,,,1,5,,39635,7,,,1,5,,39591,7,,,1,5,,39668,7,,,1,5,,39561,7,,,1,5,,39578,7,,,1,5,,39608,7,,,1,5,,39515,7,,,1,5,,39620,7,,,1,5,,39539,7,,,1,5,,39628,7,,,1,5,,39527,7,,,1,45,,39652,7,,,1,5,,39551,7,,,1,5,,39636,7,,,1,5,,39592,7,,,1,5,,39669,7,,,1,5,,39562,7,,,1,5,,39579,7,,,1,5,,39609,7,,,1,5,,39516,7,,,1,5,,39621,7,,,1,5,,39540,7,,,1,5,,39629,7,,,1,45,,39528,7,,,1,5,,39653,7,,,1,6,,39552,7,,,1,6,,39637,7,,,1,7,,39593,7,,,1,10,,39563,7,,,1,10,,39610,7,,,1,10,,39517,7,,,1,50,,39541,7,,,1,10,,39654,7,,,1,10,,39638,7,,,1,10,,39594,7,,,1,10,,39564,7,,,1,10,,39611,7,,,1,50,,39518,7,,,1,10,,39542,7,,,1,10,,39655,7,,,1,10,,39639,7,,,1,10,,39595,7,,,1,10,,39565,7,,,1,50,,39612,7,,,1,10,,39519,7,,,1,10,,39543,7,,,1,10,,39656,7,,,1,10,,39640,7,,,1,10,,39596,7,,,1,50,,39566,7,,,1,10,,39613,7,,,1,10,,39520,7,,,1,9,,39544,7,,,1,10,,39657,7,,,1,7,,39630,7,,,1,5,,39529,7,,,1,45,,39597,7,,,1,5,,39670,7,,,1,5,,39567,7,,,1,5,,39580,7,,,1,5,,39614,7,,,1,5,,39641,7,,,1,5,,39622,7,,,1,5,,39521,7,,,1,5,,39553,7,,,1,5,,39545,7,,,1,5,,39658,7,,,1,5,,39631,7,,,1,45,,39530,7,,,1,5,,39598,7,,,1,5,,39671,7,,,1,5,,39568,7,,,1,5,,39581,7,,,1,5,,39615,7,,,1,5,,39642,7,,,1,5,,39623,7,,,1,5,,39522,7,,,1,5,,39554,7,,,1,5,,39546,7,,,1,5,,39659,7,,,1,45,,39632,7,,,1,5,,39531,7,,,1,5,,39599,7,,,1,5,,39672,7,,,1,5,,39569,7,,,1,5,,39582,7,,,1,5,,39616,7,,,1,5,,39643,7,,,1,5,,39624,7,,,1,5,,39523,7,,,1,5,,39555,7,,,1,5,,39547,7,,,1,45,,39660,7,,,1,5,,39633,7,,,1,5,,39532,7,,,1,5,,39600,7,,,1,5,,39673,7,,,1,5,,39570,7,,,1,5,,39583,7,,,1,6,,39617,7,,,1,4,,39644,7,,,1,6,,39625,7,,,1,13,,39556,7,,,1,50,,39661,7,,,1,10,,39533,7,,,1,10,,39601,7,,,1,10,,39571,7,,,1,10,,39584,7,,,1,10,,39645,7,,,1,50,,39557,7,,,1,10,,39662,7,,,1,10,,39534,7,,,1,10,,39602,7,,,1,10,,39572,7,,,1,10,,39585,7,,,1,50,,39646,7,,,1,10,,39558,7,,,1,10,,39663,7,,,1,10,,39535,7,,,1,10,,39603,7,,,1,55,,39573,7,,,1,15,,39586,7,,,1,15,,39647,7,,,1,15,,39664,7,,,1,55,,39604,7,,,1,15,,39574,7,,,1,15,,39587,7,,,1,15,,39648,7,,,1,55,,39665,7,,,1,15,,39605,7,,,1,15,,39575,7,,,1,15,,39588,7,,,1,55,,39649,7,,,1,15,,39666,7,,,1
18002300,'20260914-Weekday-7-26-09',518,,39674,7,,,1,10,,39698,7,,,1,10,,39686,7,,,1,10,,39710,7,,,1,10,,39751,7,,,1,50,,39721,7,,,1,7,,39738,7,,,1,5,,39768,7,,,1,5,,39675,7,,,1,5,,39780,7,,,1,5,,39699,7,,,1,5,,39788,7,,,1,5,,39687,7,,,1,5,,39812,7,,,1,5,,39711,7,,,1,45,,39796,7,,,1,5,,39752,7,,,1,5,,39829,7,,,1,5,,39722,7,,,1,5,,39739,7,,,1,5,,39769,7,,,1,5,,39676,7,,,1,5,,39781,7,,,1,5,,39700,7,,,1,5,,39789,7,,,1,5,,39688,7,,,1,5,,39813,7,,,1,45,,39712,7,,,1,5,,39797,7,,,1,5,,39753,7,,,1,5,,39830,7,,,1,5,,39723,7,,,1,5,,39740,7,,,1,5,,39770,7,,,1,5,,39677,7,,,1,5,,39782,7,,,1,5,,39701,7,,,1,5,,39790,7,,,1,5,,39689,7,,,1,45,,39814,7,,,1,5,,39713,7,,,1,5,,39798,7,,,1,5,,39754,7,,,1,5,,39831,7,,,1,5,,39724,7,,,1,5,,39741,7,,,1,5,,39771,7,,,1,5,,39678,7,,,1,5,,39783,7,,,1,5,,39702,7,,,1,5,,39791,7,,,1,45,,39690,7,,,1,5,,39815,7,,,1,6,,39714,7,,,1,6,,39799,7,,,1,7,,39755,7,,,1,10,,39725,7,,,1,10,,39772,7,,,1,10,,39679,7,,,1,50,,39703,7,,,1,10,,39816,7,,,1,10,,39800,7,,,1,10,,39756,7,,,1,10,,39726,7,,,1,10,,39773,7,,,1,50,,39680,7,,,1,10,,39704,7,,,1,10,,39817,7,,,1,10,,39801,7,,,1,10,,39757,7,,,1,10,,39727,7,,,1,50,,39774,7,,,1,10,,39681,7,,,1,10,,39705,7,,,1,10,,39818,7,,,1,10,,39802,7,,,1,10,,39758,7,,,1,50,,39728,7,,,1,10,,39775,7,,,1,10,,39682,7,,,1,9,,39706,7,,,1,10,,39819,7,,,1,7,,39792,7,,,1,5,,39691,7,,,1,45,,39759,7,,,1,5,,39832,7,,,1,5,,39729,7,,,1,5,,39742,7,,,1,5,,39776,7,,,1,5,,39803,7,,,1,5,,39784,7,,,1,5,,39683,7,,,1,5,,39715,7,,,1,5,,39707,7,,,1,5,,39820,7,,,1,5,,39793,7,,,1,45,,39692,7,,,1,5,,39760,7,,,1,5,,39833,7,,,1,5,,39730,7,,,1,5,,39743,7,,,1,5,,39777,7,,,1,5,,39804,7,,,1,5,,39785,7,,,1,5,,39684,7,,,1,5,,39716,7,,,1,5,,39708,7,,,1,5,,39821,7,,,1,45,,39794,7,,,1,5,,39693,7,,,1,5,,39761,7,,,1,5,,39834,7,,,1,5,,39731,7,,,1,5,,39744,7,,,1,5,,39778,7,,,1,5,,39805,7,,,1,5,,39786,7,,,1,5,,39685,7,,,1,5,,39717,7,,,1,5,,39709,7,,,1,45,,39822,7,,,1,5,,39795,7,,,1,5,,39694,7,,,1,5,,39762,7,,,1,5,,39835,7,,,1,5,,39732,7,,,1,5,,39745,7,,,1,6,,39779,7,,,1,4,,39806,7,,,1,6,,39787,7,,,1,13,,39718,7,,,1,50,,39823,7,,,1,10,,39695,7,,,1,10,,39763,7,,,1,10,,39733,7,,,1,10,,39746,7,,,1,10,,39807,7,,,1,50,,39719,7,,,1,10,,39824,7,,,1,10,,39696,7,,,1,10,,39764,7,,,1,10,,39734,7,,,1,10,,39747,7,,,1,50,,39808,7,,,1,10,,39720,7,,,1,10,,39825,7,,,1,10,,39697,7,,,1,10,,39765,7,,,1,55,,39735,7,,,1,15,,39748,7,,,1,15,,39809,7,,,1,15,,39826,7,,,1,55,,39766,7,,,1,15,,39736,7,,,1,15,,39749,7,,,1,15,,39810,7,,,1,55,,39827,7,,,1,15,,39767,7,,,1,15,,39737,7,,,1,15,,39750,7,,,1,55,,39811,7,,,1,15,,39828,7,,,1
18002300,'20260917-Holiday1-1-26-09',518,,34782,7,,,1,10,,34809,7,,,1,10,,34794,7,,,1,10,,34821,7,,,1,10,,34865,7,,,1,50,,34835,7,,,1,7,,34852,7,,,1,5,,34883,7,,,1,5,,34783,7,,,1,5,,34895,7,,,1,5,,34810,7,,,1,5,,34903,7,,,1,5,,34795,7,,,1,5,,34927,7,,,1,5,,34822,7,,,1,45,,34911,7,,,1,5,,34866,7,,,1,5,,34944,7,,,1,5,,34836,7,,,1,5,,34853,7,,,1,5,,34884,7,,,1,5,,34784,7,,,1,5,,34896,7,,,1,5,,34811,7,,,1,5,,34904,7,,,1,5,,34796,7,,,1,5,,34928,7,,,1,45,,34823,7,,,1,5,,34912,7,,,1,5,,34867,7,,,1,5,,34945,7,,,1,5,,34837,7,,,1,5,,34854,7,,,1,5,,34885,7,,,1,5,,34785,7,,,1,5,,34897,7,,,1,5,,34812,7,,,1,5,,34905,7,,,1,5,,34797,7,,,1,45,,34929,7,,,1,5,,34824,7,,,1,5,,34913,7,,,1,5,,34868,7,,,1,5,,34946,7,,,1,5,,34838,7,,,1,5,,34855,7,,,1,5,,34886,7,,,1,5,,34786,7,,,1,5,,34898,7,,,1,5,,34813,7,,,1,5,,34906,7,,,1,45,,34798,7,,,1,5,,34930,7,,,1,6,,34825,7,,,1,6,,34914,7,,,1,7,,34869,7,,,1,10,,34839,7,,,1,10,,34887,7,,,1,10,,34787,7,,,1,50,,34814,7,,,1,10,,34931,7,,,1,10,,34915,7,,,1,10,,34870,7,,,1,10,,34840,7,,,1,10,,34888,7,,,1,50,,34788,7,,,1,10,,34815,7,,,1,10,,34932,7,,,1,10,,34916,7,,,1,10,,34871,7,,,1,10,,34841,7,,,1,50,,34889,7,,,1,10,,34789,7,,,1,10,,34816,7,,,1,10,,34933,7,,,1,10,,34917,7,,,1,10,,34872,7,,,1,50,,34842,7,,,1,10,,34890,7,,,1,10,,34790,7,,,1,9,,34817,7,,,1,10,,34934,7,,,1,7,,34907,7,,,1,5,,34799,7,,,1,45,,34873,7,,,1,5,,34947,7,,,1,5,,34843,7,,,1,5,,34856,7,,,1,5,,34891,7,,,1,5,,34918,7,,,1,5,,34899,7,,,1,5,,34791,7,,,1,5,,34826,7,,,1,5,,34818,7,,,1,5,,34935,7,,,1,5,,34908,7,,,1,45,,34800,7,,,1,5,,34874,7,,,1,5,,34948,7,,,1,5,,34844,7,,,1,5,,34857,7,,,1,5,,34892,7,,,1,5,,34919,7,,,1,5,,34900,7,,,1,5,,34792,7,,,1,5,,34827,7,,,1,5,,34819,7,,,1,5,,34936,7,,,1,45,,34909,7,,,1,5,,34801,7,,,1,5,,34875,7,,,1,5,,34949,7,,,1,5,,34845,7,,,1,5,,34858,7,,,1,5,,34893,7,,,1,5,,34920,7,,,1,5,,34901,7,,,1,5,,34793,7,,,1,5,,34828,7,,,1,5,,34820,7,,,1,45,,34937,7,,,1,5,,34910,7,,,1,5,,34802,7,,,1,5,,34876,7,,,1,5,,34950,7,,,1,5,,34846,7,,,1,5,,34859,7,,,1,6,,34894,7,,,1,4,,34921,7,,,1,6,,34902,7,,,1,13,,34829,7,,,1,50,,34938,7,,,1,10,,34803,7,,,1,10,,34877,7,,,1,10,,34847,7,,,1,10,,34860,7,,,1,10,,34922,7,,,1,50,,34830,7,,,1,10,,34939,7,,,1,10,,34804,7,,,1,10,,34878,7,,,1,10,,34848,7,,,1,10,,34861,7,,,1,50,,34923,7,,,1,10,,34831,7,,,1,10,,34940,7,,,1,10,,34805,7,,,1,10,,34879,7,,,1,10,,34849,7,,,1,50,,34862,7,,,1,10,,34924,7,,,1,10,,34832,7,,,1,10,,34941,7,,,1,10,,34806,7,,,1,10,,34880,7,,,1,50,,34850,7,,,1,10,,34863,7,,,1,10,,34925,7,,,1,10,,34833,7,,,1,10,,34942,7,,,1,10,,34807,7,,,1,50,,34881,7,,,1,10,,34851,7,,,1,10,,34864,7,,,1,10,,34926,7,,,1,10,,34834,7,,,1,10,,34943,7,,,1,50,,34808,7,,,1,10,,34882,7,,,1
18002300,'20260919-Saturday-1-26-09',529,,34951,7,,,1,10,,34968,7,,,1,10,,34985,7,,,1,10,,34997,7,,,1,50,,35014,7,,,1,10,,35031,7,,,1,10,,35047,7,,,1,10,,34952,7,,,1,10,,34969,7,,,1,10,,34986,7,,,1,50,,34998,7,,,1,10,,35015,7,,,1,10,,35032,7,,,1,10,,35048,7,,,1,10,,34953,7,,,1,10,,34970,7,,,1,50,,34987,7,,,1,10,,34999,7,,,1,10,,35016,7,,,1,10,,35033,7,,,1,10,,35049,7,,,1,10,,34954,7,,,1,50,,34971,7,,,1,10,,34988,7,,,1,10,,35000,7,,,1,10,,35017,7,,,1,10,,35034,7,,,1,10,,35050,7,,,1,50,,34955,7,,,1,10,,34972,7,,,1,10,,34989,7,,,1,10,,35001,7,,,1,10,,35018,7,,,1,10,,35035,7,,,1,50,,35051,7,,,1,10,,34956,7,,,1,10,,34973,7,,,1,10,,34990,7,,,1,10,,35002,7,,,1,10,,35019,7,,,1,50,,35036,7,,,1,10,,35052,7,,,1,10,,34957,7,,,1,10,,34974,7,,,1,10,,34991,7,,,1,10,,35003,7,,,1,50,,35020,7,,,1,10,,35037,7,,,1,10,,35053,7,,,1,10,,34958,7,,,1,10,,34975,7,,,1,10,,34992,7,,,1,50,,35004,7,,,1,10,,35021,7,,,1,10,,35038,7,,,1,10,,35054,7,,,1,10,,34959,7,,,1,10,,34976,7,,,1,50,,34993,7,,,1,10,,35005,7,,,1,10,,35022,7,,,1,10,,35039,7,,,1,10,,35055,7,,,1,10,,34960,7,,,1,50,,34977,7,,,1,10,,34994,7,,,1,10,,35006,7,,,1,10,,35023,7,,,1,10,,35040,7,,,1,10,,35056,7,,,1,50,,34961,7,,,1,10,,34978,7,,,1,10,,34995,7,,,1,10,,35007,7,,,1,10,,35024,7,,,1,10,,35041,7,,,1,50,,35057,7,,,1,10,,34962,7,,,1,10,,34979,7,,,1,10,,34996,7,,,1,10,,35008,7,,,1,55,,35025,7,,,1,15,,35042,7,,,1,15,,34963,7,,,1,15,,34980,7,,,1,55,,35009,7,,,1,15,,35026,7,,,1,15,,35043,7,,,1,15,,34964,7,,,1,55,,34981,7,,,1,15,,35010,7,,,1,15,,35027,7,,,1,15,,35044,7,,,1,55,,34965,7,,,1,15,,34982,7,,,1,15,,35011,7,,,1,15,,35028,7,,,1,55,,35045,7,,,1,15,,34966,7,,,1,15,,34983,7,,,1,15,,35012,7,,,1,55,,35029,7,,,1,15,,35046,7,,,1,15,,34967,7,,,1,15,,34984,7,,,1,55,,35013,7,,,1,15,,35030,7,,,1
