18002101,'021R-Weekday-1-26-09',528,,32849,8,,,1,12,,32851,8,,,1,12,,32852,8,,,1,6,,32983,8,,,1,46,,32850,8,,,1,6,,32881,8,,,1,6,,32882,8,,,1,6,,32883,8,,,1,6,,32884,8,,,1,6,,32880,8,,,1,6,,32879,8,,,1,6,,32878,8,,,1,6,,32877,8,,,1,6,,32876,8,,,1,46,,32875,8,,,1,6,,32874,8,,,1,6,,32873,8,,,1,6,,32872,8,,,1,6,,32871,8,,,1,6,,32870,8,,,1,6,,32869,8,,,1,6,,32868,8,,,1,6,,32867,8,,,1,6,,32866,8,,,1,46,,32865,8,,,1,6,,32864,8,,,1,6,,32863,8,,,1,6,,32862,8,,,1,6,,32861,8,,,1,6,,32860,8,,,1,6,,32859,8,,,1,6,,32858,8,,,1,6,,32857,8,,,1,6,,32856,8,,,1,46,,32855,8,,,1,6,,32854,8,,,1,10,,32885,8,,,1,10,,32886,8,,,1,10,,32887,8,,,1,10,,32888,8,,,1,50,,32889,8,,,1,10,,32890,8,,,1,10,,32891,8,,,1,10,,32892,8,,,1,10,,32893,8,,,1,10,,32894,8,,,1,50,,32895,8,,,1,10,,32896,8,,,1,10,,32897,8,,,1,10,,32898,8,,,1,10,,32899,8,,,1,10,,32900,8,,,1,50,,32901,8,,,1,10,,32902,8,,,1,10,,32903,8,,,1,10,,32904,8,,,1,10,,32905,8,,,1,10,,32906,8,,,1,50,,32907,8,,,1,10,,32908,8,,,1,10,,32909,8,,,1,10,,32910,8,,,1,10,,32911,8,,,1,10,,32912,8,,,1,50,,32913,8,,,1,10,,32914,8,,,1,6,,32915,8,,,1,6,,32916,8,,,1,6,,32917,8,,,1,6,,32918,8,,,1,6,,32919,8,,,1,6,,32920,8,,,1,6,,32921,8,,,1,6,,32922,8,,,1,46,,32923,8,,,1,6,,32924,8,,,1,6,,32925,8,,,1,6,,32926,8,,,1,6,,32927,8,,,1,6,,32928,8,,,1,6,,32929,8,,,1,6,,32930,8,,,1,6,,32931,8,,,1,6,,32932,8,,,1,46,,32933,8,,,1,6,,32934,8,,,1,6,,32935,8,,,1,6,,32936,8,,,1,6,,32937,8,,,1,6,,32938,8,,,1,6,,32939,8,,,1,6,,32940,8,,,1,6,,32941,8,,,1,6,,32942,8,,,1,46,,32943,8,,,1,6,,32944,8,,,1,6,,32945,8,,,1,6,,32946,8,,,1,6,,32947,8,,,1,6,,32948,8,,,1,6,,32949,8,,,1,6,,32950,8,,,1,6,,32951,8,,,1,6,,32952,8,,,1,46,,32953,8,,,1,6,,32954,8,,,1,6,,32955,8,,,1,9,,32956,8,,,1,15,,32957,8,,,1,15,,32958,8,,,1,55,,32959,8,,,1,15,,32960,8,,,1,15,,32961,8,,,1,15,,32962,8,,,1,55,,32963,8,,,1,15,,32964,8,,,1,15,,32965,8,,,1,15,,32966,8,,,1,55,,32967,8,,,1,15,,32968,8,,,1,15,,32969,8,,,1,15,,32970,8,,,1,55,,32971,8,,,1,15,,32972,8,,,1,15,,32973,8,,,1,15,,32974,8,,,1,55,,32975,8,,,1,15,,32976,8,,,1,15,,32977,8,,,1,15,,32978,8,,,1,55,,32979,8,,,1,15,,32980,8,,,1,15,,32981,8,,,1,15,,32982,8,,,1,55,,32853,8,,,1
18002101,'021R-Weekday-2-26-09',528,,32984,8,,,1,12,,32986,8,,,1,12,,32987,8,,,1,6,,33118,8,,,1,46,,32985,8,,,1,6,,33016,8,,,1,6,,33017,8,,,1,6,,33018,8,,,1,6,,33019,8,,,1,6,,33015,8,,,1,6,,33014,8,,,1,6,,33013,8,,,1,6,,33012,8,,,1,6,,33011,8,,,1,46,,33010,8,,,1,6,,33009,8,,,1,6,,33008,8,,,1,6,,33007,8,,,1,6,,33006,8,,,1,6,,33005,8,,,1,6,,33004,8,,,1,6,,33003,8,,,1,6,,33002,8,,,1,6,,33001,8,,,1,46,,33000,8,,,1,6,,32999,8,,,1,6,,32998,8,,,1,6,,32997,8,,,1,6,,32996,8,,,1,6,,32995,8,,,1,6,,32994,8,,,1,6,,32993,8,,,1,6,,32992,8,,,1,6,,32991,8,,,1,46,,32990,8,,,1,6,,32989,8,,,1,10,,33020,8,,,1,10,,33021,8,,,1,10,,33022,8,,,1,10,,33023,8,,,1,50,,33024,8,,,1,10,,33025,8,,,1,10,,33026,8,,,1,10,,33027,8,,,1,10,,33028,8,,,1,10,,33029,8,,,1,50,,33030,8,,,1,10,,33031,8,,,1,10,,33032,8,,,1,10,,33033,8,,,1,10,,33034,8,,,1,10,,33035,8,,,1,50,,33036,8,,,1,10,,33037,8,,,1,10,,33038,8,,,1,10,,33039,8,,,1,10,,33040,8,,,1,10,,33041,8,,,1,50,,33042,8,,,1,10,,33043,8,,,1,10,,33044,8,,,1,10,,33045,8,,,1,10,,33046,8,,,1,10,,33047,8,,,1,50,,33048,8,,,1,10,,33049,8,,,1,6,,33050,8,,,1,6,,33051,8,,,1,6,,33052,8,,,1,6,,33053,8,,,1,6,,33054,8,,,1,6,,33055,8,,,1,6,,33056,8,,,1,6,,33057,8,,,1,46,,33058,8,,,1,6,,33059,8,,,1,6,,33060,8,,,1,6,,33061,8,,,1,6,,33062,8,,,1,6,,33063,8,,,1,6,,33064,8,,,1,6,,33065,8,,,1,6,,33066,8,,,1,6,,33067,8,,,1,46,,33068,8,,,1,6,,33069,8,,,1,6,,33070,8,,,1,6,,33071,8,,,1,6,,33072,8,,,1,6,,33073,8,,,1,6,,33074,8,,,1,6,,33075,8,,,1,6,,33076,8,,,1,6,,33077,8,,,1,46,,33078,8,,,1,6,,33079,8,,,1,6,,33080,8,,,1,6,,33081,8,,,1,6,,33082,8,,,1,6,,33083,8,,,1,6,,33084,8,,,1,6,,33085,8,,,1,6,,33086,8,,,1,6,,33087,8,,,1,46,,33088,8,,,1,6,,33089,8,,,1,6,,33090,8,,,1,9,,33091,8,,,1,15,,33092,8,,,1,15,,33093,8,,,1,55,,33094,8,,,1,15,,33095,8,,,1,15,,33096,8,,,1,15,,33097,8,,,1,55,,33098,8,,,1,15,,33099,8,,,1,15,,33100,8,,,1,15,,33101,8,,,1,55,,33102,8,,,1,15,,33103,8,,,1,15,,33104,8,,,1,15,,33105,8,,,1,55,,33106,8,,,1,15,,33107,8,,,1,15,,33108,8,,,1,15,,33109,8,,,1,55,,33110,8,,,1,15,,33111,8,,,1,15,,33112,8,,,1,15,,33113,8,,,1,55,,33114,8,,,1,15,,33115,8,,,1,15,,33116,8,,,1,15,,33117,8,,,1,55,,32988,8,,,1
18002101,'021R-Weekday-3-26-09',528,,36689,8,,,1,12,,36691,8,,,1,12,,36692,8,,,1,6,,36823,8,,,1,46,,36690,8,,,1,6,,36721,8,,,1,6,,36722,8,,,1,6,,36723,8,,,1,6,,36724,8,,,1,6,,36720,8,,,1,6,,36719,8,,,1,6,,36718,8,,,1,6,,36717,8,,,1,6,,36716,8,,,1,46,,36715,8,,,1,6,,36714,8,,,1,6,,36713,8,,,1,6,,36712,8,,,1,6,,36711,8,,,1,6,,36710,8,,,1,6,,36709,8,,,1,6,,36708,8,,,1,6,,36707,8,,,1,6,,36706,8,,,1,46,,36705,8,,,1,6,,36704,8,,,1,6,,36703,8,,,1,6,,36702,8,,,1,6,,36701,8,,,1,6,,36700,8,,,1,6,,36699,8,,,1,6,,36698,8,,,1,6,,36697,8,,,1,6,,36696,8,,,1,46,,36695,8,,,1,6,,36694,8,,,1,10,,36725,8,,,1,10,,36726,8,,,1,10,,36727,8,,,1,10,,36728,8,,,1,50,,36729,8,,,1,10,,36730,8,,,1,10,,36731,8,,,1,10,,36732,8,,,1,10,,36733,8,,,1,10,,36734,8,,,1,50,,36735,8,,,1,10,,36736,8,,,1,10,,36737,8,,,1,10,,36738,8,,,1,10,,36739,8,,,1,10,,36740,8,,,1,50,,36741,8,,,1,10,,36742,8,,,1,10,,36743,8,,,1,10,,36744,8,,,1,10,,36745,8,,,1,10,,36746,8,,,1,50,,36747,8,,,1,10,,36748,8,,,1,10,,36749,8,,,1,10,,36750,8,,,1,10,,36751,8,,,1,10,,36752,8,,,1,50,,36753,8,,,1,10,,36754,8,,,1,6,,36755,8,,,1,6,,36756,8,,,1,6,,36757,8,,,1,6,,36758,8,,,1,6,,36759,8,,,1,6,,36760,8,,,1,6,,36761,8,,,1,6,,36762,8,,,1,46,,36763,8,,,1,6,,36764,8,,,1,6,,36765,8,,,1,6,,36766,8,,,1,6,,36767,8,,,1,6,,36768,8,,,1,6,,36769,8,,,1,6,,36770,8,,,1,6,,36771,8,,,1,6,,36772,8,,,1,46,,36773,8,,,1,6,,36774,8,,,1,6,,36775,8,,,1,6,,36776,8,,,1,6,,36777,8,,,1,6,,36778,8,,,1,6,,36779,8,,,1,6,,36780,8,,,1,6,,36781,8,,,1,6,,36782,8,,,1,46,,36783,8,,,1,6,,36784,8,,,1,6,,36785,8,,,1,6,,36786,8,,,1,6,,36787,8,,,1,6,,36788,8,,,1,6,,36789,8,,,1,6,,36790,8,,,1,6,,36791,8,,,1,6,,36792,8,,,1,46,,36793,8,,,1,6,,36794,8,,,1,6,,36795,8,,,1,9,,36796,8,,,1,15,,36797,8,,,1,15,,36798,8,,,1,55,,36799,8,,,1,15,,36800,8,,,1,15,,36801,8,,,1,15,,36802,8,,,1,55,,36803,8,,,1,15,,36804,8,,,1,15,,36805,8,,,1,15,,36806,8,,,1,55,,36807,8,,,1,15,,36808,8,,,1,15,,36809,8,,,1,15,,36810,8,,,1,55,,36811,8,,,1,15,,36812,8,,,1,15,,36813,8,,,1,15,,36814,8,,,1,55,,36815,8,,,1,15,,36816,8,,,1,15,,36817,8,,,1,15,,36818,8,,,1,55,,36819,8,,,1,15,,36820,8,,,1,15,,36821,8,,,1,15,,36822,8,,,1,55,,36693,8,,,1
18002101,'021R-Weekday-4-26-09',528,,33119,8,,,1,12,,33121,8,,,1,12,,33122,8,,,1,6,,33253,8,,,1,46,,33120,8,,,1,6,,33151,8,,,1,6,,33152,8,,,1,6,,33153,8,,,1,6,,33154,8,,,1,6,,33150,8,,,1,6,,33149,8,,,1,6,,33148,8,,,1,6,,33147,8,,,1,6,,33146,8,,,1,46,,33145,8,,,1,6,,33144,8,,,1,6,,33143,8,,,1,6,,33142,8,,,1,6,,33141,8,,,1,6,,33140,8,,,1,6,,33139,8,,,1,6,,33138,8,,,1,6,,33137,8,,,1,6,,33136,8,,,1,46,,33135,8,,,1,6,,33134,8,,,1,6,,33133,8,,,1,6,,33132,8,,,1,6,,33131,8,,,1,6,,33130,8,,,1,6,,33129,8,,,1,6,,33128,8,,,1,6,,33127,8,,,1,6,,33126,8,,,1,46,,33125,8,,,1,6,,33124,8,,,1,10,,33155,8,,,1,10,,33156,8,,,1,10,,33157,8,,,1,10,,33158,8,,,1,50,,33159,8,,,1,10,,33160,8,,,1,10,,33161,8,,,1,10,,33162,8,,,1,10,,33163,8,,,1,10,,33164,8,,,1,50,,33165,8,,,1,10,,33166,8,,,1,10,,33167,8,,,1,10,,33168,8,,,1,10,,33169,8,,,1,10,,33170,8,,,1,50,,33171,8,,,1,10,,33172,8,,,1,10,,33173,8,,,1,10,,33174,8,,,1,10,,33175,8,,,1,10,,33176,8,,,1,50,,33177,8,,,1,10,,33178,8,,,1,10,,33179,8,,,1,10,,33180,8,,,1,10,,33181,8,,,1,10,,33182,8,,,1,50,,33183,8,,,1,10,,33184,8,,,1,6,,33185,8,,,1,6,,33186,8,,,1,6,,33187,8,,,1,6,,33188,8,,,1,6,,33189,8,,,1,6,,33190,8,,,1,6,,33191,8,,,1,6,,33192,8,,,1,46,,33193,8,,,1,6,,33194,8,,,1,6,,33195,8,,,1,6,,33196,8,,,1,6,,33197,8,,,1,6,,33198,8,,,1,6,,33199,8,,,1,6,,33200,8,,,1,6,,33201,8,,,1,6,,33202,8,,,1,46,,33203,8,,,1,6,,33204,8,,,1,6,,33205,8,,,1,6,,33206,8,,,1,6,,33207,8,,,1,6,,33208,8,,,1,6,,33209,8,,,1,6,,33210,8,,,1,6,,33211,8,,,1,6,,33212,8,,,1,46,,33213,8,,,1,6,,33214,8,,,1,6,,33215,8,,,1,6,,33216,8,,,1,6,,33217,8,,,1,6,,33218,8,,,1,6,,33219,8,,,1,6,,33220,8,,,1,6,,33221,8,,,1,6,,33222,8,,,1,46,,33223,8,,,1,6,,33224,8,,,1,6,,33225,8,,,1,9,,33226,8,,,1,15,,33227,8,,,1,15,,33228,8,,,1,55,,33229,8,,,1,15,,33230,8,,,1,15,,33231,8,,,1,15,,33232,8,,,1,55,,33233,8,,,1,15,,33234,8,,,1,15,,33235,8,,,1,15,,33236,8,,,1,55,,33237,8,,,1,15,,33238,8,,,1,15,,33239,8,,,1,15,,33240,8,,,1,55,,33241,8,,,1,15,,33242,8,,,1,15,,33243,8,,,1,15,,33244,8,,,1,55,,33245,8,,,1,15,,33246,8,,,1,15,,33247,8,,,1,15,,33248,8,,,1,55,,33249,8,,,1,15,,33250,8,,,1,15,,33251,8,,,1,15,,33252,8,,,1,55,,33123,8,,,1
18002101,'021R-Weekday-5-26-09',528,,36824,8,,,1,12,,36826,8,,,1,12,,36827,8,,,1,6,,36958,8,,,1,46,,36825,8,,,1,6,,36856,8,,,1,6,,36857,8,,,1,6,,36858,8,,,1,6,,36859,8,,,1,6,,36855,8,,,1,6,,36854,8,,,1,6,,36853,8,,,1,6,,36852,8,,,1,6,,36851,8,,,1,46,,36850,8,,,1,6,,36849,8,,,1,6,,36848,8,,,1,6,,36847,8,,,1,6,,36846,8,,,1,6,,36845,8,,,1,6,,36844,8,,,1,6,,36843,8,,,1,6,,36842,8,,,1,6,,36841,8,,,1,46,,36840,8,,,1,6,,36839,8,,,1,6,,36838,8,,,1,6,,36837,8,,,1,6,,36836,8,,,1,6,,36835,8,,,1,6,,36834,8,,,1,6,,36833,8,,,1,6,,36832,8,,,1,6,,36831,8,,,1,46,,36830,8,,,1,6,,36829,8,,,1,10,,36860,8,,,1,10,,36861,8,,,1,10,,36862,8,,,1,10,,36863,8,,,1,50,,36864,8,,,1,10,,36865,8,,,1,10,,36866,8,,,1,10,,36867,8,,,1,10,,36868,8,,,1,10,,36869,8,,,1,50,,36870,8,,,1,10,,36871,8,,,1,10,,36872,8,,,1,10,,36873,8,,,1,10,,36874,8,,,1,10,,36875,8,,,1,50,,36876,8,,,1,10,,36877,8,,,1,10,,36878,8,,,1,10,,36879,8,,,1,10,,36880,8,,,1,10,,36881,8,,,1,50,,36882,8,,,1,10,,36883,8,,,1,10,,36884,8,,,1,10,,36885,8,,,1,10,,36886,8,,,1,10,,36887,8,,,1,50,,36888,8,,,1,10,,36889,8,,,1,6,,36890,8,,,1,6,,36891,8,,,1,6,,36892,8,,,1,6,,36893,8,,,1,6,,36894,8,,,1,6,,36895,8,,,1,6,,36896,8,,,1,6,,36897,8,,,1,46,,36898,8,,,1,6,,36899,8,,,1,6,,36900,8,,,1,6,,36901,8,,,1,6,,36902,8,,,1,6,,36903,8,,,1,6,,36904,8,,,1,6,,36905,8,,,1,6,,36906,8,,,1,6,,36907,8,,,1,46,,36908,8,,,1,6,,36909,8,,,1,6,,36910,8,,,1,6,,36911,8,,,1,6,,36912,8,,,1,6,,36913,8,,,1,6,,36914,8,,,1,6,,36915,8,,,1,6,,36916,8,,,1,6,,36917,8,,,1,46,,36918,8,,,1,6,,36919,8,,,1,6,,36920,8,,,1,6,,36921,8,,,1,6,,36922,8,,,1,6,,36923,8,,,1,6,,36924,8,,,1,6,,36925,8,,,1,6,,36926,8,,,1,6,,36927,8,,,1,46,,36928,8,,,1,6,,36929,8,,,1,6,,36930,8,,,1,9,,36931,8,,,1,15,,36932,8,,,1,15,,36933,8,,,1,55,,36934,8,,,1,15,,36935,8,,,1,15,,36936,8,,,1,15,,36937,8,,,1,55,,36938,8,,,1,15,,36939,8,,,1,15,,36940,8,,,1,15,,36941,8,,,1,55,,36942,8,,,1,15,,36943,8,,,1,15,,36944,8,,,1,15,,36945,8,,,1,55,,36946,8,,,1,15,,36947,8,,,1,15,,36948,8,,,1,15,,36949,8,,,1,55,,36950,8,,,1,15,,36951,8,,,1,15,,36952,8,,,1,15,,36953,8,,,1,55,,36954,8,,,1,15,,36955,8,,,1,15,,36956,8,,,1,15,,36957,8,,,1,55,,36828,8,,,1
18002101,'021R-Weekday-6-26-09',528,,36959,8,,,1,12,,36961,8,,,1,12,,36962,8,,,1,6,,37093,8,,,1,46,,36960,8,,,1,6,,36991,8,,,1,6,,36992,8,,,1,6,,36993,8,,,1,6,,36994,8,,,1,6,,36990,8,,,1,6,,36989,8,,,1,6,,36988,8,,,1,6,,36987,8,,,1,6,,36986,8,,,1,46,,36985,8,,,1,6,,36984,8,,,1,6,,36983,8,,,1,6,,36982,8,,,1,6,,36981,8,,,1,6,,36980,8,,,1,6,,36979,8,,,1,6,,36978,8,,,1,6,,36977,8,,,1,6,,36976,8,,,1,46,,36975,8,,,1,6,,36974,8,,,1,6,,36973,8,,,1,6,,36972,8,,,1,6,,36971,8,,,1,6,,36970,8,,,1,6,,36969,8,,,1,6,,36968,8,,,1,6,,36967,8,,,1,6,,36966,8,,,1,46,,36965,8,,,1,6,,36964,8,,,1,10,,36995,8,,,1,10,,36996,8,,,1,10,,36997,8,,,1,10,,36998,8,,,1,50,,36999,8,,,1,10,,37000,8,,,1,10,,37001,8,,,1,10,,37002,8,,,1,10,,37003,8,,,1,10,,37004,8,,,1,50,,37005,8,,,1,10,,37006,8,,,1,10,,37007,8,,,1,10,,37008,8,,,1,10,,37009,8,,,1,10,,37010,8,,,1,50,,37011,8,,,1,10,,37012,8,,,1,10,,37013,8,,,1,10,,37014,8,,,1,10,,37015,8,,,1,10,,37016,8,,,1,50,,37017,8,,,1,10,,37018,8,,,1,10,,37019,8,,,1,10,,37020,8,,,1,10,,37021,8,,,1,10,,37022,8,,,1,50,,37023,8,,,1,10,,37024,8,,,1,6,,37025,8,,,1,6,,37026,8,,,1,6,,37027,8,,,1,6,,37028,8,,,1,6,,37029,8,,,1,6,,37030,8,,,1,6,,37031,8,,,1,6,,37032,8,,,1,46,,37033,8,,,1,6,,37034,8,,,1,6,,37035,8,,,1,6,,37036,8,,,1,6,,37037,8,,,1,6,,37038,8,,,1,6,,37039,8,,,1,6,,37040,8,,,1,6,,37041,8,,,1,6,,37042,8,,,1,46,,37043,8,,,1,6,,37044,8,,,1,6,,37045,8,,,1,6,,37046,8,,,1,6,,37047,8,,,1,6,,37048,8,,,1,6,,37049,8,,,1,6,,37050,8,,,1,6,,37051,8,,,1,6,,37052,8,,,1,46,,37053,8,,,1,6,,37054,8,,,1,6,,37055,8,,,1,6,,37056,8,,,1,6,,37057,8,,,1,6,,37058,8,,,1,6,,37059,8,,,1,6,,37060,8,,,1,6,,37061,8,,,1,6,,37062,8,,,1,46,,37063,8,,,1,6,,37064,8,,,1,6,,37065,8,,,1,9,,37066,8,,,1,15,,37067,8,,,1,15,,37068,8,,,1,55,,37069,8,,,1,15,,37070,8,,,1,15,,37071,8,,,1,15,,37072,8,,,1,55,,37073,8,,,1,15,,37074,8,,,1,15,,37075,8,,,1,15,,37076,8,,,1,55,,37077,8,,,1,15,,37078,8,,,1,15,,37079,8,,,1,15,,37080,8,,,1,55,,37081,8,,,1,15,,37082,8,,,1,15,,37083,8,,,1,15,,37084,8,,,1,55,,37085,8,,,1,15,,37086,8,,,1,15,,37087,8,,,1,15,,37088,8,,,1,55,,37089,8,,,1,15,,37090,8,,,1,15,,37091,8,,,1,15,,37092,8,,,1,55,,36963,8,,,1
18002101,'021R-Weekday-7-26-09',528,,37094,8,,,1,12,,37096,8,,,1,12,,37097,8,,,1,6,,37228,8,,,1,46,,37095,8,,,1,6,,37126,8,,,1,6,,37127,8,,,1,6,,37128,8,,,1,6,,37129,8,,,1,6,,37125,8,,,1,6,,37124,8,,,1,6,,37123,8,,,1,6,,37122,8,,,1,6,,37121,8,,,1,46,,37120,8,,,1,6,,37119,8,,,1,6,,37118,8,,,1,6,,37117,8,,,1,6,,37116,8,,,1,6,,37115,8,,,1,6,,37114,8,,,1,6,,37113,8,,,1,6,,37112,8,,,1,6,,37111,8,,,1,46,,37110,8,,,1,6,,37109,8,,,1,6,,37108,8,,,1,6,,37107,8,,,1,6,,37106,8,,,1,6,,37105,8,,,1,6,,37104,8,,,1,6,,37103,8,,,1,6,,37102,8,,,1,6,,37101,8,,,1,46,,37100,8,,,1,6,,37099,8,,,1,10,,37130,8,,,1,10,,37131,8,,,1,10,,37132,8,,,1,10,,37133,8,,,1,50,,37134,8,,,1,10,,37135,8,,,1,10,,37136,8,,,1,10,,37137,8,,,1,10,,37138,8,,,1,10,,37139,8,,,1,50,,37140,8,,,1,10,,37141,8,,,1,10,,37142,8,,,1,10,,37143,8,,,1,10,,37144,8,,,1,10,,37145,8,,,1,50,,37146,8,,,1,10,,37147,8,,,1,10,,37148,8,,,1,10,,37149,8,,,1,10,,37150,8,,,1,10,,37151,8,,,1,50,,37152,8,,,1,10,,37153,8,,,1,10,,37154,8,,,1,10,,37155,8,,,1,10,,37156,8,,,1,10,,37157,8,,,1,50,,37158,8,,,1,10,,37159,8,,,1,6,,37160,8,,,1,6,,37161,8,,,1,6,,37162,8,,,1,6,,37163,8,,,1,6,,37164,8,,,1,6,,37165,8,,,1,6,,37166,8,,,1,6,,37167,8,,,1,46,,37168,8,,,1,6,,37169,8,,,1,6,,37170,8,,,1,6,,37171,8,,,1,6,,37172,8,,,1,6,,37173,8,,,1,6,,37174,8,,,1,6,,37175,8,,,1,6,,37176,8,,,1,6,,37177,8,,,1,46,,37178,8,,,1,6,,37179,8,,,1,6,,37180,8,,,1,6,,37181,8,,,1,6,,37182,8,,,1,6,,37183,8,,,1,6,,37184,8,,,1,6,,37185,8,,,1,6,,37186,8,,,1,6,,37187,8,,,1,46,,37188,8,,,1,6,,37189,8,,,1,6,,37190,8,,,1,6,,37191,8,,,1,6,,37192,8,,,1,6,,37193,8,,,1,6,,37194,8,,,1,6,,37195,8,,,1,6,,37196,8,,,1,6,,37197,8,,,1,46,,37198,8,,,1,6,,37199,8,,,1,6,,37200,8,,,1,9,,37201,8,,,1,15,,37202,8,,,1,15,,37203,8,,,1,55,,37204,8,,,1,15,,37205,8,,,1,15,,37206,8,,,1,15,,37207,8,,,1,55,,37208,8,,,1,15,,37209,8,,,1,15,,37210,8,,,1,15,,37211,8,,,1,55,,37212,8,,,1,15,,37213,8,,,1,15,,37214,8,,,1,15,,37215,8,,,1,55,,37216,8,,,1,15,,37217,8,,,1,15,,37218,8,,,1,15,,37219,8,,,1,55,,37220,8,,,1,15,,37221,8,,,1,15,,37222,8,,,1,15,,37223,8,,,1,55,,37224,8,,,1,15,,37225,8,,,1,15,,37226,8,,,1,15,,37227,8,,,1,55,,37098,8,,,1
18002101,'021R-Saturday-1-26-09',525,,33254,8,,,1,15,,33255,8,,,1,15,,33256,8,,,1,55,,33257,8,,,1,15,,33258,8,,,1,15,,33259,8,,,1,15,,33260,8,,,1,55,,33261,8,,,1,15,,33262,8,,,1,15,,33263,8,,,1,15,,33264,8,,,1,55,,33265,8,,,1,15,,33266,8,,,1,15,,33267,8,,,1,15,,33268,8,,,1,55,,33269,8,,,1,15,,33270,8,,,1,15,,33271,8,,,1,15,,33272,8,,,1,55,,33273,8,,,1,15,,33274,8,,,1,15,,33275,8,,,1,15,,33276,8,,,1,55,,33277,8,,,1,15,,33278,8,,,1,15,,33279,8,,,1,15,,33280,8,,,1,55,,33281,8,,,1,15,,33282,8,,,1,15,,33283,8,,,1,15,,33284,8,,,1,55,,33285,8,,,1,15,,33286,8,,,1,15,,33287,8,,,1,15,,33288,8,,,1,55,,33289,8,,,1,15,,33290,8,,,1,15,,33291,8,,,1,15,,33292,8,,,1,55,,33293,8,,,1,15,,33294,8,,,1,15,,33295,8,,,1,15,,33296,8,,,1,55,,33297,8,,,1,15,,33298,8,,,1,15,,33299,8,,,1,15,,33300,8,,,1,55,,33301,8,,,1,15,,33302,8,,,1,15,,33303,8,,,1,15,,33304,8,,,1,55,,33305,8,,,1,15,,33306,8,,,1,15,,33307,8,,,1,15,,33308,8,,,1,55,,33309,8,,,1,15,,33310,8,,,1,15,,33311,8,,,1,15,,33312,8,,,1,55,,33313,8,,,1,15,,33314,8,,,1,15,,33315,8,,,1,15,,33316,8,,,1,55,,33317,8,,,1,15,,33318,8,,,1,15,,33319,8,,,1,15,,33320,8,,,1,55,,33321,8,,,1,15,,33322,8,,,1,15,,33323,8,,,1,15,,33324,8,,,1,55,,33325,8,,,1,15,,33326,8,,,1,15,,33327,8,,,1,15,,33328,8,,,1,55,,33329,8,,,1,15,,33330,8,,,1,15,,33331,8,,,1,15,,33332,8,,,1,55,,33333,8,,,1
18002101,'021R-Saturday-2-26-09',527,,37229,8,,,1,15,,37230,8,,,1,15,,37231,8,,,1,55,,37232,8,,,1,15,,37233,8,,,1,15,,37234,8,,,1,15,,37235,8,,,1,55,,37236,8,,,1,15,,37237,8,,,1,15,,37238,8,,,1,15,,37239,8,,,1,55,,37240,8,,,1,15,,37241,8,,,1,15,,37242,8,,,1,15,,37243,8,,,1,55,,37244,8,,,1,15,,37245,8,,,1,15,,37246,8,,,1,15,,37247,8,,,1,55,,37248,8,,,1,15,,37249,8,,,1,15,,37250,8,,,1,15,,37251,8,,,1,55,,37252,8,,,1,15,,37253,8,,,1,15,,37254,8,,,1,15,,37255,8,,,1,55,,37256,8,,,1,15,,37257,8,,,1,15,,37258,8,,,1,15,,37259,8,,,1,55,,37260,8,,,1,15,,37261,8,,,1,15,,37262,8,,,1,15,,37263,8,,,1,55,,37264,8,,,1,15,,37265,8,,,1,15,,37266,8,,,1,15,,37267,8,,,1,55,,37268,8,,,1,15,,37269,8,,,1,15,,37270,8,,,1,15,,37271,8,,,1,55,,37272,8,,,1,15,,37273,8,,,1,15,,37274,8,,,1,15,,37275,8,,,1,55,,37276,8,,,1,15,,37277,8,,,1,15,,37278,8,,,1,15,,37279,8,,,1,55,,37280,8,,,1,15,,37281,8,,,1,15,,37282,8,,,1,15,,37283,8,,,1,55,,37284,8,,,1,15,,37285,8,,,1,15,,37286,8,,,1,15,,37287,8,,,1,55,,37288,8,,,1,15,,37289,8,,,1,15,,37290,8,,,1,15,,37291,8,,,1,55,,37292,8,,,1,15,,37293,8,,,1,15,,37294,8,,,1,15,,37295,8,,,1,55,,37296,8,,,1,15,,37297,8,,,1,15,,37298,8,,,1,15,,37299,8,,,1,55,,37300,8,,,1,15,,37301,8,,,1,15,,37302,8,,,1,15,,37303,8,,,1,55,,37304,8,,,1,15,,37305,8,,,1,15,,37306,8,,,1,15,,37307,8,,,1,55,,37308,8,,,1
18002101,'021R-Sunday-1-26-09',525,,33334,8,,,1,15,,33335,8,,,1,15,,33336,8,,,1,55,,33337,8,,,1,15,,33338,8,,,1,15,,33339,8,,,1,15,,33340,8,,,1,55,,33341,8,,,1,15,,33342,8,,,1,15,,33343,8,,,1,15,,33344,8,,,1,55,,33345,8,,,1,15,,33346,8,,,1,15,,33347,8,,,1,15,,33348,8,,,1,55,,33349,8,,,1,15,,33350,8,,,1,15,,33351,8,,,1,15,,33352,8,,,1,55,,33353,8,,,1,15,,33354,8,,,1,15,,33355,8,,,1,15,,33356,8,,,1,55,,33357,8,,,1,15,,33358,8,,,1,15,,33359,8,,,1,15,,33360,8,,,1,55,,33361,8,,,1,15,,33362,8,,,1,15,,33363,8,,,1,15,,33364,8,,,1,55,,33365,8,,,1,15,,33366,8,,,1,15,,33367,8,,,1,15,,33368,8,,,1,55,,33369,8,,,1,15,,33370,8,,,1,15,,33371,8,,,1,15,,33372,8,,,1,55,,33373,8,,,1,15,,33374,8,,,1,15,,33375,8,,,1,15,,33376,8,,,1,55,,33377,8,,,1,15,,33378,8,,,1,15,,33379,8,,,1,15,,33380,8,,,1,55,,33381,8,,,1,15,,33382,8,,,1,15,,33383,8,,,1,15,,33384,8,,,1,55,,33385,8,,,1,15,,33386,8,,,1,15,,33387,8,,,1,15,,33388,8,,,1,55,,33389,8,,,1,15,,33390,8,,,1,15,,33391,8,,,1,15,,33392,8,,,1,55,,33393,8,,,1,15,,33394,8,,,1,15,,33395,8,,,1,15,,33396,8,,,1,55,,33397,8,,,1,15,,33398,8,,,1,15,,33399,8,,,1,15,,33400,8,,,1,55,,33401,8,,,1,15,,33402,8,,,1,15,,33403,8,,,1,15,,33404,8,,,1,55,,33405,8,,,1,15,,33406,8,,,1,15,,33407,8,,,1,15,,33408,8,,,1,55,,33409,8,,,1,15,,33410,8,,,1
18002101,'021R-Sunday-2-26-09',527,,37309,8,,,1,15,,37310,8,,,1,15,,37311,8,,,1,55,,37312,8,,,1,15,,37313,8,,,1,15,,37314,8,,,1,15,,37315,8,,,1,55,,37316,8,,,1,15,,37317,8,,,1,15,,37318,8,,,1,15,,37319,8,,,1,55,,37320,8,,,1,15,,37321,8,,,1,15,,37322,8,,,1,15,,37323,8,,,1,55,,37324,8,,,1,15,,37325,8,,,1,15,,37326,8,,,1,15,,37327,8,,,1,55,,37328,8,,,1,15,,37329,8,,,1,15,,37330,8,,,1,15,,37331,8,,,1,55,,37332,8,,,1,15,,37333,8,,,1,15,,37334,8,,,1,15,,37335,8,,,1,55,,37336,8,,,1,15,,37337,8,,,1,15,,37338,8,,,1,15,,37339,8,,,1,55,,37340,8,,,1,15,,37341,8,,,1,15,,37342,8,,,1,15,,37343,8,,,1,55,,37344,8,,,1,15,,37345,8,,,1,15,,37346,8,,,1,15,,37347,8,,,1,55,,37348,8,,,1,15,,37349,8,,,1,15,,37350,8,,,1,15,,37351,8,,,1,55,,37352,8,,,1,15,,37353,8,,,1,15,,37354,8,,,1,15,,37355,8,,,1,55,,37356,8,,,1,15,,37357,8,,,1,15,,37358,8,,,1,15,,37359,8,,,1,55,,37360,8,,,1,15,,37361,8,,,1,15,,37362,8,,,1,15,,37363,8,,,1,55,,37364,8,,,1,15,,37365,8,,,1,15,,37366,8,,,1,15,,37367,8,,,1,55,,37368,8,,,1,15,,37369,8,,,1,15,,37370,8,,,1,15,,37371,8,,,1,55,,37372,8,,,1,15,,37373,8,,,1,15,,37374,8,,,1,15,,37375,8,,,1,55,,37376,8,,,1,15,,37377,8,,,1,15,,37378,8,,,1,15,,37379,8,,,1,55,,37380,8,,,1,15,,37381,8,,,1,15,,37382,8,,,1,15,,37383,8,,,1,55,,37384,8,,,1,15,,37385,8,,,1
18002101,'021R-Sunday-4-26-09',527,,37386,8,,,1,15,,37387,8,,,1,15,,37388,8,,,1,55,,37389,8,,,1,15,,37390,8,,,1,15,,37391,8,,,1,15,,37392,8,,,1,55,,37393,8,,,1,15,,37394,8,,,1,15,,37395,8,,,1,15,,37396,8,,,1,55,,37397,8,,,1,15,,37398,8,,,1,15,,37399,8,,,1,15,,37400,8,,,1,55,,37401,8,,,1,15,,37402,8,,,1,15,,37403,8,,,1,15,,37404,8,,,1,55,,37405,8,,,1,15,,37406,8,,,1,15,,37407,8,,,1,15,,37408,8,,,1,55,,37409,8,,,1,15,,37410,8,,,1,15,,37411,8,,,1,15,,37412,8,,,1,55,,37413,8,,,1,15,,37414,8,,,1,15,,37415,8,,,1,15,,37416,8,,,1,55,,37417,8,,,1,15,,37418,8,,,1,15,,37419,8,,,1,15,,37420,8,,,1,55,,37421,8,,,1,15,,37422,8,,,1,15,,37423,8,,,1,15,,37424,8,,,1,55,,37425,8,,,1,15,,37426,8,,,1,15,,37427,8,,,1,15,,37428,8,,,1,55,,37429,8,,,1,15,,37430,8,,,1,15,,37431,8,,,1,15,,37432,8,,,1,55,,37433,8,,,1,15,,37434,8,,,1,15,,37435,8,,,1,15,,37436,8,,,1,55,,37437,8,,,1,15,,37438,8,,,1,15,,37439,8,,,1,15,,37440,8,,,1,55,,37441,8,,,1,15,,37442,8,,,1,15,,37443,8,,,1,15,,37444,8,,,1,55,,37445,8,,,1,15,,37446,8,,,1,15,,37447,8,,,1,15,,37448,8,,,1,55,,37449,8,,,1,15,,37450,8,,,1,15,,37451,8,,,1,15,,37452,8,,,1,55,,37453,8,,,1,15,,37454,8,,,1,15,,37455,8,,,1,15,,37456,8,,,1,55,,37457,8,,,1,15,,37458,8,,,1,15,,37459,8,,,1,15,,37460,8,,,1,55,,37461,8,,,1,15,,37462,8,,,1
18002201,'022R-Weekday-1-26-09',607,,33824,5,0,12 13,1,12,,33825,5,0,12 13,1,12,,33826,5,0,12 13,1,12,,33827,5,0,12 13,1,12,,33828,5,0,12 13,1,52,,33829,5,0,12 13,1,12,,33830,5,0,12 13,1,12,,33831,5,0,12 13,1,12,,33832,5,0,12 13,1,12,,33833,5,0,12 13,1,52,,33834,5,0,12 13,1,12,,33835,5,0,12 13,1,12,,33836,5,0,12 13,1,12,,33837,5,0,12 13,1,12,,33838,5,0,12 13,1,52,,33839,5,0,12 13,1,12,,33840,5,0,12 13,1,18,,33841,5,0,12 13,1,20,,33842,5,0,12 13,1,55,,33843,5,0,12 13,1,15,,33844,5,0,12 13,1,15,,33845,5,0,12 13,1,15,,33846,5,0,12 13,1,55,,33847,5,0,12 13,1,15,,33848,5,0,12 13,1,15,,33849,5,0,12 13,1,15,,33850,5,0,12 13,1,55,,33851,5,0,12 13,1,15,,33852,5,0,12 13,1,15,,33853,5,0,12 13,1,15,,33854,5,0,12 13,1,55,,33855,5,0,12 13,1,15,,33856,5,0,12 13,1,15,,33857,5,0,12 13,1,13,,33858,5,0,12 13,1,52,,33859,5,0,12 13,1,12,,33860,5,0,12 13,1,12,,33861,5,0,12 13,1,12,,33862,5,0,12 13,1,12,,33863,5,0,12 13,1,52,,33864,5,0,12 13,1,12,,33865,5,0,12 13,1,12,,33866,5,0,12 13,1,12,,33867,5,0,12 13,1,12,,33868,5,0,12 13,1,52,,33869,5,0,12 13,1,12,,33870,5,0,12 13,1,12,,33871,5,0,12 13,1,12,,33872,5,0,12 13,1,12,,33873,5,0,12 13,1,52,,33874,5,0,12 13,1,12,,33875,5,0,12 13,1,12,,33876,5,0,12 13,1,12,,33877,5,0,12 13,1,12,,33878,5,0,12 13,1,52,,33879,5,0,12 13,1,12,,33880,5,0,12 13,1,17,,33881,5,0,12 13,1,15,,33882,5,0,12 13,1,55,,33883,5,0,12 13,1,15,,33884,5,0,12 13,1,15,,33885,5,0,12 13,1,15,,33886,5,0,12 13,1,55,,33887,5,0,12 13,1,15,,33888,5,0,12 13,1,15,,33889,5,0,12 13,1,15,,33890,5,0,12 13,1,55,,33891,5,0,12 13,1,15,,33892,5,0,12 13,1,15,,33893,5,0,12 13,1,15,,33894,5,0,12 13,1,55,,33895,5,0,12 13,1,15,,33896,5,0,12 13,1,15,,33897,5,0,12 13,1,15,,33898,5,0,12 13,1,55,,33899,5,0,12 13,1,15,,33823,5,0,12 13,1,15,,33822,5,0,12 13,1,15,,33821,5,0,12 13,1,55,,33820,5,0,12 13,1,15,,33819,5,0,12 13,1,15,,33818,5,0,12 13,1,15,,33817,5,0,12 13,1,55,,33816,5,0,12 13,1
18002201,'022R-Weekday-2-26-09',607,,33908,5,0,12 13,1,12,,33909,5,0,12 13,1,12,,33910,5,0,12 13,1,12,,33911,5,0,12 13,1,12,,33912,5,0,12 13,1,52,,33913,5,0,12 13,1,12,,33914,5,0,12 13,1,12,,33915,5,0,12 13,1,12,,33916,5,0,12 13,1,12,,33917,5,0,12 13,1,52,,33918,5,0,12 13,1,12,,33919,5,0,12 13,1,12,,33920,5,0,12 13,1,12,,33921,5,0,12 13,1,12,,33922,5,0,12 13,1,52,,33923,5,0,12 13,1,12,,33924,5,0,12 13,1,18,,33925,5,0,12 13,1,20,,33926,5,0,12 13,1,55,,33927,5,0,12 13,1,15,,33928,5,0,12 13,1,15,,33929,5,0,12 13,1,15,,33930,5,0,12 13,1,55,,33931,5,0,12 13,1,15,,33932,5,0,12 13,1,15,,33933,5,0,12 13,1,15,,33934,5,0,12 13,1,55,,33935,5,0,12 13,1,15,,33936,5,0,12 13,1,15,,33937,5,0,12 13,1,15,,33938,5,0,12 13,1,55,,33939,5,0,12 13,1,15,,33940,5,0,12 13,1,15,,33941,5,0,12 13,1,13,,33942,5,0,12 13,1,52,,33943,5,0,12 13,1,12,,33944,5,0,12 13,1,12,,33945,5,0,12 13,1,12,,33946,5,0,12 13,1,12,,33947,5,0,12 13,1,52,,33948,5,0,12 13,1,12,,33949,5,0,12 13,1,12,,33950,5,0,12 13,1,12,,33951,5,0,12 13,1,12,,33952,5,0,12 13,1,52,,33953,5,0,12 13,1,12,,33954,5,0,12 13,1,12,,33955,5,0,12 13,1,12,,33956,5,0,12 13,1,12,,33957,5,0,12 13,1,52,,33958,5,0,12 13,1,12,,33959,5,0,12 13,1,12,,33960,5,0,12 13,1,12,,33961,5,0,12 13,1,12,,33962,5,0,12 13,1,52,,33963,5,0,12 13,1,12,,33964,5,0,12 13,1,17,,33965,5,0,12 13,1,15,,33966,5,0,12 13,1,55,,33967,5,0,12 13,1,15,,33968,5,0,12 13,1,15,,33969,5,0,12 13,1,15,,33970,5,0,12 13,1,55,,33971,5,0,12 13,1,15,,33972,5,0,12 13,1,15,,33973,5,0,12 13,1,15,,33974,5,0,12 13,1,55,,33975,5,0,12 13,1,15,,33976,5,0,12 13,1,15,,33977,5,0,12 13,1,15,,33978,5,0,12 13,1,55,,33979,5,0,12 13,1,15,,33980,5,0,12 13,1,15,,33981,5,0,12 13,1,15,,33982,5,0,12 13,1,55,,33983,5,0,12 13,1,15,,33907,5,0,12 13,1,15,,33906,5,0,12 13,1,15,,33905,5,0,12 13,1,55,,33904,5,0,12 13,1,15,,33903,5,0,12 13,1,15,,33902,5,0,12 13,1,15,,33901,5,0,12 13,1,55,,33900,5,0,12 13,1
18002201,'022R-Weekday-3-26-09',607,,38338,5,0,12 13,1,12,,38339,5,0,12 13,1,12,,38340,5,0,12 13,1,12,,38341,5,0,12 13,1,12,,38342,5,0,12 13,1,52,,38343,5,0,12 13,1,12,,38344,5,0,12 13,1,12,,38345,5,0,12 13,1,12,,38346,5,0,12 13,1,12,,38347,5,0,12 13,1,52,,38348,5,0,12 13,1,12,,38349,5,0,12 13,1,12,,38350,5,0,12 13,1,12,,38351,5,0,12 13,1,12,,38352,5,0,12 13,1,52,,38353,5,0,12 13,1,12,,38354,5,0,12 13,1,18,,38355,5,0,12 13,1,20,,38356,5,0,12 13,1,55,,38357,5,0,12 13,1,15,,38358,5,0,12 13,1,15,,38359,5,0,12 13,1,15,,38360,5,0,12 13,1,55,,38361,5,0,12 13,1,15,,38362,5,0,12 13,1,15,,38363,5,0,12 13,1,15,,38364,5,0,12 13,1,55,,38365,5,0,12 13,1,15,,38366,5,0,12 13,1,15,,38367,5,0,12 13,1,15,,38368,5,0,12 13,1,55,,38369,5,0,12 13,1,15,,38370,5,0,12 13,1,15,,38371,5,0,12 13,1,13,,38372,5,0,12 13,1,52,,38373,5,0,12 13,1,12,,38374,5,0,12 13,1,12,,38375,5,0,12 13,1,12,,38376,5,0,12 13,1,12,,38377,5,0,12 13,1,52,,38378,5,0,12 13,1,12,,38379,5,0,12 13,1,12,,38380,5,0,12 13,1,12,,38381,5,0,12 13,1,12,,38382,5,0,12 13,1,52,,38383,5,0,12 13,1,12,,38384,5,0,12 13,1,12,,38385,5,0,12 13,1,12,,38386,5,0,12 13,1,12,,38387,5,0,12 13,1,52,,38388,5,0,12 13,1,12,,38389,5,0,12 13,1,12,,38390,5,0,12 13,1,12,,38391,5,0,12 13,1,12,,38392,5,0,12 13,1,52,,38393,5,0,12 13,1,12,,38394,5,0,12 13,1,17,,38395,5,0,12 13,1,15,,38396,5,0,12 13,1,55,,38397,5,0,12 13,1,15,,38398,5,0,12 13,1,15,,38399,5,0,12 13,1,15,,38400,5,0,12 13,1,55,,38401,5,0,12 13,1,15,,38402,5,0,12 13,1,15,,38403,5,0,12 13,1,15,,38404,5,0,12 13,1,55,,38405,5,0,12 13,1,15,,38406,5,0,12 13,1,15,,38407,5,0,12 13,1,15,,38408,5,0,12 13,1,55,,38409,5,0,12 13,1,15,,38410,5,0,12 13,1,15,,38411,5,0,12 13,1,15,,38412,5,0,12 13,1,55,,38413,5,0,12 13,1,15,,38337,5,0,12 13,1,15,,38336,5,0,12 13,1,15,,38335,5,0,12 13,1,55,,38334,5,0,12 13,1,15,,38333,5,0,12 13,1,15,,38332,5,0,12 13,1,15,,38331,5,0,12 13,1,55,,38330,5,0,12 13,1
18002201,'022R-Weekday-4-26-09',607,,33992,5,0,12 13,1,12,,33993,5,0,12 13,1,12,,33994,5,0,12 13,1,12,,33995,5,0,12 13,1,12,,33996,5,0,12 13,1,52,,33997,5,0,12 13,1,12,,33998,5,0,12 13,1,12,,33999,5,0,12 13,1,12,,34000,5,0,12 13,1,12,,34001,5,0,12 13,1,52,,34002,5,0,12 13,1,12,,34003,5,0,12 13,1,12,,34004,5,0,12 13,1,12,,34005,5,0,12 13,1,12,,34006,5,0,12 13,1,52,,34007,5,0,12 13,1,12,,34008,5,0,12 13,1,18,,34009,5,0,12 13,1,20,,34010,5,0,12 13,1,55,,34011,5,0,12 13,1,15,,34012,5,0,12 13,1,15,,34013,5,0,12 13,1,15,,34014,5,0,12 13,1,55,,34015,5,0,12 13,1,15,,34016,5,0,12 13,1,15,,34017,5,0,12 13,1,15,,34018,5,0,12 13,1,55,,34019,5,0,12 13,1,15,,34020,5,0,12 13,1,15,,34021,5,0,12 13,1,15,,34022,5,0,12 13,1,55,,34023,5,0,12 13,1,15,,34024,5,0,12 13,1,15,,34025,5,0,12 13,1,13,,34026,5,0,12 13,1,52,,34027,5,0,12 13,1,12,,34028,5,0,12 13,1,12,,34029,5,0,12 13,1,12,,34030,5,0,12 13,1,12,,34031,5,0,12 13,1,52,,34032,5,0,12 13,1,12,,34033,5,0,12 13,1,12,,34034,5,0,12 13,1,12,,34035,5,0,12 13,1,12,,34036,5,0,12 13,1,52,,34037,5,0,12 13,1,12,,34038,5,0,12 13,1,12,,34039,5,0,12 13,1,12,,34040,5,0,12 13,1,12,,34041,5,0,12 13,1,52,,34042,5,0,12 13,1,12,,34043,5,0,12 13,1,12,,34044,5,0,12 13,1,12,,34045,5,0,12 13,1,12,,34046,5,0,12 13,1,52,,34047,5,0,12 13,1,12,,34048,5,0,12 13,1,17,,34049,5,0,12 13,1,15,,34050,5,0,12 13,1,55,,34051,5,0,12 13,1,15,,34052,5,0,12 13,1,15,,34053,5,0,12 13,1,15,,34054,5,0,12 13,1,55,,34055,5,0,12 13,1,15,,34056,5,0,12 13,1,15,,34057,5,0,12 13,1,15,,34058,5,0,12 13,1,55,,34059,5,0,12 13,1,15,,34060,5,0,12 13,1,15,,34061,5,0,12 13,1,15,,34062,5,0,12 13,1,55,,34063,5,0,12 13,1,15,,34064,5,0,12 13,1,15,,34065,5,0,12 13,1,15,,34066,5,0,12 13,1,55,,34067,5,0,12 13,1,15,,33991,5,0,12 13,1,15,,33990,5,0,12 13,1,15,,33989,5,0,12 13,1,55,,33988,5,0,12 13,1,15,,33987,5,0,12 13,1,15,,33986,5,0,12 13,1,15,,33985,5,0,12 13,1,55,,33984,5,0,12 13,1
18002201,'022R-Weekday-5-26-09',607,,38422,5,0,12 13,1,12,,38423,5,0,12 13,1,12,,38424,5,0,12 13,1,12,,38425,5,0,12 13,1,12,,38426,5,0,12 13,1,52,,38427,5,0,12 13,1,12,,38428,5,0,12 13,1,12,,38429,5,0,12 13,1,12,,38430,5,0,12 13,1,12,,38431,5,0,12 13,1,52,,38432,5,0,12 13,1,12,,38433,5,0,12 13,1,12,,38434,5,0,12 13,1,12,,38435,5,0,12 13,1,12,,38436,5,0,12 13,1,52,,38437,5,0,12 13,1,12,,38438,5,0,12 13,1,18,,38439,5,0,12 13,1,20,,38440,5,0,12 13,1,55,,38441,5,0,12 13,1,15,,38442,5,0,12 13,1,15,,38443,5,0,12 13,1,15,,38444,5,0,12 13,1,55,,38445,5,0,12 13,1,15,,38446,5,0,12 13,1,15,,38447,5,0,12 13,1,15,,38448,5,0,12 13,1,55,,38449,5,0,12 13,1,15,,38450,5,0,12 13,1,15,,38451,5,0,12 13,1,15,,38452,5,0,12 13,1,55,,38453,5,0,12 13,1,15,,38454,5,0,12 13,1,15,,38455,5,0,12 13,1,13,,38456,5,0,12 13,1,52,,38457,5,0,12 13,1,12,,38458,5,0,12 13,1,12,,38459,5,0,12 13,1,12,,38460,5,0,12 13,1,12,,38461,5,0,12 13,1,52,,38462,5,0,12 13,1,12,,38463,5,0,12 13,1,12,,38464,5,0,12 13,1,12,,38465,5,0,12 13,1,12,,38466,5,0,12 13,1,52,,38467,5,0,12 13,1,12,,38468,5,0,12 13,1,12,,38469,5,0,12 13,1,12,,38470,5,0,12 13,1,12,,38471,5,0,12 13,1,52,,38472,5,0,12 13,1,12,,38473,5,0,12 13,1,12,,38474,5,0,12 13,1,12,,38475,5,0,12 13,1,12,,38476,5,0,12 13,1,52,,38477,5,0,12 13,1,12,,38478,5,0,12 13,1,17,,38479,5,0,12 13,1,15,,38480,5,0,12 13,1,55,,38481,5,0,12 13,1,15,,38482,5,0,12 13,1,15,,38483,5,0,12 13,1,15,,38484,5,0,12 13,1,55,,38485,5,0,12 13,1,15,,38486,5,0,12 13,1,15,,38487,5,0,12 13,1,15,,38488,5,0,12 13,1,55,,38489,5,0,12 13,1,15,,38490,5,0,12 13,1,15,,38491,5,0,12 13,1,15,,38492,5,0,12 13,1,55,,38493,5,0,12 13,1,15,,38494,5,0,12 13,1,15,,38495,5,0,12 13,1,15,,38496,5,0,12 13,1,55,,38497,5,0,12 13,1,15,,38421,5,0,12 13,1,15,,38420,5,0,12 13,1,15,,38419,5,0,12 13,1,55,,38418,5,0,12 13,1,15,,38417,5,0,12 13,1,15,,38416,5,0,12 13,1,15,,38415,5,0,12 13,1,55,,38414,5,0,12 13,1
18002201,'022R-Weekday-6-26-09',607,,38506,5,0,12 13,1,12,,38507,5,0,12 13,1,12,,38508,5,0,12 13,1,12,,38509,5,0,12 13,1,12,,38510,5,0,12 13,1,52,,38511,5,0,12 13,1,12,,38512,5,0,12 13,1,12,,38513,5,0,12 13,1,12,,38514,5,0,12 13,1,12,,38515,5,0,12 13,1,52,,38516,5,0,12 13,1,12,,38517,5,0,12 13,1,12,,38518,5,0,12 13,1,12,,38519,5,0,12 13,1,12,,38520,5,0,12 13,1,52,,38521,5,0,12 13,1,12,,38522,5,0,12 13,1,18,,38523,5,0,12 13,1,20,,38524,5,0,12 13,1,55,,38525,5,0,12 13,1,15,,38526,5,0,12 13,1,15,,38527,5,0,12 13,1,15,,38528,5,0,12 13,1,55,,38529,5,0,12 13,1,15,,38530,5,0,12 13,1,15,,38531,5,0,12 13,1,15,,38532,5,0,12 13,1,55,,38533,5,0,12 13,1,15,,38534,5,0,12 13,1,15,,38535,5,0,12 13,1,15,,38536,5,0,12 13,1,55,,38537,5,0,12 13,1,15,,38538,5,0,12 13,1,15,,38539,5,0,12 13,1,13,,38540,5,0,12 13,1,52,,38541,5,0,12 13,1,12,,38542,5,0,12 13,1,12,,38543,5,0,12 13,1,12,,38544,5,0,12 13,1,12,,38545,5,0,12 13,1,52,,38546,5,0,12 13,1,12,,38547,5,0,12 13,1,12,,38548,5,0,12 13,1,12,,38549,5,0,12 13,1,12,,38550,5,0,12 13,1,52,,38551,5,0,12 13,1,12,,38552,5,0,12 13,1,12,,38553,5,0,12 13,1,12,,38554,5,0,12 13,1,12,,38555,5,0,12 13,1,52,,38556,5,0,12 13,1,12,,38557,5,0,12 13,1,12,,38558,5,0,12 13,1,12,,38559,5,0,12 13,1,12,,38560,5,0,12 13,1,52,,38561,5,0,12 13,1,12,,38562,5,0,12 13,1,17,,38563,5,0,12 13,1,15,,38564,5,0,12 13,1,55,,38565,5,0,12 13,1,15,,38566,5,0,12 13,1,15,,38567,5,0,12 13,1,15,,38568,5,0,12 13,1,55,,38569,5,0,12 13,1,15,,38570,5,0,12 13,1,15,,38571,5,0,12 13,1,15,,38572,5,0,12 13,1,55,,38573,5,0,12 13,1,15,,38574,5,0,12 13,1,15,,38575,5,0,12 13,1,15,,38576,5,0,12 13,1,55,,38577,5,0,12 13,1,15,,38578,5,0,12 13,1,15,,38579,5,0,12 13,1,15,,38580,5,0,12 13,1,55,,38581,5,0,12 13,1,15,,38505,5,0,12 13,1,15,,38504,5,0,12 13,1,15,,38503,5,0,12 13,1,55,,38502,5,0,12 13,1,15,,38501,5,0,12 13,1,15,,38500,5,0,12 13,1,15,,38499,5,0,12 13,1,55,,38498,5,0,12 13,1
18002201,'022R-Weekday-7-26-09',607,,38590,5,0,12 13,1,12,,38591,5,0,12 13,1,12,,38592,5,0,12 13,1,12,,38593,5,0,12 13,1,12,,38594,5,0,12 13,1,52,,38595,5,0,12 13,1,12,,38596,5,0,12 13,1,12,,38597,5,0,12 13,1,12,,38598,5,0,12 13,1,12,,38599,5,0,12 13,1,52,,38600,5,0,12 13,1,12,,38601,5,0,12 13,1,12,,38602,5,0,12 13,1,12,,38603,5,0,12 13,1,12,,38604,5,0,12 13,1,52,,38605,5,0,12 13,1,12,,38606,5,0,12 13,1,18,,38607,5,0,12 13,1,20,,38608,5,0,12 13,1,55,,38609,5,0,12 13,1,15,,38610,5,0,12 13,1,15,,38611,5,0,12 13,1,15,,38612,5,0,12 13,1,55,,38613,5,0,12 13,1,15,,38614,5,0,12 13,1,15,,38615,5,0,12 13,1,15,,38616,5,0,12 13,1,55,,38617,5,0,12 13,1,15,,38618,5,0,12 13,1,15,,38619,5,0,12 13,1,15,,38620,5,0,12 13,1,55,,38621,5,0,12 13,1,15,,38622,5,0,12 13,1,15,,38623,5,0,12 13,1,13,,38624,5,0,12 13,1,52,,38625,5,0,12 13,1,12,,38626,5,0,12 13,1,12,,38627,5,0,12 13,1,12,,38628,5,0,12 13,1,12,,38629,5,0,12 13,1,52,,38630,5,0,12 13,1,12,,38631,5,0,12 13,1,12,,38632,5,0,12 13,1,12,,38633,5,0,12 13,1,12,,38634,5,0,12 13,1,52,,38635,5,0,12 13,1,12,,38636,5,0,12 13,1,12,,38637,5,0,12 13,1,12,,38638,5,0,12 13,1,12,,38639,5,0,12 13,1,52,,38640,5,0,12 13,1,12,,38641,5,0,12 13,1,12,,38642,5,0,12 13,1,12,,38643,5,0,12 13,1,12,,38644,5,0,12 13,1,52,,38645,5,0,12 13,1,12,,38646,5,0,12 13,1,17,,38647,5,0,12 13,1,15,,38648,5,0,12 13,1,55,,38649,5,0,12 13,1,15,,38650,5,0,12 13,1,15,,38651,5,0,12 13,1,15,,38652,5,0,12 13,1,55,,38653,5,0,12 13,1,15,,38654,5,0,12 13,1,15,,38655,5,0,12 13,1,15,,38656,5,0,12 13,1,55,,38657,5,0,12 13,1,15,,38658,5,0,12 13,1,15,,38659,5,0,12 13,1,15,,38660,5,0,12 13,1,55,,38661,5,0,12 13,1,15,,38662,5,0,12 13,1,15,,38663,5,0,12 13,1,15,,38664,5,0,12 13,1,55,,38665,5,0,12 13,1,15,,38589,5,0,12 13,1,15,,38588,5,0,12 13,1,15,,38587,5,0,12 13,1,55,,38586,5,0,12 13,1,15,,38585,5,0,12 13,1,15,,38584,5,0,12 13,1,15,,38583,5,0,12 13,1,55,,38582,5,0,12 13,1
18002201,'022R-Saturday-1-26-09',605,,34068,5,0,12 13,1,15,,34069,5,0,12 13,1,15,,34070,5,0,12 13,1,15,,34071,5,0,12 13,1,55,,34072,5,0,12 13,1,15,,34073,5,0,12 13,1,15,,34074,5,0,12 13,1,15,,34075,5,0,12 13,1,55,,34076,5,0,12 13,1,15,,34077,5,0,12 13,1,15,,34078,5,0,12 13,1,15,,34079,5,0,12 13,1,55,,34080,5,0,12 13,1,15,,34081,5,0,12 13,1,15,,34082,5,0,12 13,1,15,,34083,5,0,12 13,1,55,,34084,5,0,12 13,1,15,,34085,5,0,12 13,1,15,,34086,5,0,12 13,1,15,,34087,5,0,12 13,1,55,,34088,5,0,12 13,1,15,,34089,5,0,12 13,1,15,,34090,5,0,12 13,1,15,,34091,5,0,12 13,1,55,,34092,5,0,12 13,1,15,,34093,5,0,12 13,1,15,,34094,5,0,12 13,1,15,,34095,5,0,12 13,1,55,,34096,5,0,12 13,1,15,,34097,5,0,12 13,1,15,,34098,5,0,12 13,1,15,,34099,5,0,12 13,1,55,,34100,5,0,12 13,1,15,,34101,5,0,12 13,1,15,,34102,5,0,12 13,1,15,,34103,5,0,12 13,1,55,,34104,5,0,12 13,1,15,,34105,5,0,12 13,1,15,,34106,5,0,12 13,1,15,,34107,5,0,12 13,1,55,,34108,5,0,12 13,1,15,,34109,5,0,12 13,1,15,,34110,5,0,12 13,1,15,,34111,5,0,12 13,1,55,,34112,5,0,12 13,1,15,,34113,5,0,12 13,1,15,,34114,5,0,12 13,1,15,,34115,5,0,12 13,1,55,,34116,5,0,12 13,1,15,,34117,5,0,12 13,1,15,,34118,5,0,12 13,1,15,,34119,5,0,12 13,1,55,,34120,5,0,12 13,1,15,,34121,5,0,12 13,1,15,,34122,5,0,12 13,1,15,,34123,5,0,12 13,1,55,,34124,5,0,12 13,1,15,,34125,5,0,12 13,1,15,,34126,5,0,12 13,1,15,,34127,5,0,12 13,1,55,,34128,5,0,12 13,1,15,,34129,5,0,12 13,1,15,,34130,5,0,12 13,1,15,,34131,5,0,12 13,1,55,,34132,5,0,12 13,1,15,,34133,5,0,12 13,1,15,,34134,5,0,12 13,1,15,,34135,5,0,12 13,1,55,,34136,5,0,12 13,1,15,,34137,5,0,12 13,1,15,,34138,5,0,12 13,1,15,,34139,5,0,12 13,1,55,,34140,5,0,12 13,1,15,,34141,5,0,12 13,1,15,,34142,5,0,12 13,1,15,,34143,5,0,12 13,1,55,,34144,5,0,12 13,1
18002201,'022R-Saturday-2-26-09',523,,38744,2,,,1,15,,38743,2,,,1,15,,38666,5,,,1,55,,38667,5,,,1,15,,38668,5,,,1,15,,38669,5,,,1,15,,38670,5,,,1,55,,38671,5,,,1,15,,38672,5,,,1,15,,38673,5,,,1,15,,38674,5,,,1,55,,38675,5,,,1,15,,38676,5,,,1,15,,38677,5,,,1,15,,38678,5,,,1,55,,38679,5,,,1,15,,38680,5,,,1,15,,38681,5,,,1,15,,38682,5,,,1,55,,38683,5,,,1,15,,38684,5,,,1,15,,38685,5,,,1,15,,38686,5,,,1,55,,38687,5,,,1,15,,38688,5,,,1,15,,38689,5,,,1,15,,38690,5,,,1,55,,38691,5,,,1,15,,38692,5,,,1,15,,38693,5,,,1,15,,38694,5,,,1,55,,38695,5,,,1,15,,38696,5,,,1,15,,38697,5,,,1,15,,38698,5,,,1,55,,38699,5,,,1,15,,38700,5,,,1,15,,38701,5,,,1,15,,38702,5,,,1,55,,38703,5,,,1,15,,38704,5,,,1,15,,38705,5,,,1,15,,38706,5,,,1,55,,38707,5,,,1,15,,38708,5,,,1,15,,38709,5,,,1,15,,38710,5,,,1,55,,38711,5,,,1,15,,38712,5,,,1,15,,38713,5,,,1,15,,38714,5,,,1,55,,38715,5,,,1,15,,38716,5,,,1,15,,38717,5,,,1,15,,38718,5,,,1,55,,38719,5,,,1,15,,38720,5,,,1,15,,38721,5,,,1,15,,38722,5,,,1,55,,38723,5,,,1,15,,38724,5,,,1,15,,38725,5,,,1,15,,38726,5,,,1,55,,38727,5,,,1,15,,38728,5,,,1,15,,38729,5,,,1,15,,38730,5,,,1,55,,38731,5,,,1,15,,38732,5,,,1,15,,38733,5,,,1,15,,38734,5,,,1,55,,38735,5,,,1,15,,38736,5,,,1,15,,38737,5,,,1,15,,38738,5,,,1,55,,38739,5,,,1,15,,38740,5,,,1,15,,38741,5,,,1,15,,38742,5,,,1
18002201,'022R-Saturday-3-26-09',600,,38745,5,0,9 11,1,15,,38746,5,0,9 11,1,15,,38747,5,0,9 11,1,15,,38748,5,0,9 11,1,55,,38749,5,0,9 11,1,15,,38750,5,0,9 11,1,15,,38751,5,0,9 11,1,15,,38752,5,0,9 11,1,55,,38753,5,0,9 11,1,15,,38754,5,0,9 11,1,15,,38755,5,0,9 11,1,15,,38756,5,0,9 11,1,55,,38757,5,0,9 11,1,15,,38758,5,0,9 11,1,15,,38759,5,0,9 11,1,15,,38760,5,0,9 11,1,55,,38761,5,0,9 11,1,15,,38762,5,0,9 11,1,15,,38763,5,0,9 11,1,15,,38764,5,0,9 11,1,55,,38765,5,0,9 11,1,15,,38766,5,0,9 11,1,15,,38767,5,0,9 11,1,15,,38768,5,0,9 11,1,55,,38769,5,0,9 11,1,15,,38770,5,0,9 11,1,15,,38771,5,0,9 11,1,15,,38772,5,0,9 11,1,55,,38773,5,0,9 11,1,15,,38774,5,0,9 11,1,15,,38775,5,0,9 11,1,15,,38776,5,0,9 11,1,55,,38777,5,0,9 11,1,15,,38778,5,0,9 11,1,15,,38779,5,0,9 11,1,15,,38780,5,0,9 11,1,55,,38781,5,0,9 11,1,15,,38782,5,0,9 11,1,15,,38783,5,0,9 11,1,15,,38784,5,0,9 11,1,55,,38785,5,0,9 11,1,15,,38786,5,0,9 11,1,15,,38787,5,0,9 11,1,15,,38788,5,0,9 11,1,55,,38789,5,0,9 11,1,15,,38790,5,0,9 11,1,15,,38791,5,0,9 11,1,15,,38792,5,0,9 11,1,55,,38793,5,0,9 11,1,15,,38794,5,0,9 11,1,15,,38795,5,0,9 11,1,15,,38796,5,0,9 11,1,55,,38797,5,0,9 11,1,15,,38798,5,0,9 11,1,15,,38799,5,0,9 11,1,15,,38800,5,0,9 11,1,55,,38801,5,0,9 11,1,15,,38802,5,0,9 11,1,15,,38803,5,0,9 11,1,15,,38804,5,0,9 11,1,55,,38805,5,0,9 11,1,15,,38806,5,0,9 11,1,15,,38807,5,0,9 11,1,15,,38808,5,0,9 11,1,55,,38809,5,0,9 11,1,15,,38810,5,0,9 11,1,15,,38811,5,0,9 11,1,15,,38812,5,0,9 11,1,55,,38813,5,0,9 11,1,15,,38814,5,0,9 11,1,15,,38815,5,0,9 11,1,15,,38816,5,0,9 11,1,55,,38817,5,0,9 11,1,15,,38818,5,0,9 11,1,15,,38819,5,0,9 11,1,15,,38820,5,0,9 11,1,55,,38821,5,0,9 11,1
18002201,'022R-Saturday-4-26-09',613,,38856,5,0,9 11,1,15,,38857,5,0,9 11,1,15,,38858,5,0,9 11,1,15,,38859,5,0,9 11,1,55,,38860,5,0,9 11,1,15,,38861,5,0,9 11,1,15,,38862,5,0,9 11,1,15,,38863,5,0,9 11,1,55,,38864,5,0,9 11,1,15,,38865,5,0,9 11,1,15,,38866,5,0,9 11,1,15,,38867,5,0,9 11,1,55,,38868,5,0,9 11,1,15,,38869,5,0,9 11,1,15,,38870,5,0,9 11,1,15,,38871,5,0,9 11,1,55,,38872,5,0,9 11,1,15,,38873,5,0,9 11,1,15,,38874,5,0,9 11,1,15,,38875,5,0,9 11,1,55,,38876,5,0,9 11,1,15,,38877,5,0,9 11,1,15,,38878,5,0,9 11,1,15,,38879,5,0,9 11,1,55,,38880,5,0,9 11,1,15,,38881,5,0,9 11,1,15,,38882,5,0,9 11,1,15,,38883,5,0,9 11,1,55,,38884,5,0,9 11,1,15,,38885,5,0,9 11,1,15,,38886,5,0,9 11,1,15,,38887,5,0,9 11,1,55,,38888,5,0,9 11,1,15,,38889,5,0,9 11,1,15,,38890,5,0,9 11,1,15,,38891,5,0,9 11,1,55,,38892,5,0,9 11,1,15,,38893,5,0,9 11,1,15,,38894,5,0,9 11,1,15,,38895,5,0,9 11,1,50,,38898,5,0,12 13,1,15,,38897,5,0,12 13,1,15,,38896,5,0,12 13,1,12,,38822,5,0,12 13,1,55,,38823,5,0,12 13,1,15,,38824,5,0,12 13,1,15,,38825,5,0,12 13,1,15,,38826,5,0,12 13,1,55,,38827,5,0,12 13,1,15,,38828,5,0,12 13,1,15,,38829,5,0,12 13,1,15,,38830,5,0,12 13,1,55,,38831,5,0,12 13,1,15,,38832,5,0,12 13,1,15,,38833,5,0,12 13,1,15,,38834,5,0,12 13,1,55,,38835,5,0,12 13,1,15,,38836,5,0,12 13,1,15,,38837,5,0,12 13,1,15,,38838,5,0,12 13,1,55,,38839,5,0,12 13,1,15,,38840,5,0,12 13,1,15,,38841,5,0,12 13,1,15,,38842,5,0,12 13,1,55,,38843,5,0,12 13,1,15,,38844,5,0,12 13,1,15,,38845,5,0,12 13,1,15,,38846,5,0,12 13,1,55,,38847,5,0,12 13,1,15,,38848,5,0,12 13,1,15,,38849,5,0,12 13,1,15,,38850,5,0,12 13,1,55,,38851,5,0,12 13,1,15,,38852,5,0,12 13,1,15,,38853,5,0,12 13,1,15,,38854,5,0,12 13,1,55,,38855,5,0,12 13,1
18002201,'022R-Sunday-1-26-09',620,,34145,5,0,12 13,1,15,,34146,5,0,12 13,1,15,,34147,5,0,12 13,1,55,,34148,5,0,12 13,1,15,,34149,5,0,12 13,1,15,,34150,5,0,12 13,1,15,,34151,5,0,12 13,1,55,,34152,5,0,12 13,1,15,,34153,5,0,12 13,1,15,,34154,5,0,12 13,1,15,,34155,5,0,12 13,1,55,,34156,5,0,12 13,1,15,,34157,5,0,12 13,1,15,,34158,5,0,12 13,1,15,,34159,5,0,12 13,1,55,,34160,5,0,12 13,1,15,,34161,5,0,12 13,1,15,,34162,5,0,12 13,1,15,,34163,5,0,12 13,1,55,,34164,5,0,12 13,1,15,,34165,5,0,12 13,1,15,,34166,5,0,12 13,1,15,,34167,5,0,12 13,1,55,,34168,5,0,12 13,1,15,,34169,5,0,12 13,1,15,,34170,5,0,12 13,1,15,,34171,5,0,12 13,1,55,,34172,5,0,12 13,1,15,,34173,5,0,12 13,1,15,,34174,5,0,12 13,1,15,,34175,5,0,12 13,1,55,,34176,5,0,12 13,1,15,,34177,5,0,12 13,1,15,,34178,5,0,12 13,1,15,,34179,5,0,12 13,1,55,,34180,5,0,12 13,1,15,,34181,5,0,12 13,1,15,,34182,5,0,12 13,1,15,,34183,5,0,12 13,1,55,,34184,5,0,12 13,1,15,,34185,5,0,12 13,1,15,,34186,5,0,12 13,1,15,,34187,5,0,12 13,1,55,,34188,5,0,12 13,1,15,,34189,5,0,12 13,1,15,,34190,5,0,12 13,1,15,,34191,5,0,12 13,1,55,,34192,5,0,12 13,1,15,,34193,5,0,12 13,1,15,,34194,5,0,12 13,1,15,,34195,5,0,12 13,1,55,,34196,5,0,12 13,1,15,,34197,5,0,12 13,1,15,,34198,5,0,12 13,1,15,,34199,5,0,12 13,1,55,,34200,5,0,12 13,1,15,,34201,5,0,12 13,1,15,,34202,5,0,12 13,1,15,,34203,5,0,12 13,1,55,,34204,5,0,12 13,1,15,,34205,5,0,12 13,1,15,,34206,5,0,12 13,1,15,,34207,5,0,12 13,1,55,,34208,5,0,12 13,1,15,,34209,5,0,12 13,1,15,,34210,5,0,12 13,1,15,,34211,5,0,12 13,1,55,,34212,5,0,12 13,1,15,,34213,5,0,12 13,1,15,,34214,5,0,12 13,1,15,,34215,5,0,12 13,1,55,,34216,5,0,12 13,1
18002201,'022R-Sunday-2-26-09',553,,38901,2,,,1,55,,38900,2,,,1,15,,38903,5,,,1,15,,38904,5,,,1,15,,38905,5,,,1,55,,38906,5,,,1,15,,38907,5,,,1,15,,38908,5,,,1,15,,38909,5,,,1,55,,38910,5,,,1,15,,38911,5,,,1,15,,38912,5,,,1,15,,38913,5,,,1,55,,38914,5,,,1,15,,38915,5,,,1,15,,38916,5,,,1,15,,38917,5,,,1,55,,38918,5,,,1,15,,38919,5,,,1,15,,38920,5,,,1,15,,38921,5,,,1,55,,38922,5,,,1,15,,38923,5,,,1,15,,38924,5,,,1,15,,38925,5,,,1,55,,38926,5,,,1,15,,38927,5,,,1,15,,38928,5,,,1,15,,38929,5,,,1,55,,38930,5,,,1,15,,38931,5,,,1,15,,38932,5,,,1,15,,38933,5,,,1,55,,38934,5,,,1,15,,38935,5,,,1,15,,38936,5,,,1,15,,38937,5,,,1,55,,38938,5,,,1,15,,38939,5,,,1,15,,38940,5,,,1,15,,38941,5,,,1,55,,38942,5,,,1,15,,38943,5,,,1,15,,38944,5,,,1,15,,38945,5,,,1,55,,38946,5,,,1,15,,38947,5,,,1,15,,38948,5,,,1,15,,38949,5,,,1,55,,38950,5,,,1,15,,38951,5,,,1,15,,38952,5,,,1,15,,38953,5,,,1,55,,38954,5,,,1,15,,38955,5,,,1,15,,38956,5,,,1,15,,38957,5,,,1,55,,38958,5,,,1,15,,38959,5,,,1,15,,38960,5,,,1,15,,38961,5,,,1,55,,38962,5,,,1,15,,38963,5,,,1,15,,38964,5,,,1,15,,38965,5,,,1,55,,38966,5,,,1,15,,38967,5,,,1,15,,38968,5,,,1,15,,38969,5,,,1,55,,38970,5,,,1,15,,38971,5,,,1,15,,38902,5,,,1,15,,38899,5,,,1
18002201,'022R-Sunday-3-26-09',630,,38972,5,0,9 11,1,15,,38973,5,0,9 11,1,55,,38974,5,0,9 11,1,15,,38975,5,0,9 11,1,15,,38976,5,0,9 11,1,15,,38977,5,0,9 11,1,55,,38978,5,0,9 11,1,15,,38979,5,0,9 11,1,15,,38980,5,0,9 11,1,15,,38981,5,0,9 11,1,55,,38982,5,0,9 11,1,15,,38983,5,0,9 11,1,15,,38984,5,0,9 11,1,15,,38985,5,0,9 11,1,55,,38986,5,0,9 11,1,15,,38987,5,0,9 11,1,15,,38988,5,0,9 11,1,15,,38989,5,0,9 11,1,55,,38990,5,0,9 11,1,15,,38991,5,0,9 11,1,15,,38992,5,0,9 11,1,15,,38993,5,0,9 11,1,55,,38994,5,0,9 11,1,15,,38995,5,0,9 11,1,15,,38996,5,0,9 11,1,15,,38997,5,0,9 11,1,55,,38998,5,0,9 11,1,15,,38999,5,0,9 11,1,15,,39000,5,0,9 11,1,15,,39001,5,0,9 11,1,55,,39002,5,0,9 11,1,15,,39003,5,0,9 11,1,15,,39004,5,0,9 11,1,15,,39005,5,0,9 11,1,55,,39006,5,0,9 11,1,15,,39007,5,0,9 11,1,15,,39008,5,0,9 11,1,15,,39009,5,0,9 11,1,55,,39010,5,0,9 11,1,15,,39011,5,0,9 11,1,15,,39012,5,0,9 11,1,15,,39013,5,0,9 11,1,55,,39014,5,0,9 11,1,15,,39015,5,0,9 11,1,15,,39016,5,0,9 11,1,15,,39017,5,0,9 11,1,55,,39018,5,0,9 11,1,15,,39019,5,0,9 11,1,15,,39020,5,0,9 11,1,15,,39021,5,0,9 11,1,55,,39022,5,0,9 11,1,15,,39023,5,0,9 11,1,15,,39024,5,0,9 11,1,15,,39025,5,0,9 11,1,55,,39026,5,0,9 11,1,15,,39027,5,0,9 11,1,15,,39028,5,0,9 11,1,15,,39029,5,0,9 11,1,55,,39030,5,0,9 11,1,15,,39031,5,0,9 11,1,15,,39032,5,0,9 11,1,15,,39033,5,0,9 11,1,55,,39034,5,0,9 11,1,15,,39035,5,0,9 11,1,15,,39036,5,0,9 11,1,15,,39037,5,0,9 11,1,55,,39038,5,0,9 11,1,15,,39039,5,0,9 11,1,15,,39040,5,0,9 11,1,15,,39041,5,0,9 11,1,55,,39042,5,0,9 11,1,15,,39043,5,0,9 11,1
18002201,'022R-Sunday-5-26-09',630,,39044,5,0,9 11,1,15,,39045,5,0,9 11,1,55,,39046,5,0,9 11,1,15,,39047,5,0,9 11,1,15,,39048,5,0,9 11,1,15,,39049,5,0,9 11,1,55,,39050,5,0,9 11,1,15,,39051,5,0,9 11,1,15,,39052,5,0,9 11,1,15,,39053,5,0,9 11,1,55,,39054,5,0,9 11,1,15,,39055,5,0,9 11,1,15,,39056,5,0,9 11,1,15,,39057,5,0,9 11,1,55,,39058,5,0,9 11,1,15,,39059,5,0,9 11,1,15,,39060,5,0,9 11,1,15,,39061,5,0,9 11,1,55,,39062,5,0,9 11,1,15,,39063,5,0,9 11,1,15,,39064,5,0,9 11,1,15,,39065,5,0,9 11,1,55,,39066,5,0,9 11,1,15,,39067,5,0,9 11,1,15,,39068,5,0,9 11,1,15,,39069,5,0,9 11,1,55,,39070,5,0,9 11,1,15,,39071,5,0,9 11,1,15,,39072,5,0,9 11,1,15,,39073,5,0,9 11,1,55,,39074,5,0,9 11,1,15,,39075,5,0,9 11,1,15,,39076,5,0,9 11,1,15,,39077,5,0,9 11,1,55,,39078,5,0,9 11,1,15,,39079,5,0,9 11,1,15,,39080,5,0,9 11,1,15,,39081,5,0,9 11,1,55,,39082,5,0,9 11,1,15,,39083,5,0,9 11,1,15,,39084,5,0,9 11,1,15,,39085,5,0,9 11,1,55,,39086,5,0,9 11,1,15,,39087,5,0,9 11,1,15,,39088,5,0,9 11,1,15,,39089,5,0,9 11,1,55,,39090,5,0,9 11,1,15,,39091,5,0,9 11,1,15,,39092,5,0,9 11,1,15,,39093,5,0,9 11,1,55,,39094,5,0,9 11,1,15,,39095,5,0,9 11,1,15,,39096,5,0,9 11,1,15,,39097,5,0,9 11,1,55,,39098,5,0,9 11,1,15,,39099,5,0,9 11,1,15,,39100,5,0,9 11,1,15,,39101,5,0,9 11,1,55,,39102,5,0,9 11,1,15,,39103,5,0,9 11,1,15,,39104,5,0,9 11,1,15,,39105,5,0,9 11,1,55,,39106,5,0,9 11,1,15,,39107,5,0,9 11,1,15,,39108,5,0,9 11,1,15,,39109,5,0,9 11,1,55,,39110,5,0,9 11,1,15,,39111,5,0,9 11,1,15,,39112,5,0,9 11,1,15,,39113,5,0,9 11,1,55,,39114,5,0,9 11,1,15,,39115,5,0,9 11,1
18002201,'022R-Sunday-6-26-09',623,,39140,5,0,9 11,1,15,,39141,5,0,9 11,1,15,,39142,5,0,9 11,1,55,,39143,5,0,9 11,1,15,,39144,5,0,9 11,1,15,,39145,5,0,9 11,1,15,,39146,5,0,9 11,1,55,,39147,5,0,9 11,1,15,,39148,5,0,9 11,1,15,,39149,5,0,9 11,1,15,,39150,5,0,9 11,1,55,,39151,5,0,9 11,1,15,,39152,5,0,9 11,1,15,,39153,5,0,9 11,1,15,,39154,5,0,9 11,1,55,,39155,5,0,9 11,1,15,,39156,5,0,9 11,1,15,,39157,5,0,9 11,1,15,,39158,5,0,9 11,1,55,,39159,5,0,9 11,1,15,,39160,5,0,9 11,1,15,,39161,5,0,9 11,1,15,,39162,5,0,9 11,1,55,,39163,5,0,9 11,1,15,,39164,5,0,9 11,1,15,,39165,5,0,9 11,1,15,,39166,5,0,9 11,1,55,,39167,5,0,9 11,1,15,,39168,5,0,9 11,1,15,,39169,5,0,9 11,1,15,,39170,5,0,9 11,1,55,,39171,5,0,9 11,1,15,,39172,5,0,9 11,1,15,,39173,5,0,9 11,1,15,,39174,5,0,9 11,1,55,,39175,5,0,9 11,1,15,,39176,5,0,9 11,1,15,,39177,5,0,9 11,1,15,,39178,5,0,9 11,1,55,,39179,5,0,9 11,1,15,,39180,5,0,9 11,1,15,,39181,5,0,9 11,1,15,,39182,5,0,9 11,1,55,,39183,5,0,9 11,1,15,,39184,5,0,9 11,1,15,,39185,5,0,9 11,1,15,,39186,5,0,9 11,1,55,,39187,5,0,9 11,1,12,,39116,5,0,12 13,1,15,,39117,5,0,12 13,1,15,,39118,5,0,12 13,1,55,,39119,5,0,12 13,1,15,,39120,5,0,12 13,1,15,,39121,5,0,12 13,1,15,,39122,5,0,12 13,1,55,,39123,5,0,12 13,1,15,,39124,5,0,12 13,1,15,,39125,5,0,12 13,1,15,,39126,5,0,12 13,1,55,,39127,5,0,12 13,1,15,,39128,5,0,12 13,1,15,,39129,5,0,12 13,1,15,,39130,5,0,12 13,1,55,,39131,5,0,12 13,1,15,,39132,5,0,12 13,1,15,,39133,5,0,12 13,1,15,,39134,5,0,12 13,1,55,,39135,5,0,12 13,1,15,,39136,5,0,12 13,1,15,,39137,5,0,12 13,1,15,,39138,5,0,12 13,1,55,,39139,5,0,12 13,1
