18002301,'20260719-Sunday-1-26-06',515,,29874,1,,,1,15,,29890,1,,,1,15,,29828,1,,,1,55,,29844,1,,,1,15,,29859,1,,,1,15,,29875,1,,,1,15,,29891,1,,,1,55,,29829,1,,,1,15,,29845,1,,,1,15,,29860,1,,,1,15,,29876,1,,,1,55,,29892,1,,,1,15,,29830,1,,,1,15,,29846,1,,,1,15,,29861,1,,,1,55,,29877,1,,,1,15,,29893,1,,,1,15,,29831,1,,,1,15,,29847,1,,,1,55,,29862,1,,,1,15,,29878,1,,,1,15,,29894,1,,,1,15,,29832,1,,,1,55,,29848,1,,,1,15,,29863,1,,,1,15,,29879,1,,,1,15,,29895,1,,,1,55,,29833,1,,,1,15,,29849,1,,,1,15,,29864,1,,,1,15,,29880,1,,,1,55,,29896,1,,,1,15,,29834,1,,,1,15,,29850,1,,,1,15,,29865,1,,,1,55,,29881,1,,,1,15,,29897,1,,,1,15,,29835,1,,,1,15,,29851,1,,,1,55,,29866,1,,,1,15,,29882,1,,,1,15,,29898,1,,,1,15,,29836,1,,,1,55,,29852,1,,,1,15,,29867,1,,,1,15,,29883,1,,,1,15,,29899,1,,,1,55,,29837,1,,,1,15,,29853,1,,,1,15,,29868,1,,,1,15,,29884,1,,,1,55,,29900,1,,,1,15,,29838,1,,,1,15,,29854,1,,,1,15,,29869,1,,,1,55,,29885,1,,,1,15,,29901,1,,,1,15,,29839,1,,,1,15,,29855,1,,,1,55,,29870,1,,,1,15,,29886,1,,,1,15,,29902,1,,,1,15,,29840,1,,,1,55,,29856,1,,,1,15,,29871,1,,,1,15,,29887,1,,,1,15,,29903,1,,,1,55,,29841,1,,,1,15,,29857,1,,,1,15,,29872,1,,,1,15,,29888,1,,,1,55,,29904,1,,,1,15,,29842,1,,,1,15,,29858,1,,,1,15,,29873,1,,,1,55,,29889,1,,,1,15,,29905,1,,,1,15,,29843,1,,,1
18002301,'20260719-Sunday-42-26-06',515,,29952,1,,,1,15,,29968,1,,,1,15,,29906,1,,,1,55,,29922,1,,,1,15,,29937,1,,,1,15,,29953,1,,,1,15,,29969,1,,,1,55,,29907,1,,,1,15,,29923,1,,,1,15,,29938,1,,,1,15,,29954,1,,,1,55,,29970,1,,,1,15,,29908,1,,,1,15,,29924,1,,,1,15,,29939,1,,,1,55,,29955,1,,,1,15,,29971,1,,,1,15,,29909,1,,,1,15,,29925,1,,,1,55,,29940,1,,,1,15,,29956,1,,,1,15,,29972,1,,,1,15,,29910,1,,,1,55,,29926,1,,,1,15,,29941,1,,,1,15,,29957,1,,,1,15,,29973,1,,,1,55,,29911,1,,,1,15,,29927,1,,,1,15,,29942,1,,,1,15,,29958,1,,,1,55,,29974,1,,,1,15,,29912,1,,,1,15,,29928,1,,,1,15,,29943,1,,,1,55,,29959,1,,,1,15,,29975,1,,,1,15,,29913,1,,,1,15,,29929,1,,,1,55,,29944,1,,,1,15,,29960,1,,,1,15,,29976,1,,,1,15,,29914,1,,,1,55,,29930,1,,,1,15,,29945,1,,,1,15,,29961,1,,,1,15,,29977,1,,,1,55,,29915,1,,,1,15,,29931,1,,,1,15,,29946,1,,,1,15,,29962,1,,,1,55,,29978,1,,,1,15,,29916,1,,,1,15,,29932,1,,,1,15,,29947,1,,,1,55,,29963,1,,,1,15,,29979,1,,,1,15,,29917,1,,,1,15,,29933,1,,,1,55,,29948,1,,,1,15,,29964,1,,,1,15,,29980,1,,,1,15,,29918,1,,,1,55,,29934,1,,,1,15,,29949,1,,,1,15,,29965,1,,,1,15,,29981,1,,,1,55,,29919,1,,,1,15,,29935,1,,,1,15,,29950,1,,,1,15,,29966,1,,,1,55,,29982,1,,,1,15,,29920,1,,,1,15,,29936,1,,,1,15,,29951,1,,,1,55,,29967,1,,,1,15,,29983,1,,,1,15,,29921,1,,,1
18002301,'20260719-Sunday-44-26-06',515,,32077,1,,,1,15,,32093,1,,,1,15,,32031,1,,,1,55,,32047,1,,,1,15,,32062,1,,,1,15,,32078,1,,,1,15,,32094,1,,,1,55,,32032,1,,,1,15,,32048,1,,,1,15,,32063,1,,,1,15,,32079,1,,,1,55,,32095,1,,,1,15,,32033,1,,,1,15,,32049,1,,,1,15,,32064,1,,,1,55,,32080,1,,,1,15,,32096,1,,,1,15,,32034,1,,,1,15,,32050,1,,,1,55,,32065,1,,,1,15,,32081,1,,,1,15,,32097,1,,,1,15,,32035,1,,,1,55,,32051,1,,,1,15,,32066,1,,,1,15,,32082,1,,,1,15,,32098,1,,,1,55,,32036,1,,,1,15,,32052,1,,,1,15,,32067,1,,,1,15,,32083,1,,,1,55,,32099,1,,,1,15,,32037,1,,,1,15,,32053,1,,,1,15,,32068,1,,,1,55,,32084,1,,,1,15,,32100,1,,,1,15,,32038,1,,,1,15,,32054,1,,,1,55,,32069,1,,,1,15,,32085,1,,,1,15,,32101,1,,,1,15,,32039,1,,,1,55,,32055,1,,,1,15,,32070,1,,,1,15,,32086,1,,,1,15,,32102,1,,,1,55,,32040,1,,,1,15,,32056,1,,,1,15,,32071,1,,,1,15,,32087,1,,,1,55,,32103,1,,,1,15,,32041,1,,,1,15,,32057,1,,,1,15,,32072,1,,,1,55,,32088,1,,,1,15,,32104,1,,,1,15,,32042,1,,,1,15,,32058,1,,,1,55,,32073,1,,,1,15,,32089,1,,,1,15,,32105,1,,,1,15,,32043,1,,,1,55,,32059,1,,,1,15,,32074,1,,,1,15,,32090,1,,,1,15,,32106,1,,,1,55,,32044,1,,,1,15,,32060,1,,,1,15,,32075,1,,,1,15,,32091,1,,,1,55,,32107,1,,,1,15,,32045,1,,,1,15,,32061,1,,,1,15,,32076,1,,,1,55,,32092,1,,,1,15,,32108,1,,,1,15,,32046,1,,,1
18002301,'20260720-Weekday-1-26-06',515,,30108,1,,,1,10,,30126,1,,,1,10,,30062,1,,,1,10,,30085,1,,,1,10,,30074,1,,,1,45,,30201,1,,,1,5,,30097,1,,,1,5,,30185,1,,,1,5,,30141,1,,,1,5,,30218,1,,,1,5,,30109,1,,,1,5,,30127,1,,,1,5,,30158,1,,,1,5,,30063,1,,,1,5,,30169,1,,,1,5,,30086,1,,,1,5,,30177,1,,,1,45,,30075,1,,,1,5,,30202,1,,,1,5,,30098,1,,,1,5,,30186,1,,,1,5,,30142,1,,,1,5,,30219,1,,,1,5,,30110,1,,,1,5,,30128,1,,,1,5,,30159,1,,,1,5,,30064,1,,,1,5,,30170,1,,,1,5,,30087,1,,,1,45,,30178,1,,,1,5,,30076,1,,,1,5,,30203,1,,,1,5,,30099,1,,,1,5,,30187,1,,,1,5,,30143,1,,,1,5,,30220,1,,,1,5,,30111,1,,,1,5,,30129,1,,,1,5,,30160,1,,,1,5,,30065,1,,,1,5,,30171,1,,,1,45,,30088,1,,,1,5,,30179,1,,,1,5,,30077,1,,,1,5,,30204,1,,,1,5,,30100,1,,,1,5,,30188,1,,,1,5,,30144,1,,,1,5,,30221,1,,,1,5,,30112,1,,,1,5,,30130,1,,,1,5,,30161,1,,,1,5,,30066,1,,,1,45,,30172,1,,,1,10,,30089,1,,,1,10,,30205,1,,,1,10,,30189,1,,,1,10,,30145,1,,,1,10,,30113,1,,,1,50,,30162,1,,,1,10,,30067,1,,,1,10,,30090,1,,,1,10,,30206,1,,,1,10,,30190,1,,,1,10,,30146,1,,,1,50,,30114,1,,,1,10,,30163,1,,,1,10,,30068,1,,,1,10,,30091,1,,,1,10,,30207,1,,,1,10,,30191,1,,,1,50,,30147,1,,,1,10,,30115,1,,,1,10,,30164,1,,,1,10,,30069,1,,,1,10,,30092,1,,,1,10,,30208,1,,,1,50,,30180,1,,,1,5,,30078,1,,,1,5,,30148,1,,,1,5,,30222,1,,,1,5,,30116,1,,,1,5,,30131,1,,,1,5,,30165,1,,,1,5,,30192,1,,,1,5,,30173,1,,,1,5,,30070,1,,,1,5,,30101,1,,,1,5,,30093,1,,,1,45,,30209,1,,,1,5,,30181,1,,,1,5,,30079,1,,,1,5,,30149,1,,,1,5,,30223,1,,,1,5,,30117,1,,,1,5,,30132,1,,,1,5,,30166,1,,,1,5,,30193,1,,,1,5,,30174,1,,,1,5,,30071,1,,,1,5,,30102,1,,,1,45,,30094,1,,,1,5,,30210,1,,,1,5,,30182,1,,,1,5,,30080,1,,,1,5,,30150,1,,,1,5,,30224,1,,,1,5,,30118,1,,,1,5,,30133,1,,,1,5,,30167,1,,,1,5,,30194,1,,,1,5,,30175,1,,,1,5,,30072,1,,,1,45,,30103,1,,,1,5,,30095,1,,,1,5,,30211,1,,,1,5,,30183,1,,,1,5,,30081,1,,,1,5,,30151,1,,,1,5,,30225,1,,,1,5,,30119,1,,,1,5,,30134,1,,,1,5,,30168,1,,,1,5,,30195,1,,,1,5,,30176,1,,,1,45,,30073,1,,,1,5,,30104,1,,,1,5,,30096,1,,,1,5,,30212,1,,,1,5,,30184,1,,,1,5,,30082,1,,,1,10,,30152,1,,,1,10,,30120,1,,,1,10,,30135,1,,,1,50,,30196,1,,,1,10,,30105,1,,,1,10,,30213,1,,,1,10,,30083,1,,,1,10,,30153,1,,,1,10,,30121,1,,,1,50,,30136,1,,,1,10,,30197,1,,,1,10,,30106,1,,,1,10,,30214,1,,,1,10,,30084,1,,,1,10,,30154,1,,,1,50,,30122,1,,,1,10,,30137,1,,,1,10,,30198,1,,,1,10,,30107,1,,,1,15,,30215,1,,,1,55,,30155,1,,,1,15,,30123,1,,,1,15,,30138,1,,,1,15,,30199,1,,,1,55,,30216,1,,,1,15,,30156,1,,,1,15,,30124,1,,,1,15,,30139,1,,,1,55,,30200,1,,,1,15,,30217,1,,,1,15,,30157,1,,,1,15,,30125,1,,,1,55,,30140,1,,,1
18002301,'20260801-Saturday-1-26-06',515,,30287,1,,,1,10,,30304,1,,,1,10,,30321,1,,,1,10,,30226,1,,,1,10,,30243,1,,,1,50,,30260,1,,,1,10,,30271,1,,,1,10,,30288,1,,,1,10,,30305,1,,,1,10,,30322,1,,,1,10,,30227,1,,,1,50,,30244,1,,,1,10,,30261,1,,,1,10,,30272,1,,,1,10,,30289,1,,,1,10,,30306,1,,,1,10,,30323,1,,,1,50,,30228,1,,,1,10,,30245,1,,,1,10,,30262,1,,,1,10,,30273,1,,,1,10,,30290,1,,,1,10,,30307,1,,,1,50,,30324,1,,,1,10,,30229,1,,,1,10,,30246,1,,,1,10,,30263,1,,,1,10,,30274,1,,,1,10,,30291,1,,,1,50,,30308,1,,,1,10,,30325,1,,,1,10,,30230,1,,,1,10,,30247,1,,,1,10,,30264,1,,,1,10,,30275,1,,,1,50,,30292,1,,,1,10,,30309,1,,,1,10,,30326,1,,,1,10,,30231,1,,,1,10,,30248,1,,,1,10,,30265,1,,,1,50,,30276,1,,,1,10,,30293,1,,,1,10,,30310,1,,,1,10,,30327,1,,,1,10,,30232,1,,,1,10,,30249,1,,,1,50,,30266,1,,,1,10,,30277,1,,,1,10,,30294,1,,,1,10,,30311,1,,,1,10,,30328,1,,,1,10,,30233,1,,,1,50,,30250,1,,,1,10,,30267,1,,,1,10,,30278,1,,,1,10,,30295,1,,,1,10,,30312,1,,,1,10,,30329,1,,,1,50,,30234,1,,,1,10,,30251,1,,,1,10,,30268,1,,,1,10,,30279,1,,,1,10,,30296,1,,,1,10,,30313,1,,,1,50,,30330,1,,,1,10,,30235,1,,,1,10,,30252,1,,,1,10,,30269,1,,,1,10,,30280,1,,,1,10,,30297,1,,,1,50,,30314,1,,,1,10,,30331,1,,,1,10,,30236,1,,,1,10,,30253,1,,,1,10,,30270,1,,,1,10,,30281,1,,,1,50,,30298,1,,,1,10,,30315,1,,,1,10,,30332,1,,,1,10,,30237,1,,,1,15,,30254,1,,,1,55,,30282,1,,,1,15,,30299,1,,,1,15,,30316,1,,,1,15,,30238,1,,,1,55,,30255,1,,,1,15,,30283,1,,,1,15,,30300,1,,,1,15,,30317,1,,,1,55,,30239,1,,,1,15,,30256,1,,,1,15,,30284,1,,,1,15,,30301,1,,,1,55,,30318,1,,,1,15,,30240,1,,,1,15,,30257,1,,,1,15,,30285,1,,,1,55,,30302,1,,,1,15,,30319,1,,,1,15,,30241,1,,,1,15,,30258,1,,,1,55,,30286,1,,,1,15,,30303,1,,,1,15,,30320,1,,,1,15,,30242,1,,,1,55,,30259,1,,,1
18002301,'20260801-Saturday-43-26-06',515,,30394,1,,,1,10,,30411,1,,,1,10,,30428,1,,,1,10,,30333,1,,,1,10,,30350,1,,,1,50,,30367,1,,,1,10,,30378,1,,,1,10,,30395,1,,,1,10,,30412,1,,,1,10,,30429,1,,,1,10,,30334,1,,,1,50,,30351,1,,,1,10,,30368,1,,,1,10,,30379,1,,,1,10,,30396,1,,,1,10,,30413,1,,,1,10,,30430,1,,,1,50,,30335,1,,,1,10,,30352,1,,,1,10,,30369,1,,,1,10,,30380,1,,,1,10,,30397,1,,,1,10,,30414,1,,,1,50,,30431,1,,,1,10,,30336,1,,,1,10,,30353,1,,,1,10,,30370,1,,,1,10,,30381,1,,,1,10,,30398,1,,,1,50,,30415,1,,,1,10,,30432,1,,,1,10,,30337,1,,,1,10,,30354,1,,,1,10,,30371,1,,,1,10,,30382,1,,,1,50,,30399,1,,,1,10,,30416,1,,,1,10,,30433,1,,,1,10,,30338,1,,,1,10,,30355,1,,,1,10,,30372,1,,,1,50,,30383,1,,,1,10,,30400,1,,,1,10,,30417,1,,,1,10,,30434,1,,,1,10,,30339,1,,,1,10,,30356,1,,,1,50,,30373,1,,,1,10,,30384,1,,,1,10,,30401,1,,,1,10,,30418,1,,,1,10,,30435,1,,,1,10,,30340,1,,,1,50,,30357,1,,,1,10,,30374,1,,,1,10,,30385,1,,,1,10,,30402,1,,,1,10,,30419,1,,,1,10,,30436,1,,,1,50,,30341,1,,,1,10,,30358,1,,,1,10,,30375,1,,,1,10,,30386,1,,,1,10,,30403,1,,,1,10,,30420,1,,,1,50,,30437,1,,,1,10,,30342,1,,,1,10,,30359,1,,,1,10,,30376,1,,,1,10,,30387,1,,,1,10,,30404,1,,,1,50,,30421,1,,,1,10,,30438,1,,,1,10,,30343,1,,,1,10,,30360,1,,,1,10,,30377,1,,,1,10,,30388,1,,,1,50,,30405,1,,,1,10,,30422,1,,,1,10,,30439,1,,,1,10,,30344,1,,,1,15,,30361,1,,,1,55,,30389,1,,,1,15,,30406,1,,,1,15,,30423,1,,,1,15,,30345,1,,,1,55,,30362,1,,,1,15,,30390,1,,,1,15,,30407,1,,,1,15,,30424,1,,,1,55,,30346,1,,,1,15,,30363,1,,,1,15,,30391,1,,,1,15,,30408,1,,,1,55,,30425,1,,,1,15,,30347,1,,,1,15,,30364,1,,,1,15,,30392,1,,,1,55,,30409,1,,,1,15,,30426,1,,,1,15,,30348,1,,,1,15,,30365,1,,,1,55,,30393,1,,,1,15,,30410,1,,,1,15,,30427,1,,,1,15,,30349,1,,,1,55,,30366,1,,,1
18002301,'20260806-Holiday1-2-26-06',515,,30492,1,,,1,10,,30510,1,,,1,10,,30440,1,,,1,10,,30466,1,,,1,10,,30452,1,,,1,45,,30586,1,,,1,5,,30478,1,,,1,5,,30569,1,,,1,5,,30525,1,,,1,5,,30603,1,,,1,5,,30493,1,,,1,5,,30511,1,,,1,5,,30542,1,,,1,5,,30441,1,,,1,5,,30553,1,,,1,5,,30467,1,,,1,5,,30561,1,,,1,45,,30453,1,,,1,5,,30587,1,,,1,5,,30479,1,,,1,5,,30570,1,,,1,5,,30526,1,,,1,5,,30604,1,,,1,5,,30494,1,,,1,5,,30512,1,,,1,5,,30543,1,,,1,5,,30442,1,,,1,5,,30554,1,,,1,5,,30468,1,,,1,45,,30562,1,,,1,5,,30454,1,,,1,5,,30588,1,,,1,5,,30480,1,,,1,5,,30571,1,,,1,5,,30527,1,,,1,5,,30605,1,,,1,5,,30495,1,,,1,5,,30513,1,,,1,5,,30544,1,,,1,5,,30443,1,,,1,5,,30555,1,,,1,45,,30469,1,,,1,5,,30563,1,,,1,5,,30455,1,,,1,5,,30589,1,,,1,5,,30481,1,,,1,5,,30572,1,,,1,5,,30528,1,,,1,5,,30606,1,,,1,5,,30496,1,,,1,5,,30514,1,,,1,5,,30545,1,,,1,5,,30444,1,,,1,45,,30556,1,,,1,10,,30470,1,,,1,10,,30590,1,,,1,10,,30573,1,,,1,10,,30529,1,,,1,10,,30497,1,,,1,50,,30546,1,,,1,10,,30445,1,,,1,10,,30471,1,,,1,10,,30591,1,,,1,10,,30574,1,,,1,10,,30530,1,,,1,50,,30498,1,,,1,10,,30547,1,,,1,10,,30446,1,,,1,10,,30472,1,,,1,10,,30592,1,,,1,10,,30575,1,,,1,50,,30531,1,,,1,10,,30499,1,,,1,10,,30548,1,,,1,10,,30447,1,,,1,10,,30473,1,,,1,10,,30593,1,,,1,50,,30564,1,,,1,5,,30456,1,,,1,5,,30532,1,,,1,5,,30607,1,,,1,5,,30500,1,,,1,5,,30515,1,,,1,5,,30549,1,,,1,5,,30576,1,,,1,5,,30557,1,,,1,5,,30448,1,,,1,5,,30482,1,,,1,5,,30474,1,,,1,45,,30594,1,,,1,5,,30565,1,,,1,5,,30457,1,,,1,5,,30533,1,,,1,5,,30608,1,,,1,5,,30501,1,,,1,5,,30516,1,,,1,5,,30550,1,,,1,5,,30577,1,,,1,5,,30558,1,,,1,5,,30449,1,,,1,5,,30483,1,,,1,45,,30475,1,,,1,5,,30595,1,,,1,5,,30566,1,,,1,5,,30458,1,,,1,5,,30534,1,,,1,5,,30609,1,,,1,5,,30502,1,,,1,5,,30517,1,,,1,5,,30551,1,,,1,5,,30578,1,,,1,5,,30559,1,,,1,5,,30450,1,,,1,45,,30484,1,,,1,5,,30476,1,,,1,5,,30596,1,,,1,5,,30567,1,,,1,5,,30459,1,,,1,5,,30535,1,,,1,5,,30610,1,,,1,5,,30503,1,,,1,5,,30518,1,,,1,5,,30552,1,,,1,5,,30579,1,,,1,5,,30560,1,,,1,45,,30451,1,,,1,5,,30485,1,,,1,5,,30477,1,,,1,5,,30597,1,,,1,5,,30568,1,,,1,5,,30460,1,,,1,10,,30536,1,,,1,10,,30504,1,,,1,10,,30519,1,,,1,50,,30580,1,,,1,10,,30486,1,,,1,10,,30598,1,,,1,10,,30461,1,,,1,10,,30537,1,,,1,10,,30505,1,,,1,50,,30520,1,,,1,10,,30581,1,,,1,10,,30487,1,,,1,10,,30599,1,,,1,10,,30462,1,,,1,10,,30538,1,,,1,50,,30506,1,,,1,10,,30521,1,,,1,10,,30582,1,,,1,10,,30488,1,,,1,10,,30600,1,,,1,10,,30463,1,,,1,50,,30539,1,,,1,10,,30507,1,,,1,10,,30522,1,,,1,10,,30583,1,,,1,10,,30489,1,,,1,10,,30601,1,,,1,50,,30464,1,,,1,10,,30540,1,,,1,10,,30508,1,,,1,10,,30523,1,,,1,10,,30584,1,,,1,10,,30490,1,,,1,50,,30602,1,,,1,10,,30465,1,,,1,10,,30541,1,,,1,10,,30509,1,,,1,10,,30524,1,,,1,10,,30585,1,,,1,50,,30491,1,,,1
18002301,'20260808-Holiday2-2-26-06',515,,30679,1,,,1,10,,30697,1,,,1,10,,30714,1,,,1,10,,30611,1,,,1,10,,30628,1,,,1,50,,30645,1,,,1,10,,30662,1,,,1,10,,30680,1,,,1,10,,30698,1,,,1,10,,30715,1,,,1,10,,30612,1,,,1,50,,30629,1,,,1,10,,30646,1,,,1,10,,30663,1,,,1,10,,30681,1,,,1,10,,30699,1,,,1,10,,30716,1,,,1,50,,30613,1,,,1,10,,30630,1,,,1,10,,30647,1,,,1,10,,30664,1,,,1,10,,30682,1,,,1,10,,30700,1,,,1,50,,30717,1,,,1,10,,30614,1,,,1,10,,30631,1,,,1,10,,30648,1,,,1,10,,30665,1,,,1,10,,30683,1,,,1,50,,30701,1,,,1,10,,30718,1,,,1,10,,30615,1,,,1,10,,30632,1,,,1,10,,30649,1,,,1,10,,30666,1,,,1,50,,30684,1,,,1,10,,30702,1,,,1,10,,30719,1,,,1,10,,30616,1,,,1,10,,30633,1,,,1,10,,30650,1,,,1,50,,30667,1,,,1,10,,30685,1,,,1,10,,30703,1,,,1,10,,30720,1,,,1,10,,30617,1,,,1,10,,30634,1,,,1,50,,30651,1,,,1,10,,30668,1,,,1,10,,30686,1,,,1,10,,30704,1,,,1,10,,30721,1,,,1,10,,30618,1,,,1,50,,30635,1,,,1,10,,30652,1,,,1,10,,30669,1,,,1,10,,30687,1,,,1,10,,30705,1,,,1,10,,30722,1,,,1,50,,30619,1,,,1,10,,30636,1,,,1,10,,30653,1,,,1,10,,30670,1,,,1,10,,30688,1,,,1,10,,30706,1,,,1,50,,30723,1,,,1,10,,30620,1,,,1,10,,30637,1,,,1,10,,30654,1,,,1,10,,30671,1,,,1,10,,30689,1,,,1,50,,30707,1,,,1,10,,30724,1,,,1,10,,30621,1,,,1,10,,30638,1,,,1,10,,30655,1,,,1,10,,30672,1,,,1,50,,30690,1,,,1,10,,30708,1,,,1,10,,30725,1,,,1,10,,30622,1,,,1,10,,30639,1,,,1,10,,30656,1,,,1,50,,30673,1,,,1,10,,30691,1,,,1,10,,30709,1,,,1,10,,30726,1,,,1,10,,30623,1,,,1,10,,30640,1,,,1,50,,30657,1,,,1,10,,30674,1,,,1,10,,30692,1,,,1,10,,30710,1,,,1,10,,30727,1,,,1,10,,30624,1,,,1,50,,30641,1,,,1,10,,30658,1,,,1,10,,30675,1,,,1,10,,30693,1,,,1,10,,30711,1,,,1,10,,30728,1,,,1,50,,30625,1,,,1,10,,30642,1,,,1,10,,30659,1,,,1,10,,30676,1,,,1,10,,30694,1,,,1,10,,30712,1,,,1,50,,30729,1,,,1,10,,30626,1,,,1,10,,30643,1,,,1,10,,30660,1,,,1,10,,30677,1,,,1,10,,30695,1,,,1,50,,30713,1,,,1,10,,30730,1,,,1,10,,30627,1,,,1,10,,30644,1,,,1,10,,30661,1,,,1,10,,30678,1,,,1,50,,30696,1,,,1
18002301,'20260809-Holiday3-1-26-06',515,,30779,1,,,1,15,,30796,1,,,1,15,,30731,1,,,1,55,,30747,1,,,1,15,,30763,1,,,1,15,,30780,1,,,1,15,,30797,1,,,1,55,,30732,1,,,1,15,,30748,1,,,1,15,,30764,1,,,1,15,,30781,1,,,1,55,,30798,1,,,1,15,,30733,1,,,1,15,,30749,1,,,1,15,,30765,1,,,1,55,,30782,1,,,1,15,,30799,1,,,1,15,,30734,1,,,1,15,,30750,1,,,1,55,,30766,1,,,1,15,,30783,1,,,1,15,,30800,1,,,1,15,,30735,1,,,1,55,,30751,1,,,1,15,,30767,1,,,1,15,,30784,1,,,1,15,,30801,1,,,1,55,,30736,1,,,1,15,,30752,1,,,1,15,,30768,1,,,1,15,,30785,1,,,1,55,,30802,1,,,1,15,,30737,1,,,1,15,,30753,1,,,1,15,,30769,1,,,1,55,,30786,1,,,1,10,,30803,1,,,1,15,,30738,1,,,1,15,,30754,1,,,1,10,,30821,1,,,1,50,,30770,1,,,1,10,,30787,1,,,1,10,,30804,1,,,1,10,,30813,1,,,1,10,,30739,1,,,1,10,,30755,1,,,1,50,,30822,1,,,1,10,,30771,1,,,1,10,,30788,1,,,1,10,,30805,1,,,1,10,,30814,1,,,1,10,,30740,1,,,1,50,,30756,1,,,1,10,,30823,1,,,1,10,,30772,1,,,1,10,,30789,1,,,1,10,,30806,1,,,1,10,,30815,1,,,1,50,,30741,1,,,1,10,,30757,1,,,1,10,,30824,1,,,1,10,,30773,1,,,1,10,,30790,1,,,1,10,,30807,1,,,1,50,,30816,1,,,1,10,,30742,1,,,1,10,,30758,1,,,1,10,,30825,1,,,1,10,,30774,1,,,1,10,,30791,1,,,1,50,,30808,1,,,1,10,,30817,1,,,1,10,,30743,1,,,1,10,,30759,1,,,1,10,,30826,1,,,1,10,,30775,1,,,1,50,,30792,1,,,1,10,,30809,1,,,1,10,,30818,1,,,1,10,,30744,1,,,1,10,,30760,1,,,1,10,,30827,1,,,1,50,,30776,1,,,1,10,,30793,1,,,1,10,,30810,1,,,1,10,,30819,1,,,1,10,,30745,1,,,1,10,,30761,1,,,1,50,,30828,1,,,1,10,,30777,1,,,1,10,,30794,1,,,1,10,,30811,1,,,1,10,,30820,1,,,1,10,,30746,1,,,1,50,,30762,1,,,1,10,,30829,1,,,1,10,,30778,1,,,1,10,,30795,1,,,1,10,,30812,1,,,1
18002301,'20260826-Holiday2-2-26-06',515,,32161,1,,,1,10,,32179,1,,,1,10,,32109,1,,,1,10,,32135,1,,,1,10,,32121,1,,,1,45,,32255,1,,,1,5,,32147,1,,,1,5,,32238,1,,,1,5,,32194,1,,,1,5,,32272,1,,,1,5,,32162,1,,,1,5,,32180,1,,,1,5,,32211,1,,,1,5,,32110,1,,,1,5,,32222,1,,,1,5,,32136,1,,,1,5,,32230,1,,,1,45,,32122,1,,,1,5,,32256,1,,,1,5,,32148,1,,,1,5,,32239,1,,,1,5,,32195,1,,,1,5,,32273,1,,,1,5,,32163,1,,,1,5,,32181,1,,,1,5,,32212,1,,,1,5,,32111,1,,,1,5,,32223,1,,,1,5,,32137,1,,,1,45,,32231,1,,,1,5,,32123,1,,,1,5,,32257,1,,,1,5,,32149,1,,,1,5,,32240,1,,,1,5,,32196,1,,,1,5,,32274,1,,,1,5,,32164,1,,,1,5,,32182,1,,,1,5,,32213,1,,,1,5,,32112,1,,,1,5,,32224,1,,,1,45,,32138,1,,,1,5,,32232,1,,,1,5,,32124,1,,,1,5,,32258,1,,,1,5,,32150,1,,,1,5,,32241,1,,,1,5,,32197,1,,,1,5,,32275,1,,,1,5,,32165,1,,,1,5,,32183,1,,,1,5,,32214,1,,,1,5,,32113,1,,,1,45,,32225,1,,,1,10,,32139,1,,,1,10,,32259,1,,,1,10,,32242,1,,,1,10,,32198,1,,,1,10,,32166,1,,,1,50,,32215,1,,,1,10,,32114,1,,,1,10,,32140,1,,,1,10,,32260,1,,,1,10,,32243,1,,,1,10,,32199,1,,,1,50,,32167,1,,,1,10,,32216,1,,,1,10,,32115,1,,,1,10,,32141,1,,,1,10,,32261,1,,,1,10,,32244,1,,,1,50,,32200,1,,,1,10,,32168,1,,,1,10,,32217,1,,,1,10,,32116,1,,,1,10,,32142,1,,,1,10,,32262,1,,,1,50,,32233,1,,,1,5,,32125,1,,,1,5,,32201,1,,,1,5,,32276,1,,,1,5,,32169,1,,,1,5,,32184,1,,,1,5,,32218,1,,,1,5,,32245,1,,,1,5,,32226,1,,,1,5,,32117,1,,,1,5,,32151,1,,,1,5,,32143,1,,,1,45,,32263,1,,,1,5,,32234,1,,,1,5,,32126,1,,,1,5,,32202,1,,,1,5,,32277,1,,,1,5,,32170,1,,,1,5,,32185,1,,,1,5,,32219,1,,,1,5,,32246,1,,,1,5,,32227,1,,,1,5,,32118,1,,,1,5,,32152,1,,,1,45,,32144,1,,,1,5,,32264,1,,,1,5,,32235,1,,,1,5,,32127,1,,,1,5,,32203,1,,,1,5,,32278,1,,,1,5,,32171,1,,,1,5,,32186,1,,,1,5,,32220,1,,,1,5,,32247,1,,,1,5,,32228,1,,,1,5,,32119,1,,,1,45,,32153,1,,,1,5,,32145,1,,,1,5,,32265,1,,,1,5,,32236,1,,,1,5,,32128,1,,,1,5,,32204,1,,,1,5,,32279,1,,,1,5,,32172,1,,,1,5,,32187,1,,,1,5,,32221,1,,,1,5,,32248,1,,,1,5,,32229,1,,,1,45,,32120,1,,,1,5,,32154,1,,,1,5,,32146,1,,,1,5,,32266,1,,,1,5,,32237,1,,,1,5,,32129,1,,,1,10,,32205,1,,,1,10,,32173,1,,,1,10,,32188,1,,,1,50,,32249,1,,,1,10,,32155,1,,,1,10,,32267,1,,,1,10,,32130,1,,,1,10,,32206,1,,,1,10,,32174,1,,,1,50,,32189,1,,,1,10,,32250,1,,,1,10,,32156,1,,,1,10,,32268,1,,,1,10,,32131,1,,,1,10,,32207,1,,,1,50,,32175,1,,,1,10,,32190,1,,,1,10,,32251,1,,,1,10,,32157,1,,,1,10,,32269,1,,,1,10,,32132,1,,,1,50,,32208,1,,,1,10,,32176,1,,,1,10,,32191,1,,,1,10,,32252,1,,,1,10,,32158,1,,,1,10,,32270,1,,,1,50,,32133,1,,,1,10,,32209,1,,,1,10,,32177,1,,,1,10,,32192,1,,,1,10,,32253,1,,,1,10,,32159,1,,,1,50,,32271,1,,,1,10,,32134,1,,,1,10,,32210,1,,,1,10,,32178,1,,,1,10,,32193,1,,,1,10,,32254,1,,,1,50,,32160,1,,,1
