18002101,'021R-Weekday-1-26-09',534,,32849,12,,,1,12,,32851,12,,,1,12,,32852,12,,,1,46,,32983,12,,,1,6,,32850,12,,,1,6,,32881,12,,,1,6,,32882,12,,,1,6,,32883,12,,,1,6,,32884,12,,,1,6,,32880,12,,,1,6,,32879,12,,,1,6,,32878,12,,,1,6,,32877,12,,,1,46,,32876,12,,,1,6,,32875,12,,,1,6,,32874,12,,,1,6,,32873,12,,,1,6,,32872,12,,,1,6,,32871,12,,,1,6,,32870,12,,,1,6,,32869,12,,,1,6,,32868,12,,,1,6,,32867,12,,,1,46,,32866,12,,,1,6,,32865,12,,,1,6,,32864,12,,,1,6,,32863,12,,,1,6,,32862,12,,,1,6,,32861,12,,,1,6,,32860,12,,,1,6,,32859,12,,,1,6,,32858,12,,,1,6,,32857,12,,,1,46,,32856,12,,,1,6,,32855,12,,,1,6,,32854,12,,,1,10,,32885,12,,,1,10,,32886,12,,,1,10,,32887,12,,,1,10,,32888,12,,,1,50,,32889,12,,,1,10,,32890,12,,,1,10,,32891,12,,,1,10,,32892,12,,,1,10,,32893,12,,,1,10,,32894,12,,,1,50,,32895,12,,,1,10,,32896,12,,,1,10,,32897,12,,,1,10,,32898,12,,,1,10,,32899,12,,,1,10,,32900,12,,,1,50,,32901,12,,,1,10,,32902,12,,,1,10,,32903,12,,,1,10,,32904,12,,,1,10,,32905,12,,,1,10,,32906,12,,,1,50,,32907,12,,,1,10,,32908,12,,,1,10,,32909,12,,,1,10,,32910,12,,,1,10,,32911,12,,,1,10,,32912,12,,,1,50,,32913,12,,,1,10,,32914,12,,,1,6,,32915,12,,,1,6,,32916,12,,,1,6,,32917,12,,,1,6,,32918,12,,,1,6,,32919,12,,,1,6,,32920,12,,,1,6,,32921,12,,,1,46,,32922,12,,,1,6,,32923,12,,,1,6,,32924,12,,,1,6,,32925,12,,,1,6,,32926,12,,,1,6,,32927,12,,,1,6,,32928,12,,,1,6,,32929,12,,,1,6,,32930,12,,,1,6,,32931,12,,,1,46,,32932,12,,,1,6,,32933,12,,,1,6,,32934,12,,,1,6,,32935,12,,,1,6,,32936,12,,,1,6,,32937,12,,,1,6,,32938,12,,,1,6,,32939,12,,,1,6,,32940,12,,,1,6,,32941,12,,,1,46,,32942,12,,,1,6,,32943,12,,,1,6,,32944,12,,,1,6,,32945,12,,,1,6,,32946,12,,,1,6,,32947,12,,,1,6,,32948,12,,,1,6,,32949,12,,,1,6,,32950,12,,,1,6,,32951,12,,,1,46,,32952,12,,,1,6,,32953,12,,,1,6,,32954,12,,,1,6,,32955,12,,,1,9,,32956,12,,,1,15,,32957,12,,,1,55,,32958,12,,,1,15,,32959,12,,,1,15,,32960,12,,,1,15,,32961,12,,,1,55,,32962,12,,,1,15,,32963,12,,,1,15,,32964,12,,,1,15,,32965,12,,,1,55,,32966,12,,,1,15,,32967,12,,,1,15,,32968,12,,,1,15,,32969,12,,,1,55,,32970,12,,,1,15,,32971,12,,,1,15,,32972,12,,,1,15,,32973,12,,,1,55,,32974,12,,,1,15,,32975,12,,,1,15,,32976,12,,,1,15,,32977,12,,,1,55,,32978,12,,,1,15,,32979,12,,,1,15,,32980,12,,,1,15,,32981,12,,,1,55,,32982,12,,,1,15,,32853,12,,,1
18002101,'021R-Weekday-2-26-09',534,,32984,12,,,1,12,,32986,12,,,1,12,,32987,12,,,1,46,,33118,12,,,1,6,,32985,12,,,1,6,,33016,12,,,1,6,,33017,12,,,1,6,,33018,12,,,1,6,,33019,12,,,1,6,,33015,12,,,1,6,,33014,12,,,1,6,,33013,12,,,1,6,,33012,12,,,1,46,,33011,12,,,1,6,,33010,12,,,1,6,,33009,12,,,1,6,,33008,12,,,1,6,,33007,12,,,1,6,,33006,12,,,1,6,,33005,12,,,1,6,,33004,12,,,1,6,,33003,12,,,1,6,,33002,12,,,1,46,,33001,12,,,1,6,,33000,12,,,1,6,,32999,12,,,1,6,,32998,12,,,1,6,,32997,12,,,1,6,,32996,12,,,1,6,,32995,12,,,1,6,,32994,12,,,1,6,,32993,12,,,1,6,,32992,12,,,1,46,,32991,12,,,1,6,,32990,12,,,1,6,,32989,12,,,1,10,,33020,12,,,1,10,,33021,12,,,1,10,,33022,12,,,1,10,,33023,12,,,1,50,,33024,12,,,1,10,,33025,12,,,1,10,,33026,12,,,1,10,,33027,12,,,1,10,,33028,12,,,1,10,,33029,12,,,1,50,,33030,12,,,1,10,,33031,12,,,1,10,,33032,12,,,1,10,,33033,12,,,1,10,,33034,12,,,1,10,,33035,12,,,1,50,,33036,12,,,1,10,,33037,12,,,1,10,,33038,12,,,1,10,,33039,12,,,1,10,,33040,12,,,1,10,,33041,12,,,1,50,,33042,12,,,1,10,,33043,12,,,1,10,,33044,12,,,1,10,,33045,12,,,1,10,,33046,12,,,1,10,,33047,12,,,1,50,,33048,12,,,1,10,,33049,12,,,1,6,,33050,12,,,1,6,,33051,12,,,1,6,,33052,12,,,1,6,,33053,12,,,1,6,,33054,12,,,1,6,,33055,12,,,1,6,,33056,12,,,1,46,,33057,12,,,1,6,,33058,12,,,1,6,,33059,12,,,1,6,,33060,12,,,1,6,,33061,12,,,1,6,,33062,12,,,1,6,,33063,12,,,1,6,,33064,12,,,1,6,,33065,12,,,1,6,,33066,12,,,1,46,,33067,12,,,1,6,,33068,12,,,1,6,,33069,12,,,1,6,,33070,12,,,1,6,,33071,12,,,1,6,,33072,12,,,1,6,,33073,12,,,1,6,,33074,12,,,1,6,,33075,12,,,1,6,,33076,12,,,1,46,,33077,12,,,1,6,,33078,12,,,1,6,,33079,12,,,1,6,,33080,12,,,1,6,,33081,12,,,1,6,,33082,12,,,1,6,,33083,12,,,1,6,,33084,12,,,1,6,,33085,12,,,1,6,,33086,12,,,1,46,,33087,12,,,1,6,,33088,12,,,1,6,,33089,12,,,1,6,,33090,12,,,1,9,,33091,12,,,1,15,,33092,12,,,1,55,,33093,12,,,1,15,,33094,12,,,1,15,,33095,12,,,1,15,,33096,12,,,1,55,,33097,12,,,1,15,,33098,12,,,1,15,,33099,12,,,1,15,,33100,12,,,1,55,,33101,12,,,1,15,,33102,12,,,1,15,,33103,12,,,1,15,,33104,12,,,1,55,,33105,12,,,1,15,,33106,12,,,1,15,,33107,12,,,1,15,,33108,12,,,1,55,,33109,12,,,1,15,,33110,12,,,1,15,,33111,12,,,1,15,,33112,12,,,1,55,,33113,12,,,1,15,,33114,12,,,1,15,,33115,12,,,1,15,,33116,12,,,1,55,,33117,12,,,1,15,,32988,12,,,1
18002101,'021R-Weekday-3-26-09',534,,36689,12,,,1,12,,36691,12,,,1,12,,36692,12,,,1,46,,36823,12,,,1,6,,36690,12,,,1,6,,36721,12,,,1,6,,36722,12,,,1,6,,36723,12,,,1,6,,36724,12,,,1,6,,36720,12,,,1,6,,36719,12,,,1,6,,36718,12,,,1,6,,36717,12,,,1,46,,36716,12,,,1,6,,36715,12,,,1,6,,36714,12,,,1,6,,36713,12,,,1,6,,36712,12,,,1,6,,36711,12,,,1,6,,36710,12,,,1,6,,36709,12,,,1,6,,36708,12,,,1,6,,36707,12,,,1,46,,36706,12,,,1,6,,36705,12,,,1,6,,36704,12,,,1,6,,36703,12,,,1,6,,36702,12,,,1,6,,36701,12,,,1,6,,36700,12,,,1,6,,36699,12,,,1,6,,36698,12,,,1,6,,36697,12,,,1,46,,36696,12,,,1,6,,36695,12,,,1,6,,36694,12,,,1,10,,36725,12,,,1,10,,36726,12,,,1,10,,36727,12,,,1,10,,36728,12,,,1,50,,36729,12,,,1,10,,36730,12,,,1,10,,36731,12,,,1,10,,36732,12,,,1,10,,36733,12,,,1,10,,36734,12,,,1,50,,36735,12,,,1,10,,36736,12,,,1,10,,36737,12,,,1,10,,36738,12,,,1,10,,36739,12,,,1,10,,36740,12,,,1,50,,36741,12,,,1,10,,36742,12,,,1,10,,36743,12,,,1,10,,36744,12,,,1,10,,36745,12,,,1,10,,36746,12,,,1,50,,36747,12,,,1,10,,36748,12,,,1,10,,36749,12,,,1,10,,36750,12,,,1,10,,36751,12,,,1,10,,36752,12,,,1,50,,36753,12,,,1,10,,36754,12,,,1,6,,36755,12,,,1,6,,36756,12,,,1,6,,36757,12,,,1,6,,36758,12,,,1,6,,36759,12,,,1,6,,36760,12,,,1,6,,36761,12,,,1,46,,36762,12,,,1,6,,36763,12,,,1,6,,36764,12,,,1,6,,36765,12,,,1,6,,36766,12,,,1,6,,36767,12,,,1,6,,36768,12,,,1,6,,36769,12,,,1,6,,36770,12,,,1,6,,36771,12,,,1,46,,36772,12,,,1,6,,36773,12,,,1,6,,36774,12,,,1,6,,36775,12,,,1,6,,36776,12,,,1,6,,36777,12,,,1,6,,36778,12,,,1,6,,36779,12,,,1,6,,36780,12,,,1,6,,36781,12,,,1,46,,36782,12,,,1,6,,36783,12,,,1,6,,36784,12,,,1,6,,36785,12,,,1,6,,36786,12,,,1,6,,36787,12,,,1,6,,36788,12,,,1,6,,36789,12,,,1,6,,36790,12,,,1,6,,36791,12,,,1,46,,36792,12,,,1,6,,36793,12,,,1,6,,36794,12,,,1,6,,36795,12,,,1,9,,36796,12,,,1,15,,36797,12,,,1,55,,36798,12,,,1,15,,36799,12,,,1,15,,36800,12,,,1,15,,36801,12,,,1,55,,36802,12,,,1,15,,36803,12,,,1,15,,36804,12,,,1,15,,36805,12,,,1,55,,36806,12,,,1,15,,36807,12,,,1,15,,36808,12,,,1,15,,36809,12,,,1,55,,36810,12,,,1,15,,36811,12,,,1,15,,36812,12,,,1,15,,36813,12,,,1,55,,36814,12,,,1,15,,36815,12,,,1,15,,36816,12,,,1,15,,36817,12,,,1,55,,36818,12,,,1,15,,36819,12,,,1,15,,36820,12,,,1,15,,36821,12,,,1,55,,36822,12,,,1,15,,36693,12,,,1
18002101,'021R-Weekday-4-26-09',534,,33119,12,,,1,12,,33121,12,,,1,12,,33122,12,,,1,46,,33253,12,,,1,6,,33120,12,,,1,6,,33151,12,,,1,6,,33152,12,,,1,6,,33153,12,,,1,6,,33154,12,,,1,6,,33150,12,,,1,6,,33149,12,,,1,6,,33148,12,,,1,6,,33147,12,,,1,46,,33146,12,,,1,6,,33145,12,,,1,6,,33144,12,,,1,6,,33143,12,,,1,6,,33142,12,,,1,6,,33141,12,,,1,6,,33140,12,,,1,6,,33139,12,,,1,6,,33138,12,,,1,6,,33137,12,,,1,46,,33136,12,,,1,6,,33135,12,,,1,6,,33134,12,,,1,6,,33133,12,,,1,6,,33132,12,,,1,6,,33131,12,,,1,6,,33130,12,,,1,6,,33129,12,,,1,6,,33128,12,,,1,6,,33127,12,,,1,46,,33126,12,,,1,6,,33125,12,,,1,6,,33124,12,,,1,10,,33155,12,,,1,10,,33156,12,,,1,10,,33157,12,,,1,10,,33158,12,,,1,50,,33159,12,,,1,10,,33160,12,,,1,10,,33161,12,,,1,10,,33162,12,,,1,10,,33163,12,,,1,10,,33164,12,,,1,50,,33165,12,,,1,10,,33166,12,,,1,10,,33167,12,,,1,10,,33168,12,,,1,10,,33169,12,,,1,10,,33170,12,,,1,50,,33171,12,,,1,10,,33172,12,,,1,10,,33173,12,,,1,10,,33174,12,,,1,10,,33175,12,,,1,10,,33176,12,,,1,50,,33177,12,,,1,10,,33178,12,,,1,10,,33179,12,,,1,10,,33180,12,,,1,10,,33181,12,,,1,10,,33182,12,,,1,50,,33183,12,,,1,10,,33184,12,,,1,6,,33185,12,,,1,6,,33186,12,,,1,6,,33187,12,,,1,6,,33188,12,,,1,6,,33189,12,,,1,6,,33190,12,,,1,6,,33191,12,,,1,46,,33192,12,,,1,6,,33193,12,,,1,6,,33194,12,,,1,6,,33195,12,,,1,6,,33196,12,,,1,6,,33197,12,,,1,6,,33198,12,,,1,6,,33199,12,,,1,6,,33200,12,,,1,6,,33201,12,,,1,46,,33202,12,,,1,6,,33203,12,,,1,6,,33204,12,,,1,6,,33205,12,,,1,6,,33206,12,,,1,6,,33207,12,,,1,6,,33208,12,,,1,6,,33209,12,,,1,6,,33210,12,,,1,6,,33211,12,,,1,46,,33212,12,,,1,6,,33213,12,,,1,6,,33214,12,,,1,6,,33215,12,,,1,6,,33216,12,,,1,6,,33217,12,,,1,6,,33218,12,,,1,6,,33219,12,,,1,6,,33220,12,,,1,6,,33221,12,,,1,46,,33222,12,,,1,6,,33223,12,,,1,6,,33224,12,,,1,6,,33225,12,,,1,9,,33226,12,,,1,15,,33227,12,,,1,55,,33228,12,,,1,15,,33229,12,,,1,15,,33230,12,,,1,15,,33231,12,,,1,55,,33232,12,,,1,15,,33233,12,,,1,15,,33234,12,,,1,15,,33235,12,,,1,55,,33236,12,,,1,15,,33237,12,,,1,15,,33238,12,,,1,15,,33239,12,,,1,55,,33240,12,,,1,15,,33241,12,,,1,15,,33242,12,,,1,15,,33243,12,,,1,55,,33244,12,,,1,15,,33245,12,,,1,15,,33246,12,,,1,15,,33247,12,,,1,55,,33248,12,,,1,15,,33249,12,,,1,15,,33250,12,,,1,15,,33251,12,,,1,55,,33252,12,,,1,15,,33123,12,,,1
18002101,'021R-Weekday-5-26-09',534,,36824,12,,,1,12,,36826,12,,,1,12,,36827,12,,,1,46,,36958,12,,,1,6,,36825,12,,,1,6,,36856,12,,,1,6,,36857,12,,,1,6,,36858,12,,,1,6,,36859,12,,,1,6,,36855,12,,,1,6,,36854,12,,,1,6,,36853,12,,,1,6,,36852,12,,,1,46,,36851,12,,,1,6,,36850,12,,,1,6,,36849,12,,,1,6,,36848,12,,,1,6,,36847,12,,,1,6,,36846,12,,,1,6,,36845,12,,,1,6,,36844,12,,,1,6,,36843,12,,,1,6,,36842,12,,,1,46,,36841,12,,,1,6,,36840,12,,,1,6,,36839,12,,,1,6,,36838,12,,,1,6,,36837,12,,,1,6,,36836,12,,,1,6,,36835,12,,,1,6,,36834,12,,,1,6,,36833,12,,,1,6,,36832,12,,,1,46,,36831,12,,,1,6,,36830,12,,,1,6,,36829,12,,,1,10,,36860,12,,,1,10,,36861,12,,,1,10,,36862,12,,,1,10,,36863,12,,,1,50,,36864,12,,,1,10,,36865,12,,,1,10,,36866,12,,,1,10,,36867,12,,,1,10,,36868,12,,,1,10,,36869,12,,,1,50,,36870,12,,,1,10,,36871,12,,,1,10,,36872,12,,,1,10,,36873,12,,,1,10,,36874,12,,,1,10,,36875,12,,,1,50,,36876,12,,,1,10,,36877,12,,,1,10,,36878,12,,,1,10,,36879,12,,,1,10,,36880,12,,,1,10,,36881,12,,,1,50,,36882,12,,,1,10,,36883,12,,,1,10,,36884,12,,,1,10,,36885,12,,,1,10,,36886,12,,,1,10,,36887,12,,,1,50,,36888,12,,,1,10,,36889,12,,,1,6,,36890,12,,,1,6,,36891,12,,,1,6,,36892,12,,,1,6,,36893,12,,,1,6,,36894,12,,,1,6,,36895,12,,,1,6,,36896,12,,,1,46,,36897,12,,,1,6,,36898,12,,,1,6,,36899,12,,,1,6,,36900,12,,,1,6,,36901,12,,,1,6,,36902,12,,,1,6,,36903,12,,,1,6,,36904,12,,,1,6,,36905,12,,,1,6,,36906,12,,,1,46,,36907,12,,,1,6,,36908,12,,,1,6,,36909,12,,,1,6,,36910,12,,,1,6,,36911,12,,,1,6,,36912,12,,,1,6,,36913,12,,,1,6,,36914,12,,,1,6,,36915,12,,,1,6,,36916,12,,,1,46,,36917,12,,,1,6,,36918,12,,,1,6,,36919,12,,,1,6,,36920,12,,,1,6,,36921,12,,,1,6,,36922,12,,,1,6,,36923,12,,,1,6,,36924,12,,,1,6,,36925,12,,,1,6,,36926,12,,,1,46,,36927,12,,,1,6,,36928,12,,,1,6,,36929,12,,,1,6,,36930,12,,,1,9,,36931,12,,,1,15,,36932,12,,,1,55,,36933,12,,,1,15,,36934,12,,,1,15,,36935,12,,,1,15,,36936,12,,,1,55,,36937,12,,,1,15,,36938,12,,,1,15,,36939,12,,,1,15,,36940,12,,,1,55,,36941,12,,,1,15,,36942,12,,,1,15,,36943,12,,,1,15,,36944,12,,,1,55,,36945,12,,,1,15,,36946,12,,,1,15,,36947,12,,,1,15,,36948,12,,,1,55,,36949,12,,,1,15,,36950,12,,,1,15,,36951,12,,,1,15,,36952,12,,,1,55,,36953,12,,,1,15,,36954,12,,,1,15,,36955,12,,,1,15,,36956,12,,,1,55,,36957,12,,,1,15,,36828,12,,,1
18002101,'021R-Weekday-6-26-09',534,,36959,12,,,1,12,,36961,12,,,1,12,,36962,12,,,1,46,,37093,12,,,1,6,,36960,12,,,1,6,,36991,12,,,1,6,,36992,12,,,1,6,,36993,12,,,1,6,,36994,12,,,1,6,,36990,12,,,1,6,,36989,12,,,1,6,,36988,12,,,1,6,,36987,12,,,1,46,,36986,12,,,1,6,,36985,12,,,1,6,,36984,12,,,1,6,,36983,12,,,1,6,,36982,12,,,1,6,,36981,12,,,1,6,,36980,12,,,1,6,,36979,12,,,1,6,,36978,12,,,1,6,,36977,12,,,1,46,,36976,12,,,1,6,,36975,12,,,1,6,,36974,12,,,1,6,,36973,12,,,1,6,,36972,12,,,1,6,,36971,12,,,1,6,,36970,12,,,1,6,,36969,12,,,1,6,,36968,12,,,1,6,,36967,12,,,1,46,,36966,12,,,1,6,,36965,12,,,1,6,,36964,12,,,1,10,,36995,12,,,1,10,,36996,12,,,1,10,,36997,12,,,1,10,,36998,12,,,1,50,,36999,12,,,1,10,,37000,12,,,1,10,,37001,12,,,1,10,,37002,12,,,1,10,,37003,12,,,1,10,,37004,12,,,1,50,,37005,12,,,1,10,,37006,12,,,1,10,,37007,12,,,1,10,,37008,12,,,1,10,,37009,12,,,1,10,,37010,12,,,1,50,,37011,12,,,1,10,,37012,12,,,1,10,,37013,12,,,1,10,,37014,12,,,1,10,,37015,12,,,1,10,,37016,12,,,1,50,,37017,12,,,1,10,,37018,12,,,1,10,,37019,12,,,1,10,,37020,12,,,1,10,,37021,12,,,1,10,,37022,12,,,1,50,,37023,12,,,1,10,,37024,12,,,1,6,,37025,12,,,1,6,,37026,12,,,1,6,,37027,12,,,1,6,,37028,12,,,1,6,,37029,12,,,1,6,,37030,12,,,1,6,,37031,12,,,1,46,,37032,12,,,1,6,,37033,12,,,1,6,,37034,12,,,1,6,,37035,12,,,1,6,,37036,12,,,1,6,,37037,12,,,1,6,,37038,12,,,1,6,,37039,12,,,1,6,,37040,12,,,1,6,,37041,12,,,1,46,,37042,12,,,1,6,,37043,12,,,1,6,,37044,12,,,1,6,,37045,12,,,1,6,,37046,12,,,1,6,,37047,12,,,1,6,,37048,12,,,1,6,,37049,12,,,1,6,,37050,12,,,1,6,,37051,12,,,1,46,,37052,12,,,1,6,,37053,12,,,1,6,,37054,12,,,1,6,,37055,12,,,1,6,,37056,12,,,1,6,,37057,12,,,1,6,,37058,12,,,1,6,,37059,12,,,1,6,,37060,12,,,1,6,,37061,12,,,1,46,,37062,12,,,1,6,,37063,12,,,1,6,,37064,12,,,1,6,,37065,12,,,1,9,,37066,12,,,1,15,,37067,12,,,1,55,,37068,12,,,1,15,,37069,12,,,1,15,,37070,12,,,1,15,,37071,12,,,1,55,,37072,12,,,1,15,,37073,12,,,1,15,,37074,12,,,1,15,,37075,12,,,1,55,,37076,12,,,1,15,,37077,12,,,1,15,,37078,12,,,1,15,,37079,12,,,1,55,,37080,12,,,1,15,,37081,12,,,1,15,,37082,12,,,1,15,,37083,12,,,1,55,,37084,12,,,1,15,,37085,12,,,1,15,,37086,12,,,1,15,,37087,12,,,1,55,,37088,12,,,1,15,,37089,12,,,1,15,,37090,12,,,1,15,,37091,12,,,1,55,,37092,12,,,1,15,,36963,12,,,1
18002101,'021R-Weekday-7-26-09',534,,37094,12,,,1,12,,37096,12,,,1,12,,37097,12,,,1,46,,37228,12,,,1,6,,37095,12,,,1,6,,37126,12,,,1,6,,37127,12,,,1,6,,37128,12,,,1,6,,37129,12,,,1,6,,37125,12,,,1,6,,37124,12,,,1,6,,37123,12,,,1,6,,37122,12,,,1,46,,37121,12,,,1,6,,37120,12,,,1,6,,37119,12,,,1,6,,37118,12,,,1,6,,37117,12,,,1,6,,37116,12,,,1,6,,37115,12,,,1,6,,37114,12,,,1,6,,37113,12,,,1,6,,37112,12,,,1,46,,37111,12,,,1,6,,37110,12,,,1,6,,37109,12,,,1,6,,37108,12,,,1,6,,37107,12,,,1,6,,37106,12,,,1,6,,37105,12,,,1,6,,37104,12,,,1,6,,37103,12,,,1,6,,37102,12,,,1,46,,37101,12,,,1,6,,37100,12,,,1,6,,37099,12,,,1,10,,37130,12,,,1,10,,37131,12,,,1,10,,37132,12,,,1,10,,37133,12,,,1,50,,37134,12,,,1,10,,37135,12,,,1,10,,37136,12,,,1,10,,37137,12,,,1,10,,37138,12,,,1,10,,37139,12,,,1,50,,37140,12,,,1,10,,37141,12,,,1,10,,37142,12,,,1,10,,37143,12,,,1,10,,37144,12,,,1,10,,37145,12,,,1,50,,37146,12,,,1,10,,37147,12,,,1,10,,37148,12,,,1,10,,37149,12,,,1,10,,37150,12,,,1,10,,37151,12,,,1,50,,37152,12,,,1,10,,37153,12,,,1,10,,37154,12,,,1,10,,37155,12,,,1,10,,37156,12,,,1,10,,37157,12,,,1,50,,37158,12,,,1,10,,37159,12,,,1,6,,37160,12,,,1,6,,37161,12,,,1,6,,37162,12,,,1,6,,37163,12,,,1,6,,37164,12,,,1,6,,37165,12,,,1,6,,37166,12,,,1,46,,37167,12,,,1,6,,37168,12,,,1,6,,37169,12,,,1,6,,37170,12,,,1,6,,37171,12,,,1,6,,37172,12,,,1,6,,37173,12,,,1,6,,37174,12,,,1,6,,37175,12,,,1,6,,37176,12,,,1,46,,37177,12,,,1,6,,37178,12,,,1,6,,37179,12,,,1,6,,37180,12,,,1,6,,37181,12,,,1,6,,37182,12,,,1,6,,37183,12,,,1,6,,37184,12,,,1,6,,37185,12,,,1,6,,37186,12,,,1,46,,37187,12,,,1,6,,37188,12,,,1,6,,37189,12,,,1,6,,37190,12,,,1,6,,37191,12,,,1,6,,37192,12,,,1,6,,37193,12,,,1,6,,37194,12,,,1,6,,37195,12,,,1,6,,37196,12,,,1,46,,37197,12,,,1,6,,37198,12,,,1,6,,37199,12,,,1,6,,37200,12,,,1,9,,37201,12,,,1,15,,37202,12,,,1,55,,37203,12,,,1,15,,37204,12,,,1,15,,37205,12,,,1,15,,37206,12,,,1,55,,37207,12,,,1,15,,37208,12,,,1,15,,37209,12,,,1,15,,37210,12,,,1,55,,37211,12,,,1,15,,37212,12,,,1,15,,37213,12,,,1,15,,37214,12,,,1,55,,37215,12,,,1,15,,37216,12,,,1,15,,37217,12,,,1,15,,37218,12,,,1,55,,37219,12,,,1,15,,37220,12,,,1,15,,37221,12,,,1,15,,37222,12,,,1,55,,37223,12,,,1,15,,37224,12,,,1,15,,37225,12,,,1,15,,37226,12,,,1,55,,37227,12,,,1,15,,37098,12,,,1
18002101,'021R-Saturday-1-26-09',531,,33254,12,,,1,15,,33255,12,,,1,55,,33256,12,,,1,15,,33257,12,,,1,15,,33258,12,,,1,15,,33259,12,,,1,55,,33260,12,,,1,15,,33261,12,,,1,15,,33262,12,,,1,15,,33263,12,,,1,55,,33264,12,,,1,15,,33265,12,,,1,15,,33266,12,,,1,15,,33267,12,,,1,55,,33268,12,,,1,15,,33269,12,,,1,15,,33270,12,,,1,15,,33271,12,,,1,55,,33272,12,,,1,15,,33273,12,,,1,15,,33274,12,,,1,15,,33275,12,,,1,55,,33276,12,,,1,15,,33277,12,,,1,15,,33278,12,,,1,15,,33279,12,,,1,55,,33280,12,,,1,15,,33281,12,,,1,15,,33282,12,,,1,15,,33283,12,,,1,55,,33284,12,,,1,15,,33285,12,,,1,15,,33286,12,,,1,15,,33287,12,,,1,55,,33288,12,,,1,15,,33289,12,,,1,15,,33290,12,,,1,15,,33291,12,,,1,55,,33292,12,,,1,15,,33293,12,,,1,15,,33294,12,,,1,15,,33295,12,,,1,55,,33296,12,,,1,15,,33297,12,,,1,15,,33298,12,,,1,15,,33299,12,,,1,55,,33300,12,,,1,15,,33301,12,,,1,15,,33302,12,,,1,15,,33303,12,,,1,55,,33304,12,,,1,15,,33305,12,,,1,15,,33306,12,,,1,15,,33307,12,,,1,55,,33308,12,,,1,15,,33309,12,,,1,15,,33310,12,,,1,15,,33311,12,,,1,55,,33312,12,,,1,15,,33313,12,,,1,15,,33314,12,,,1,15,,33315,12,,,1,55,,33316,12,,,1,15,,33317,12,,,1,15,,33318,12,,,1,15,,33319,12,,,1,55,,33320,12,,,1,15,,33321,12,,,1,15,,33322,12,,,1,15,,33323,12,,,1,55,,33324,12,,,1,15,,33325,12,,,1,15,,33326,12,,,1,15,,33327,12,,,1,55,,33328,12,,,1,15,,33329,12,,,1,15,,33330,12,,,1,15,,33331,12,,,1,55,,33332,12,,,1,15,,33333,12,,,1
18002101,'021R-Saturday-2-26-09',533,,37229,12,,,1,15,,37230,12,,,1,55,,37231,12,,,1,15,,37232,12,,,1,15,,37233,12,,,1,15,,37234,12,,,1,55,,37235,12,,,1,15,,37236,12,,,1,15,,37237,12,,,1,15,,37238,12,,,1,55,,37239,12,,,1,15,,37240,12,,,1,15,,37241,12,,,1,15,,37242,12,,,1,55,,37243,12,,,1,15,,37244,12,,,1,15,,37245,12,,,1,15,,37246,12,,,1,55,,37247,12,,,1,15,,37248,12,,,1,15,,37249,12,,,1,15,,37250,12,,,1,55,,37251,12,,,1,15,,37252,12,,,1,15,,37253,12,,,1,15,,37254,12,,,1,55,,37255,12,,,1,15,,37256,12,,,1,15,,37257,12,,,1,15,,37258,12,,,1,55,,37259,12,,,1,15,,37260,12,,,1,15,,37261,12,,,1,15,,37262,12,,,1,55,,37263,12,,,1,15,,37264,12,,,1,15,,37265,12,,,1,15,,37266,12,,,1,55,,37267,12,,,1,15,,37268,12,,,1,15,,37269,12,,,1,15,,37270,12,,,1,55,,37271,12,,,1,15,,37272,12,,,1,15,,37273,12,,,1,15,,37274,12,,,1,55,,37275,12,,,1,15,,37276,12,,,1,15,,37277,12,,,1,15,,37278,12,,,1,55,,37279,12,,,1,15,,37280,12,,,1,15,,37281,12,,,1,15,,37282,12,,,1,55,,37283,12,,,1,15,,37284,12,,,1,15,,37285,12,,,1,15,,37286,12,,,1,55,,37287,12,,,1,15,,37288,12,,,1,15,,37289,12,,,1,15,,37290,12,,,1,55,,37291,12,,,1,15,,37292,12,,,1,15,,37293,12,,,1,15,,37294,12,,,1,55,,37295,12,,,1,15,,37296,12,,,1,15,,37297,12,,,1,15,,37298,12,,,1,55,,37299,12,,,1,15,,37300,12,,,1,15,,37301,12,,,1,15,,37302,12,,,1,55,,37303,12,,,1,15,,37304,12,,,1,15,,37305,12,,,1,15,,37306,12,,,1,55,,37307,12,,,1,15,,37308,12,,,1
18002101,'021R-Sunday-1-26-09',531,,33334,12,,,1,15,,33335,12,,,1,55,,33336,12,,,1,15,,33337,12,,,1,15,,33338,12,,,1,15,,33339,12,,,1,55,,33340,12,,,1,15,,33341,12,,,1,15,,33342,12,,,1,15,,33343,12,,,1,55,,33344,12,,,1,15,,33345,12,,,1,15,,33346,12,,,1,15,,33347,12,,,1,55,,33348,12,,,1,15,,33349,12,,,1,15,,33350,12,,,1,15,,33351,12,,,1,55,,33352,12,,,1,15,,33353,12,,,1,15,,33354,12,,,1,15,,33355,12,,,1,55,,33356,12,,,1,15,,33357,12,,,1,15,,33358,12,,,1,15,,33359,12,,,1,55,,33360,12,,,1,15,,33361,12,,,1,15,,33362,12,,,1,15,,33363,12,,,1,55,,33364,12,,,1,15,,33365,12,,,1,15,,33366,12,,,1,15,,33367,12,,,1,55,,33368,12,,,1,15,,33369,12,,,1,15,,33370,12,,,1,15,,33371,12,,,1,55,,33372,12,,,1,15,,33373,12,,,1,15,,33374,12,,,1,15,,33375,12,,,1,55,,33376,12,,,1,15,,33377,12,,,1,15,,33378,12,,,1,15,,33379,12,,,1,55,,33380,12,,,1,15,,33381,12,,,1,15,,33382,12,,,1,15,,33383,12,,,1,55,,33384,12,,,1,15,,33385,12,,,1,15,,33386,12,,,1,15,,33387,12,,,1,55,,33388,12,,,1,15,,33389,12,,,1,15,,33390,12,,,1,15,,33391,12,,,1,55,,33392,12,,,1,15,,33393,12,,,1,15,,33394,12,,,1,15,,33395,12,,,1,55,,33396,12,,,1,15,,33397,12,,,1,15,,33398,12,,,1,15,,33399,12,,,1,55,,33400,12,,,1,15,,33401,12,,,1,15,,33402,12,,,1,15,,33403,12,,,1,55,,33404,12,,,1,15,,33405,12,,,1,15,,33406,12,,,1,15,,33407,12,,,1,55,,33408,12,,,1,15,,33409,12,,,1,15,,33410,12,,,1
18002101,'021R-Sunday-2-26-09',533,,37309,12,,,1,15,,37310,12,,,1,55,,37311,12,,,1,15,,37312,12,,,1,15,,37313,12,,,1,15,,37314,12,,,1,55,,37315,12,,,1,15,,37316,12,,,1,15,,37317,12,,,1,15,,37318,12,,,1,55,,37319,12,,,1,15,,37320,12,,,1,15,,37321,12,,,1,15,,37322,12,,,1,55,,37323,12,,,1,15,,37324,12,,,1,15,,37325,12,,,1,15,,37326,12,,,1,55,,37327,12,,,1,15,,37328,12,,,1,15,,37329,12,,,1,15,,37330,12,,,1,55,,37331,12,,,1,15,,37332,12,,,1,15,,37333,12,,,1,15,,37334,12,,,1,55,,37335,12,,,1,15,,37336,12,,,1,15,,37337,12,,,1,15,,37338,12,,,1,55,,37339,12,,,1,15,,37340,12,,,1,15,,37341,12,,,1,15,,37342,12,,,1,55,,37343,12,,,1,15,,37344,12,,,1,15,,37345,12,,,1,15,,37346,12,,,1,55,,37347,12,,,1,15,,37348,12,,,1,15,,37349,12,,,1,15,,37350,12,,,1,55,,37351,12,,,1,15,,37352,12,,,1,15,,37353,12,,,1,15,,37354,12,,,1,55,,37355,12,,,1,15,,37356,12,,,1,15,,37357,12,,,1,15,,37358,12,,,1,55,,37359,12,,,1,15,,37360,12,,,1,15,,37361,12,,,1,15,,37362,12,,,1,55,,37363,12,,,1,15,,37364,12,,,1,15,,37365,12,,,1,15,,37366,12,,,1,55,,37367,12,,,1,15,,37368,12,,,1,15,,37369,12,,,1,15,,37370,12,,,1,55,,37371,12,,,1,15,,37372,12,,,1,15,,37373,12,,,1,15,,37374,12,,,1,55,,37375,12,,,1,15,,37376,12,,,1,15,,37377,12,,,1,15,,37378,12,,,1,55,,37379,12,,,1,15,,37380,12,,,1,15,,37381,12,,,1,15,,37382,12,,,1,55,,37383,12,,,1,15,,37384,12,,,1,15,,37385,12,,,1
18002101,'021R-Sunday-4-26-09',533,,37386,12,,,1,15,,37387,12,,,1,55,,37388,12,,,1,15,,37389,12,,,1,15,,37390,12,,,1,15,,37391,12,,,1,55,,37392,12,,,1,15,,37393,12,,,1,15,,37394,12,,,1,15,,37395,12,,,1,55,,37396,12,,,1,15,,37397,12,,,1,15,,37398,12,,,1,15,,37399,12,,,1,55,,37400,12,,,1,15,,37401,12,,,1,15,,37402,12,,,1,15,,37403,12,,,1,55,,37404,12,,,1,15,,37405,12,,,1,15,,37406,12,,,1,15,,37407,12,,,1,55,,37408,12,,,1,15,,37409,12,,,1,15,,37410,12,,,1,15,,37411,12,,,1,55,,37412,12,,,1,15,,37413,12,,,1,15,,37414,12,,,1,15,,37415,12,,,1,55,,37416,12,,,1,15,,37417,12,,,1,15,,37418,12,,,1,15,,37419,12,,,1,55,,37420,12,,,1,15,,37421,12,,,1,15,,37422,12,,,1,15,,37423,12,,,1,55,,37424,12,,,1,15,,37425,12,,,1,15,,37426,12,,,1,15,,37427,12,,,1,55,,37428,12,,,1,15,,37429,12,,,1,15,,37430,12,,,1,15,,37431,12,,,1,55,,37432,12,,,1,15,,37433,12,,,1,15,,37434,12,,,1,15,,37435,12,,,1,55,,37436,12,,,1,15,,37437,12,,,1,15,,37438,12,,,1,15,,37439,12,,,1,55,,37440,12,,,1,15,,37441,12,,,1,15,,37442,12,,,1,15,,37443,12,,,1,55,,37444,12,,,1,15,,37445,12,,,1,15,,37446,12,,,1,15,,37447,12,,,1,55,,37448,12,,,1,15,,37449,12,,,1,15,,37450,12,,,1,15,,37451,12,,,1,55,,37452,12,,,1,15,,37453,12,,,1,15,,37454,12,,,1,15,,37455,12,,,1,55,,37456,12,,,1,15,,37457,12,,,1,15,,37458,12,,,1,15,,37459,12,,,1,55,,37460,12,,,1,15,,37461,12,,,1,15,,37462,12,,,1
18002201,'022R-Weekday-1-26-09',613,,33824,9,0,12 13,1,12,,33825,9,0,12 13,1,12,,33826,9,0,12 13,1,12,,33827,9,0,12 13,1,52,,33828,9,0,12 13,1,12,,33829,9,0,12 13,1,12,,33830,9,0,12 13,1,12,,33831,9,0,12 13,1,12,,33832,9,0,12 13,1,52,,33833,9,0,12 13,1,12,,33834,9,0,12 13,1,12,,33835,9,0,12 13,1,12,,33836,9,0,12 13,1,12,,33837,9,0,12 13,1,52,,33838,9,0,12 13,1,12,,33839,9,0,12 13,1,12,,33840,9,0,12 13,1,18,,33841,9,0,12 13,1,60,,33842,9,0,12 13,1,15,,33843,9,0,12 13,1,15,,33844,9,0,12 13,1,15,,33845,9,0,12 13,1,55,,33846,9,0,12 13,1,15,,33847,9,0,12 13,1,15,,33848,9,0,12 13,1,15,,33849,9,0,12 13,1,55,,33850,9,0,12 13,1,15,,33851,9,0,12 13,1,15,,33852,9,0,12 13,1,15,,33853,9,0,12 13,1,55,,33854,9,0,12 13,1,15,,33855,9,0,12 13,1,15,,33856,9,0,12 13,1,15,,33857,9,0,12 13,1,53,,33858,9,0,12 13,1,12,,33859,9,0,12 13,1,12,,33860,9,0,12 13,1,12,,33861,9,0,12 13,1,12,,33862,9,0,12 13,1,52,,33863,9,0,12 13,1,12,,33864,9,0,12 13,1,12,,33865,9,0,12 13,1,12,,33866,9,0,12 13,1,12,,33867,9,0,12 13,1,52,,33868,9,0,12 13,1,12,,33869,9,0,12 13,1,12,,33870,9,0,12 13,1,12,,33871,9,0,12 13,1,12,,33872,9,0,12 13,1,52,,33873,9,0,12 13,1,12,,33874,9,0,12 13,1,12,,33875,9,0,12 13,1,12,,33876,9,0,12 13,1,12,,33877,9,0,12 13,1,52,,33878,9,0,12 13,1,12,,33879,9,0,12 13,1,12,,33880,9,0,12 13,1,17,,33881,9,0,12 13,1,15,,33882,9,0,12 13,1,55,,33883,9,0,12 13,1,15,,33884,9,0,12 13,1,15,,33885,9,0,12 13,1,15,,33886,9,0,12 13,1,55,,33887,9,0,12 13,1,15,,33888,9,0,12 13,1,15,,33889,9,0,12 13,1,15,,33890,9,0,12 13,1,55,,33891,9,0,12 13,1,15,,33892,9,0,12 13,1,15,,33893,9,0,12 13,1,15,,33894,9,0,12 13,1,55,,33895,9,0,12 13,1,15,,33896,9,0,12 13,1,15,,33897,9,0,12 13,1,15,,33898,9,0,12 13,1,55,,33899,9,0,12 13,1,15,,33823,9,0,12 13,1,15,,33822,9,0,12 13,1,15,,33821,9,0,12 13,1,55,,33820,9,0,12 13,1,15,,33819,9,0,12 13,1,15,,33818,9,0,12 13,1,15,,33817,9,0,12 13,1,55,,33816,9,0,12 13,1
18002201,'022R-Weekday-2-26-09',613,,33908,9,0,12 13,1,12,,33909,9,0,12 13,1,12,,33910,9,0,12 13,1,12,,33911,9,0,12 13,1,52,,33912,9,0,12 13,1,12,,33913,9,0,12 13,1,12,,33914,9,0,12 13,1,12,,33915,9,0,12 13,1,12,,33916,9,0,12 13,1,52,,33917,9,0,12 13,1,12,,33918,9,0,12 13,1,12,,33919,9,0,12 13,1,12,,33920,9,0,12 13,1,12,,33921,9,0,12 13,1,52,,33922,9,0,12 13,1,12,,33923,9,0,12 13,1,12,,33924,9,0,12 13,1,18,,33925,9,0,12 13,1,60,,33926,9,0,12 13,1,15,,33927,9,0,12 13,1,15,,33928,9,0,12 13,1,15,,33929,9,0,12 13,1,55,,33930,9,0,12 13,1,15,,33931,9,0,12 13,1,15,,33932,9,0,12 13,1,15,,33933,9,0,12 13,1,55,,33934,9,0,12 13,1,15,,33935,9,0,12 13,1,15,,33936,9,0,12 13,1,15,,33937,9,0,12 13,1,55,,33938,9,0,12 13,1,15,,33939,9,0,12 13,1,15,,33940,9,0,12 13,1,15,,33941,9,0,12 13,1,53,,33942,9,0,12 13,1,12,,33943,9,0,12 13,1,12,,33944,9,0,12 13,1,12,,33945,9,0,12 13,1,12,,33946,9,0,12 13,1,52,,33947,9,0,12 13,1,12,,33948,9,0,12 13,1,12,,33949,9,0,12 13,1,12,,33950,9,0,12 13,1,12,,33951,9,0,12 13,1,52,,33952,9,0,12 13,1,12,,33953,9,0,12 13,1,12,,33954,9,0,12 13,1,12,,33955,9,0,12 13,1,12,,33956,9,0,12 13,1,52,,33957,9,0,12 13,1,12,,33958,9,0,12 13,1,12,,33959,9,0,12 13,1,12,,33960,9,0,12 13,1,12,,33961,9,0,12 13,1,52,,33962,9,0,12 13,1,12,,33963,9,0,12 13,1,12,,33964,9,0,12 13,1,17,,33965,9,0,12 13,1,15,,33966,9,0,12 13,1,55,,33967,9,0,12 13,1,15,,33968,9,0,12 13,1,15,,33969,9,0,12 13,1,15,,33970,9,0,12 13,1,55,,33971,9,0,12 13,1,15,,33972,9,0,12 13,1,15,,33973,9,0,12 13,1,15,,33974,9,0,12 13,1,55,,33975,9,0,12 13,1,15,,33976,9,0,12 13,1,15,,33977,9,0,12 13,1,15,,33978,9,0,12 13,1,55,,33979,9,0,12 13,1,15,,33980,9,0,12 13,1,15,,33981,9,0,12 13,1,15,,33982,9,0,12 13,1,55,,33983,9,0,12 13,1,15,,33907,9,0,12 13,1,15,,33906,9,0,12 13,1,15,,33905,9,0,12 13,1,55,,33904,9,0,12 13,1,15,,33903,9,0,12 13,1,15,,33902,9,0,12 13,1,15,,33901,9,0,12 13,1,55,,33900,9,0,12 13,1
18002201,'022R-Weekday-3-26-09',613,,38338,9,0,12 13,1,12,,38339,9,0,12 13,1,12,,38340,9,0,12 13,1,12,,38341,9,0,12 13,1,52,,38342,9,0,12 13,1,12,,38343,9,0,12 13,1,12,,38344,9,0,12 13,1,12,,38345,9,0,12 13,1,12,,38346,9,0,12 13,1,52,,38347,9,0,12 13,1,12,,38348,9,0,12 13,1,12,,38349,9,0,12 13,1,12,,38350,9,0,12 13,1,12,,38351,9,0,12 13,1,52,,38352,9,0,12 13,1,12,,38353,9,0,12 13,1,12,,38354,9,0,12 13,1,18,,38355,9,0,12 13,1,60,,38356,9,0,12 13,1,15,,38357,9,0,12 13,1,15,,38358,9,0,12 13,1,15,,38359,9,0,12 13,1,55,,38360,9,0,12 13,1,15,,38361,9,0,12 13,1,15,,38362,9,0,12 13,1,15,,38363,9,0,12 13,1,55,,38364,9,0,12 13,1,15,,38365,9,0,12 13,1,15,,38366,9,0,12 13,1,15,,38367,9,0,12 13,1,55,,38368,9,0,12 13,1,15,,38369,9,0,12 13,1,15,,38370,9,0,12 13,1,15,,38371,9,0,12 13,1,53,,38372,9,0,12 13,1,12,,38373,9,0,12 13,1,12,,38374,9,0,12 13,1,12,,38375,9,0,12 13,1,12,,38376,9,0,12 13,1,52,,38377,9,0,12 13,1,12,,38378,9,0,12 13,1,12,,38379,9,0,12 13,1,12,,38380,9,0,12 13,1,12,,38381,9,0,12 13,1,52,,38382,9,0,12 13,1,12,,38383,9,0,12 13,1,12,,38384,9,0,12 13,1,12,,38385,9,0,12 13,1,12,,38386,9,0,12 13,1,52,,38387,9,0,12 13,1,12,,38388,9,0,12 13,1,12,,38389,9,0,12 13,1,12,,38390,9,0,12 13,1,12,,38391,9,0,12 13,1,52,,38392,9,0,12 13,1,12,,38393,9,0,12 13,1,12,,38394,9,0,12 13,1,17,,38395,9,0,12 13,1,15,,38396,9,0,12 13,1,55,,38397,9,0,12 13,1,15,,38398,9,0,12 13,1,15,,38399,9,0,12 13,1,15,,38400,9,0,12 13,1,55,,38401,9,0,12 13,1,15,,38402,9,0,12 13,1,15,,38403,9,0,12 13,1,15,,38404,9,0,12 13,1,55,,38405,9,0,12 13,1,15,,38406,9,0,12 13,1,15,,38407,9,0,12 13,1,15,,38408,9,0,12 13,1,55,,38409,9,0,12 13,1,15,,38410,9,0,12 13,1,15,,38411,9,0,12 13,1,15,,38412,9,0,12 13,1,55,,38413,9,0,12 13,1,15,,38337,9,0,12 13,1,15,,38336,9,0,12 13,1,15,,38335,9,0,12 13,1,55,,38334,9,0,12 13,1,15,,38333,9,0,12 13,1,15,,38332,9,0,12 13,1,15,,38331,9,0,12 13,1,55,,38330,9,0,12 13,1
18002201,'022R-Weekday-4-26-09',613,,33992,9,0,12 13,1,12,,33993,9,0,12 13,1,12,,33994,9,0,12 13,1,12,,33995,9,0,12 13,1,52,,33996,9,0,12 13,1,12,,33997,9,0,12 13,1,12,,33998,9,0,12 13,1,12,,33999,9,0,12 13,1,12,,34000,9,0,12 13,1,52,,34001,9,0,12 13,1,12,,34002,9,0,12 13,1,12,,34003,9,0,12 13,1,12,,34004,9,0,12 13,1,12,,34005,9,0,12 13,1,52,,34006,9,0,12 13,1,12,,34007,9,0,12 13,1,12,,34008,9,0,12 13,1,18,,34009,9,0,12 13,1,60,,34010,9,0,12 13,1,15,,34011,9,0,12 13,1,15,,34012,9,0,12 13,1,15,,34013,9,0,12 13,1,55,,34014,9,0,12 13,1,15,,34015,9,0,12 13,1,15,,34016,9,0,12 13,1,15,,34017,9,0,12 13,1,55,,34018,9,0,12 13,1,15,,34019,9,0,12 13,1,15,,34020,9,0,12 13,1,15,,34021,9,0,12 13,1,55,,34022,9,0,12 13,1,15,,34023,9,0,12 13,1,15,,34024,9,0,12 13,1,15,,34025,9,0,12 13,1,53,,34026,9,0,12 13,1,12,,34027,9,0,12 13,1,12,,34028,9,0,12 13,1,12,,34029,9,0,12 13,1,12,,34030,9,0,12 13,1,52,,34031,9,0,12 13,1,12,,34032,9,0,12 13,1,12,,34033,9,0,12 13,1,12,,34034,9,0,12 13,1,12,,34035,9,0,12 13,1,52,,34036,9,0,12 13,1,12,,34037,9,0,12 13,1,12,,34038,9,0,12 13,1,12,,34039,9,0,12 13,1,12,,34040,9,0,12 13,1,52,,34041,9,0,12 13,1,12,,34042,9,0,12 13,1,12,,34043,9,0,12 13,1,12,,34044,9,0,12 13,1,12,,34045,9,0,12 13,1,52,,34046,9,0,12 13,1,12,,34047,9,0,12 13,1,12,,34048,9,0,12 13,1,17,,34049,9,0,12 13,1,15,,34050,9,0,12 13,1,55,,34051,9,0,12 13,1,15,,34052,9,0,12 13,1,15,,34053,9,0,12 13,1,15,,34054,9,0,12 13,1,55,,34055,9,0,12 13,1,15,,34056,9,0,12 13,1,15,,34057,9,0,12 13,1,15,,34058,9,0,12 13,1,55,,34059,9,0,12 13,1,15,,34060,9,0,12 13,1,15,,34061,9,0,12 13,1,15,,34062,9,0,12 13,1,55,,34063,9,0,12 13,1,15,,34064,9,0,12 13,1,15,,34065,9,0,12 13,1,15,,34066,9,0,12 13,1,55,,34067,9,0,12 13,1,15,,33991,9,0,12 13,1,15,,33990,9,0,12 13,1,15,,33989,9,0,12 13,1,55,,33988,9,0,12 13,1,15,,33987,9,0,12 13,1,15,,33986,9,0,12 13,1,15,,33985,9,0,12 13,1,55,,33984,9,0,12 13,1
18002201,'022R-Weekday-5-26-09',613,,38422,9,0,12 13,1,12,,38423,9,0,12 13,1,12,,38424,9,0,12 13,1,12,,38425,9,0,12 13,1,52,,38426,9,0,12 13,1,12,,38427,9,0,12 13,1,12,,38428,9,0,12 13,1,12,,38429,9,0,12 13,1,12,,38430,9,0,12 13,1,52,,38431,9,0,12 13,1,12,,38432,9,0,12 13,1,12,,38433,9,0,12 13,1,12,,38434,9,0,12 13,1,12,,38435,9,0,12 13,1,52,,38436,9,0,12 13,1,12,,38437,9,0,12 13,1,12,,38438,9,0,12 13,1,18,,38439,9,0,12 13,1,60,,38440,9,0,12 13,1,15,,38441,9,0,12 13,1,15,,38442,9,0,12 13,1,15,,38443,9,0,12 13,1,55,,38444,9,0,12 13,1,15,,38445,9,0,12 13,1,15,,38446,9,0,12 13,1,15,,38447,9,0,12 13,1,55,,38448,9,0,12 13,1,15,,38449,9,0,12 13,1,15,,38450,9,0,12 13,1,15,,38451,9,0,12 13,1,55,,38452,9,0,12 13,1,15,,38453,9,0,12 13,1,15,,38454,9,0,12 13,1,15,,38455,9,0,12 13,1,53,,38456,9,0,12 13,1,12,,38457,9,0,12 13,1,12,,38458,9,0,12 13,1,12,,38459,9,0,12 13,1,12,,38460,9,0,12 13,1,52,,38461,9,0,12 13,1,12,,38462,9,0,12 13,1,12,,38463,9,0,12 13,1,12,,38464,9,0,12 13,1,12,,38465,9,0,12 13,1,52,,38466,9,0,12 13,1,12,,38467,9,0,12 13,1,12,,38468,9,0,12 13,1,12,,38469,9,0,12 13,1,12,,38470,9,0,12 13,1,52,,38471,9,0,12 13,1,12,,38472,9,0,12 13,1,12,,38473,9,0,12 13,1,12,,38474,9,0,12 13,1,12,,38475,9,0,12 13,1,52,,38476,9,0,12 13,1,12,,38477,9,0,12 13,1,12,,38478,9,0,12 13,1,17,,38479,9,0,12 13,1,15,,38480,9,0,12 13,1,55,,38481,9,0,12 13,1,15,,38482,9,0,12 13,1,15,,38483,9,0,12 13,1,15,,38484,9,0,12 13,1,55,,38485,9,0,12 13,1,15,,38486,9,0,12 13,1,15,,38487,9,0,12 13,1,15,,38488,9,0,12 13,1,55,,38489,9,0,12 13,1,15,,38490,9,0,12 13,1,15,,38491,9,0,12 13,1,15,,38492,9,0,12 13,1,55,,38493,9,0,12 13,1,15,,38494,9,0,12 13,1,15,,38495,9,0,12 13,1,15,,38496,9,0,12 13,1,55,,38497,9,0,12 13,1,15,,38421,9,0,12 13,1,15,,38420,9,0,12 13,1,15,,38419,9,0,12 13,1,55,,38418,9,0,12 13,1,15,,38417,9,0,12 13,1,15,,38416,9,0,12 13,1,15,,38415,9,0,12 13,1,55,,38414,9,0,12 13,1
18002201,'022R-Weekday-6-26-09',613,,38506,9,0,12 13,1,12,,38507,9,0,12 13,1,12,,38508,9,0,12 13,1,12,,38509,9,0,12 13,1,52,,38510,9,0,12 13,1,12,,38511,9,0,12 13,1,12,,38512,9,0,12 13,1,12,,38513,9,0,12 13,1,12,,38514,9,0,12 13,1,52,,38515,9,0,12 13,1,12,,38516,9,0,12 13,1,12,,38517,9,0,12 13,1,12,,38518,9,0,12 13,1,12,,38519,9,0,12 13,1,52,,38520,9,0,12 13,1,12,,38521,9,0,12 13,1,12,,38522,9,0,12 13,1,18,,38523,9,0,12 13,1,60,,38524,9,0,12 13,1,15,,38525,9,0,12 13,1,15,,38526,9,0,12 13,1,15,,38527,9,0,12 13,1,55,,38528,9,0,12 13,1,15,,38529,9,0,12 13,1,15,,38530,9,0,12 13,1,15,,38531,9,0,12 13,1,55,,38532,9,0,12 13,1,15,,38533,9,0,12 13,1,15,,38534,9,0,12 13,1,15,,38535,9,0,12 13,1,55,,38536,9,0,12 13,1,15,,38537,9,0,12 13,1,15,,38538,9,0,12 13,1,15,,38539,9,0,12 13,1,53,,38540,9,0,12 13,1,12,,38541,9,0,12 13,1,12,,38542,9,0,12 13,1,12,,38543,9,0,12 13,1,12,,38544,9,0,12 13,1,52,,38545,9,0,12 13,1,12,,38546,9,0,12 13,1,12,,38547,9,0,12 13,1,12,,38548,9,0,12 13,1,12,,38549,9,0,12 13,1,52,,38550,9,0,12 13,1,12,,38551,9,0,12 13,1,12,,38552,9,0,12 13,1,12,,38553,9,0,12 13,1,12,,38554,9,0,12 13,1,52,,38555,9,0,12 13,1,12,,38556,9,0,12 13,1,12,,38557,9,0,12 13,1,12,,38558,9,0,12 13,1,12,,38559,9,0,12 13,1,52,,38560,9,0,12 13,1,12,,38561,9,0,12 13,1,12,,38562,9,0,12 13,1,17,,38563,9,0,12 13,1,15,,38564,9,0,12 13,1,55,,38565,9,0,12 13,1,15,,38566,9,0,12 13,1,15,,38567,9,0,12 13,1,15,,38568,9,0,12 13,1,55,,38569,9,0,12 13,1,15,,38570,9,0,12 13,1,15,,38571,9,0,12 13,1,15,,38572,9,0,12 13,1,55,,38573,9,0,12 13,1,15,,38574,9,0,12 13,1,15,,38575,9,0,12 13,1,15,,38576,9,0,12 13,1,55,,38577,9,0,12 13,1,15,,38578,9,0,12 13,1,15,,38579,9,0,12 13,1,15,,38580,9,0,12 13,1,55,,38581,9,0,12 13,1,15,,38505,9,0,12 13,1,15,,38504,9,0,12 13,1,15,,38503,9,0,12 13,1,55,,38502,9,0,12 13,1,15,,38501,9,0,12 13,1,15,,38500,9,0,12 13,1,15,,38499,9,0,12 13,1,55,,38498,9,0,12 13,1
18002201,'022R-Weekday-7-26-09',613,,38590,9,0,12 13,1,12,,38591,9,0,12 13,1,12,,38592,9,0,12 13,1,12,,38593,9,0,12 13,1,52,,38594,9,0,12 13,1,12,,38595,9,0,12 13,1,12,,38596,9,0,12 13,1,12,,38597,9,0,12 13,1,12,,38598,9,0,12 13,1,52,,38599,9,0,12 13,1,12,,38600,9,0,12 13,1,12,,38601,9,0,12 13,1,12,,38602,9,0,12 13,1,12,,38603,9,0,12 13,1,52,,38604,9,0,12 13,1,12,,38605,9,0,12 13,1,12,,38606,9,0,12 13,1,18,,38607,9,0,12 13,1,60,,38608,9,0,12 13,1,15,,38609,9,0,12 13,1,15,,38610,9,0,12 13,1,15,,38611,9,0,12 13,1,55,,38612,9,0,12 13,1,15,,38613,9,0,12 13,1,15,,38614,9,0,12 13,1,15,,38615,9,0,12 13,1,55,,38616,9,0,12 13,1,15,,38617,9,0,12 13,1,15,,38618,9,0,12 13,1,15,,38619,9,0,12 13,1,55,,38620,9,0,12 13,1,15,,38621,9,0,12 13,1,15,,38622,9,0,12 13,1,15,,38623,9,0,12 13,1,53,,38624,9,0,12 13,1,12,,38625,9,0,12 13,1,12,,38626,9,0,12 13,1,12,,38627,9,0,12 13,1,12,,38628,9,0,12 13,1,52,,38629,9,0,12 13,1,12,,38630,9,0,12 13,1,12,,38631,9,0,12 13,1,12,,38632,9,0,12 13,1,12,,38633,9,0,12 13,1,52,,38634,9,0,12 13,1,12,,38635,9,0,12 13,1,12,,38636,9,0,12 13,1,12,,38637,9,0,12 13,1,12,,38638,9,0,12 13,1,52,,38639,9,0,12 13,1,12,,38640,9,0,12 13,1,12,,38641,9,0,12 13,1,12,,38642,9,0,12 13,1,12,,38643,9,0,12 13,1,52,,38644,9,0,12 13,1,12,,38645,9,0,12 13,1,12,,38646,9,0,12 13,1,17,,38647,9,0,12 13,1,15,,38648,9,0,12 13,1,55,,38649,9,0,12 13,1,15,,38650,9,0,12 13,1,15,,38651,9,0,12 13,1,15,,38652,9,0,12 13,1,55,,38653,9,0,12 13,1,15,,38654,9,0,12 13,1,15,,38655,9,0,12 13,1,15,,38656,9,0,12 13,1,55,,38657,9,0,12 13,1,15,,38658,9,0,12 13,1,15,,38659,9,0,12 13,1,15,,38660,9,0,12 13,1,55,,38661,9,0,12 13,1,15,,38662,9,0,12 13,1,15,,38663,9,0,12 13,1,15,,38664,9,0,12 13,1,55,,38665,9,0,12 13,1,15,,38589,9,0,12 13,1,15,,38588,9,0,12 13,1,15,,38587,9,0,12 13,1,55,,38586,9,0,12 13,1,15,,38585,9,0,12 13,1,15,,38584,9,0,12 13,1,15,,38583,9,0,12 13,1,55,,38582,9,0,12 13,1
18002201,'022R-Saturday-1-26-09',611,,34068,9,0,12 13,1,15,,34069,9,0,12 13,1,15,,34070,9,0,12 13,1,15,,34071,9,0,12 13,1,55,,34072,9,0,12 13,1,15,,34073,9,0,12 13,1,15,,34074,9,0,12 13,1,15,,34075,9,0,12 13,1,55,,34076,9,0,12 13,1,15,,34077,9,0,12 13,1,15,,34078,9,0,12 13,1,15,,34079,9,0,12 13,1,55,,34080,9,0,12 13,1,15,,34081,9,0,12 13,1,15,,34082,9,0,12 13,1,15,,34083,9,0,12 13,1,55,,34084,9,0,12 13,1,15,,34085,9,0,12 13,1,15,,34086,9,0,12 13,1,15,,34087,9,0,12 13,1,55,,34088,9,0,12 13,1,15,,34089,9,0,12 13,1,15,,34090,9,0,12 13,1,15,,34091,9,0,12 13,1,55,,34092,9,0,12 13,1,15,,34093,9,0,12 13,1,15,,34094,9,0,12 13,1,15,,34095,9,0,12 13,1,55,,34096,9,0,12 13,1,15,,34097,9,0,12 13,1,15,,34098,9,0,12 13,1,15,,34099,9,0,12 13,1,55,,34100,9,0,12 13,1,15,,34101,9,0,12 13,1,15,,34102,9,0,12 13,1,15,,34103,9,0,12 13,1,55,,34104,9,0,12 13,1,15,,34105,9,0,12 13,1,15,,34106,9,0,12 13,1,15,,34107,9,0,12 13,1,55,,34108,9,0,12 13,1,15,,34109,9,0,12 13,1,15,,34110,9,0,12 13,1,15,,34111,9,0,12 13,1,55,,34112,9,0,12 13,1,15,,34113,9,0,12 13,1,15,,34114,9,0,12 13,1,15,,34115,9,0,12 13,1,55,,34116,9,0,12 13,1,15,,34117,9,0,12 13,1,15,,34118,9,0,12 13,1,15,,34119,9,0,12 13,1,55,,34120,9,0,12 13,1,15,,34121,9,0,12 13,1,15,,34122,9,0,12 13,1,15,,34123,9,0,12 13,1,55,,34124,9,0,12 13,1,15,,34125,9,0,12 13,1,15,,34126,9,0,12 13,1,15,,34127,9,0,12 13,1,55,,34128,9,0,12 13,1,15,,34129,9,0,12 13,1,15,,34130,9,0,12 13,1,15,,34131,9,0,12 13,1,55,,34132,9,0,12 13,1,15,,34133,9,0,12 13,1,15,,34134,9,0,12 13,1,15,,34135,9,0,12 13,1,55,,34136,9,0,12 13,1,15,,34137,9,0,12 13,1,15,,34138,9,0,12 13,1,15,,34139,9,0,12 13,1,55,,34140,9,0,12 13,1,15,,34141,9,0,12 13,1,15,,34142,9,0,12 13,1,15,,34143,9,0,12 13,1,55,,34144,9,0,12 13,1
18002201,'022R-Saturday-2-26-09',529,,38744,6,,,1,15,,38743,6,,,1,15,,38666,9,,,1,55,,38667,9,,,1,15,,38668,9,,,1,15,,38669,9,,,1,15,,38670,9,,,1,55,,38671,9,,,1,15,,38672,9,,,1,15,,38673,9,,,1,15,,38674,9,,,1,55,,38675,9,,,1,15,,38676,9,,,1,15,,38677,9,,,1,15,,38678,9,,,1,55,,38679,9,,,1,15,,38680,9,,,1,15,,38681,9,,,1,15,,38682,9,,,1,55,,38683,9,,,1,15,,38684,9,,,1,15,,38685,9,,,1,15,,38686,9,,,1,55,,38687,9,,,1,15,,38688,9,,,1,15,,38689,9,,,1,15,,38690,9,,,1,55,,38691,9,,,1,15,,38692,9,,,1,15,,38693,9,,,1,15,,38694,9,,,1,55,,38695,9,,,1,15,,38696,9,,,1,15,,38697,9,,,1,15,,38698,9,,,1,55,,38699,9,,,1,15,,38700,9,,,1,15,,38701,9,,,1,15,,38702,9,,,1,55,,38703,9,,,1,15,,38704,9,,,1,15,,38705,9,,,1,15,,38706,9,,,1,55,,38707,9,,,1,15,,38708,9,,,1,15,,38709,9,,,1,15,,38710,9,,,1,55,,38711,9,,,1,15,,38712,9,,,1,15,,38713,9,,,1,15,,38714,9,,,1,55,,38715,9,,,1,15,,38716,9,,,1,15,,38717,9,,,1,15,,38718,9,,,1,55,,38719,9,,,1,15,,38720,9,,,1,15,,38721,9,,,1,15,,38722,9,,,1,55,,38723,9,,,1,15,,38724,9,,,1,15,,38725,9,,,1,15,,38726,9,,,1,55,,38727,9,,,1,15,,38728,9,,,1,15,,38729,9,,,1,15,,38730,9,,,1,55,,38731,9,,,1,15,,38732,9,,,1,15,,38733,9,,,1,15,,38734,9,,,1,55,,38735,9,,,1,15,,38736,9,,,1,15,,38737,9,,,1,15,,38738,9,,,1,55,,38739,9,,,1,15,,38740,9,,,1,15,,38741,9,,,1,15,,38742,9,,,1
18002201,'022R-Saturday-4-26-09',1614,,38898,9,0,12 13,1,15,,38897,9,0,12 13,1,15,,38896,9,0,12 13,1,12,,38822,9,0,12 13,1,55,,38823,9,0,12 13,1,15,,38824,9,0,12 13,1,15,,38825,9,0,12 13,1,15,,38826,9,0,12 13,1,55,,38827,9,0,12 13,1,15,,38828,9,0,12 13,1,15,,38829,9,0,12 13,1,15,,38830,9,0,12 13,1,55,,38831,9,0,12 13,1,15,,38832,9,0,12 13,1,15,,38833,9,0,12 13,1,15,,38834,9,0,12 13,1,55,,38835,9,0,12 13,1,15,,38836,9,0,12 13,1,15,,38837,9,0,12 13,1,15,,38838,9,0,12 13,1,55,,38839,9,0,12 13,1,15,,38840,9,0,12 13,1,15,,38841,9,0,12 13,1,15,,38842,9,0,12 13,1,55,,38843,9,0,12 13,1,15,,38844,9,0,12 13,1,15,,38845,9,0,12 13,1,15,,38846,9,0,12 13,1,55,,38847,9,0,12 13,1,15,,38848,9,0,12 13,1,15,,38849,9,0,12 13,1,15,,38850,9,0,12 13,1,55,,38851,9,0,12 13,1,15,,38852,9,0,12 13,1,15,,38853,9,0,12 13,1,15,,38854,9,0,12 13,1,55,,38855,9,0,12 13,1
18002201,'022R-Sunday-1-26-09',626,,34145,9,0,12 13,1,15,,34146,9,0,12 13,1,15,,34147,9,0,12 13,1,55,,34148,9,0,12 13,1,15,,34149,9,0,12 13,1,15,,34150,9,0,12 13,1,15,,34151,9,0,12 13,1,55,,34152,9,0,12 13,1,15,,34153,9,0,12 13,1,15,,34154,9,0,12 13,1,15,,34155,9,0,12 13,1,55,,34156,9,0,12 13,1,15,,34157,9,0,12 13,1,15,,34158,9,0,12 13,1,15,,34159,9,0,12 13,1,55,,34160,9,0,12 13,1,15,,34161,9,0,12 13,1,15,,34162,9,0,12 13,1,15,,34163,9,0,12 13,1,55,,34164,9,0,12 13,1,15,,34165,9,0,12 13,1,15,,34166,9,0,12 13,1,15,,34167,9,0,12 13,1,55,,34168,9,0,12 13,1,15,,34169,9,0,12 13,1,15,,34170,9,0,12 13,1,15,,34171,9,0,12 13,1,55,,34172,9,0,12 13,1,15,,34173,9,0,12 13,1,15,,34174,9,0,12 13,1,15,,34175,9,0,12 13,1,55,,34176,9,0,12 13,1,15,,34177,9,0,12 13,1,15,,34178,9,0,12 13,1,15,,34179,9,0,12 13,1,55,,34180,9,0,12 13,1,15,,34181,9,0,12 13,1,15,,34182,9,0,12 13,1,15,,34183,9,0,12 13,1,55,,34184,9,0,12 13,1,15,,34185,9,0,12 13,1,15,,34186,9,0,12 13,1,15,,34187,9,0,12 13,1,55,,34188,9,0,12 13,1,15,,34189,9,0,12 13,1,15,,34190,9,0,12 13,1,15,,34191,9,0,12 13,1,55,,34192,9,0,12 13,1,15,,34193,9,0,12 13,1,15,,34194,9,0,12 13,1,15,,34195,9,0,12 13,1,55,,34196,9,0,12 13,1,15,,34197,9,0,12 13,1,15,,34198,9,0,12 13,1,15,,34199,9,0,12 13,1,55,,34200,9,0,12 13,1,15,,34201,9,0,12 13,1,15,,34202,9,0,12 13,1,15,,34203,9,0,12 13,1,55,,34204,9,0,12 13,1,15,,34205,9,0,12 13,1,15,,34206,9,0,12 13,1,15,,34207,9,0,12 13,1,55,,34208,9,0,12 13,1,15,,34209,9,0,12 13,1,15,,34210,9,0,12 13,1,15,,34211,9,0,12 13,1,55,,34212,9,0,12 13,1,15,,34213,9,0,12 13,1,15,,34214,9,0,12 13,1,15,,34215,9,0,12 13,1,55,,34216,9,0,12 13,1
18002201,'022R-Sunday-2-26-09',559,,38901,6,,,1,55,,38900,6,,,1,15,,38903,9,,,1,15,,38904,9,,,1,15,,38905,9,,,1,55,,38906,9,,,1,15,,38907,9,,,1,15,,38908,9,,,1,15,,38909,9,,,1,55,,38910,9,,,1,15,,38911,9,,,1,15,,38912,9,,,1,15,,38913,9,,,1,55,,38914,9,,,1,15,,38915,9,,,1,15,,38916,9,,,1,15,,38917,9,,,1,55,,38918,9,,,1,15,,38919,9,,,1,15,,38920,9,,,1,15,,38921,9,,,1,55,,38922,9,,,1,15,,38923,9,,,1,15,,38924,9,,,1,15,,38925,9,,,1,55,,38926,9,,,1,15,,38927,9,,,1,15,,38928,9,,,1,15,,38929,9,,,1,55,,38930,9,,,1,15,,38931,9,,,1,15,,38932,9,,,1,15,,38933,9,,,1,55,,38934,9,,,1,15,,38935,9,,,1,15,,38936,9,,,1,15,,38937,9,,,1,55,,38938,9,,,1,15,,38939,9,,,1,15,,38940,9,,,1,15,,38941,9,,,1,55,,38942,9,,,1,15,,38943,9,,,1,15,,38944,9,,,1,15,,38945,9,,,1,55,,38946,9,,,1,15,,38947,9,,,1,15,,38948,9,,,1,15,,38949,9,,,1,55,,38950,9,,,1,15,,38951,9,,,1,15,,38952,9,,,1,15,,38953,9,,,1,55,,38954,9,,,1,15,,38955,9,,,1,15,,38956,9,,,1,15,,38957,9,,,1,55,,38958,9,,,1,15,,38959,9,,,1,15,,38960,9,,,1,15,,38961,9,,,1,55,,38962,9,,,1,15,,38963,9,,,1,15,,38964,9,,,1,15,,38965,9,,,1,55,,38966,9,,,1,15,,38967,9,,,1,15,,38968,9,,,1,15,,38969,9,,,1,55,,38970,9,,,1,15,,38971,9,,,1,15,,38902,9,,,1,15,,38899,9,,,1
18002201,'022R-Sunday-6-26-09',1826,,39116,9,0,12 13,1,15,,39117,9,0,12 13,1,15,,39118,9,0,12 13,1,55,,39119,9,0,12 13,1,15,,39120,9,0,12 13,1,15,,39121,9,0,12 13,1,15,,39122,9,0,12 13,1,55,,39123,9,0,12 13,1,15,,39124,9,0,12 13,1,15,,39125,9,0,12 13,1,15,,39126,9,0,12 13,1,55,,39127,9,0,12 13,1,15,,39128,9,0,12 13,1,15,,39129,9,0,12 13,1,15,,39130,9,0,12 13,1,55,,39131,9,0,12 13,1,15,,39132,9,0,12 13,1,15,,39133,9,0,12 13,1,15,,39134,9,0,12 13,1,55,,39135,9,0,12 13,1,15,,39136,9,0,12 13,1,15,,39137,9,0,12 13,1,15,,39138,9,0,12 13,1,55,,39139,9,0,12 13,1
