18002301,'20260913-Sunday-1-26-09',527,,35104,6,,,1,15,,35120,6,,,1,15,,35058,6,,,1,55,,35074,6,,,1,15,,35089,6,,,1,15,,35105,6,,,1,15,,35121,6,,,1,55,,35059,6,,,1,15,,35075,6,,,1,15,,35090,6,,,1,15,,35106,6,,,1,55,,35122,6,,,1,15,,35060,6,,,1,15,,35076,6,,,1,15,,35091,6,,,1,55,,35107,6,,,1,15,,35123,6,,,1,15,,35061,6,,,1,15,,35077,6,,,1,55,,35092,6,,,1,15,,35108,6,,,1,15,,35124,6,,,1,15,,35062,6,,,1,55,,35078,6,,,1,15,,35093,6,,,1,15,,35109,6,,,1,15,,35125,6,,,1,55,,35063,6,,,1,15,,35079,6,,,1,15,,35094,6,,,1,15,,35110,6,,,1,55,,35126,6,,,1,15,,35064,6,,,1,15,,35080,6,,,1,15,,35095,6,,,1,55,,35111,6,,,1,15,,35127,6,,,1,15,,35065,6,,,1,15,,35081,6,,,1,55,,35096,6,,,1,15,,35112,6,,,1,15,,35128,6,,,1,15,,35066,6,,,1,55,,35082,6,,,1,15,,35097,6,,,1,15,,35113,6,,,1,15,,35129,6,,,1,55,,35067,6,,,1,15,,35083,6,,,1,15,,35098,6,,,1,15,,35114,6,,,1,55,,35130,6,,,1,15,,35068,6,,,1,15,,35084,6,,,1,15,,35099,6,,,1,55,,35115,6,,,1,15,,35131,6,,,1,15,,35069,6,,,1,15,,35085,6,,,1,55,,35100,6,,,1,15,,35116,6,,,1,15,,35132,6,,,1,15,,35070,6,,,1,55,,35086,6,,,1,15,,35101,6,,,1,15,,35117,6,,,1,15,,35133,6,,,1,55,,35071,6,,,1,15,,35087,6,,,1,15,,35102,6,,,1,15,,35118,6,,,1,55,,35134,6,,,1,15,,35072,6,,,1,15,,35088,6,,,1,15,,35103,6,,,1,55,,35119,6,,,1,15,,35135,6,,,1,15,,35073,6,,,1
18002301,'20260914-Weekday-1-26-09',526,,35182,6,,,1,10,,35200,6,,,1,10,,35136,6,,,1,10,,35159,6,,,1,50,,35148,6,,,1,5,,35275,6,,,1,5,,35171,6,,,1,5,,35259,6,,,1,5,,35215,6,,,1,5,,35292,6,,,1,5,,35183,6,,,1,5,,35201,6,,,1,5,,35232,6,,,1,5,,35137,6,,,1,5,,35243,6,,,1,45,,35160,6,,,1,5,,35251,6,,,1,5,,35149,6,,,1,5,,35276,6,,,1,5,,35172,6,,,1,5,,35260,6,,,1,5,,35216,6,,,1,5,,35293,6,,,1,5,,35184,6,,,1,5,,35202,6,,,1,5,,35233,6,,,1,5,,35138,6,,,1,45,,35244,6,,,1,5,,35161,6,,,1,5,,35252,6,,,1,5,,35150,6,,,1,5,,35277,6,,,1,5,,35173,6,,,1,5,,35261,6,,,1,5,,35217,6,,,1,5,,35294,6,,,1,5,,35185,6,,,1,5,,35203,6,,,1,5,,35234,6,,,1,45,,35139,6,,,1,5,,35245,6,,,1,5,,35162,6,,,1,5,,35253,6,,,1,5,,35151,6,,,1,5,,35278,6,,,1,5,,35174,6,,,1,5,,35262,6,,,1,5,,35218,6,,,1,5,,35295,6,,,1,5,,35186,6,,,1,5,,35204,6,,,1,45,,35235,6,,,1,5,,35140,6,,,1,6,,35246,6,,,1,10,,35163,6,,,1,10,,35279,6,,,1,10,,35263,6,,,1,10,,35219,6,,,1,50,,35187,6,,,1,10,,35236,6,,,1,10,,35141,6,,,1,10,,35164,6,,,1,10,,35280,6,,,1,10,,35264,6,,,1,50,,35220,6,,,1,10,,35188,6,,,1,10,,35237,6,,,1,10,,35142,6,,,1,10,,35165,6,,,1,10,,35281,6,,,1,50,,35265,6,,,1,10,,35221,6,,,1,10,,35189,6,,,1,10,,35238,6,,,1,10,,35143,6,,,1,10,,35166,6,,,1,50,,35282,6,,,1,9,,35254,6,,,1,5,,35152,6,,,1,5,,35222,6,,,1,5,,35296,6,,,1,5,,35190,6,,,1,5,,35205,6,,,1,5,,35239,6,,,1,5,,35266,6,,,1,5,,35247,6,,,1,5,,35144,6,,,1,45,,35175,6,,,1,5,,35167,6,,,1,5,,35283,6,,,1,5,,35255,6,,,1,5,,35153,6,,,1,5,,35223,6,,,1,5,,35297,6,,,1,5,,35191,6,,,1,5,,35206,6,,,1,5,,35240,6,,,1,5,,35267,6,,,1,5,,35248,6,,,1,45,,35145,6,,,1,5,,35176,6,,,1,5,,35168,6,,,1,5,,35284,6,,,1,5,,35256,6,,,1,5,,35154,6,,,1,5,,35224,6,,,1,5,,35298,6,,,1,5,,35192,6,,,1,5,,35207,6,,,1,5,,35241,6,,,1,5,,35268,6,,,1,45,,35249,6,,,1,5,,35146,6,,,1,5,,35177,6,,,1,5,,35169,6,,,1,5,,35285,6,,,1,5,,35257,6,,,1,5,,35155,6,,,1,5,,35225,6,,,1,5,,35299,6,,,1,5,,35193,6,,,1,5,,35208,6,,,1,5,,35242,6,,,1,45,,35269,6,,,1,5,,35250,6,,,1,5,,35147,6,,,1,5,,35178,6,,,1,5,,35170,6,,,1,5,,35286,6,,,1,5,,35258,6,,,1,6,,35156,6,,,1,10,,35226,6,,,1,10,,35194,6,,,1,50,,35209,6,,,1,10,,35270,6,,,1,10,,35179,6,,,1,10,,35287,6,,,1,10,,35157,6,,,1,10,,35227,6,,,1,50,,35195,6,,,1,10,,35210,6,,,1,10,,35271,6,,,1,10,,35180,6,,,1,10,,35288,6,,,1,10,,35158,6,,,1,50,,35228,6,,,1,10,,35196,6,,,1,10,,35211,6,,,1,10,,35272,6,,,1,10,,35181,6,,,1,55,,35289,6,,,1,15,,35229,6,,,1,15,,35197,6,,,1,15,,35212,6,,,1,55,,35273,6,,,1,15,,35290,6,,,1,15,,35230,6,,,1,15,,35198,6,,,1,55,,35213,6,,,1,15,,35274,6,,,1,15,,35291,6,,,1,15,,35231,6,,,1,55,,35199,6,,,1,15,,35214,6,,,1
18002301,'20260914-Weekday-2-26-09',526,,35346,6,,,1,10,,35364,6,,,1,10,,35300,6,,,1,10,,35323,6,,,1,50,,35312,6,,,1,5,,35439,6,,,1,5,,35335,6,,,1,5,,35423,6,,,1,5,,35379,6,,,1,5,,35456,6,,,1,5,,35347,6,,,1,5,,35365,6,,,1,5,,35396,6,,,1,5,,35301,6,,,1,5,,35407,6,,,1,45,,35324,6,,,1,5,,35415,6,,,1,5,,35313,6,,,1,5,,35440,6,,,1,5,,35336,6,,,1,5,,35424,6,,,1,5,,35380,6,,,1,5,,35457,6,,,1,5,,35348,6,,,1,5,,35366,6,,,1,5,,35397,6,,,1,5,,35302,6,,,1,45,,35408,6,,,1,5,,35325,6,,,1,5,,35416,6,,,1,5,,35314,6,,,1,5,,35441,6,,,1,5,,35337,6,,,1,5,,35425,6,,,1,5,,35381,6,,,1,5,,35458,6,,,1,5,,35349,6,,,1,5,,35367,6,,,1,5,,35398,6,,,1,45,,35303,6,,,1,5,,35409,6,,,1,5,,35326,6,,,1,5,,35417,6,,,1,5,,35315,6,,,1,5,,35442,6,,,1,5,,35338,6,,,1,5,,35426,6,,,1,5,,35382,6,,,1,5,,35459,6,,,1,5,,35350,6,,,1,5,,35368,6,,,1,45,,35399,6,,,1,5,,35304,6,,,1,6,,35410,6,,,1,10,,35327,6,,,1,10,,35443,6,,,1,10,,35427,6,,,1,10,,35383,6,,,1,50,,35351,6,,,1,10,,35400,6,,,1,10,,35305,6,,,1,10,,35328,6,,,1,10,,35444,6,,,1,10,,35428,6,,,1,50,,35384,6,,,1,10,,35352,6,,,1,10,,35401,6,,,1,10,,35306,6,,,1,10,,35329,6,,,1,10,,35445,6,,,1,50,,35429,6,,,1,10,,35385,6,,,1,10,,35353,6,,,1,10,,35402,6,,,1,10,,35307,6,,,1,10,,35330,6,,,1,50,,35446,6,,,1,9,,35418,6,,,1,5,,35316,6,,,1,5,,35386,6,,,1,5,,35460,6,,,1,5,,35354,6,,,1,5,,35369,6,,,1,5,,35403,6,,,1,5,,35430,6,,,1,5,,35411,6,,,1,5,,35308,6,,,1,45,,35339,6,,,1,5,,35331,6,,,1,5,,35447,6,,,1,5,,35419,6,,,1,5,,35317,6,,,1,5,,35387,6,,,1,5,,35461,6,,,1,5,,35355,6,,,1,5,,35370,6,,,1,5,,35404,6,,,1,5,,35431,6,,,1,5,,35412,6,,,1,45,,35309,6,,,1,5,,35340,6,,,1,5,,35332,6,,,1,5,,35448,6,,,1,5,,35420,6,,,1,5,,35318,6,,,1,5,,35388,6,,,1,5,,35462,6,,,1,5,,35356,6,,,1,5,,35371,6,,,1,5,,35405,6,,,1,5,,35432,6,,,1,45,,35413,6,,,1,5,,35310,6,,,1,5,,35341,6,,,1,5,,35333,6,,,1,5,,35449,6,,,1,5,,35421,6,,,1,5,,35319,6,,,1,5,,35389,6,,,1,5,,35463,6,,,1,5,,35357,6,,,1,5,,35372,6,,,1,5,,35406,6,,,1,45,,35433,6,,,1,5,,35414,6,,,1,5,,35311,6,,,1,5,,35342,6,,,1,5,,35334,6,,,1,5,,35450,6,,,1,5,,35422,6,,,1,6,,35320,6,,,1,10,,35390,6,,,1,10,,35358,6,,,1,50,,35373,6,,,1,10,,35434,6,,,1,10,,35343,6,,,1,10,,35451,6,,,1,10,,35321,6,,,1,10,,35391,6,,,1,50,,35359,6,,,1,10,,35374,6,,,1,10,,35435,6,,,1,10,,35344,6,,,1,10,,35452,6,,,1,10,,35322,6,,,1,50,,35392,6,,,1,10,,35360,6,,,1,10,,35375,6,,,1,10,,35436,6,,,1,10,,35345,6,,,1,55,,35453,6,,,1,15,,35393,6,,,1,15,,35361,6,,,1,15,,35376,6,,,1,55,,35437,6,,,1,15,,35454,6,,,1,15,,35394,6,,,1,15,,35362,6,,,1,55,,35377,6,,,1,15,,35438,6,,,1,15,,35455,6,,,1,15,,35395,6,,,1,55,,35363,6,,,1,15,,35378,6,,,1
18002301,'20260914-Weekday-3-26-09',526,,39882,6,,,1,10,,39900,6,,,1,10,,39836,6,,,1,10,,39859,6,,,1,50,,39848,6,,,1,5,,39975,6,,,1,5,,39871,6,,,1,5,,39959,6,,,1,5,,39915,6,,,1,5,,39992,6,,,1,5,,39883,6,,,1,5,,39901,6,,,1,5,,39932,6,,,1,5,,39837,6,,,1,5,,39943,6,,,1,45,,39860,6,,,1,5,,39951,6,,,1,5,,39849,6,,,1,5,,39976,6,,,1,5,,39872,6,,,1,5,,39960,6,,,1,5,,39916,6,,,1,5,,39993,6,,,1,5,,39884,6,,,1,5,,39902,6,,,1,5,,39933,6,,,1,5,,39838,6,,,1,45,,39944,6,,,1,5,,39861,6,,,1,5,,39952,6,,,1,5,,39850,6,,,1,5,,39977,6,,,1,5,,39873,6,,,1,5,,39961,6,,,1,5,,39917,6,,,1,5,,39994,6,,,1,5,,39885,6,,,1,5,,39903,6,,,1,5,,39934,6,,,1,45,,39839,6,,,1,5,,39945,6,,,1,5,,39862,6,,,1,5,,39953,6,,,1,5,,39851,6,,,1,5,,39978,6,,,1,5,,39874,6,,,1,5,,39962,6,,,1,5,,39918,6,,,1,5,,39995,6,,,1,5,,39886,6,,,1,5,,39904,6,,,1,45,,39935,6,,,1,5,,39840,6,,,1,6,,39946,6,,,1,10,,39863,6,,,1,10,,39979,6,,,1,10,,39963,6,,,1,10,,39919,6,,,1,50,,39887,6,,,1,10,,39936,6,,,1,10,,39841,6,,,1,10,,39864,6,,,1,10,,39980,6,,,1,10,,39964,6,,,1,50,,39920,6,,,1,10,,39888,6,,,1,10,,39937,6,,,1,10,,39842,6,,,1,10,,39865,6,,,1,10,,39981,6,,,1,50,,39965,6,,,1,10,,39921,6,,,1,10,,39889,6,,,1,10,,39938,6,,,1,10,,39843,6,,,1,10,,39866,6,,,1,50,,39982,6,,,1,9,,39954,6,,,1,5,,39852,6,,,1,5,,39922,6,,,1,5,,39996,6,,,1,5,,39890,6,,,1,5,,39905,6,,,1,5,,39939,6,,,1,5,,39966,6,,,1,5,,39947,6,,,1,5,,39844,6,,,1,45,,39875,6,,,1,5,,39867,6,,,1,5,,39983,6,,,1,5,,39955,6,,,1,5,,39853,6,,,1,5,,39923,6,,,1,5,,39997,6,,,1,5,,39891,6,,,1,5,,39906,6,,,1,5,,39940,6,,,1,5,,39967,6,,,1,5,,39948,6,,,1,45,,39845,6,,,1,5,,39876,6,,,1,5,,39868,6,,,1,5,,39984,6,,,1,5,,39956,6,,,1,5,,39854,6,,,1,5,,39924,6,,,1,5,,39998,6,,,1,5,,39892,6,,,1,5,,39907,6,,,1,5,,39941,6,,,1,5,,39968,6,,,1,45,,39949,6,,,1,5,,39846,6,,,1,5,,39877,6,,,1,5,,39869,6,,,1,5,,39985,6,,,1,5,,39957,6,,,1,5,,39855,6,,,1,5,,39925,6,,,1,5,,39999,6,,,1,5,,39893,6,,,1,5,,39908,6,,,1,5,,39942,6,,,1,45,,39969,6,,,1,5,,39950,6,,,1,5,,39847,6,,,1,5,,39878,6,,,1,5,,39870,6,,,1,5,,39986,6,,,1,5,,39958,6,,,1,6,,39856,6,,,1,10,,39926,6,,,1,10,,39894,6,,,1,50,,39909,6,,,1,10,,39970,6,,,1,10,,39879,6,,,1,10,,39987,6,,,1,10,,39857,6,,,1,10,,39927,6,,,1,50,,39895,6,,,1,10,,39910,6,,,1,10,,39971,6,,,1,10,,39880,6,,,1,10,,39988,6,,,1,10,,39858,6,,,1,50,,39928,6,,,1,10,,39896,6,,,1,10,,39911,6,,,1,10,,39972,6,,,1,10,,39881,6,,,1,55,,39989,6,,,1,15,,39929,6,,,1,15,,39897,6,,,1,15,,39912,6,,,1,55,,39973,6,,,1,15,,39990,6,,,1,15,,39930,6,,,1,15,,39898,6,,,1,55,,39913,6,,,1,15,,39974,6,,,1,15,,39991,6,,,1,15,,39931,6,,,1,55,,39899,6,,,1,15,,39914,6,,,1
18002301,'20260914-Weekday-4-26-09',526,,35510,6,,,1,10,,35528,6,,,1,10,,35464,6,,,1,10,,35487,6,,,1,50,,35476,6,,,1,5,,35603,6,,,1,5,,35499,6,,,1,5,,35587,6,,,1,5,,35543,6,,,1,5,,35620,6,,,1,5,,35511,6,,,1,5,,35529,6,,,1,5,,35560,6,,,1,5,,35465,6,,,1,5,,35571,6,,,1,45,,35488,6,,,1,5,,35579,6,,,1,5,,35477,6,,,1,5,,35604,6,,,1,5,,35500,6,,,1,5,,35588,6,,,1,5,,35544,6,,,1,5,,35621,6,,,1,5,,35512,6,,,1,5,,35530,6,,,1,5,,35561,6,,,1,5,,35466,6,,,1,45,,35572,6,,,1,5,,35489,6,,,1,5,,35580,6,,,1,5,,35478,6,,,1,5,,35605,6,,,1,5,,35501,6,,,1,5,,35589,6,,,1,5,,35545,6,,,1,5,,35622,6,,,1,5,,35513,6,,,1,5,,35531,6,,,1,5,,35562,6,,,1,45,,35467,6,,,1,5,,35573,6,,,1,5,,35490,6,,,1,5,,35581,6,,,1,5,,35479,6,,,1,5,,35606,6,,,1,5,,35502,6,,,1,5,,35590,6,,,1,5,,35546,6,,,1,5,,35623,6,,,1,5,,35514,6,,,1,5,,35532,6,,,1,45,,35563,6,,,1,5,,35468,6,,,1,6,,35574,6,,,1,10,,35491,6,,,1,10,,35607,6,,,1,10,,35591,6,,,1,10,,35547,6,,,1,50,,35515,6,,,1,10,,35564,6,,,1,10,,35469,6,,,1,10,,35492,6,,,1,10,,35608,6,,,1,10,,35592,6,,,1,50,,35548,6,,,1,10,,35516,6,,,1,10,,35565,6,,,1,10,,35470,6,,,1,10,,35493,6,,,1,10,,35609,6,,,1,50,,35593,6,,,1,10,,35549,6,,,1,10,,35517,6,,,1,10,,35566,6,,,1,10,,35471,6,,,1,10,,35494,6,,,1,50,,35610,6,,,1,9,,35582,6,,,1,5,,35480,6,,,1,5,,35550,6,,,1,5,,35624,6,,,1,5,,35518,6,,,1,5,,35533,6,,,1,5,,35567,6,,,1,5,,35594,6,,,1,5,,35575,6,,,1,5,,35472,6,,,1,45,,35503,6,,,1,5,,35495,6,,,1,5,,35611,6,,,1,5,,35583,6,,,1,5,,35481,6,,,1,5,,35551,6,,,1,5,,35625,6,,,1,5,,35519,6,,,1,5,,35534,6,,,1,5,,35568,6,,,1,5,,35595,6,,,1,5,,35576,6,,,1,45,,35473,6,,,1,5,,35504,6,,,1,5,,35496,6,,,1,5,,35612,6,,,1,5,,35584,6,,,1,5,,35482,6,,,1,5,,35552,6,,,1,5,,35626,6,,,1,5,,35520,6,,,1,5,,35535,6,,,1,5,,35569,6,,,1,5,,35596,6,,,1,45,,35577,6,,,1,5,,35474,6,,,1,5,,35505,6,,,1,5,,35497,6,,,1,5,,35613,6,,,1,5,,35585,6,,,1,5,,35483,6,,,1,5,,35553,6,,,1,5,,35627,6,,,1,5,,35521,6,,,1,5,,35536,6,,,1,5,,35570,6,,,1,45,,35597,6,,,1,5,,35578,6,,,1,5,,35475,6,,,1,5,,35506,6,,,1,5,,35498,6,,,1,5,,35614,6,,,1,5,,35586,6,,,1,6,,35484,6,,,1,10,,35554,6,,,1,10,,35522,6,,,1,50,,35537,6,,,1,10,,35598,6,,,1,10,,35507,6,,,1,10,,35615,6,,,1,10,,35485,6,,,1,10,,35555,6,,,1,50,,35523,6,,,1,10,,35538,6,,,1,10,,35599,6,,,1,10,,35508,6,,,1,10,,35616,6,,,1,10,,35486,6,,,1,50,,35556,6,,,1,10,,35524,6,,,1,10,,35539,6,,,1,10,,35600,6,,,1,10,,35509,6,,,1,55,,35617,6,,,1,15,,35557,6,,,1,15,,35525,6,,,1,15,,35540,6,,,1,55,,35601,6,,,1,15,,35618,6,,,1,15,,35558,6,,,1,15,,35526,6,,,1,55,,35541,6,,,1,15,,35602,6,,,1,15,,35619,6,,,1,15,,35559,6,,,1,55,,35527,6,,,1,15,,35542,6,,,1
18002301,'20260914-Weekday-5-26-09',526,,40046,6,,,1,10,,40064,6,,,1,10,,40000,6,,,1,10,,40023,6,,,1,50,,40012,6,,,1,5,,40139,6,,,1,5,,40035,6,,,1,5,,40123,6,,,1,5,,40079,6,,,1,5,,40156,6,,,1,5,,40047,6,,,1,5,,40065,6,,,1,5,,40096,6,,,1,5,,40001,6,,,1,5,,40107,6,,,1,45,,40024,6,,,1,5,,40115,6,,,1,5,,40013,6,,,1,5,,40140,6,,,1,5,,40036,6,,,1,5,,40124,6,,,1,5,,40080,6,,,1,5,,40157,6,,,1,5,,40048,6,,,1,5,,40066,6,,,1,5,,40097,6,,,1,5,,40002,6,,,1,45,,40108,6,,,1,5,,40025,6,,,1,5,,40116,6,,,1,5,,40014,6,,,1,5,,40141,6,,,1,5,,40037,6,,,1,5,,40125,6,,,1,5,,40081,6,,,1,5,,40158,6,,,1,5,,40049,6,,,1,5,,40067,6,,,1,5,,40098,6,,,1,45,,40003,6,,,1,5,,40109,6,,,1,5,,40026,6,,,1,5,,40117,6,,,1,5,,40015,6,,,1,5,,40142,6,,,1,5,,40038,6,,,1,5,,40126,6,,,1,5,,40082,6,,,1,5,,40159,6,,,1,5,,40050,6,,,1,5,,40068,6,,,1,45,,40099,6,,,1,5,,40004,6,,,1,6,,40110,6,,,1,10,,40027,6,,,1,10,,40143,6,,,1,10,,40127,6,,,1,10,,40083,6,,,1,50,,40051,6,,,1,10,,40100,6,,,1,10,,40005,6,,,1,10,,40028,6,,,1,10,,40144,6,,,1,10,,40128,6,,,1,50,,40084,6,,,1,10,,40052,6,,,1,10,,40101,6,,,1,10,,40006,6,,,1,10,,40029,6,,,1,10,,40145,6,,,1,50,,40129,6,,,1,10,,40085,6,,,1,10,,40053,6,,,1,10,,40102,6,,,1,10,,40007,6,,,1,10,,40030,6,,,1,50,,40146,6,,,1,9,,40118,6,,,1,5,,40016,6,,,1,5,,40086,6,,,1,5,,40160,6,,,1,5,,40054,6,,,1,5,,40069,6,,,1,5,,40103,6,,,1,5,,40130,6,,,1,5,,40111,6,,,1,5,,40008,6,,,1,45,,40039,6,,,1,5,,40031,6,,,1,5,,40147,6,,,1,5,,40119,6,,,1,5,,40017,6,,,1,5,,40087,6,,,1,5,,40161,6,,,1,5,,40055,6,,,1,5,,40070,6,,,1,5,,40104,6,,,1,5,,40131,6,,,1,5,,40112,6,,,1,45,,40009,6,,,1,5,,40040,6,,,1,5,,40032,6,,,1,5,,40148,6,,,1,5,,40120,6,,,1,5,,40018,6,,,1,5,,40088,6,,,1,5,,40162,6,,,1,5,,40056,6,,,1,5,,40071,6,,,1,5,,40105,6,,,1,5,,40132,6,,,1,45,,40113,6,,,1,5,,40010,6,,,1,5,,40041,6,,,1,5,,40033,6,,,1,5,,40149,6,,,1,5,,40121,6,,,1,5,,40019,6,,,1,5,,40089,6,,,1,5,,40163,6,,,1,5,,40057,6,,,1,5,,40072,6,,,1,5,,40106,6,,,1,45,,40133,6,,,1,5,,40114,6,,,1,5,,40011,6,,,1,5,,40042,6,,,1,5,,40034,6,,,1,5,,40150,6,,,1,5,,40122,6,,,1,6,,40020,6,,,1,10,,40090,6,,,1,10,,40058,6,,,1,50,,40073,6,,,1,10,,40134,6,,,1,10,,40043,6,,,1,10,,40151,6,,,1,10,,40021,6,,,1,10,,40091,6,,,1,50,,40059,6,,,1,10,,40074,6,,,1,10,,40135,6,,,1,10,,40044,6,,,1,10,,40152,6,,,1,10,,40022,6,,,1,50,,40092,6,,,1,10,,40060,6,,,1,10,,40075,6,,,1,10,,40136,6,,,1,10,,40045,6,,,1,55,,40153,6,,,1,15,,40093,6,,,1,15,,40061,6,,,1,15,,40076,6,,,1,55,,40137,6,,,1,15,,40154,6,,,1,15,,40094,6,,,1,15,,40062,6,,,1,55,,40077,6,,,1,15,,40138,6,,,1,15,,40155,6,,,1,15,,40095,6,,,1,55,,40063,6,,,1,15,,40078,6,,,1
18002301,'20260914-Weekday-6-26-09',526,,40210,6,,,1,10,,40228,6,,,1,10,,40164,6,,,1,10,,40187,6,,,1,50,,40176,6,,,1,5,,40303,6,,,1,5,,40199,6,,,1,5,,40287,6,,,1,5,,40243,6,,,1,5,,40320,6,,,1,5,,40211,6,,,1,5,,40229,6,,,1,5,,40260,6,,,1,5,,40165,6,,,1,5,,40271,6,,,1,45,,40188,6,,,1,5,,40279,6,,,1,5,,40177,6,,,1,5,,40304,6,,,1,5,,40200,6,,,1,5,,40288,6,,,1,5,,40244,6,,,1,5,,40321,6,,,1,5,,40212,6,,,1,5,,40230,6,,,1,5,,40261,6,,,1,5,,40166,6,,,1,45,,40272,6,,,1,5,,40189,6,,,1,5,,40280,6,,,1,5,,40178,6,,,1,5,,40305,6,,,1,5,,40201,6,,,1,5,,40289,6,,,1,5,,40245,6,,,1,5,,40322,6,,,1,5,,40213,6,,,1,5,,40231,6,,,1,5,,40262,6,,,1,45,,40167,6,,,1,5,,40273,6,,,1,5,,40190,6,,,1,5,,40281,6,,,1,5,,40179,6,,,1,5,,40306,6,,,1,5,,40202,6,,,1,5,,40290,6,,,1,5,,40246,6,,,1,5,,40323,6,,,1,5,,40214,6,,,1,5,,40232,6,,,1,45,,40263,6,,,1,5,,40168,6,,,1,6,,40274,6,,,1,10,,40191,6,,,1,10,,40307,6,,,1,10,,40291,6,,,1,10,,40247,6,,,1,50,,40215,6,,,1,10,,40264,6,,,1,10,,40169,6,,,1,10,,40192,6,,,1,10,,40308,6,,,1,10,,40292,6,,,1,50,,40248,6,,,1,10,,40216,6,,,1,10,,40265,6,,,1,10,,40170,6,,,1,10,,40193,6,,,1,10,,40309,6,,,1,50,,40293,6,,,1,10,,40249,6,,,1,10,,40217,6,,,1,10,,40266,6,,,1,10,,40171,6,,,1,10,,40194,6,,,1,50,,40310,6,,,1,9,,40282,6,,,1,5,,40180,6,,,1,5,,40250,6,,,1,5,,40324,6,,,1,5,,40218,6,,,1,5,,40233,6,,,1,5,,40267,6,,,1,5,,40294,6,,,1,5,,40275,6,,,1,5,,40172,6,,,1,45,,40203,6,,,1,5,,40195,6,,,1,5,,40311,6,,,1,5,,40283,6,,,1,5,,40181,6,,,1,5,,40251,6,,,1,5,,40325,6,,,1,5,,40219,6,,,1,5,,40234,6,,,1,5,,40268,6,,,1,5,,40295,6,,,1,5,,40276,6,,,1,45,,40173,6,,,1,5,,40204,6,,,1,5,,40196,6,,,1,5,,40312,6,,,1,5,,40284,6,,,1,5,,40182,6,,,1,5,,40252,6,,,1,5,,40326,6,,,1,5,,40220,6,,,1,5,,40235,6,,,1,5,,40269,6,,,1,5,,40296,6,,,1,45,,40277,6,,,1,5,,40174,6,,,1,5,,40205,6,,,1,5,,40197,6,,,1,5,,40313,6,,,1,5,,40285,6,,,1,5,,40183,6,,,1,5,,40253,6,,,1,5,,40327,6,,,1,5,,40221,6,,,1,5,,40236,6,,,1,5,,40270,6,,,1,45,,40297,6,,,1,5,,40278,6,,,1,5,,40175,6,,,1,5,,40206,6,,,1,5,,40198,6,,,1,5,,40314,6,,,1,5,,40286,6,,,1,6,,40184,6,,,1,10,,40254,6,,,1,10,,40222,6,,,1,50,,40237,6,,,1,10,,40298,6,,,1,10,,40207,6,,,1,10,,40315,6,,,1,10,,40185,6,,,1,10,,40255,6,,,1,50,,40223,6,,,1,10,,40238,6,,,1,10,,40299,6,,,1,10,,40208,6,,,1,10,,40316,6,,,1,10,,40186,6,,,1,50,,40256,6,,,1,10,,40224,6,,,1,10,,40239,6,,,1,10,,40300,6,,,1,10,,40209,6,,,1,55,,40317,6,,,1,15,,40257,6,,,1,15,,40225,6,,,1,15,,40240,6,,,1,55,,40301,6,,,1,15,,40318,6,,,1,15,,40258,6,,,1,15,,40226,6,,,1,55,,40241,6,,,1,15,,40302,6,,,1,15,,40319,6,,,1,15,,40259,6,,,1,55,,40227,6,,,1,15,,40242,6,,,1
18002301,'20260914-Weekday-7-26-09',526,,40374,6,,,1,10,,40392,6,,,1,10,,40328,6,,,1,10,,40351,6,,,1,50,,40340,6,,,1,5,,40467,6,,,1,5,,40363,6,,,1,5,,40451,6,,,1,5,,40407,6,,,1,5,,40484,6,,,1,5,,40375,6,,,1,5,,40393,6,,,1,5,,40424,6,,,1,5,,40329,6,,,1,5,,40435,6,,,1,45,,40352,6,,,1,5,,40443,6,,,1,5,,40341,6,,,1,5,,40468,6,,,1,5,,40364,6,,,1,5,,40452,6,,,1,5,,40408,6,,,1,5,,40485,6,,,1,5,,40376,6,,,1,5,,40394,6,,,1,5,,40425,6,,,1,5,,40330,6,,,1,45,,40436,6,,,1,5,,40353,6,,,1,5,,40444,6,,,1,5,,40342,6,,,1,5,,40469,6,,,1,5,,40365,6,,,1,5,,40453,6,,,1,5,,40409,6,,,1,5,,40486,6,,,1,5,,40377,6,,,1,5,,40395,6,,,1,5,,40426,6,,,1,45,,40331,6,,,1,5,,40437,6,,,1,5,,40354,6,,,1,5,,40445,6,,,1,5,,40343,6,,,1,5,,40470,6,,,1,5,,40366,6,,,1,5,,40454,6,,,1,5,,40410,6,,,1,5,,40487,6,,,1,5,,40378,6,,,1,5,,40396,6,,,1,45,,40427,6,,,1,5,,40332,6,,,1,6,,40438,6,,,1,10,,40355,6,,,1,10,,40471,6,,,1,10,,40455,6,,,1,10,,40411,6,,,1,50,,40379,6,,,1,10,,40428,6,,,1,10,,40333,6,,,1,10,,40356,6,,,1,10,,40472,6,,,1,10,,40456,6,,,1,50,,40412,6,,,1,10,,40380,6,,,1,10,,40429,6,,,1,10,,40334,6,,,1,10,,40357,6,,,1,10,,40473,6,,,1,50,,40457,6,,,1,10,,40413,6,,,1,10,,40381,6,,,1,10,,40430,6,,,1,10,,40335,6,,,1,10,,40358,6,,,1,50,,40474,6,,,1,9,,40446,6,,,1,5,,40344,6,,,1,5,,40414,6,,,1,5,,40488,6,,,1,5,,40382,6,,,1,5,,40397,6,,,1,5,,40431,6,,,1,5,,40458,6,,,1,5,,40439,6,,,1,5,,40336,6,,,1,45,,40367,6,,,1,5,,40359,6,,,1,5,,40475,6,,,1,5,,40447,6,,,1,5,,40345,6,,,1,5,,40415,6,,,1,5,,40489,6,,,1,5,,40383,6,,,1,5,,40398,6,,,1,5,,40432,6,,,1,5,,40459,6,,,1,5,,40440,6,,,1,45,,40337,6,,,1,5,,40368,6,,,1,5,,40360,6,,,1,5,,40476,6,,,1,5,,40448,6,,,1,5,,40346,6,,,1,5,,40416,6,,,1,5,,40490,6,,,1,5,,40384,6,,,1,5,,40399,6,,,1,5,,40433,6,,,1,5,,40460,6,,,1,45,,40441,6,,,1,5,,40338,6,,,1,5,,40369,6,,,1,5,,40361,6,,,1,5,,40477,6,,,1,5,,40449,6,,,1,5,,40347,6,,,1,5,,40417,6,,,1,5,,40491,6,,,1,5,,40385,6,,,1,5,,40400,6,,,1,5,,40434,6,,,1,45,,40461,6,,,1,5,,40442,6,,,1,5,,40339,6,,,1,5,,40370,6,,,1,5,,40362,6,,,1,5,,40478,6,,,1,5,,40450,6,,,1,6,,40348,6,,,1,10,,40418,6,,,1,10,,40386,6,,,1,50,,40401,6,,,1,10,,40462,6,,,1,10,,40371,6,,,1,10,,40479,6,,,1,10,,40349,6,,,1,10,,40419,6,,,1,50,,40387,6,,,1,10,,40402,6,,,1,10,,40463,6,,,1,10,,40372,6,,,1,10,,40480,6,,,1,10,,40350,6,,,1,50,,40420,6,,,1,10,,40388,6,,,1,10,,40403,6,,,1,10,,40464,6,,,1,10,,40373,6,,,1,55,,40481,6,,,1,15,,40421,6,,,1,15,,40389,6,,,1,15,,40404,6,,,1,55,,40465,6,,,1,15,,40482,6,,,1,15,,40422,6,,,1,15,,40390,6,,,1,55,,40405,6,,,1,15,,40466,6,,,1,15,,40483,6,,,1,15,,40423,6,,,1,55,,40391,6,,,1,15,,40406,6,,,1
18002301,'20260917-Holiday1-1-26-09',526,,35680,6,,,1,10,,35698,6,,,1,10,,35628,6,,,1,10,,35654,6,,,1,50,,35640,6,,,1,5,,35774,6,,,1,5,,35666,6,,,1,5,,35757,6,,,1,5,,35713,6,,,1,5,,35791,6,,,1,5,,35681,6,,,1,5,,35699,6,,,1,5,,35730,6,,,1,5,,35629,6,,,1,5,,35741,6,,,1,45,,35655,6,,,1,5,,35749,6,,,1,5,,35641,6,,,1,5,,35775,6,,,1,5,,35667,6,,,1,5,,35758,6,,,1,5,,35714,6,,,1,5,,35792,6,,,1,5,,35682,6,,,1,5,,35700,6,,,1,5,,35731,6,,,1,5,,35630,6,,,1,45,,35742,6,,,1,5,,35656,6,,,1,5,,35750,6,,,1,5,,35642,6,,,1,5,,35776,6,,,1,5,,35668,6,,,1,5,,35759,6,,,1,5,,35715,6,,,1,5,,35793,6,,,1,5,,35683,6,,,1,5,,35701,6,,,1,5,,35732,6,,,1,45,,35631,6,,,1,5,,35743,6,,,1,5,,35657,6,,,1,5,,35751,6,,,1,5,,35643,6,,,1,5,,35777,6,,,1,5,,35669,6,,,1,5,,35760,6,,,1,5,,35716,6,,,1,5,,35794,6,,,1,5,,35684,6,,,1,5,,35702,6,,,1,45,,35733,6,,,1,5,,35632,6,,,1,6,,35744,6,,,1,10,,35658,6,,,1,10,,35778,6,,,1,10,,35761,6,,,1,10,,35717,6,,,1,50,,35685,6,,,1,10,,35734,6,,,1,10,,35633,6,,,1,10,,35659,6,,,1,10,,35779,6,,,1,10,,35762,6,,,1,50,,35718,6,,,1,10,,35686,6,,,1,10,,35735,6,,,1,10,,35634,6,,,1,10,,35660,6,,,1,10,,35780,6,,,1,50,,35763,6,,,1,10,,35719,6,,,1,10,,35687,6,,,1,10,,35736,6,,,1,10,,35635,6,,,1,10,,35661,6,,,1,50,,35781,6,,,1,9,,35752,6,,,1,5,,35644,6,,,1,5,,35720,6,,,1,5,,35795,6,,,1,5,,35688,6,,,1,5,,35703,6,,,1,5,,35737,6,,,1,5,,35764,6,,,1,5,,35745,6,,,1,5,,35636,6,,,1,45,,35670,6,,,1,5,,35662,6,,,1,5,,35782,6,,,1,5,,35753,6,,,1,5,,35645,6,,,1,5,,35721,6,,,1,5,,35796,6,,,1,5,,35689,6,,,1,5,,35704,6,,,1,5,,35738,6,,,1,5,,35765,6,,,1,5,,35746,6,,,1,45,,35637,6,,,1,5,,35671,6,,,1,5,,35663,6,,,1,5,,35783,6,,,1,5,,35754,6,,,1,5,,35646,6,,,1,5,,35722,6,,,1,5,,35797,6,,,1,5,,35690,6,,,1,5,,35705,6,,,1,5,,35739,6,,,1,5,,35766,6,,,1,45,,35747,6,,,1,5,,35638,6,,,1,5,,35672,6,,,1,5,,35664,6,,,1,5,,35784,6,,,1,5,,35755,6,,,1,5,,35647,6,,,1,5,,35723,6,,,1,5,,35798,6,,,1,5,,35691,6,,,1,5,,35706,6,,,1,5,,35740,6,,,1,45,,35767,6,,,1,5,,35748,6,,,1,5,,35639,6,,,1,5,,35673,6,,,1,5,,35665,6,,,1,5,,35785,6,,,1,5,,35756,6,,,1,6,,35648,6,,,1,10,,35724,6,,,1,10,,35692,6,,,1,50,,35707,6,,,1,10,,35768,6,,,1,10,,35674,6,,,1,10,,35786,6,,,1,10,,35649,6,,,1,10,,35725,6,,,1,50,,35693,6,,,1,10,,35708,6,,,1,10,,35769,6,,,1,10,,35675,6,,,1,10,,35787,6,,,1,10,,35650,6,,,1,50,,35726,6,,,1,10,,35694,6,,,1,10,,35709,6,,,1,10,,35770,6,,,1,10,,35676,6,,,1,10,,35788,6,,,1,50,,35651,6,,,1,10,,35727,6,,,1,10,,35695,6,,,1,10,,35710,6,,,1,10,,35771,6,,,1,10,,35677,6,,,1,50,,35789,6,,,1,10,,35652,6,,,1,10,,35728,6,,,1,10,,35696,6,,,1,10,,35711,6,,,1,10,,35772,6,,,1,50,,35678,6,,,1,10,,35790,6,,,1,10,,35653,6,,,1,10,,35729,6,,,1,10,,35697,6,,,1,10,,35712,6,,,1,50,,35773,6,,,1,10,,35679,6,,,1
18002301,'20260919-Saturday-1-26-09',527,,35860,6,,,1,10,,35877,6,,,1,10,,35894,6,,,1,10,,35799,6,,,1,50,,35816,6,,,1,10,,35833,6,,,1,10,,35844,6,,,1,10,,35861,6,,,1,10,,35878,6,,,1,10,,35895,6,,,1,50,,35800,6,,,1,10,,35817,6,,,1,10,,35834,6,,,1,10,,35845,6,,,1,10,,35862,6,,,1,10,,35879,6,,,1,50,,35896,6,,,1,10,,35801,6,,,1,10,,35818,6,,,1,10,,35835,6,,,1,10,,35846,6,,,1,10,,35863,6,,,1,50,,35880,6,,,1,10,,35897,6,,,1,10,,35802,6,,,1,10,,35819,6,,,1,10,,35836,6,,,1,10,,35847,6,,,1,50,,35864,6,,,1,10,,35881,6,,,1,10,,35898,6,,,1,10,,35803,6,,,1,10,,35820,6,,,1,10,,35837,6,,,1,50,,35848,6,,,1,10,,35865,6,,,1,10,,35882,6,,,1,10,,35899,6,,,1,10,,35804,6,,,1,10,,35821,6,,,1,50,,35838,6,,,1,10,,35849,6,,,1,10,,35866,6,,,1,10,,35883,6,,,1,10,,35900,6,,,1,10,,35805,6,,,1,50,,35822,6,,,1,10,,35839,6,,,1,10,,35850,6,,,1,10,,35867,6,,,1,10,,35884,6,,,1,10,,35901,6,,,1,50,,35806,6,,,1,10,,35823,6,,,1,10,,35840,6,,,1,10,,35851,6,,,1,10,,35868,6,,,1,10,,35885,6,,,1,50,,35902,6,,,1,10,,35807,6,,,1,10,,35824,6,,,1,10,,35841,6,,,1,10,,35852,6,,,1,10,,35869,6,,,1,50,,35886,6,,,1,10,,35903,6,,,1,10,,35808,6,,,1,10,,35825,6,,,1,10,,35842,6,,,1,10,,35853,6,,,1,50,,35870,6,,,1,10,,35887,6,,,1,10,,35904,6,,,1,10,,35809,6,,,1,10,,35826,6,,,1,10,,35843,6,,,1,50,,35854,6,,,1,10,,35871,6,,,1,10,,35888,6,,,1,10,,35905,6,,,1,10,,35810,6,,,1,55,,35827,6,,,1,15,,35855,6,,,1,15,,35872,6,,,1,15,,35889,6,,,1,55,,35811,6,,,1,15,,35828,6,,,1,15,,35856,6,,,1,15,,35873,6,,,1,55,,35890,6,,,1,15,,35812,6,,,1,15,,35829,6,,,1,15,,35857,6,,,1,55,,35874,6,,,1,15,,35891,6,,,1,15,,35813,6,,,1,15,,35830,6,,,1,55,,35858,6,,,1,15,,35875,6,,,1,15,,35892,6,,,1,15,,35814,6,,,1,55,,35831,6,,,1,15,,35859,6,,,1,15,,35876,6,,,1,15,,35893,6,,,1,55,,35815,6,,,1,15,,35832,6,,,1
