18002301,'20260913-Sunday-1-26-09',547,,35104,12,4,,1,55,,35120,12,4,,1,15,,35058,12,4,,1,15,,35074,12,4,,1,15,,35089,12,4,,1,55,,35105,12,4,,1,15,,35121,12,4,,1,15,,35059,12,4,,1,15,,35075,12,4,,1,55,,35090,12,4,,1,15,,35106,12,4,,1,15,,35122,12,4,,1,15,,35060,12,4,,1,55,,35076,12,4,,1,15,,35091,12,4,,1,15,,35107,12,4,,1,15,,35123,12,4,,1,55,,35061,12,4,,1,15,,35077,12,4,,1,15,,35092,12,4,,1,15,,35108,12,4,,1,55,,35124,12,4,,1,15,,35062,12,4,,1,15,,35078,12,4,,1,15,,35093,12,4,,1,55,,35109,12,4,,1,15,,35125,12,4,,1,15,,35063,12,4,,1,15,,35079,12,4,,1,55,,35094,12,4,,1,15,,35110,12,4,,1,15,,35126,12,4,,1,15,,35064,12,4,,1,55,,35080,12,4,,1,15,,35095,12,4,,1,15,,35111,12,4,,1,15,,35127,12,4,,1,55,,35065,12,4,,1,15,,35081,12,4,,1,15,,35096,12,4,,1,15,,35112,12,4,,1,55,,35128,12,4,,1,15,,35066,12,4,,1,15,,35082,12,4,,1,15,,35097,12,4,,1,55,,35113,12,4,,1,15,,35129,12,4,,1,15,,35067,12,4,,1,15,,35083,12,4,,1,55,,35098,12,4,,1,15,,35114,12,4,,1,15,,35130,12,4,,1,15,,35068,12,4,,1,55,,35084,12,4,,1,15,,35099,12,4,,1,15,,35115,12,4,,1,15,,35131,12,4,,1,55,,35069,12,4,,1,15,,35085,12,4,,1,15,,35100,12,4,,1,15,,35116,12,4,,1,55,,35132,12,4,,1,15,,35070,12,4,,1,15,,35086,12,4,,1,15,,35101,12,4,,1,55,,35117,12,4,,1,15,,35133,12,4,,1,15,,35071,12,4,,1,15,,35087,12,4,,1,55,,35102,12,4,,1,15,,35118,12,4,,1,15,,35134,12,4,,1,15,,35072,12,4,,1,55,,35088,12,4,,1,15,,35103,12,4,,1,15,,35119,12,4,,1,15,,35135,12,4,,1,55,,35073,12,4,,1
18002301,'20260914-Weekday-1-26-09',544,,35182,12,4,,1,10,,35200,12,4,,1,50,,35136,12,4,,1,10,,35159,12,4,,1,10,,35148,12,4,,1,5,,35275,12,4,,1,5,,35171,12,4,,1,5,,35259,12,4,,1,5,,35215,12,4,,1,5,,35292,12,4,,1,5,,35183,12,4,,1,5,,35201,12,4,,1,45,,35232,12,4,,1,5,,35137,12,4,,1,5,,35243,12,4,,1,5,,35160,12,4,,1,5,,35251,12,4,,1,5,,35149,12,4,,1,5,,35276,12,4,,1,5,,35172,12,4,,1,5,,35260,12,4,,1,5,,35216,12,4,,1,5,,35293,12,4,,1,5,,35184,12,4,,1,45,,35202,12,4,,1,5,,35233,12,4,,1,5,,35138,12,4,,1,5,,35244,12,4,,1,5,,35161,12,4,,1,5,,35252,12,4,,1,5,,35150,12,4,,1,5,,35277,12,4,,1,5,,35173,12,4,,1,5,,35261,12,4,,1,5,,35217,12,4,,1,5,,35294,12,4,,1,45,,35185,12,4,,1,5,,35203,12,4,,1,5,,35234,12,4,,1,5,,35139,12,4,,1,5,,35245,12,4,,1,5,,35162,12,4,,1,5,,35253,12,4,,1,5,,35151,12,4,,1,5,,35278,12,4,,1,5,,35174,12,4,,1,5,,35262,12,4,,1,5,,35218,12,4,,1,46,,35295,12,4,,1,5,,35186,12,4,,1,6,,35204,12,4,,1,5,,35235,12,4,,1,5,,35140,12,4,,1,6,,35246,12,4,,1,10,,35163,12,4,,1,10,,35279,12,4,,1,50,,35263,12,4,,1,10,,35219,12,4,,1,10,,35187,12,4,,1,10,,35236,12,4,,1,10,,35141,12,4,,1,10,,35164,12,4,,1,50,,35280,12,4,,1,10,,35264,12,4,,1,10,,35220,12,4,,1,10,,35188,12,4,,1,10,,35237,12,4,,1,10,,35142,12,4,,1,50,,35165,12,4,,1,10,,35281,12,4,,1,10,,35265,12,4,,1,10,,35221,12,4,,1,10,,35189,12,4,,1,10,,35238,12,4,,1,49,,35143,12,4,,1,9,,35166,12,4,,1,10,,35282,12,4,,1,9,,35254,12,4,,1,5,,35152,12,4,,1,5,,35222,12,4,,1,5,,35296,12,4,,1,5,,35190,12,4,,1,5,,35205,12,4,,1,5,,35239,12,4,,1,45,,35266,12,4,,1,5,,35247,12,4,,1,5,,35144,12,4,,1,5,,35175,12,4,,1,5,,35167,12,4,,1,5,,35283,12,4,,1,5,,35255,12,4,,1,5,,35153,12,4,,1,5,,35223,12,4,,1,5,,35297,12,4,,1,5,,35191,12,4,,1,5,,35206,12,4,,1,45,,35240,12,4,,1,5,,35267,12,4,,1,5,,35248,12,4,,1,5,,35145,12,4,,1,5,,35176,12,4,,1,5,,35168,12,4,,1,5,,35284,12,4,,1,5,,35256,12,4,,1,5,,35154,12,4,,1,5,,35224,12,4,,1,5,,35298,12,4,,1,5,,35192,12,4,,1,45,,35207,12,4,,1,5,,35241,12,4,,1,5,,35268,12,4,,1,5,,35249,12,4,,1,5,,35146,12,4,,1,5,,35177,12,4,,1,5,,35169,12,4,,1,5,,35285,12,4,,1,5,,35257,12,4,,1,5,,35155,12,4,,1,5,,35225,12,4,,1,5,,35299,12,4,,1,45,,35193,12,4,,1,5,,35208,12,4,,1,5,,35242,12,4,,1,5,,35269,12,4,,1,5,,35250,12,4,,1,5,,35147,12,4,,1,6,,35178,12,4,,1,4,,35170,12,4,,1,7,,35286,12,4,,1,5,,35258,12,4,,1,6,,35156,12,4,,1,50,,35226,12,4,,1,10,,35194,12,4,,1,10,,35209,12,4,,1,10,,35270,12,4,,1,10,,35179,12,4,,1,10,,35287,12,4,,1,50,,35157,12,4,,1,10,,35227,12,4,,1,10,,35195,12,4,,1,10,,35210,12,4,,1,10,,35271,12,4,,1,10,,35180,12,4,,1,50,,35288,12,4,,1,10,,35158,12,4,,1,10,,35228,12,4,,1,10,,35196,12,4,,1,10,,35211,12,4,,1,10,,35272,12,4,,1,50,,35181,12,4,,1,15,,35289,12,4,,1,15,,35229,12,4,,1,15,,35197,12,4,,1,55,,35212,12,4,,1,15,,35273,12,4,,1,15,,35290,12,4,,1,15,,35230,12,4,,1,55,,35198,12,4,,1,15,,35213,12,4,,1,15,,35274,12,4,,1,15,,35291,12,4,,1,55,,35231,12,4,,1,15,,35199,12,4,,1,15,,35214,12,4,,1
18002301,'20260914-Weekday-2-26-09',544,,35346,12,4,,1,10,,35364,12,4,,1,50,,35300,12,4,,1,10,,35323,12,4,,1,10,,35312,12,4,,1,5,,35439,12,4,,1,5,,35335,12,4,,1,5,,35423,12,4,,1,5,,35379,12,4,,1,5,,35456,12,4,,1,5,,35347,12,4,,1,5,,35365,12,4,,1,45,,35396,12,4,,1,5,,35301,12,4,,1,5,,35407,12,4,,1,5,,35324,12,4,,1,5,,35415,12,4,,1,5,,35313,12,4,,1,5,,35440,12,4,,1,5,,35336,12,4,,1,5,,35424,12,4,,1,5,,35380,12,4,,1,5,,35457,12,4,,1,5,,35348,12,4,,1,45,,35366,12,4,,1,5,,35397,12,4,,1,5,,35302,12,4,,1,5,,35408,12,4,,1,5,,35325,12,4,,1,5,,35416,12,4,,1,5,,35314,12,4,,1,5,,35441,12,4,,1,5,,35337,12,4,,1,5,,35425,12,4,,1,5,,35381,12,4,,1,5,,35458,12,4,,1,45,,35349,12,4,,1,5,,35367,12,4,,1,5,,35398,12,4,,1,5,,35303,12,4,,1,5,,35409,12,4,,1,5,,35326,12,4,,1,5,,35417,12,4,,1,5,,35315,12,4,,1,5,,35442,12,4,,1,5,,35338,12,4,,1,5,,35426,12,4,,1,5,,35382,12,4,,1,46,,35459,12,4,,1,5,,35350,12,4,,1,6,,35368,12,4,,1,5,,35399,12,4,,1,5,,35304,12,4,,1,6,,35410,12,4,,1,10,,35327,12,4,,1,10,,35443,12,4,,1,50,,35427,12,4,,1,10,,35383,12,4,,1,10,,35351,12,4,,1,10,,35400,12,4,,1,10,,35305,12,4,,1,10,,35328,12,4,,1,50,,35444,12,4,,1,10,,35428,12,4,,1,10,,35384,12,4,,1,10,,35352,12,4,,1,10,,35401,12,4,,1,10,,35306,12,4,,1,50,,35329,12,4,,1,10,,35445,12,4,,1,10,,35429,12,4,,1,10,,35385,12,4,,1,10,,35353,12,4,,1,10,,35402,12,4,,1,49,,35307,12,4,,1,9,,35330,12,4,,1,10,,35446,12,4,,1,9,,35418,12,4,,1,5,,35316,12,4,,1,5,,35386,12,4,,1,5,,35460,12,4,,1,5,,35354,12,4,,1,5,,35369,12,4,,1,5,,35403,12,4,,1,45,,35430,12,4,,1,5,,35411,12,4,,1,5,,35308,12,4,,1,5,,35339,12,4,,1,5,,35331,12,4,,1,5,,35447,12,4,,1,5,,35419,12,4,,1,5,,35317,12,4,,1,5,,35387,12,4,,1,5,,35461,12,4,,1,5,,35355,12,4,,1,5,,35370,12,4,,1,45,,35404,12,4,,1,5,,35431,12,4,,1,5,,35412,12,4,,1,5,,35309,12,4,,1,5,,35340,12,4,,1,5,,35332,12,4,,1,5,,35448,12,4,,1,5,,35420,12,4,,1,5,,35318,12,4,,1,5,,35388,12,4,,1,5,,35462,12,4,,1,5,,35356,12,4,,1,45,,35371,12,4,,1,5,,35405,12,4,,1,5,,35432,12,4,,1,5,,35413,12,4,,1,5,,35310,12,4,,1,5,,35341,12,4,,1,5,,35333,12,4,,1,5,,35449,12,4,,1,5,,35421,12,4,,1,5,,35319,12,4,,1,5,,35389,12,4,,1,5,,35463,12,4,,1,45,,35357,12,4,,1,5,,35372,12,4,,1,5,,35406,12,4,,1,5,,35433,12,4,,1,5,,35414,12,4,,1,5,,35311,12,4,,1,6,,35342,12,4,,1,4,,35334,12,4,,1,7,,35450,12,4,,1,5,,35422,12,4,,1,6,,35320,12,4,,1,50,,35390,12,4,,1,10,,35358,12,4,,1,10,,35373,12,4,,1,10,,35434,12,4,,1,10,,35343,12,4,,1,10,,35451,12,4,,1,50,,35321,12,4,,1,10,,35391,12,4,,1,10,,35359,12,4,,1,10,,35374,12,4,,1,10,,35435,12,4,,1,10,,35344,12,4,,1,50,,35452,12,4,,1,10,,35322,12,4,,1,10,,35392,12,4,,1,10,,35360,12,4,,1,10,,35375,12,4,,1,10,,35436,12,4,,1,50,,35345,12,4,,1,15,,35453,12,4,,1,15,,35393,12,4,,1,15,,35361,12,4,,1,55,,35376,12,4,,1,15,,35437,12,4,,1,15,,35454,12,4,,1,15,,35394,12,4,,1,55,,35362,12,4,,1,15,,35377,12,4,,1,15,,35438,12,4,,1,15,,35455,12,4,,1,55,,35395,12,4,,1,15,,35363,12,4,,1,15,,35378,12,4,,1
18002301,'20260914-Weekday-3-26-09',544,,39882,12,4,,1,10,,39900,12,4,,1,50,,39836,12,4,,1,10,,39859,12,4,,1,10,,39848,12,4,,1,5,,39975,12,4,,1,5,,39871,12,4,,1,5,,39959,12,4,,1,5,,39915,12,4,,1,5,,39992,12,4,,1,5,,39883,12,4,,1,5,,39901,12,4,,1,45,,39932,12,4,,1,5,,39837,12,4,,1,5,,39943,12,4,,1,5,,39860,12,4,,1,5,,39951,12,4,,1,5,,39849,12,4,,1,5,,39976,12,4,,1,5,,39872,12,4,,1,5,,39960,12,4,,1,5,,39916,12,4,,1,5,,39993,12,4,,1,5,,39884,12,4,,1,45,,39902,12,4,,1,5,,39933,12,4,,1,5,,39838,12,4,,1,5,,39944,12,4,,1,5,,39861,12,4,,1,5,,39952,12,4,,1,5,,39850,12,4,,1,5,,39977,12,4,,1,5,,39873,12,4,,1,5,,39961,12,4,,1,5,,39917,12,4,,1,5,,39994,12,4,,1,45,,39885,12,4,,1,5,,39903,12,4,,1,5,,39934,12,4,,1,5,,39839,12,4,,1,5,,39945,12,4,,1,5,,39862,12,4,,1,5,,39953,12,4,,1,5,,39851,12,4,,1,5,,39978,12,4,,1,5,,39874,12,4,,1,5,,39962,12,4,,1,5,,39918,12,4,,1,46,,39995,12,4,,1,5,,39886,12,4,,1,6,,39904,12,4,,1,5,,39935,12,4,,1,5,,39840,12,4,,1,6,,39946,12,4,,1,10,,39863,12,4,,1,10,,39979,12,4,,1,50,,39963,12,4,,1,10,,39919,12,4,,1,10,,39887,12,4,,1,10,,39936,12,4,,1,10,,39841,12,4,,1,10,,39864,12,4,,1,50,,39980,12,4,,1,10,,39964,12,4,,1,10,,39920,12,4,,1,10,,39888,12,4,,1,10,,39937,12,4,,1,10,,39842,12,4,,1,50,,39865,12,4,,1,10,,39981,12,4,,1,10,,39965,12,4,,1,10,,39921,12,4,,1,10,,39889,12,4,,1,10,,39938,12,4,,1,49,,39843,12,4,,1,9,,39866,12,4,,1,10,,39982,12,4,,1,9,,39954,12,4,,1,5,,39852,12,4,,1,5,,39922,12,4,,1,5,,39996,12,4,,1,5,,39890,12,4,,1,5,,39905,12,4,,1,5,,39939,12,4,,1,45,,39966,12,4,,1,5,,39947,12,4,,1,5,,39844,12,4,,1,5,,39875,12,4,,1,5,,39867,12,4,,1,5,,39983,12,4,,1,5,,39955,12,4,,1,5,,39853,12,4,,1,5,,39923,12,4,,1,5,,39997,12,4,,1,5,,39891,12,4,,1,5,,39906,12,4,,1,45,,39940,12,4,,1,5,,39967,12,4,,1,5,,39948,12,4,,1,5,,39845,12,4,,1,5,,39876,12,4,,1,5,,39868,12,4,,1,5,,39984,12,4,,1,5,,39956,12,4,,1,5,,39854,12,4,,1,5,,39924,12,4,,1,5,,39998,12,4,,1,5,,39892,12,4,,1,45,,39907,12,4,,1,5,,39941,12,4,,1,5,,39968,12,4,,1,5,,39949,12,4,,1,5,,39846,12,4,,1,5,,39877,12,4,,1,5,,39869,12,4,,1,5,,39985,12,4,,1,5,,39957,12,4,,1,5,,39855,12,4,,1,5,,39925,12,4,,1,5,,39999,12,4,,1,45,,39893,12,4,,1,5,,39908,12,4,,1,5,,39942,12,4,,1,5,,39969,12,4,,1,5,,39950,12,4,,1,5,,39847,12,4,,1,6,,39878,12,4,,1,4,,39870,12,4,,1,7,,39986,12,4,,1,5,,39958,12,4,,1,6,,39856,12,4,,1,50,,39926,12,4,,1,10,,39894,12,4,,1,10,,39909,12,4,,1,10,,39970,12,4,,1,10,,39879,12,4,,1,10,,39987,12,4,,1,50,,39857,12,4,,1,10,,39927,12,4,,1,10,,39895,12,4,,1,10,,39910,12,4,,1,10,,39971,12,4,,1,10,,39880,12,4,,1,50,,39988,12,4,,1,10,,39858,12,4,,1,10,,39928,12,4,,1,10,,39896,12,4,,1,10,,39911,12,4,,1,10,,39972,12,4,,1,50,,39881,12,4,,1,15,,39989,12,4,,1,15,,39929,12,4,,1,15,,39897,12,4,,1,55,,39912,12,4,,1,15,,39973,12,4,,1,15,,39990,12,4,,1,15,,39930,12,4,,1,55,,39898,12,4,,1,15,,39913,12,4,,1,15,,39974,12,4,,1,15,,39991,12,4,,1,55,,39931,12,4,,1,15,,39899,12,4,,1,15,,39914,12,4,,1
18002301,'20260914-Weekday-4-26-09',544,,35510,12,4,,1,10,,35528,12,4,,1,50,,35464,12,4,,1,10,,35487,12,4,,1,10,,35476,12,4,,1,5,,35603,12,4,,1,5,,35499,12,4,,1,5,,35587,12,4,,1,5,,35543,12,4,,1,5,,35620,12,4,,1,5,,35511,12,4,,1,5,,35529,12,4,,1,45,,35560,12,4,,1,5,,35465,12,4,,1,5,,35571,12,4,,1,5,,35488,12,4,,1,5,,35579,12,4,,1,5,,35477,12,4,,1,5,,35604,12,4,,1,5,,35500,12,4,,1,5,,35588,12,4,,1,5,,35544,12,4,,1,5,,35621,12,4,,1,5,,35512,12,4,,1,45,,35530,12,4,,1,5,,35561,12,4,,1,5,,35466,12,4,,1,5,,35572,12,4,,1,5,,35489,12,4,,1,5,,35580,12,4,,1,5,,35478,12,4,,1,5,,35605,12,4,,1,5,,35501,12,4,,1,5,,35589,12,4,,1,5,,35545,12,4,,1,5,,35622,12,4,,1,45,,35513,12,4,,1,5,,35531,12,4,,1,5,,35562,12,4,,1,5,,35467,12,4,,1,5,,35573,12,4,,1,5,,35490,12,4,,1,5,,35581,12,4,,1,5,,35479,12,4,,1,5,,35606,12,4,,1,5,,35502,12,4,,1,5,,35590,12,4,,1,5,,35546,12,4,,1,46,,35623,12,4,,1,5,,35514,12,4,,1,6,,35532,12,4,,1,5,,35563,12,4,,1,5,,35468,12,4,,1,6,,35574,12,4,,1,10,,35491,12,4,,1,10,,35607,12,4,,1,50,,35591,12,4,,1,10,,35547,12,4,,1,10,,35515,12,4,,1,10,,35564,12,4,,1,10,,35469,12,4,,1,10,,35492,12,4,,1,50,,35608,12,4,,1,10,,35592,12,4,,1,10,,35548,12,4,,1,10,,35516,12,4,,1,10,,35565,12,4,,1,10,,35470,12,4,,1,50,,35493,12,4,,1,10,,35609,12,4,,1,10,,35593,12,4,,1,10,,35549,12,4,,1,10,,35517,12,4,,1,10,,35566,12,4,,1,49,,35471,12,4,,1,9,,35494,12,4,,1,10,,35610,12,4,,1,9,,35582,12,4,,1,5,,35480,12,4,,1,5,,35550,12,4,,1,5,,35624,12,4,,1,5,,35518,12,4,,1,5,,35533,12,4,,1,5,,35567,12,4,,1,45,,35594,12,4,,1,5,,35575,12,4,,1,5,,35472,12,4,,1,5,,35503,12,4,,1,5,,35495,12,4,,1,5,,35611,12,4,,1,5,,35583,12,4,,1,5,,35481,12,4,,1,5,,35551,12,4,,1,5,,35625,12,4,,1,5,,35519,12,4,,1,5,,35534,12,4,,1,45,,35568,12,4,,1,5,,35595,12,4,,1,5,,35576,12,4,,1,5,,35473,12,4,,1,5,,35504,12,4,,1,5,,35496,12,4,,1,5,,35612,12,4,,1,5,,35584,12,4,,1,5,,35482,12,4,,1,5,,35552,12,4,,1,5,,35626,12,4,,1,5,,35520,12,4,,1,45,,35535,12,4,,1,5,,35569,12,4,,1,5,,35596,12,4,,1,5,,35577,12,4,,1,5,,35474,12,4,,1,5,,35505,12,4,,1,5,,35497,12,4,,1,5,,35613,12,4,,1,5,,35585,12,4,,1,5,,35483,12,4,,1,5,,35553,12,4,,1,5,,35627,12,4,,1,45,,35521,12,4,,1,5,,35536,12,4,,1,5,,35570,12,4,,1,5,,35597,12,4,,1,5,,35578,12,4,,1,5,,35475,12,4,,1,6,,35506,12,4,,1,4,,35498,12,4,,1,7,,35614,12,4,,1,5,,35586,12,4,,1,6,,35484,12,4,,1,50,,35554,12,4,,1,10,,35522,12,4,,1,10,,35537,12,4,,1,10,,35598,12,4,,1,10,,35507,12,4,,1,10,,35615,12,4,,1,50,,35485,12,4,,1,10,,35555,12,4,,1,10,,35523,12,4,,1,10,,35538,12,4,,1,10,,35599,12,4,,1,10,,35508,12,4,,1,50,,35616,12,4,,1,10,,35486,12,4,,1,10,,35556,12,4,,1,10,,35524,12,4,,1,10,,35539,12,4,,1,10,,35600,12,4,,1,50,,35509,12,4,,1,15,,35617,12,4,,1,15,,35557,12,4,,1,15,,35525,12,4,,1,55,,35540,12,4,,1,15,,35601,12,4,,1,15,,35618,12,4,,1,15,,35558,12,4,,1,55,,35526,12,4,,1,15,,35541,12,4,,1,15,,35602,12,4,,1,15,,35619,12,4,,1,55,,35559,12,4,,1,15,,35527,12,4,,1,15,,35542,12,4,,1
18002301,'20260914-Weekday-5-26-09',544,,40046,12,4,,1,10,,40064,12,4,,1,50,,40000,12,4,,1,10,,40023,12,4,,1,10,,40012,12,4,,1,5,,40139,12,4,,1,5,,40035,12,4,,1,5,,40123,12,4,,1,5,,40079,12,4,,1,5,,40156,12,4,,1,5,,40047,12,4,,1,5,,40065,12,4,,1,45,,40096,12,4,,1,5,,40001,12,4,,1,5,,40107,12,4,,1,5,,40024,12,4,,1,5,,40115,12,4,,1,5,,40013,12,4,,1,5,,40140,12,4,,1,5,,40036,12,4,,1,5,,40124,12,4,,1,5,,40080,12,4,,1,5,,40157,12,4,,1,5,,40048,12,4,,1,45,,40066,12,4,,1,5,,40097,12,4,,1,5,,40002,12,4,,1,5,,40108,12,4,,1,5,,40025,12,4,,1,5,,40116,12,4,,1,5,,40014,12,4,,1,5,,40141,12,4,,1,5,,40037,12,4,,1,5,,40125,12,4,,1,5,,40081,12,4,,1,5,,40158,12,4,,1,45,,40049,12,4,,1,5,,40067,12,4,,1,5,,40098,12,4,,1,5,,40003,12,4,,1,5,,40109,12,4,,1,5,,40026,12,4,,1,5,,40117,12,4,,1,5,,40015,12,4,,1,5,,40142,12,4,,1,5,,40038,12,4,,1,5,,40126,12,4,,1,5,,40082,12,4,,1,46,,40159,12,4,,1,5,,40050,12,4,,1,6,,40068,12,4,,1,5,,40099,12,4,,1,5,,40004,12,4,,1,6,,40110,12,4,,1,10,,40027,12,4,,1,10,,40143,12,4,,1,50,,40127,12,4,,1,10,,40083,12,4,,1,10,,40051,12,4,,1,10,,40100,12,4,,1,10,,40005,12,4,,1,10,,40028,12,4,,1,50,,40144,12,4,,1,10,,40128,12,4,,1,10,,40084,12,4,,1,10,,40052,12,4,,1,10,,40101,12,4,,1,10,,40006,12,4,,1,50,,40029,12,4,,1,10,,40145,12,4,,1,10,,40129,12,4,,1,10,,40085,12,4,,1,10,,40053,12,4,,1,10,,40102,12,4,,1,49,,40007,12,4,,1,9,,40030,12,4,,1,10,,40146,12,4,,1,9,,40118,12,4,,1,5,,40016,12,4,,1,5,,40086,12,4,,1,5,,40160,12,4,,1,5,,40054,12,4,,1,5,,40069,12,4,,1,5,,40103,12,4,,1,45,,40130,12,4,,1,5,,40111,12,4,,1,5,,40008,12,4,,1,5,,40039,12,4,,1,5,,40031,12,4,,1,5,,40147,12,4,,1,5,,40119,12,4,,1,5,,40017,12,4,,1,5,,40087,12,4,,1,5,,40161,12,4,,1,5,,40055,12,4,,1,5,,40070,12,4,,1,45,,40104,12,4,,1,5,,40131,12,4,,1,5,,40112,12,4,,1,5,,40009,12,4,,1,5,,40040,12,4,,1,5,,40032,12,4,,1,5,,40148,12,4,,1,5,,40120,12,4,,1,5,,40018,12,4,,1,5,,40088,12,4,,1,5,,40162,12,4,,1,5,,40056,12,4,,1,45,,40071,12,4,,1,5,,40105,12,4,,1,5,,40132,12,4,,1,5,,40113,12,4,,1,5,,40010,12,4,,1,5,,40041,12,4,,1,5,,40033,12,4,,1,5,,40149,12,4,,1,5,,40121,12,4,,1,5,,40019,12,4,,1,5,,40089,12,4,,1,5,,40163,12,4,,1,45,,40057,12,4,,1,5,,40072,12,4,,1,5,,40106,12,4,,1,5,,40133,12,4,,1,5,,40114,12,4,,1,5,,40011,12,4,,1,6,,40042,12,4,,1,4,,40034,12,4,,1,7,,40150,12,4,,1,5,,40122,12,4,,1,6,,40020,12,4,,1,50,,40090,12,4,,1,10,,40058,12,4,,1,10,,40073,12,4,,1,10,,40134,12,4,,1,10,,40043,12,4,,1,10,,40151,12,4,,1,50,,40021,12,4,,1,10,,40091,12,4,,1,10,,40059,12,4,,1,10,,40074,12,4,,1,10,,40135,12,4,,1,10,,40044,12,4,,1,50,,40152,12,4,,1,10,,40022,12,4,,1,10,,40092,12,4,,1,10,,40060,12,4,,1,10,,40075,12,4,,1,10,,40136,12,4,,1,50,,40045,12,4,,1,15,,40153,12,4,,1,15,,40093,12,4,,1,15,,40061,12,4,,1,55,,40076,12,4,,1,15,,40137,12,4,,1,15,,40154,12,4,,1,15,,40094,12,4,,1,55,,40062,12,4,,1,15,,40077,12,4,,1,15,,40138,12,4,,1,15,,40155,12,4,,1,55,,40095,12,4,,1,15,,40063,12,4,,1,15,,40078,12,4,,1
18002301,'20260914-Weekday-6-26-09',544,,40210,12,4,,1,10,,40228,12,4,,1,50,,40164,12,4,,1,10,,40187,12,4,,1,10,,40176,12,4,,1,5,,40303,12,4,,1,5,,40199,12,4,,1,5,,40287,12,4,,1,5,,40243,12,4,,1,5,,40320,12,4,,1,5,,40211,12,4,,1,5,,40229,12,4,,1,45,,40260,12,4,,1,5,,40165,12,4,,1,5,,40271,12,4,,1,5,,40188,12,4,,1,5,,40279,12,4,,1,5,,40177,12,4,,1,5,,40304,12,4,,1,5,,40200,12,4,,1,5,,40288,12,4,,1,5,,40244,12,4,,1,5,,40321,12,4,,1,5,,40212,12,4,,1,45,,40230,12,4,,1,5,,40261,12,4,,1,5,,40166,12,4,,1,5,,40272,12,4,,1,5,,40189,12,4,,1,5,,40280,12,4,,1,5,,40178,12,4,,1,5,,40305,12,4,,1,5,,40201,12,4,,1,5,,40289,12,4,,1,5,,40245,12,4,,1,5,,40322,12,4,,1,45,,40213,12,4,,1,5,,40231,12,4,,1,5,,40262,12,4,,1,5,,40167,12,4,,1,5,,40273,12,4,,1,5,,40190,12,4,,1,5,,40281,12,4,,1,5,,40179,12,4,,1,5,,40306,12,4,,1,5,,40202,12,4,,1,5,,40290,12,4,,1,5,,40246,12,4,,1,46,,40323,12,4,,1,5,,40214,12,4,,1,6,,40232,12,4,,1,5,,40263,12,4,,1,5,,40168,12,4,,1,6,,40274,12,4,,1,10,,40191,12,4,,1,10,,40307,12,4,,1,50,,40291,12,4,,1,10,,40247,12,4,,1,10,,40215,12,4,,1,10,,40264,12,4,,1,10,,40169,12,4,,1,10,,40192,12,4,,1,50,,40308,12,4,,1,10,,40292,12,4,,1,10,,40248,12,4,,1,10,,40216,12,4,,1,10,,40265,12,4,,1,10,,40170,12,4,,1,50,,40193,12,4,,1,10,,40309,12,4,,1,10,,40293,12,4,,1,10,,40249,12,4,,1,10,,40217,12,4,,1,10,,40266,12,4,,1,49,,40171,12,4,,1,9,,40194,12,4,,1,10,,40310,12,4,,1,9,,40282,12,4,,1,5,,40180,12,4,,1,5,,40250,12,4,,1,5,,40324,12,4,,1,5,,40218,12,4,,1,5,,40233,12,4,,1,5,,40267,12,4,,1,45,,40294,12,4,,1,5,,40275,12,4,,1,5,,40172,12,4,,1,5,,40203,12,4,,1,5,,40195,12,4,,1,5,,40311,12,4,,1,5,,40283,12,4,,1,5,,40181,12,4,,1,5,,40251,12,4,,1,5,,40325,12,4,,1,5,,40219,12,4,,1,5,,40234,12,4,,1,45,,40268,12,4,,1,5,,40295,12,4,,1,5,,40276,12,4,,1,5,,40173,12,4,,1,5,,40204,12,4,,1,5,,40196,12,4,,1,5,,40312,12,4,,1,5,,40284,12,4,,1,5,,40182,12,4,,1,5,,40252,12,4,,1,5,,40326,12,4,,1,5,,40220,12,4,,1,45,,40235,12,4,,1,5,,40269,12,4,,1,5,,40296,12,4,,1,5,,40277,12,4,,1,5,,40174,12,4,,1,5,,40205,12,4,,1,5,,40197,12,4,,1,5,,40313,12,4,,1,5,,40285,12,4,,1,5,,40183,12,4,,1,5,,40253,12,4,,1,5,,40327,12,4,,1,45,,40221,12,4,,1,5,,40236,12,4,,1,5,,40270,12,4,,1,5,,40297,12,4,,1,5,,40278,12,4,,1,5,,40175,12,4,,1,6,,40206,12,4,,1,4,,40198,12,4,,1,7,,40314,12,4,,1,5,,40286,12,4,,1,6,,40184,12,4,,1,50,,40254,12,4,,1,10,,40222,12,4,,1,10,,40237,12,4,,1,10,,40298,12,4,,1,10,,40207,12,4,,1,10,,40315,12,4,,1,50,,40185,12,4,,1,10,,40255,12,4,,1,10,,40223,12,4,,1,10,,40238,12,4,,1,10,,40299,12,4,,1,10,,40208,12,4,,1,50,,40316,12,4,,1,10,,40186,12,4,,1,10,,40256,12,4,,1,10,,40224,12,4,,1,10,,40239,12,4,,1,10,,40300,12,4,,1,50,,40209,12,4,,1,15,,40317,12,4,,1,15,,40257,12,4,,1,15,,40225,12,4,,1,55,,40240,12,4,,1,15,,40301,12,4,,1,15,,40318,12,4,,1,15,,40258,12,4,,1,55,,40226,12,4,,1,15,,40241,12,4,,1,15,,40302,12,4,,1,15,,40319,12,4,,1,55,,40259,12,4,,1,15,,40227,12,4,,1,15,,40242,12,4,,1
18002301,'20260914-Weekday-7-26-09',544,,40374,12,4,,1,10,,40392,12,4,,1,50,,40328,12,4,,1,10,,40351,12,4,,1,10,,40340,12,4,,1,5,,40467,12,4,,1,5,,40363,12,4,,1,5,,40451,12,4,,1,5,,40407,12,4,,1,5,,40484,12,4,,1,5,,40375,12,4,,1,5,,40393,12,4,,1,45,,40424,12,4,,1,5,,40329,12,4,,1,5,,40435,12,4,,1,5,,40352,12,4,,1,5,,40443,12,4,,1,5,,40341,12,4,,1,5,,40468,12,4,,1,5,,40364,12,4,,1,5,,40452,12,4,,1,5,,40408,12,4,,1,5,,40485,12,4,,1,5,,40376,12,4,,1,45,,40394,12,4,,1,5,,40425,12,4,,1,5,,40330,12,4,,1,5,,40436,12,4,,1,5,,40353,12,4,,1,5,,40444,12,4,,1,5,,40342,12,4,,1,5,,40469,12,4,,1,5,,40365,12,4,,1,5,,40453,12,4,,1,5,,40409,12,4,,1,5,,40486,12,4,,1,45,,40377,12,4,,1,5,,40395,12,4,,1,5,,40426,12,4,,1,5,,40331,12,4,,1,5,,40437,12,4,,1,5,,40354,12,4,,1,5,,40445,12,4,,1,5,,40343,12,4,,1,5,,40470,12,4,,1,5,,40366,12,4,,1,5,,40454,12,4,,1,5,,40410,12,4,,1,46,,40487,12,4,,1,5,,40378,12,4,,1,6,,40396,12,4,,1,5,,40427,12,4,,1,5,,40332,12,4,,1,6,,40438,12,4,,1,10,,40355,12,4,,1,10,,40471,12,4,,1,50,,40455,12,4,,1,10,,40411,12,4,,1,10,,40379,12,4,,1,10,,40428,12,4,,1,10,,40333,12,4,,1,10,,40356,12,4,,1,50,,40472,12,4,,1,10,,40456,12,4,,1,10,,40412,12,4,,1,10,,40380,12,4,,1,10,,40429,12,4,,1,10,,40334,12,4,,1,50,,40357,12,4,,1,10,,40473,12,4,,1,10,,40457,12,4,,1,10,,40413,12,4,,1,10,,40381,12,4,,1,10,,40430,12,4,,1,49,,40335,12,4,,1,9,,40358,12,4,,1,10,,40474,12,4,,1,9,,40446,12,4,,1,5,,40344,12,4,,1,5,,40414,12,4,,1,5,,40488,12,4,,1,5,,40382,12,4,,1,5,,40397,12,4,,1,5,,40431,12,4,,1,45,,40458,12,4,,1,5,,40439,12,4,,1,5,,40336,12,4,,1,5,,40367,12,4,,1,5,,40359,12,4,,1,5,,40475,12,4,,1,5,,40447,12,4,,1,5,,40345,12,4,,1,5,,40415,12,4,,1,5,,40489,12,4,,1,5,,40383,12,4,,1,5,,40398,12,4,,1,45,,40432,12,4,,1,5,,40459,12,4,,1,5,,40440,12,4,,1,5,,40337,12,4,,1,5,,40368,12,4,,1,5,,40360,12,4,,1,5,,40476,12,4,,1,5,,40448,12,4,,1,5,,40346,12,4,,1,5,,40416,12,4,,1,5,,40490,12,4,,1,5,,40384,12,4,,1,45,,40399,12,4,,1,5,,40433,12,4,,1,5,,40460,12,4,,1,5,,40441,12,4,,1,5,,40338,12,4,,1,5,,40369,12,4,,1,5,,40361,12,4,,1,5,,40477,12,4,,1,5,,40449,12,4,,1,5,,40347,12,4,,1,5,,40417,12,4,,1,5,,40491,12,4,,1,45,,40385,12,4,,1,5,,40400,12,4,,1,5,,40434,12,4,,1,5,,40461,12,4,,1,5,,40442,12,4,,1,5,,40339,12,4,,1,6,,40370,12,4,,1,4,,40362,12,4,,1,7,,40478,12,4,,1,5,,40450,12,4,,1,6,,40348,12,4,,1,50,,40418,12,4,,1,10,,40386,12,4,,1,10,,40401,12,4,,1,10,,40462,12,4,,1,10,,40371,12,4,,1,10,,40479,12,4,,1,50,,40349,12,4,,1,10,,40419,12,4,,1,10,,40387,12,4,,1,10,,40402,12,4,,1,10,,40463,12,4,,1,10,,40372,12,4,,1,50,,40480,12,4,,1,10,,40350,12,4,,1,10,,40420,12,4,,1,10,,40388,12,4,,1,10,,40403,12,4,,1,10,,40464,12,4,,1,50,,40373,12,4,,1,15,,40481,12,4,,1,15,,40421,12,4,,1,15,,40389,12,4,,1,55,,40404,12,4,,1,15,,40465,12,4,,1,15,,40482,12,4,,1,15,,40422,12,4,,1,55,,40390,12,4,,1,15,,40405,12,4,,1,15,,40466,12,4,,1,15,,40483,12,4,,1,55,,40423,12,4,,1,15,,40391,12,4,,1,15,,40406,12,4,,1
18002301,'20260917-Holiday1-1-26-09',544,,35680,12,4,,1,10,,35698,12,4,,1,50,,35628,12,4,,1,10,,35654,12,4,,1,10,,35640,12,4,,1,5,,35774,12,4,,1,5,,35666,12,4,,1,5,,35757,12,4,,1,5,,35713,12,4,,1,5,,35791,12,4,,1,5,,35681,12,4,,1,5,,35699,12,4,,1,45,,35730,12,4,,1,5,,35629,12,4,,1,5,,35741,12,4,,1,5,,35655,12,4,,1,5,,35749,12,4,,1,5,,35641,12,4,,1,5,,35775,12,4,,1,5,,35667,12,4,,1,5,,35758,12,4,,1,5,,35714,12,4,,1,5,,35792,12,4,,1,5,,35682,12,4,,1,45,,35700,12,4,,1,5,,35731,12,4,,1,5,,35630,12,4,,1,5,,35742,12,4,,1,5,,35656,12,4,,1,5,,35750,12,4,,1,5,,35642,12,4,,1,5,,35776,12,4,,1,5,,35668,12,4,,1,5,,35759,12,4,,1,5,,35715,12,4,,1,5,,35793,12,4,,1,45,,35683,12,4,,1,5,,35701,12,4,,1,5,,35732,12,4,,1,5,,35631,12,4,,1,5,,35743,12,4,,1,5,,35657,12,4,,1,5,,35751,12,4,,1,5,,35643,12,4,,1,5,,35777,12,4,,1,5,,35669,12,4,,1,5,,35760,12,4,,1,5,,35716,12,4,,1,46,,35794,12,4,,1,5,,35684,12,4,,1,6,,35702,12,4,,1,5,,35733,12,4,,1,5,,35632,12,4,,1,6,,35744,12,4,,1,10,,35658,12,4,,1,10,,35778,12,4,,1,50,,35761,12,4,,1,10,,35717,12,4,,1,10,,35685,12,4,,1,10,,35734,12,4,,1,10,,35633,12,4,,1,10,,35659,12,4,,1,50,,35779,12,4,,1,10,,35762,12,4,,1,10,,35718,12,4,,1,10,,35686,12,4,,1,10,,35735,12,4,,1,10,,35634,12,4,,1,50,,35660,12,4,,1,10,,35780,12,4,,1,10,,35763,12,4,,1,10,,35719,12,4,,1,10,,35687,12,4,,1,10,,35736,12,4,,1,49,,35635,12,4,,1,9,,35661,12,4,,1,10,,35781,12,4,,1,9,,35752,12,4,,1,5,,35644,12,4,,1,5,,35720,12,4,,1,5,,35795,12,4,,1,5,,35688,12,4,,1,5,,35703,12,4,,1,5,,35737,12,4,,1,45,,35764,12,4,,1,5,,35745,12,4,,1,5,,35636,12,4,,1,5,,35670,12,4,,1,5,,35662,12,4,,1,5,,35782,12,4,,1,5,,35753,12,4,,1,5,,35645,12,4,,1,5,,35721,12,4,,1,5,,35796,12,4,,1,5,,35689,12,4,,1,5,,35704,12,4,,1,45,,35738,12,4,,1,5,,35765,12,4,,1,5,,35746,12,4,,1,5,,35637,12,4,,1,5,,35671,12,4,,1,5,,35663,12,4,,1,5,,35783,12,4,,1,5,,35754,12,4,,1,5,,35646,12,4,,1,5,,35722,12,4,,1,5,,35797,12,4,,1,5,,35690,12,4,,1,45,,35705,12,4,,1,5,,35739,12,4,,1,5,,35766,12,4,,1,5,,35747,12,4,,1,5,,35638,12,4,,1,5,,35672,12,4,,1,5,,35664,12,4,,1,5,,35784,12,4,,1,5,,35755,12,4,,1,5,,35647,12,4,,1,5,,35723,12,4,,1,5,,35798,12,4,,1,45,,35691,12,4,,1,5,,35706,12,4,,1,5,,35740,12,4,,1,5,,35767,12,4,,1,5,,35748,12,4,,1,5,,35639,12,4,,1,6,,35673,12,4,,1,4,,35665,12,4,,1,7,,35785,12,4,,1,5,,35756,12,4,,1,6,,35648,12,4,,1,50,,35724,12,4,,1,10,,35692,12,4,,1,10,,35707,12,4,,1,10,,35768,12,4,,1,10,,35674,12,4,,1,10,,35786,12,4,,1,50,,35649,12,4,,1,10,,35725,12,4,,1,10,,35693,12,4,,1,10,,35708,12,4,,1,10,,35769,12,4,,1,10,,35675,12,4,,1,50,,35787,12,4,,1,10,,35650,12,4,,1,10,,35726,12,4,,1,10,,35694,12,4,,1,10,,35709,12,4,,1,10,,35770,12,4,,1,50,,35676,12,4,,1,10,,35788,12,4,,1,10,,35651,12,4,,1,10,,35727,12,4,,1,10,,35695,12,4,,1,10,,35710,12,4,,1,50,,35771,12,4,,1,10,,35677,12,4,,1,10,,35789,12,4,,1,10,,35652,12,4,,1,10,,35728,12,4,,1,10,,35696,12,4,,1,50,,35711,12,4,,1,10,,35772,12,4,,1,10,,35678,12,4,,1,10,,35790,12,4,,1,10,,35653,12,4,,1,10,,35729,12,4,,1,50,,35697,12,4,,1,10,,35712,12,4,,1,10,,35773,12,4,,1,10,,35679,12,4,,1
18002301,'20260919-Saturday-1-26-09',547,,35860,12,4,,1,10,,35877,12,4,,1,50,,35894,12,4,,1,10,,35799,12,4,,1,10,,35816,12,4,,1,10,,35833,12,4,,1,10,,35844,12,4,,1,10,,35861,12,4,,1,50,,35878,12,4,,1,10,,35895,12,4,,1,10,,35800,12,4,,1,10,,35817,12,4,,1,10,,35834,12,4,,1,10,,35845,12,4,,1,50,,35862,12,4,,1,10,,35879,12,4,,1,10,,35896,12,4,,1,10,,35801,12,4,,1,10,,35818,12,4,,1,10,,35835,12,4,,1,50,,35846,12,4,,1,10,,35863,12,4,,1,10,,35880,12,4,,1,10,,35897,12,4,,1,10,,35802,12,4,,1,10,,35819,12,4,,1,50,,35836,12,4,,1,10,,35847,12,4,,1,10,,35864,12,4,,1,10,,35881,12,4,,1,10,,35898,12,4,,1,10,,35803,12,4,,1,50,,35820,12,4,,1,10,,35837,12,4,,1,10,,35848,12,4,,1,10,,35865,12,4,,1,10,,35882,12,4,,1,10,,35899,12,4,,1,50,,35804,12,4,,1,10,,35821,12,4,,1,10,,35838,12,4,,1,10,,35849,12,4,,1,10,,35866,12,4,,1,10,,35883,12,4,,1,50,,35900,12,4,,1,10,,35805,12,4,,1,10,,35822,12,4,,1,10,,35839,12,4,,1,10,,35850,12,4,,1,10,,35867,12,4,,1,50,,35884,12,4,,1,10,,35901,12,4,,1,10,,35806,12,4,,1,10,,35823,12,4,,1,10,,35840,12,4,,1,10,,35851,12,4,,1,50,,35868,12,4,,1,10,,35885,12,4,,1,10,,35902,12,4,,1,10,,35807,12,4,,1,10,,35824,12,4,,1,10,,35841,12,4,,1,50,,35852,12,4,,1,10,,35869,12,4,,1,10,,35886,12,4,,1,10,,35903,12,4,,1,10,,35808,12,4,,1,10,,35825,12,4,,1,50,,35842,12,4,,1,10,,35853,12,4,,1,10,,35870,12,4,,1,10,,35887,12,4,,1,10,,35904,12,4,,1,10,,35809,12,4,,1,50,,35826,12,4,,1,10,,35843,12,4,,1,10,,35854,12,4,,1,10,,35871,12,4,,1,10,,35888,12,4,,1,10,,35905,12,4,,1,50,,35810,12,4,,1,15,,35827,12,4,,1,15,,35855,12,4,,1,15,,35872,12,4,,1,55,,35889,12,4,,1,15,,35811,12,4,,1,15,,35828,12,4,,1,15,,35856,12,4,,1,55,,35873,12,4,,1,15,,35890,12,4,,1,15,,35812,12,4,,1,15,,35829,12,4,,1,55,,35857,12,4,,1,15,,35874,12,4,,1,15,,35891,12,4,,1,15,,35813,12,4,,1,55,,35830,12,4,,1,15,,35858,12,4,,1,15,,35875,12,4,,1,15,,35892,12,4,,1,55,,35814,12,4,,1,15,,35831,12,4,,1,15,,35859,12,4,,1,15,,35876,12,4,,1,55,,35893,12,4,,1,15,,35815,12,4,,1,15,,35832,12,4,,1
