18002100,'021R-Weekday-1-26-09',527,,32280,7,,,1,12,,32281,7,,,1,12,,32282,7,,,1,52,,32283,7,,,1,12,,32284,7,,,1,12,,32285,7,,,1,12,,32286,7,,,1,6,,32287,7,,,1,6,,32288,7,,,1,6,,32289,7,,,1,46,,32290,7,,,1,6,,32291,7,,,1,6,,32292,7,,,1,6,,32293,7,,,1,6,,32294,7,,,1,6,,32295,7,,,1,6,,32296,7,,,1,6,,32297,7,,,1,6,,32298,7,,,1,6,,32299,7,,,1,46,,32300,7,,,1,6,,32301,7,,,1,6,,32302,7,,,1,6,,32303,7,,,1,6,,32304,7,,,1,6,,32305,7,,,1,6,,32306,7,,,1,6,,32307,7,,,1,6,,32308,7,,,1,6,,32309,7,,,1,46,,32310,7,,,1,6,,32311,7,,,1,6,,32312,7,,,1,6,,32313,7,,,1,6,,32314,7,,,1,6,,32315,7,,,1,6,,32316,7,,,1,6,,32317,7,,,1,6,,32318,7,,,1,6,,32319,7,,,1,50,,32320,7,,,1,10,,32321,7,,,1,10,,32322,7,,,1,10,,32323,7,,,1,10,,32324,7,,,1,10,,32325,7,,,1,50,,32326,7,,,1,10,,32327,7,,,1,10,,32328,7,,,1,10,,32329,7,,,1,10,,32330,7,,,1,10,,32331,7,,,1,50,,32332,7,,,1,10,,32333,7,,,1,10,,32334,7,,,1,10,,32335,7,,,1,10,,32336,7,,,1,10,,32337,7,,,1,50,,32338,7,,,1,10,,32339,7,,,1,10,,32340,7,,,1,10,,32341,7,,,1,10,,32342,7,,,1,10,,32343,7,,,1,50,,32344,7,,,1,10,,32345,7,,,1,10,,32346,7,,,1,10,,32347,7,,,1,10,,32348,7,,,1,10,,32349,7,,,1,46,,32350,7,,,1,6,,32351,7,,,1,6,,32352,7,,,1,6,,32353,7,,,1,6,,32354,7,,,1,6,,32355,7,,,1,6,,32356,7,,,1,6,,32357,7,,,1,6,,32358,7,,,1,6,,32359,7,,,1,46,,32360,7,,,1,6,,32361,7,,,1,6,,32362,7,,,1,6,,32363,7,,,1,6,,32364,7,,,1,6,,32365,7,,,1,6,,32366,7,,,1,6,,32367,7,,,1,6,,32368,7,,,1,6,,32369,7,,,1,46,,32370,7,,,1,6,,32371,7,,,1,6,,32372,7,,,1,6,,32373,7,,,1,6,,32374,7,,,1,6,,32375,7,,,1,6,,32376,7,,,1,6,,32377,7,,,1,6,,32378,7,,,1,6,,32379,7,,,1,46,,32380,7,,,1,6,,32381,7,,,1,6,,32382,7,,,1,6,,32383,7,,,1,6,,32384,7,,,1,6,,32385,7,,,1,6,,32386,7,,,1,6,,32387,7,,,1,6,,32388,7,,,1,6,,32389,7,,,1,46,,32390,7,,,1,9,,32415,7,,,1,15,,32391,7,,,1,15,,32392,7,,,1,15,,32393,7,,,1,55,,32394,7,,,1,15,,32395,7,,,1,15,,32396,7,,,1,15,,32397,7,,,1,55,,32398,7,,,1,15,,32399,7,,,1,15,,32400,7,,,1,15,,32401,7,,,1,55,,32402,7,,,1,15,,32403,7,,,1,15,,32404,7,,,1,15,,32405,7,,,1,55,,32406,7,,,1,15,,32407,7,,,1,15,,32408,7,,,1,15,,32409,7,,,1,55,,32410,7,,,1,15,,32411,7,,,1,15,,32412,7,,,1,15,,32413,7,,,1,55,,32414,7,,,1,15,,32416,7,,,1
18002100,'021R-Weekday-2-26-09',527,,32417,7,,,1,12,,32418,7,,,1,12,,32419,7,,,1,52,,32420,7,,,1,12,,32421,7,,,1,12,,32422,7,,,1,12,,32423,7,,,1,6,,32424,7,,,1,6,,32425,7,,,1,6,,32426,7,,,1,46,,32427,7,,,1,6,,32428,7,,,1,6,,32429,7,,,1,6,,32430,7,,,1,6,,32431,7,,,1,6,,32432,7,,,1,6,,32433,7,,,1,6,,32434,7,,,1,6,,32435,7,,,1,6,,32436,7,,,1,46,,32437,7,,,1,6,,32438,7,,,1,6,,32439,7,,,1,6,,32440,7,,,1,6,,32441,7,,,1,6,,32442,7,,,1,6,,32443,7,,,1,6,,32444,7,,,1,6,,32445,7,,,1,6,,32446,7,,,1,46,,32447,7,,,1,6,,32448,7,,,1,6,,32449,7,,,1,6,,32450,7,,,1,6,,32451,7,,,1,6,,32452,7,,,1,6,,32453,7,,,1,6,,32454,7,,,1,6,,32455,7,,,1,6,,32456,7,,,1,50,,32457,7,,,1,10,,32458,7,,,1,10,,32459,7,,,1,10,,32460,7,,,1,10,,32461,7,,,1,10,,32462,7,,,1,50,,32463,7,,,1,10,,32464,7,,,1,10,,32465,7,,,1,10,,32466,7,,,1,10,,32467,7,,,1,10,,32468,7,,,1,50,,32469,7,,,1,10,,32470,7,,,1,10,,32471,7,,,1,10,,32472,7,,,1,10,,32473,7,,,1,10,,32474,7,,,1,50,,32475,7,,,1,10,,32476,7,,,1,10,,32477,7,,,1,10,,32478,7,,,1,10,,32479,7,,,1,10,,32480,7,,,1,50,,32481,7,,,1,10,,32482,7,,,1,10,,32483,7,,,1,10,,32484,7,,,1,10,,32485,7,,,1,10,,32486,7,,,1,46,,32487,7,,,1,6,,32488,7,,,1,6,,32489,7,,,1,6,,32490,7,,,1,6,,32491,7,,,1,6,,32492,7,,,1,6,,32493,7,,,1,6,,32494,7,,,1,6,,32495,7,,,1,6,,32496,7,,,1,46,,32497,7,,,1,6,,32498,7,,,1,6,,32499,7,,,1,6,,32500,7,,,1,6,,32501,7,,,1,6,,32502,7,,,1,6,,32503,7,,,1,6,,32504,7,,,1,6,,32505,7,,,1,6,,32506,7,,,1,46,,32507,7,,,1,6,,32508,7,,,1,6,,32509,7,,,1,6,,32510,7,,,1,6,,32511,7,,,1,6,,32512,7,,,1,6,,32513,7,,,1,6,,32514,7,,,1,6,,32515,7,,,1,6,,32516,7,,,1,46,,32517,7,,,1,6,,32518,7,,,1,6,,32519,7,,,1,6,,32520,7,,,1,6,,32521,7,,,1,6,,32522,7,,,1,6,,32523,7,,,1,6,,32524,7,,,1,6,,32525,7,,,1,6,,32526,7,,,1,46,,32527,7,,,1,9,,32552,7,,,1,15,,32528,7,,,1,15,,32529,7,,,1,15,,32530,7,,,1,55,,32531,7,,,1,15,,32532,7,,,1,15,,32533,7,,,1,15,,32534,7,,,1,55,,32535,7,,,1,15,,32536,7,,,1,15,,32537,7,,,1,15,,32538,7,,,1,55,,32539,7,,,1,15,,32540,7,,,1,15,,32541,7,,,1,15,,32542,7,,,1,55,,32543,7,,,1,15,,32544,7,,,1,15,,32545,7,,,1,15,,32546,7,,,1,55,,32547,7,,,1,15,,32548,7,,,1,15,,32549,7,,,1,15,,32550,7,,,1,55,,32551,7,,,1,15,,32553,7,,,1
18002100,'021R-Weekday-3-26-09',527,,35906,7,,,1,12,,35907,7,,,1,12,,35908,7,,,1,52,,35909,7,,,1,12,,35910,7,,,1,12,,35911,7,,,1,12,,35912,7,,,1,6,,35913,7,,,1,6,,35914,7,,,1,6,,35915,7,,,1,46,,35916,7,,,1,6,,35917,7,,,1,6,,35918,7,,,1,6,,35919,7,,,1,6,,35920,7,,,1,6,,35921,7,,,1,6,,35922,7,,,1,6,,35923,7,,,1,6,,35924,7,,,1,6,,35925,7,,,1,46,,35926,7,,,1,6,,35927,7,,,1,6,,35928,7,,,1,6,,35929,7,,,1,6,,35930,7,,,1,6,,35931,7,,,1,6,,35932,7,,,1,6,,35933,7,,,1,6,,35934,7,,,1,6,,35935,7,,,1,46,,35936,7,,,1,6,,35937,7,,,1,6,,35938,7,,,1,6,,35939,7,,,1,6,,35940,7,,,1,6,,35941,7,,,1,6,,35942,7,,,1,6,,35943,7,,,1,6,,35944,7,,,1,6,,35945,7,,,1,50,,35946,7,,,1,10,,35947,7,,,1,10,,35948,7,,,1,10,,35949,7,,,1,10,,35950,7,,,1,10,,35951,7,,,1,50,,35952,7,,,1,10,,35953,7,,,1,10,,35954,7,,,1,10,,35955,7,,,1,10,,35956,7,,,1,10,,35957,7,,,1,50,,35958,7,,,1,10,,35959,7,,,1,10,,35960,7,,,1,10,,35961,7,,,1,10,,35962,7,,,1,10,,35963,7,,,1,50,,35964,7,,,1,10,,35965,7,,,1,10,,35966,7,,,1,10,,35967,7,,,1,10,,35968,7,,,1,10,,35969,7,,,1,50,,35970,7,,,1,10,,35971,7,,,1,10,,35972,7,,,1,10,,35973,7,,,1,10,,35974,7,,,1,10,,35975,7,,,1,46,,35976,7,,,1,6,,35977,7,,,1,6,,35978,7,,,1,6,,35979,7,,,1,6,,35980,7,,,1,6,,35981,7,,,1,6,,35982,7,,,1,6,,35983,7,,,1,6,,35984,7,,,1,6,,35985,7,,,1,46,,35986,7,,,1,6,,35987,7,,,1,6,,35988,7,,,1,6,,35989,7,,,1,6,,35990,7,,,1,6,,35991,7,,,1,6,,35992,7,,,1,6,,35993,7,,,1,6,,35994,7,,,1,6,,35995,7,,,1,46,,35996,7,,,1,6,,35997,7,,,1,6,,35998,7,,,1,6,,35999,7,,,1,6,,36000,7,,,1,6,,36001,7,,,1,6,,36002,7,,,1,6,,36003,7,,,1,6,,36004,7,,,1,6,,36005,7,,,1,46,,36006,7,,,1,6,,36007,7,,,1,6,,36008,7,,,1,6,,36009,7,,,1,6,,36010,7,,,1,6,,36011,7,,,1,6,,36012,7,,,1,6,,36013,7,,,1,6,,36014,7,,,1,6,,36015,7,,,1,46,,36016,7,,,1,9,,36041,7,,,1,15,,36017,7,,,1,15,,36018,7,,,1,15,,36019,7,,,1,55,,36020,7,,,1,15,,36021,7,,,1,15,,36022,7,,,1,15,,36023,7,,,1,55,,36024,7,,,1,15,,36025,7,,,1,15,,36026,7,,,1,15,,36027,7,,,1,55,,36028,7,,,1,15,,36029,7,,,1,15,,36030,7,,,1,15,,36031,7,,,1,55,,36032,7,,,1,15,,36033,7,,,1,15,,36034,7,,,1,15,,36035,7,,,1,55,,36036,7,,,1,15,,36037,7,,,1,15,,36038,7,,,1,15,,36039,7,,,1,55,,36040,7,,,1,15,,36042,7,,,1
18002100,'021R-Weekday-4-26-09',527,,32554,7,,,1,12,,32555,7,,,1,12,,32556,7,,,1,52,,32557,7,,,1,12,,32558,7,,,1,12,,32559,7,,,1,12,,32560,7,,,1,6,,32561,7,,,1,6,,32562,7,,,1,6,,32563,7,,,1,46,,32564,7,,,1,6,,32565,7,,,1,6,,32566,7,,,1,6,,32567,7,,,1,6,,32568,7,,,1,6,,32569,7,,,1,6,,32570,7,,,1,6,,32571,7,,,1,6,,32572,7,,,1,6,,32573,7,,,1,46,,32574,7,,,1,6,,32575,7,,,1,6,,32576,7,,,1,6,,32577,7,,,1,6,,32578,7,,,1,6,,32579,7,,,1,6,,32580,7,,,1,6,,32581,7,,,1,6,,32582,7,,,1,6,,32583,7,,,1,46,,32584,7,,,1,6,,32585,7,,,1,6,,32586,7,,,1,6,,32587,7,,,1,6,,32588,7,,,1,6,,32589,7,,,1,6,,32590,7,,,1,6,,32591,7,,,1,6,,32592,7,,,1,6,,32593,7,,,1,50,,32594,7,,,1,10,,32595,7,,,1,10,,32596,7,,,1,10,,32597,7,,,1,10,,32598,7,,,1,10,,32599,7,,,1,50,,32600,7,,,1,10,,32601,7,,,1,10,,32602,7,,,1,10,,32603,7,,,1,10,,32604,7,,,1,10,,32605,7,,,1,50,,32606,7,,,1,10,,32607,7,,,1,10,,32608,7,,,1,10,,32609,7,,,1,10,,32610,7,,,1,10,,32611,7,,,1,50,,32612,7,,,1,10,,32613,7,,,1,10,,32614,7,,,1,10,,32615,7,,,1,10,,32616,7,,,1,10,,32617,7,,,1,50,,32618,7,,,1,10,,32619,7,,,1,10,,32620,7,,,1,10,,32621,7,,,1,10,,32622,7,,,1,10,,32623,7,,,1,46,,32624,7,,,1,6,,32625,7,,,1,6,,32626,7,,,1,6,,32627,7,,,1,6,,32628,7,,,1,6,,32629,7,,,1,6,,32630,7,,,1,6,,32631,7,,,1,6,,32632,7,,,1,6,,32633,7,,,1,46,,32634,7,,,1,6,,32635,7,,,1,6,,32636,7,,,1,6,,32637,7,,,1,6,,32638,7,,,1,6,,32639,7,,,1,6,,32640,7,,,1,6,,32641,7,,,1,6,,32642,7,,,1,6,,32643,7,,,1,46,,32644,7,,,1,6,,32645,7,,,1,6,,32646,7,,,1,6,,32647,7,,,1,6,,32648,7,,,1,6,,32649,7,,,1,6,,32650,7,,,1,6,,32651,7,,,1,6,,32652,7,,,1,6,,32653,7,,,1,46,,32654,7,,,1,6,,32655,7,,,1,6,,32656,7,,,1,6,,32657,7,,,1,6,,32658,7,,,1,6,,32659,7,,,1,6,,32660,7,,,1,6,,32661,7,,,1,6,,32662,7,,,1,6,,32663,7,,,1,46,,32664,7,,,1,9,,32689,7,,,1,15,,32665,7,,,1,15,,32666,7,,,1,15,,32667,7,,,1,55,,32668,7,,,1,15,,32669,7,,,1,15,,32670,7,,,1,15,,32671,7,,,1,55,,32672,7,,,1,15,,32673,7,,,1,15,,32674,7,,,1,15,,32675,7,,,1,55,,32676,7,,,1,15,,32677,7,,,1,15,,32678,7,,,1,15,,32679,7,,,1,55,,32680,7,,,1,15,,32681,7,,,1,15,,32682,7,,,1,15,,32683,7,,,1,55,,32684,7,,,1,15,,32685,7,,,1,15,,32686,7,,,1,15,,32687,7,,,1,55,,32688,7,,,1,15,,32690,7,,,1
18002100,'021R-Weekday-5-26-09',527,,36043,7,,,1,12,,36044,7,,,1,12,,36045,7,,,1,52,,36046,7,,,1,12,,36047,7,,,1,12,,36048,7,,,1,12,,36049,7,,,1,6,,36050,7,,,1,6,,36051,7,,,1,6,,36052,7,,,1,46,,36053,7,,,1,6,,36054,7,,,1,6,,36055,7,,,1,6,,36056,7,,,1,6,,36057,7,,,1,6,,36058,7,,,1,6,,36059,7,,,1,6,,36060,7,,,1,6,,36061,7,,,1,6,,36062,7,,,1,46,,36063,7,,,1,6,,36064,7,,,1,6,,36065,7,,,1,6,,36066,7,,,1,6,,36067,7,,,1,6,,36068,7,,,1,6,,36069,7,,,1,6,,36070,7,,,1,6,,36071,7,,,1,6,,36072,7,,,1,46,,36073,7,,,1,6,,36074,7,,,1,6,,36075,7,,,1,6,,36076,7,,,1,6,,36077,7,,,1,6,,36078,7,,,1,6,,36079,7,,,1,6,,36080,7,,,1,6,,36081,7,,,1,6,,36082,7,,,1,50,,36083,7,,,1,10,,36084,7,,,1,10,,36085,7,,,1,10,,36086,7,,,1,10,,36087,7,,,1,10,,36088,7,,,1,50,,36089,7,,,1,10,,36090,7,,,1,10,,36091,7,,,1,10,,36092,7,,,1,10,,36093,7,,,1,10,,36094,7,,,1,50,,36095,7,,,1,10,,36096,7,,,1,10,,36097,7,,,1,10,,36098,7,,,1,10,,36099,7,,,1,10,,36100,7,,,1,50,,36101,7,,,1,10,,36102,7,,,1,10,,36103,7,,,1,10,,36104,7,,,1,10,,36105,7,,,1,10,,36106,7,,,1,50,,36107,7,,,1,10,,36108,7,,,1,10,,36109,7,,,1,10,,36110,7,,,1,10,,36111,7,,,1,10,,36112,7,,,1,46,,36113,7,,,1,6,,36114,7,,,1,6,,36115,7,,,1,6,,36116,7,,,1,6,,36117,7,,,1,6,,36118,7,,,1,6,,36119,7,,,1,6,,36120,7,,,1,6,,36121,7,,,1,6,,36122,7,,,1,46,,36123,7,,,1,6,,36124,7,,,1,6,,36125,7,,,1,6,,36126,7,,,1,6,,36127,7,,,1,6,,36128,7,,,1,6,,36129,7,,,1,6,,36130,7,,,1,6,,36131,7,,,1,6,,36132,7,,,1,46,,36133,7,,,1,6,,36134,7,,,1,6,,36135,7,,,1,6,,36136,7,,,1,6,,36137,7,,,1,6,,36138,7,,,1,6,,36139,7,,,1,6,,36140,7,,,1,6,,36141,7,,,1,6,,36142,7,,,1,46,,36143,7,,,1,6,,36144,7,,,1,6,,36145,7,,,1,6,,36146,7,,,1,6,,36147,7,,,1,6,,36148,7,,,1,6,,36149,7,,,1,6,,36150,7,,,1,6,,36151,7,,,1,6,,36152,7,,,1,46,,36153,7,,,1,9,,36178,7,,,1,15,,36154,7,,,1,15,,36155,7,,,1,15,,36156,7,,,1,55,,36157,7,,,1,15,,36158,7,,,1,15,,36159,7,,,1,15,,36160,7,,,1,55,,36161,7,,,1,15,,36162,7,,,1,15,,36163,7,,,1,15,,36164,7,,,1,55,,36165,7,,,1,15,,36166,7,,,1,15,,36167,7,,,1,15,,36168,7,,,1,55,,36169,7,,,1,15,,36170,7,,,1,15,,36171,7,,,1,15,,36172,7,,,1,55,,36173,7,,,1,15,,36174,7,,,1,15,,36175,7,,,1,15,,36176,7,,,1,55,,36177,7,,,1,15,,36179,7,,,1
18002100,'021R-Weekday-6-26-09',527,,36180,7,,,1,12,,36181,7,,,1,12,,36182,7,,,1,52,,36183,7,,,1,12,,36184,7,,,1,12,,36185,7,,,1,12,,36186,7,,,1,6,,36187,7,,,1,6,,36188,7,,,1,6,,36189,7,,,1,46,,36190,7,,,1,6,,36191,7,,,1,6,,36192,7,,,1,6,,36193,7,,,1,6,,36194,7,,,1,6,,36195,7,,,1,6,,36196,7,,,1,6,,36197,7,,,1,6,,36198,7,,,1,6,,36199,7,,,1,46,,36200,7,,,1,6,,36201,7,,,1,6,,36202,7,,,1,6,,36203,7,,,1,6,,36204,7,,,1,6,,36205,7,,,1,6,,36206,7,,,1,6,,36207,7,,,1,6,,36208,7,,,1,6,,36209,7,,,1,46,,36210,7,,,1,6,,36211,7,,,1,6,,36212,7,,,1,6,,36213,7,,,1,6,,36214,7,,,1,6,,36215,7,,,1,6,,36216,7,,,1,6,,36217,7,,,1,6,,36218,7,,,1,6,,36219,7,,,1,50,,36220,7,,,1,10,,36221,7,,,1,10,,36222,7,,,1,10,,36223,7,,,1,10,,36224,7,,,1,10,,36225,7,,,1,50,,36226,7,,,1,10,,36227,7,,,1,10,,36228,7,,,1,10,,36229,7,,,1,10,,36230,7,,,1,10,,36231,7,,,1,50,,36232,7,,,1,10,,36233,7,,,1,10,,36234,7,,,1,10,,36235,7,,,1,10,,36236,7,,,1,10,,36237,7,,,1,50,,36238,7,,,1,10,,36239,7,,,1,10,,36240,7,,,1,10,,36241,7,,,1,10,,36242,7,,,1,10,,36243,7,,,1,50,,36244,7,,,1,10,,36245,7,,,1,10,,36246,7,,,1,10,,36247,7,,,1,10,,36248,7,,,1,10,,36249,7,,,1,46,,36250,7,,,1,6,,36251,7,,,1,6,,36252,7,,,1,6,,36253,7,,,1,6,,36254,7,,,1,6,,36255,7,,,1,6,,36256,7,,,1,6,,36257,7,,,1,6,,36258,7,,,1,6,,36259,7,,,1,46,,36260,7,,,1,6,,36261,7,,,1,6,,36262,7,,,1,6,,36263,7,,,1,6,,36264,7,,,1,6,,36265,7,,,1,6,,36266,7,,,1,6,,36267,7,,,1,6,,36268,7,,,1,6,,36269,7,,,1,46,,36270,7,,,1,6,,36271,7,,,1,6,,36272,7,,,1,6,,36273,7,,,1,6,,36274,7,,,1,6,,36275,7,,,1,6,,36276,7,,,1,6,,36277,7,,,1,6,,36278,7,,,1,6,,36279,7,,,1,46,,36280,7,,,1,6,,36281,7,,,1,6,,36282,7,,,1,6,,36283,7,,,1,6,,36284,7,,,1,6,,36285,7,,,1,6,,36286,7,,,1,6,,36287,7,,,1,6,,36288,7,,,1,6,,36289,7,,,1,46,,36290,7,,,1,9,,36315,7,,,1,15,,36291,7,,,1,15,,36292,7,,,1,15,,36293,7,,,1,55,,36294,7,,,1,15,,36295,7,,,1,15,,36296,7,,,1,15,,36297,7,,,1,55,,36298,7,,,1,15,,36299,7,,,1,15,,36300,7,,,1,15,,36301,7,,,1,55,,36302,7,,,1,15,,36303,7,,,1,15,,36304,7,,,1,15,,36305,7,,,1,55,,36306,7,,,1,15,,36307,7,,,1,15,,36308,7,,,1,15,,36309,7,,,1,55,,36310,7,,,1,15,,36311,7,,,1,15,,36312,7,,,1,15,,36313,7,,,1,55,,36314,7,,,1,15,,36316,7,,,1
18002100,'021R-Weekday-7-26-09',527,,36317,7,,,1,12,,36318,7,,,1,12,,36319,7,,,1,52,,36320,7,,,1,12,,36321,7,,,1,12,,36322,7,,,1,12,,36323,7,,,1,6,,36324,7,,,1,6,,36325,7,,,1,6,,36326,7,,,1,46,,36327,7,,,1,6,,36328,7,,,1,6,,36329,7,,,1,6,,36330,7,,,1,6,,36331,7,,,1,6,,36332,7,,,1,6,,36333,7,,,1,6,,36334,7,,,1,6,,36335,7,,,1,6,,36336,7,,,1,46,,36337,7,,,1,6,,36338,7,,,1,6,,36339,7,,,1,6,,36340,7,,,1,6,,36341,7,,,1,6,,36342,7,,,1,6,,36343,7,,,1,6,,36344,7,,,1,6,,36345,7,,,1,6,,36346,7,,,1,46,,36347,7,,,1,6,,36348,7,,,1,6,,36349,7,,,1,6,,36350,7,,,1,6,,36351,7,,,1,6,,36352,7,,,1,6,,36353,7,,,1,6,,36354,7,,,1,6,,36355,7,,,1,6,,36356,7,,,1,50,,36357,7,,,1,10,,36358,7,,,1,10,,36359,7,,,1,10,,36360,7,,,1,10,,36361,7,,,1,10,,36362,7,,,1,50,,36363,7,,,1,10,,36364,7,,,1,10,,36365,7,,,1,10,,36366,7,,,1,10,,36367,7,,,1,10,,36368,7,,,1,50,,36369,7,,,1,10,,36370,7,,,1,10,,36371,7,,,1,10,,36372,7,,,1,10,,36373,7,,,1,10,,36374,7,,,1,50,,36375,7,,,1,10,,36376,7,,,1,10,,36377,7,,,1,10,,36378,7,,,1,10,,36379,7,,,1,10,,36380,7,,,1,50,,36381,7,,,1,10,,36382,7,,,1,10,,36383,7,,,1,10,,36384,7,,,1,10,,36385,7,,,1,10,,36386,7,,,1,46,,36387,7,,,1,6,,36388,7,,,1,6,,36389,7,,,1,6,,36390,7,,,1,6,,36391,7,,,1,6,,36392,7,,,1,6,,36393,7,,,1,6,,36394,7,,,1,6,,36395,7,,,1,6,,36396,7,,,1,46,,36397,7,,,1,6,,36398,7,,,1,6,,36399,7,,,1,6,,36400,7,,,1,6,,36401,7,,,1,6,,36402,7,,,1,6,,36403,7,,,1,6,,36404,7,,,1,6,,36405,7,,,1,6,,36406,7,,,1,46,,36407,7,,,1,6,,36408,7,,,1,6,,36409,7,,,1,6,,36410,7,,,1,6,,36411,7,,,1,6,,36412,7,,,1,6,,36413,7,,,1,6,,36414,7,,,1,6,,36415,7,,,1,6,,36416,7,,,1,46,,36417,7,,,1,6,,36418,7,,,1,6,,36419,7,,,1,6,,36420,7,,,1,6,,36421,7,,,1,6,,36422,7,,,1,6,,36423,7,,,1,6,,36424,7,,,1,6,,36425,7,,,1,6,,36426,7,,,1,46,,36427,7,,,1,9,,36452,7,,,1,15,,36428,7,,,1,15,,36429,7,,,1,15,,36430,7,,,1,55,,36431,7,,,1,15,,36432,7,,,1,15,,36433,7,,,1,15,,36434,7,,,1,55,,36435,7,,,1,15,,36436,7,,,1,15,,36437,7,,,1,15,,36438,7,,,1,55,,36439,7,,,1,15,,36440,7,,,1,15,,36441,7,,,1,15,,36442,7,,,1,55,,36443,7,,,1,15,,36444,7,,,1,15,,36445,7,,,1,15,,36446,7,,,1,55,,36447,7,,,1,15,,36448,7,,,1,15,,36449,7,,,1,15,,36450,7,,,1,55,,36451,7,,,1,15,,36453,7,,,1
18002100,'021R-Saturday-1-26-09',527,,32691,7,,,1,15,,32692,7,,,1,15,,32693,7,,,1,55,,32694,7,,,1,15,,32695,7,,,1,15,,32696,7,,,1,15,,32697,7,,,1,55,,32698,7,,,1,15,,32699,7,,,1,15,,32700,7,,,1,15,,32701,7,,,1,55,,32702,7,,,1,15,,32703,7,,,1,15,,32704,7,,,1,15,,32705,7,,,1,55,,32706,7,,,1,15,,32707,7,,,1,15,,32708,7,,,1,15,,32709,7,,,1,55,,32710,7,,,1,15,,32711,7,,,1,15,,32712,7,,,1,15,,32713,7,,,1,55,,32714,7,,,1,15,,32715,7,,,1,15,,32716,7,,,1,15,,32717,7,,,1,55,,32718,7,,,1,15,,32719,7,,,1,15,,32720,7,,,1,15,,32721,7,,,1,55,,32722,7,,,1,15,,32723,7,,,1,15,,32724,7,,,1,15,,32725,7,,,1,55,,32726,7,,,1,15,,32727,7,,,1,15,,32728,7,,,1,15,,32729,7,,,1,55,,32730,7,,,1,15,,32731,7,,,1,15,,32732,7,,,1,15,,32733,7,,,1,55,,32734,7,,,1,15,,32735,7,,,1,15,,32736,7,,,1,15,,32737,7,,,1,55,,32738,7,,,1,15,,32739,7,,,1,15,,32740,7,,,1,15,,32741,7,,,1,55,,32742,7,,,1,15,,32743,7,,,1,15,,32744,7,,,1,15,,32745,7,,,1,55,,32746,7,,,1,15,,32747,7,,,1,15,,32748,7,,,1,15,,32749,7,,,1,55,,32750,7,,,1,15,,32751,7,,,1,15,,32752,7,,,1,15,,32753,7,,,1,55,,32754,7,,,1,15,,32755,7,,,1,15,,32756,7,,,1,15,,32757,7,,,1,55,,32758,7,,,1,15,,32759,7,,,1,15,,32760,7,,,1,15,,32761,7,,,1,55,,32762,7,,,1,15,,32763,7,,,1,15,,32764,7,,,1,15,,32765,7,,,1,55,,32766,7,,,1,15,,32767,7,,,1,15,,32768,7,,,1,15,,32769,7,,,1,55,,32770,7,,,1,15,,32771,7,,,1
18002100,'021R-Saturday-2-26-09',527,,36454,7,,,1,15,,36455,7,,,1,15,,36456,7,,,1,55,,36457,7,,,1,15,,36458,7,,,1,15,,36459,7,,,1,15,,36460,7,,,1,55,,36461,7,,,1,15,,36462,7,,,1,15,,36463,7,,,1,15,,36464,7,,,1,55,,36465,7,,,1,15,,36466,7,,,1,15,,36467,7,,,1,15,,36468,7,,,1,55,,36469,7,,,1,15,,36470,7,,,1,15,,36471,7,,,1,15,,36472,7,,,1,55,,36473,7,,,1,15,,36474,7,,,1,15,,36475,7,,,1,15,,36476,7,,,1,55,,36477,7,,,1,15,,36478,7,,,1,15,,36479,7,,,1,15,,36480,7,,,1,55,,36481,7,,,1,15,,36482,7,,,1,15,,36483,7,,,1,15,,36484,7,,,1,55,,36485,7,,,1,15,,36486,7,,,1,15,,36487,7,,,1,15,,36488,7,,,1,55,,36489,7,,,1,15,,36490,7,,,1,15,,36491,7,,,1,15,,36492,7,,,1,55,,36493,7,,,1,15,,36494,7,,,1,15,,36495,7,,,1,15,,36496,7,,,1,55,,36497,7,,,1,15,,36498,7,,,1,15,,36499,7,,,1,15,,36500,7,,,1,55,,36501,7,,,1,15,,36502,7,,,1,15,,36503,7,,,1,15,,36504,7,,,1,55,,36505,7,,,1,15,,36506,7,,,1,15,,36507,7,,,1,15,,36508,7,,,1,55,,36509,7,,,1,15,,36510,7,,,1,15,,36511,7,,,1,15,,36512,7,,,1,55,,36513,7,,,1,15,,36514,7,,,1,15,,36515,7,,,1,15,,36516,7,,,1,55,,36517,7,,,1,15,,36518,7,,,1,15,,36519,7,,,1,15,,36520,7,,,1,55,,36521,7,,,1,15,,36522,7,,,1,15,,36523,7,,,1,15,,36524,7,,,1,55,,36525,7,,,1,15,,36526,7,,,1,15,,36527,7,,,1,15,,36528,7,,,1,55,,36529,7,,,1,15,,36530,7,,,1,15,,36531,7,,,1,15,,36532,7,,,1,55,,36533,7,,,1,15,,36534,7,,,1
18002100,'021R-Sunday-1-26-09',557,,32772,7,,,1,55,,32773,7,,,1,15,,32774,7,,,1,15,,32775,7,,,1,15,,32776,7,,,1,55,,32777,7,,,1,15,,32778,7,,,1,15,,32779,7,,,1,15,,32780,7,,,1,55,,32781,7,,,1,15,,32782,7,,,1,15,,32783,7,,,1,15,,32784,7,,,1,55,,32785,7,,,1,15,,32786,7,,,1,15,,32787,7,,,1,15,,32788,7,,,1,55,,32789,7,,,1,15,,32790,7,,,1,15,,32791,7,,,1,15,,32792,7,,,1,55,,32793,7,,,1,15,,32794,7,,,1,15,,32795,7,,,1,15,,32796,7,,,1,55,,32797,7,,,1,15,,32798,7,,,1,15,,32799,7,,,1,15,,32800,7,,,1,55,,32801,7,,,1,15,,32802,7,,,1,15,,32803,7,,,1,15,,32804,7,,,1,55,,32805,7,,,1,15,,32806,7,,,1,15,,32807,7,,,1,15,,32808,7,,,1,55,,32809,7,,,1,15,,32810,7,,,1,15,,32811,7,,,1,15,,32812,7,,,1,55,,32813,7,,,1,15,,32814,7,,,1,15,,32815,7,,,1,15,,32816,7,,,1,55,,32817,7,,,1,15,,32818,7,,,1,15,,32819,7,,,1,15,,32820,7,,,1,55,,32821,7,,,1,15,,32822,7,,,1,15,,32823,7,,,1,15,,32824,7,,,1,55,,32825,7,,,1,15,,32826,7,,,1,15,,32827,7,,,1,15,,32828,7,,,1,55,,32829,7,,,1,15,,32830,7,,,1,15,,32831,7,,,1,15,,32832,7,,,1,55,,32833,7,,,1,15,,32834,7,,,1,15,,32835,7,,,1,15,,32836,7,,,1,55,,32837,7,,,1,15,,32838,7,,,1,15,,32839,7,,,1,15,,32840,7,,,1,55,,32841,7,,,1,15,,32842,7,,,1,15,,32843,7,,,1,15,,32844,7,,,1,55,,32845,7,,,1,15,,32846,7,,,1,15,,32847,7,,,1,15,,32848,7,,,1
18002100,'021R-Sunday-2-26-09',557,,36535,7,,,1,55,,36536,7,,,1,15,,36537,7,,,1,15,,36538,7,,,1,15,,36539,7,,,1,55,,36540,7,,,1,15,,36541,7,,,1,15,,36542,7,,,1,15,,36543,7,,,1,55,,36544,7,,,1,15,,36545,7,,,1,15,,36546,7,,,1,15,,36547,7,,,1,55,,36548,7,,,1,15,,36549,7,,,1,15,,36550,7,,,1,15,,36551,7,,,1,55,,36552,7,,,1,15,,36553,7,,,1,15,,36554,7,,,1,15,,36555,7,,,1,55,,36556,7,,,1,15,,36557,7,,,1,15,,36558,7,,,1,15,,36559,7,,,1,55,,36560,7,,,1,15,,36561,7,,,1,15,,36562,7,,,1,15,,36563,7,,,1,55,,36564,7,,,1,15,,36565,7,,,1,15,,36566,7,,,1,15,,36567,7,,,1,55,,36568,7,,,1,15,,36569,7,,,1,15,,36570,7,,,1,15,,36571,7,,,1,55,,36572,7,,,1,15,,36573,7,,,1,15,,36574,7,,,1,15,,36575,7,,,1,55,,36576,7,,,1,15,,36577,7,,,1,15,,36578,7,,,1,15,,36579,7,,,1,55,,36580,7,,,1,15,,36581,7,,,1,15,,36582,7,,,1,15,,36583,7,,,1,55,,36584,7,,,1,15,,36585,7,,,1,15,,36586,7,,,1,15,,36587,7,,,1,55,,36588,7,,,1,15,,36589,7,,,1,15,,36590,7,,,1,15,,36591,7,,,1,55,,36592,7,,,1,15,,36593,7,,,1,15,,36594,7,,,1,15,,36595,7,,,1,55,,36596,7,,,1,15,,36597,7,,,1,15,,36598,7,,,1,15,,36599,7,,,1,55,,36600,7,,,1,15,,36601,7,,,1,15,,36602,7,,,1,15,,36603,7,,,1,55,,36604,7,,,1,15,,36605,7,,,1,15,,36606,7,,,1,15,,36607,7,,,1,55,,36608,7,,,1,15,,36609,7,,,1,15,,36610,7,,,1,15,,36611,7,,,1
18002100,'021R-Sunday-4-26-09',557,,36612,7,,,1,55,,36613,7,,,1,15,,36614,7,,,1,15,,36615,7,,,1,15,,36616,7,,,1,55,,36617,7,,,1,15,,36618,7,,,1,15,,36619,7,,,1,15,,36620,7,,,1,55,,36621,7,,,1,15,,36622,7,,,1,15,,36623,7,,,1,15,,36624,7,,,1,55,,36625,7,,,1,15,,36626,7,,,1,15,,36627,7,,,1,15,,36628,7,,,1,55,,36629,7,,,1,15,,36630,7,,,1,15,,36631,7,,,1,15,,36632,7,,,1,55,,36633,7,,,1,15,,36634,7,,,1,15,,36635,7,,,1,15,,36636,7,,,1,55,,36637,7,,,1,15,,36638,7,,,1,15,,36639,7,,,1,15,,36640,7,,,1,55,,36641,7,,,1,15,,36642,7,,,1,15,,36643,7,,,1,15,,36644,7,,,1,55,,36645,7,,,1,15,,36646,7,,,1,15,,36647,7,,,1,15,,36648,7,,,1,55,,36649,7,,,1,15,,36650,7,,,1,15,,36651,7,,,1,15,,36652,7,,,1,55,,36653,7,,,1,15,,36654,7,,,1,15,,36655,7,,,1,15,,36656,7,,,1,55,,36657,7,,,1,15,,36658,7,,,1,15,,36659,7,,,1,15,,36660,7,,,1,55,,36661,7,,,1,15,,36662,7,,,1,15,,36663,7,,,1,15,,36664,7,,,1,55,,36665,7,,,1,15,,36666,7,,,1,15,,36667,7,,,1,15,,36668,7,,,1,55,,36669,7,,,1,15,,36670,7,,,1,15,,36671,7,,,1,15,,36672,7,,,1,55,,36673,7,,,1,15,,36674,7,,,1,15,,36675,7,,,1,15,,36676,7,,,1,55,,36677,7,,,1,15,,36678,7,,,1,15,,36679,7,,,1,15,,36680,7,,,1,55,,36681,7,,,1,15,,36682,7,,,1,15,,36683,7,,,1,15,,36684,7,,,1,55,,36685,7,,,1,15,,36686,7,,,1,15,,36687,7,,,1,15,,36688,7,,,1
18002200,'022R-Weekday-1-26-09',530,,33412,4,,,1,12,,33413,4,,,1,12,,33414,4,,,1,52,,33415,4,,,1,12,,33416,4,,,1,12,,33417,4,,,1,12,,33418,4,,,1,12,,33419,4,,,1,52,,33420,4,,,1,12,,33421,4,,,1,12,,33422,4,,,1,12,,33453,4,,,1,12,,33454,4,,,1,52,,33455,4,,,1,12,,33456,4,,,1,12,,33457,4,,,1,12,,33458,4,,,1,12,,33459,4,,,1,52,,33426,4,,,1,12,,33427,4,,,1,12,,33428,4,,,1,12,,33429,4,,,1,58,,33460,4,,,1,15,,33461,4,,,1,15,,33462,4,,,1,15,,33463,4,,,1,55,,33430,4,,,1,15,,33431,4,,,1,15,,33432,4,,,1,15,,33433,4,,,1,55,,33434,4,,,1,15,,33435,4,,,1,15,,33436,4,,,1,15,,33437,4,,,1,55,,33438,4,,,1,15,,33439,4,,,1,15,,33440,4,,,1,15,,33441,4,,,1,55,,33423,4,,,1,15,,33424,4,,,1,15,,33425,4,,,1,12,,33486,4,,,1,12,,33487,4,,,1,52,,33488,4,,,1,12,,33489,4,,,1,12,,33490,4,,,1,12,,33491,4,,,1,12,,33492,4,,,1,52,,33493,4,,,1,12,,33494,4,,,1,12,,33495,4,,,1,12,,33442,4,,,1,12,,33443,4,,,1,52,,33444,4,,,1,12,,33445,4,,,1,12,,33446,4,,,1,12,,33447,4,,,1,12,,33448,4,,,1,52,,33449,4,,,1,12,,33450,4,,,1,12,,33451,4,,,1,12,,33452,4,,,1,59,,33464,4,,,1,15,,33465,4,,,1,15,,33466,4,,,1,15,,33467,4,,,1,55,,33468,4,,,1,15,,33469,4,,,1,15,,33470,4,,,1,15,,33471,4,,,1,55,,33472,4,,,1,15,,33473,4,,,1,15,,33474,4,,,1,15,,33475,4,,,1,55,,33476,4,,,1,15,,33477,4,,,1,15,,33478,4,,,1,15,,33479,4,,,1,55,,33480,4,,,1,15,,33481,4,,,1,15,,33482,4,,,1,15,,33483,4,,,1,55,,33484,4,,,1,15,,33485,4,,,1,15,,33411,4,,,1
18002200,'022R-Weekday-2-26-09',530,,33497,4,,,1,12,,33498,4,,,1,12,,33499,4,,,1,52,,33500,4,,,1,12,,33501,4,,,1,12,,33502,4,,,1,12,,33503,4,,,1,12,,33504,4,,,1,52,,33505,4,,,1,12,,33506,4,,,1,12,,33507,4,,,1,12,,33538,4,,,1,12,,33539,4,,,1,52,,33540,4,,,1,12,,33541,4,,,1,12,,33542,4,,,1,12,,33543,4,,,1,12,,33544,4,,,1,52,,33511,4,,,1,12,,33512,4,,,1,12,,33513,4,,,1,12,,33514,4,,,1,58,,33545,4,,,1,15,,33546,4,,,1,15,,33547,4,,,1,15,,33548,4,,,1,55,,33515,4,,,1,15,,33516,4,,,1,15,,33517,4,,,1,15,,33518,4,,,1,55,,33519,4,,,1,15,,33520,4,,,1,15,,33521,4,,,1,15,,33522,4,,,1,55,,33523,4,,,1,15,,33524,4,,,1,15,,33525,4,,,1,15,,33526,4,,,1,55,,33508,4,,,1,15,,33509,4,,,1,15,,33510,4,,,1,12,,33571,4,,,1,12,,33572,4,,,1,52,,33573,4,,,1,12,,33574,4,,,1,12,,33575,4,,,1,12,,33576,4,,,1,12,,33577,4,,,1,52,,33578,4,,,1,12,,33579,4,,,1,12,,33580,4,,,1,12,,33527,4,,,1,12,,33528,4,,,1,52,,33529,4,,,1,12,,33530,4,,,1,12,,33531,4,,,1,12,,33532,4,,,1,12,,33533,4,,,1,52,,33534,4,,,1,12,,33535,4,,,1,12,,33536,4,,,1,12,,33537,4,,,1,59,,33549,4,,,1,15,,33550,4,,,1,15,,33551,4,,,1,15,,33552,4,,,1,55,,33553,4,,,1,15,,33554,4,,,1,15,,33555,4,,,1,15,,33556,4,,,1,55,,33557,4,,,1,15,,33558,4,,,1,15,,33559,4,,,1,15,,33560,4,,,1,55,,33561,4,,,1,15,,33562,4,,,1,15,,33563,4,,,1,15,,33564,4,,,1,55,,33565,4,,,1,15,,33566,4,,,1,15,,33567,4,,,1,15,,33568,4,,,1,55,,33569,4,,,1,15,,33570,4,,,1,15,,33496,4,,,1
18002200,'022R-Weekday-3-26-09',530,,37464,4,,,1,12,,37465,4,,,1,12,,37466,4,,,1,52,,37467,4,,,1,12,,37468,4,,,1,12,,37469,4,,,1,12,,37470,4,,,1,12,,37471,4,,,1,52,,37472,4,,,1,12,,37473,4,,,1,12,,37474,4,,,1,12,,37505,4,,,1,12,,37506,4,,,1,52,,37507,4,,,1,12,,37508,4,,,1,12,,37509,4,,,1,12,,37510,4,,,1,12,,37511,4,,,1,52,,37478,4,,,1,12,,37479,4,,,1,12,,37480,4,,,1,12,,37481,4,,,1,58,,37512,4,,,1,15,,37513,4,,,1,15,,37514,4,,,1,15,,37515,4,,,1,55,,37482,4,,,1,15,,37483,4,,,1,15,,37484,4,,,1,15,,37485,4,,,1,55,,37486,4,,,1,15,,37487,4,,,1,15,,37488,4,,,1,15,,37489,4,,,1,55,,37490,4,,,1,15,,37491,4,,,1,15,,37492,4,,,1,15,,37493,4,,,1,55,,37475,4,,,1,15,,37476,4,,,1,15,,37477,4,,,1,12,,37538,4,,,1,12,,37539,4,,,1,52,,37540,4,,,1,12,,37541,4,,,1,12,,37542,4,,,1,12,,37543,4,,,1,12,,37544,4,,,1,52,,37545,4,,,1,12,,37546,4,,,1,12,,37547,4,,,1,12,,37494,4,,,1,12,,37495,4,,,1,52,,37496,4,,,1,12,,37497,4,,,1,12,,37498,4,,,1,12,,37499,4,,,1,12,,37500,4,,,1,52,,37501,4,,,1,12,,37502,4,,,1,12,,37503,4,,,1,12,,37504,4,,,1,59,,37516,4,,,1,15,,37517,4,,,1,15,,37518,4,,,1,15,,37519,4,,,1,55,,37520,4,,,1,15,,37521,4,,,1,15,,37522,4,,,1,15,,37523,4,,,1,55,,37524,4,,,1,15,,37525,4,,,1,15,,37526,4,,,1,15,,37527,4,,,1,55,,37528,4,,,1,15,,37529,4,,,1,15,,37530,4,,,1,15,,37531,4,,,1,55,,37532,4,,,1,15,,37533,4,,,1,15,,37534,4,,,1,15,,37535,4,,,1,55,,37536,4,,,1,15,,37537,4,,,1,15,,37463,4,,,1
18002200,'022R-Weekday-4-26-09',530,,33582,4,,,1,12,,33583,4,,,1,12,,33584,4,,,1,52,,33585,4,,,1,12,,33586,4,,,1,12,,33587,4,,,1,12,,33588,4,,,1,12,,33589,4,,,1,52,,33590,4,,,1,12,,33591,4,,,1,12,,33592,4,,,1,12,,33623,4,,,1,12,,33624,4,,,1,52,,33625,4,,,1,12,,33626,4,,,1,12,,33627,4,,,1,12,,33628,4,,,1,12,,33629,4,,,1,52,,33596,4,,,1,12,,33597,4,,,1,12,,33598,4,,,1,12,,33599,4,,,1,58,,33630,4,,,1,15,,33631,4,,,1,15,,33632,4,,,1,15,,33633,4,,,1,55,,33600,4,,,1,15,,33601,4,,,1,15,,33602,4,,,1,15,,33603,4,,,1,55,,33604,4,,,1,15,,33605,4,,,1,15,,33606,4,,,1,15,,33607,4,,,1,55,,33608,4,,,1,15,,33609,4,,,1,15,,33610,4,,,1,15,,33611,4,,,1,55,,33593,4,,,1,15,,33594,4,,,1,15,,33595,4,,,1,12,,33656,4,,,1,12,,33657,4,,,1,52,,33658,4,,,1,12,,33659,4,,,1,12,,33660,4,,,1,12,,33661,4,,,1,12,,33662,4,,,1,52,,33663,4,,,1,12,,33664,4,,,1,12,,33665,4,,,1,12,,33612,4,,,1,12,,33613,4,,,1,52,,33614,4,,,1,12,,33615,4,,,1,12,,33616,4,,,1,12,,33617,4,,,1,12,,33618,4,,,1,52,,33619,4,,,1,12,,33620,4,,,1,12,,33621,4,,,1,12,,33622,4,,,1,59,,33634,4,,,1,15,,33635,4,,,1,15,,33636,4,,,1,15,,33637,4,,,1,55,,33638,4,,,1,15,,33639,4,,,1,15,,33640,4,,,1,15,,33641,4,,,1,55,,33642,4,,,1,15,,33643,4,,,1,15,,33644,4,,,1,15,,33645,4,,,1,55,,33646,4,,,1,15,,33647,4,,,1,15,,33648,4,,,1,15,,33649,4,,,1,55,,33650,4,,,1,15,,33651,4,,,1,15,,33652,4,,,1,15,,33653,4,,,1,55,,33654,4,,,1,15,,33655,4,,,1,15,,33581,4,,,1
18002200,'022R-Weekday-5-26-09',530,,37549,4,,,1,12,,37550,4,,,1,12,,37551,4,,,1,52,,37552,4,,,1,12,,37553,4,,,1,12,,37554,4,,,1,12,,37555,4,,,1,12,,37556,4,,,1,52,,37557,4,,,1,12,,37558,4,,,1,12,,37559,4,,,1,12,,37590,4,,,1,12,,37591,4,,,1,52,,37592,4,,,1,12,,37593,4,,,1,12,,37594,4,,,1,12,,37595,4,,,1,12,,37596,4,,,1,52,,37563,4,,,1,12,,37564,4,,,1,12,,37565,4,,,1,12,,37566,4,,,1,58,,37597,4,,,1,15,,37598,4,,,1,15,,37599,4,,,1,15,,37600,4,,,1,55,,37567,4,,,1,15,,37568,4,,,1,15,,37569,4,,,1,15,,37570,4,,,1,55,,37571,4,,,1,15,,37572,4,,,1,15,,37573,4,,,1,15,,37574,4,,,1,55,,37575,4,,,1,15,,37576,4,,,1,15,,37577,4,,,1,15,,37578,4,,,1,55,,37560,4,,,1,15,,37561,4,,,1,15,,37562,4,,,1,12,,37623,4,,,1,12,,37624,4,,,1,52,,37625,4,,,1,12,,37626,4,,,1,12,,37627,4,,,1,12,,37628,4,,,1,12,,37629,4,,,1,52,,37630,4,,,1,12,,37631,4,,,1,12,,37632,4,,,1,12,,37579,4,,,1,12,,37580,4,,,1,52,,37581,4,,,1,12,,37582,4,,,1,12,,37583,4,,,1,12,,37584,4,,,1,12,,37585,4,,,1,52,,37586,4,,,1,12,,37587,4,,,1,12,,37588,4,,,1,12,,37589,4,,,1,59,,37601,4,,,1,15,,37602,4,,,1,15,,37603,4,,,1,15,,37604,4,,,1,55,,37605,4,,,1,15,,37606,4,,,1,15,,37607,4,,,1,15,,37608,4,,,1,55,,37609,4,,,1,15,,37610,4,,,1,15,,37611,4,,,1,15,,37612,4,,,1,55,,37613,4,,,1,15,,37614,4,,,1,15,,37615,4,,,1,15,,37616,4,,,1,55,,37617,4,,,1,15,,37618,4,,,1,15,,37619,4,,,1,15,,37620,4,,,1,55,,37621,4,,,1,15,,37622,4,,,1,15,,37548,4,,,1
18002200,'022R-Weekday-6-26-09',530,,37634,4,,,1,12,,37635,4,,,1,12,,37636,4,,,1,52,,37637,4,,,1,12,,37638,4,,,1,12,,37639,4,,,1,12,,37640,4,,,1,12,,37641,4,,,1,52,,37642,4,,,1,12,,37643,4,,,1,12,,37644,4,,,1,12,,37675,4,,,1,12,,37676,4,,,1,52,,37677,4,,,1,12,,37678,4,,,1,12,,37679,4,,,1,12,,37680,4,,,1,12,,37681,4,,,1,52,,37648,4,,,1,12,,37649,4,,,1,12,,37650,4,,,1,12,,37651,4,,,1,58,,37682,4,,,1,15,,37683,4,,,1,15,,37684,4,,,1,15,,37685,4,,,1,55,,37652,4,,,1,15,,37653,4,,,1,15,,37654,4,,,1,15,,37655,4,,,1,55,,37656,4,,,1,15,,37657,4,,,1,15,,37658,4,,,1,15,,37659,4,,,1,55,,37660,4,,,1,15,,37661,4,,,1,15,,37662,4,,,1,15,,37663,4,,,1,55,,37645,4,,,1,15,,37646,4,,,1,15,,37647,4,,,1,12,,37708,4,,,1,12,,37709,4,,,1,52,,37710,4,,,1,12,,37711,4,,,1,12,,37712,4,,,1,12,,37713,4,,,1,12,,37714,4,,,1,52,,37715,4,,,1,12,,37716,4,,,1,12,,37717,4,,,1,12,,37664,4,,,1,12,,37665,4,,,1,52,,37666,4,,,1,12,,37667,4,,,1,12,,37668,4,,,1,12,,37669,4,,,1,12,,37670,4,,,1,52,,37671,4,,,1,12,,37672,4,,,1,12,,37673,4,,,1,12,,37674,4,,,1,59,,37686,4,,,1,15,,37687,4,,,1,15,,37688,4,,,1,15,,37689,4,,,1,55,,37690,4,,,1,15,,37691,4,,,1,15,,37692,4,,,1,15,,37693,4,,,1,55,,37694,4,,,1,15,,37695,4,,,1,15,,37696,4,,,1,15,,37697,4,,,1,55,,37698,4,,,1,15,,37699,4,,,1,15,,37700,4,,,1,15,,37701,4,,,1,55,,37702,4,,,1,15,,37703,4,,,1,15,,37704,4,,,1,15,,37705,4,,,1,55,,37706,4,,,1,15,,37707,4,,,1,15,,37633,4,,,1
18002200,'022R-Weekday-7-26-09',530,,37719,4,,,1,12,,37720,4,,,1,12,,37721,4,,,1,52,,37722,4,,,1,12,,37723,4,,,1,12,,37724,4,,,1,12,,37725,4,,,1,12,,37726,4,,,1,52,,37727,4,,,1,12,,37728,4,,,1,12,,37729,4,,,1,12,,37760,4,,,1,12,,37761,4,,,1,52,,37762,4,,,1,12,,37763,4,,,1,12,,37764,4,,,1,12,,37765,4,,,1,12,,37766,4,,,1,52,,37733,4,,,1,12,,37734,4,,,1,12,,37735,4,,,1,12,,37736,4,,,1,58,,37767,4,,,1,15,,37768,4,,,1,15,,37769,4,,,1,15,,37770,4,,,1,55,,37737,4,,,1,15,,37738,4,,,1,15,,37739,4,,,1,15,,37740,4,,,1,55,,37741,4,,,1,15,,37742,4,,,1,15,,37743,4,,,1,15,,37744,4,,,1,55,,37745,4,,,1,15,,37746,4,,,1,15,,37747,4,,,1,15,,37748,4,,,1,55,,37730,4,,,1,15,,37731,4,,,1,15,,37732,4,,,1,12,,37793,4,,,1,12,,37794,4,,,1,52,,37795,4,,,1,12,,37796,4,,,1,12,,37797,4,,,1,12,,37798,4,,,1,12,,37799,4,,,1,52,,37800,4,,,1,12,,37801,4,,,1,12,,37802,4,,,1,12,,37749,4,,,1,12,,37750,4,,,1,52,,37751,4,,,1,12,,37752,4,,,1,12,,37753,4,,,1,12,,37754,4,,,1,12,,37755,4,,,1,52,,37756,4,,,1,12,,37757,4,,,1,12,,37758,4,,,1,12,,37759,4,,,1,59,,37771,4,,,1,15,,37772,4,,,1,15,,37773,4,,,1,15,,37774,4,,,1,55,,37775,4,,,1,15,,37776,4,,,1,15,,37777,4,,,1,15,,37778,4,,,1,55,,37779,4,,,1,15,,37780,4,,,1,15,,37781,4,,,1,15,,37782,4,,,1,55,,37783,4,,,1,15,,37784,4,,,1,15,,37785,4,,,1,15,,37786,4,,,1,55,,37787,4,,,1,15,,37788,4,,,1,15,,37789,4,,,1,15,,37790,4,,,1,55,,37791,4,,,1,15,,37792,4,,,1,15,,37718,4,,,1
18002200,'022R-Saturday-1-26-09',530,,33666,4,,,1,15,,33667,4,,,1,55,,33668,4,,,1,15,,33669,4,,,1,15,,33670,4,,,1,15,,33671,4,,,1,55,,33672,4,,,1,15,,33673,4,,,1,15,,33674,4,,,1,15,,33675,4,,,1,55,,33676,4,,,1,15,,33677,4,,,1,15,,33678,4,,,1,15,,33679,4,,,1,55,,33680,4,,,1,15,,33681,4,,,1,15,,33682,4,,,1,15,,33683,4,,,1,55,,33684,4,,,1,15,,33685,4,,,1,15,,33686,4,,,1,15,,33687,4,,,1,55,,33688,4,,,1,15,,33689,4,,,1,15,,33690,4,,,1,15,,33691,4,,,1,55,,33692,4,,,1,15,,33693,4,,,1,15,,33694,4,,,1,15,,33695,4,,,1,55,,33696,4,,,1,15,,33697,4,,,1,15,,33698,4,,,1,15,,33699,4,,,1,55,,33700,4,,,1,15,,33701,4,,,1,15,,33702,4,,,1,15,,33703,4,,,1,55,,33704,4,,,1,15,,33705,4,,,1,15,,33706,4,,,1,15,,33707,4,,,1,55,,33708,4,,,1,15,,33709,4,,,1,15,,33710,4,,,1,15,,33711,4,,,1,55,,33712,4,,,1,15,,33713,4,,,1,15,,33714,4,,,1,15,,33715,4,,,1,55,,33716,4,,,1,15,,33717,4,,,1,15,,33718,4,,,1,15,,33719,4,,,1,55,,33720,4,,,1,15,,33721,4,,,1,15,,33722,4,,,1,15,,33723,4,,,1,55,,33724,4,,,1,15,,33725,4,,,1,15,,33726,4,,,1,15,,33727,4,,,1,55,,33728,4,,,1,15,,33729,4,,,1,15,,33730,4,,,1,15,,33731,4,,,1,55,,33732,4,,,1,15,,33733,4,,,1,15,,33734,4,,,1,15,,33735,4,,,1,55,,33736,4,,,1,15,,33737,4,,,1,15,,33738,4,,,1,15,,33739,4,,,1,55,,33740,4,,,1,15,,33741,4,,,1,15,,33742,4,,,1
18002200,'022R-Saturday-2-26-09',527,,37803,7,,,1,15,,37804,7,,,1,15,,37819,7,,,1,55,,37834,7,,,1,15,,37852,7,,,1,15,,37835,7,,,1,15,,37815,7,,,1,55,,37846,7,,,1,15,,37861,7,,,1,15,,37845,7,,,1,15,,37830,7,,,1,55,,37862,7,,,1,15,,37836,7,,,1,15,,37878,7,,,1,15,,37805,7,,,1,55,,37821,7,,,1,15,,37877,7,,,1,15,,37867,7,,,1,15,,37881,7,,,1,55,,37817,7,,,1,15,,37851,7,,,1,15,,37824,7,,,1,15,,37864,7,,,1,55,,37814,7,,,1,15,,37832,7,,,1,15,,37848,7,,,1,15,,37829,7,,,1,55,,37811,7,,,1,15,,37873,7,,,1,15,,37826,7,,,1,15,,37882,7,,,1,55,,37858,7,,,1,15,,37874,7,,,1,15,,37841,7,,,1,15,,37810,7,,,1,55,,37857,7,,,1,15,,37859,7,,,1,15,,37827,7,,,1,15,,37843,7,,,1,55,,37808,7,,,1,15,,37875,7,,,1,15,,37839,7,,,1,15,,37831,7,,,1,55,,37844,7,,,1,15,,37813,7,,,1,15,,37828,7,,,1,15,,37860,7,,,1,55,,37876,7,,,1,15,,37842,7,,,1,15,,37855,7,,,1,15,,37883,7,,,1,55,,37879,7,,,1,15,,37863,7,,,1,15,,37854,7,,,1,15,,37869,7,,,1,55,,37847,7,,,1,15,,37816,7,,,1,15,,37820,7,,,1,15,,37871,7,,,1,55,,37809,7,,,1,15,,37825,7,,,1,15,,37840,7,,,1,15,,37856,7,,,1,55,,37872,7,,,1,15,,37838,7,,,1,15,,37806,7,,,1,15,,37822,7,,,1,55,,37870,7,,,1,15,,37807,7,,,1,15,,37823,7,,,1,15,,37837,7,,,1,55,,37853,7,,,1,15,,37850,7,,,1,15,,37866,7,,,1,15,,37812,7,,,1,55,,37818,7,,,1,15,,37833,7,,,1,15,,37849,7,,,1,15,,37880,7,,,1,55,,37865,7,,,1,15,,37868,7,,,1
18002200,'022R-Saturday-3-26-09',520,,37891,1,0,5 6 7 8,1,15,,37936,1,0,5 6 7 8,1,15,,37901,1,0,5 6 7 8,1,55,,37885,1,0,5 6 7 8,1,15,,37927,1,0,5 6 7 8,1,15,,37895,1,0,5 6 7 8,1,15,,37907,1,0,5 6 7 8,1,55,,37943,1,0,5 6 7 8,1,15,,37897,1,0,5 6 7 8,1,15,,37959,1,0,5 6 7 8,1,15,,37945,1,0,5 6 7 8,1,55,,37888,1,0,5 6 7 8,1,15,,37913,1,0,5 6 7 8,1,15,,37929,1,0,5 6 7 8,1,15,,37933,1,0,5 6 7 8,1,55,,37917,1,0,5 6 7 8,1,15,,37949,1,0,5 6 7 8,1,15,,37920,1,0,5 6 7 8,1,15,,37931,1,0,5 6 7 8,1,55,,37903,1,0,5 6 7 8,1,15,,37947,1,0,5 6 7 8,1,15,,37899,1,0,5 6 7 8,1,15,,37930,1,0,5 6 7 8,1,55,,37898,1,0,5 6 7 8,1,15,,37914,1,0,5 6 7 8,1,15,,37960,1,0,5 6 7 8,1,15,,37915,1,0,5 6 7 8,1,55,,37909,1,0,5 6 7 8,1,15,,37941,1,0,5 6 7 8,1,15,,37896,1,0,5 6 7 8,1,15,,37912,1,0,5 6 7 8,1,55,,37893,1,0,5 6 7 8,1,15,,37928,1,0,5 6 7 8,1,15,,37925,1,0,5 6 7 8,1,15,,37944,1,0,5 6 7 8,1,55,,37946,1,0,5 6 7 8,1,15,,37932,1,0,5 6 7 8,1,15,,37916,1,0,5 6 7 8,1,15,,37948,1,0,5 6 7 8,1,55,,37900,1,0,5 6 7 8,1,15,,37884,1,0,5 6 7 8,1,15,,37940,1,0,5 6 7 8,1,15,,37958,1,0,5 6 7 8,1,55,,37910,1,0,5 6 7 8,1,15,,37892,1,0,5 6 7 8,1,15,,37926,1,0,5 6 7 8,1,15,,37889,1,0,5 6 7 8,1,55,,37956,1,0,5 6 7 8,1,15,,37924,1,0,5 6 7 8,1,15,,37942,1,0,5 6 7 8,1,15,,37908,1,0,5 6 7 8,1,55,,37894,1,0,5 6 7 8,1,15,,37955,1,0,5 6 7 8,1,15,,37905,1,0,5 6 7 8,1,15,,37937,1,0,5 6 7 8,1,55,,37921,1,0,5 6 7 8,1,15,,37953,1,0,5 6 7 8,1,15,,37904,1,0,5 6 7 8,1,15,,37890,1,0,5 6 7 8,1,55,,37923,1,0,5 6 7 8,1,15,,37887,1,0,5 6 7 8,1,15,,37939,1,0,5 6 7 8,1,15,,37906,1,0,5 6 7 8,1,55,,37922,1,0,5 6 7 8,1,15,,37938,1,0,5 6 7 8,1,15,,37954,1,0,5 6 7 8,1,15,,37918,1,0,5 6 7 8,1,55,,37957,1,0,5 6 7 8,1,15,,37919,1,0,5 6 7 8,1,15,,37911,1,0,5 6 7 8,1,15,,37950,1,0,5 6 7 8,1,55,,37902,1,0,5 6 7 8,1,15,,37886,1,0,5 6 7 8,1,15,,37952,1,0,5 6 7 8,1,15,,37951,1,0,5 6 7 8,1,55,,37935,1,0,5 6 7 8,1,15,,37934,1,0,5 6 7 8,1
18002200,'022R-Saturday-4-26-09',533,,38021,1,0,5 6 7 8,1,15,,38017,1,0,5 6 7 8,1,55,,38013,1,0,5 6 7 8,1,15,,38037,1,0,5 6 7 8,1,15,,38026,1,0,5 6 7 8,1,15,,37996,1,0,5 6 7 8,1,55,,38007,1,0,5 6 7 8,1,15,,38003,1,0,5 6 7 8,1,15,,38006,1,0,5 6 7 8,1,15,,37999,1,0,5 6 7 8,1,55,,38014,1,0,5 6 7 8,1,15,,37995,1,0,5 6 7 8,1,15,,38034,1,0,5 6 7 8,1,15,,38002,1,0,5 6 7 8,1,55,,38030,1,0,5 6 7 8,1,15,,38022,1,0,5 6 7 8,1,15,,38018,1,0,5 6 7 8,1,15,,38010,1,0,5 6 7 8,1,55,,38023,1,0,5 6 7 8,1,15,,38019,1,0,5 6 7 8,1,15,,38015,1,0,5 6 7 8,1,15,,38011,1,0,5 6 7 8,1,55,,38033,1,0,5 6 7 8,1,15,,38027,1,0,5 6 7 8,1,15,,38035,1,0,5 6 7 8,1,15,,37998,1,0,5 6 7 8,1,55,,38031,1,0,5 6 7 8,1,15,,38001,1,0,5 6 7 8,1,15,,37997,1,0,5 6 7 8,1,15,,38036,1,0,5 6 7 8,1,55,,38032,1,0,5 6 7 8,1,15,,38016,1,0,5 6 7 8,1,15,,38012,1,0,5 6 7 8,1,15,,38020,1,0,5 6 7 8,1,55,,38009,1,0,5 6 7 8,1,15,,38005,1,0,5 6 7 8,1,15,,38024,1,0,5 6 7 8,1,15,,38004,1,0,5 6 7 8,1,55,,38008,1,0,5 6 7 8,1,15,,38000,1,0,5 6 7 8,1,15,,38028,1,0,5 6 7 8,1,15,,38029,1,0,5 6 7 8,1,55,,38025,1,0,5 6 7 8,1,12,,37961,4,,,1,15,,37962,4,,,1,15,,37963,4,,,1,55,,37964,4,,,1,15,,37965,4,,,1,15,,37966,4,,,1,15,,37967,4,,,1,55,,37968,4,,,1,15,,37969,4,,,1,15,,37970,4,,,1,15,,37971,4,,,1,55,,37972,4,,,1,15,,37973,4,,,1,15,,37974,4,,,1,15,,37975,4,,,1,55,,37976,4,,,1,15,,37977,4,,,1,15,,37978,4,,,1,15,,37979,4,,,1,55,,37980,4,,,1,15,,37981,4,,,1,15,,37982,4,,,1,15,,37983,4,,,1,55,,37984,4,,,1,15,,37985,4,,,1,15,,37986,4,,,1,15,,37987,4,,,1,55,,37988,4,,,1,15,,37989,4,,,1,15,,37990,4,,,1,15,,37991,4,,,1,55,,37992,4,,,1,15,,37993,4,,,1,15,,37994,4,,,1
18002200,'022R-Sunday-1-26-09',545,,33743,4,,,1,55,,33744,4,,,1,15,,33745,4,,,1,15,,33746,4,,,1,15,,33747,4,,,1,55,,33748,4,,,1,15,,33749,4,,,1,15,,33750,4,,,1,15,,33751,4,,,1,55,,33752,4,,,1,15,,33753,4,,,1,15,,33754,4,,,1,15,,33755,4,,,1,55,,33756,4,,,1,15,,33757,4,,,1,15,,33758,4,,,1,15,,33759,4,,,1,55,,33760,4,,,1,15,,33761,4,,,1,15,,33762,4,,,1,15,,33763,4,,,1,55,,33764,4,,,1,15,,33765,4,,,1,15,,33766,4,,,1,15,,33767,4,,,1,55,,33768,4,,,1,15,,33769,4,,,1,15,,33770,4,,,1,15,,33771,4,,,1,55,,33772,4,,,1,15,,33773,4,,,1,15,,33774,4,,,1,15,,33775,4,,,1,55,,33776,4,,,1,15,,33777,4,,,1,15,,33778,4,,,1,15,,33779,4,,,1,55,,33780,4,,,1,15,,33781,4,,,1,15,,33782,4,,,1,15,,33783,4,,,1,55,,33784,4,,,1,15,,33785,4,,,1,15,,33786,4,,,1,15,,33787,4,,,1,55,,33788,4,,,1,15,,33789,4,,,1,15,,33790,4,,,1,15,,33791,4,,,1,55,,33792,4,,,1,15,,33793,4,,,1,15,,33794,4,,,1,15,,33795,4,,,1,55,,33796,4,,,1,15,,33797,4,,,1,15,,33798,4,,,1,15,,33799,4,,,1,55,,33800,4,,,1,15,,33801,4,,,1,15,,33802,4,,,1,15,,33803,4,,,1,55,,33804,4,,,1,15,,33805,4,,,1,15,,33806,4,,,1,15,,33807,4,,,1,55,,33808,4,,,1,15,,33809,4,,,1,15,,33810,4,,,1,15,,33811,4,,,1,55,,33812,4,,,1,15,,33813,4,,,1,15,,33814,4,,,1,15,,33815,4,,,1
18002200,'022R-Sunday-2-26-09',557,,38109,7,,,1,55,,38110,7,,,1,15,,38111,7,,,1,15,,38112,7,,,1,15,,38080,7,,,1,55,,38095,7,,,1,15,,38041,7,,,1,15,,38052,7,,,1,15,,38067,7,,,1,55,,38064,7,,,1,15,,38081,7,,,1,15,,38066,7,,,1,15,,38094,7,,,1,55,,38093,7,,,1,15,,38096,7,,,1,15,,38048,7,,,1,15,,38106,7,,,1,55,,38091,7,,,1,15,,38079,7,,,1,15,,38057,7,,,1,15,,38063,7,,,1,55,,38108,7,,,1,15,,38050,7,,,1,15,,38078,7,,,1,15,,38076,7,,,1,55,,38045,7,,,1,15,,38105,7,,,1,15,,38047,7,,,1,15,,38083,7,,,1,55,,38071,7,,,1,15,,38055,7,,,1,15,,38102,7,,,1,15,,38089,7,,,1,55,,38068,7,,,1,15,,38061,7,,,1,15,,38103,7,,,1,15,,38042,7,,,1,55,,38088,7,,,1,15,,38046,7,,,1,15,,38092,7,,,1,15,,38070,7,,,1,55,,38086,7,,,1,15,,38040,7,,,1,15,,38085,7,,,1,15,,38062,7,,,1,55,,38098,7,,,1,15,,38099,7,,,1,15,,38044,7,,,1,15,,38053,7,,,1,55,,38058,7,,,1,15,,38060,7,,,1,15,,38059,7,,,1,15,,38056,7,,,1,55,,38100,7,,,1,15,,38073,7,,,1,15,,38075,7,,,1,15,,38090,7,,,1,55,,38104,7,,,1,15,,38043,7,,,1,15,,38039,7,,,1,15,,38077,7,,,1,55,,38074,7,,,1,15,,38107,7,,,1,15,,38049,7,,,1,15,,38101,7,,,1,55,,38082,7,,,1,15,,38087,7,,,1,15,,38097,7,,,1,15,,38051,7,,,1,55,,38038,7,,,1,15,,38054,7,,,1,15,,38069,7,,,1,15,,38072,7,,,1,55,,38065,7,,,1,15,,38084,7,,,1
18002200,'022R-Sunday-3-26-09',550,,38113,1,0,5 6 7 8,1,55,,38114,1,0,5 6 7 8,1,15,,38115,1,0,5 6 7 8,1,15,,38116,1,0,5 6 7 8,1,15,,38117,1,0,5 6 7 8,1,55,,38118,1,0,5 6 7 8,1,15,,38119,1,0,5 6 7 8,1,15,,38120,1,0,5 6 7 8,1,15,,38121,1,0,5 6 7 8,1,55,,38122,1,0,5 6 7 8,1,15,,38123,1,0,5 6 7 8,1,15,,38124,1,0,5 6 7 8,1,15,,38125,1,0,5 6 7 8,1,55,,38126,1,0,5 6 7 8,1,15,,38127,1,0,5 6 7 8,1,15,,38128,1,0,5 6 7 8,1,15,,38129,1,0,5 6 7 8,1,55,,38130,1,0,5 6 7 8,1,15,,38131,1,0,5 6 7 8,1,15,,38132,1,0,5 6 7 8,1,15,,38133,1,0,5 6 7 8,1,55,,38134,1,0,5 6 7 8,1,15,,38135,1,0,5 6 7 8,1,15,,38136,1,0,5 6 7 8,1,15,,38137,1,0,5 6 7 8,1,55,,38138,1,0,5 6 7 8,1,15,,38139,1,0,5 6 7 8,1,15,,38140,1,0,5 6 7 8,1,15,,38141,1,0,5 6 7 8,1,55,,38142,1,0,5 6 7 8,1,15,,38143,1,0,5 6 7 8,1,15,,38144,1,0,5 6 7 8,1,15,,38145,1,0,5 6 7 8,1,55,,38146,1,0,5 6 7 8,1,15,,38147,1,0,5 6 7 8,1,15,,38148,1,0,5 6 7 8,1,15,,38149,1,0,5 6 7 8,1,55,,38150,1,0,5 6 7 8,1,15,,38151,1,0,5 6 7 8,1,15,,38152,1,0,5 6 7 8,1,15,,38153,1,0,5 6 7 8,1,55,,38154,1,0,5 6 7 8,1,15,,38155,1,0,5 6 7 8,1,15,,38156,1,0,5 6 7 8,1,15,,38157,1,0,5 6 7 8,1,55,,38158,1,0,5 6 7 8,1,15,,38159,1,0,5 6 7 8,1,15,,38160,1,0,5 6 7 8,1,15,,38161,1,0,5 6 7 8,1,55,,38162,1,0,5 6 7 8,1,15,,38163,1,0,5 6 7 8,1,15,,38164,1,0,5 6 7 8,1,15,,38165,1,0,5 6 7 8,1,55,,38166,1,0,5 6 7 8,1,15,,38167,1,0,5 6 7 8,1,15,,38168,1,0,5 6 7 8,1,15,,38169,1,0,5 6 7 8,1,55,,38170,1,0,5 6 7 8,1,15,,38171,1,0,5 6 7 8,1,15,,38172,1,0,5 6 7 8,1,15,,38173,1,0,5 6 7 8,1,55,,38174,1,0,5 6 7 8,1,15,,38175,1,0,5 6 7 8,1,15,,38176,1,0,5 6 7 8,1,15,,38177,1,0,5 6 7 8,1,55,,38178,1,0,5 6 7 8,1,15,,38179,1,0,5 6 7 8,1,15,,38180,1,0,5 6 7 8,1,15,,38181,1,0,5 6 7 8,1,55,,38182,1,0,5 6 7 8,1,15,,38183,1,0,5 6 7 8,1,15,,38184,1,0,5 6 7 8,1
18002200,'022R-Sunday-5-26-09',550,,38185,1,0,5 6 7 8,1,55,,38186,1,0,5 6 7 8,1,15,,38187,1,0,5 6 7 8,1,15,,38188,1,0,5 6 7 8,1,15,,38189,1,0,5 6 7 8,1,55,,38190,1,0,5 6 7 8,1,15,,38191,1,0,5 6 7 8,1,15,,38192,1,0,5 6 7 8,1,15,,38193,1,0,5 6 7 8,1,55,,38194,1,0,5 6 7 8,1,15,,38195,1,0,5 6 7 8,1,15,,38196,1,0,5 6 7 8,1,15,,38197,1,0,5 6 7 8,1,55,,38198,1,0,5 6 7 8,1,15,,38199,1,0,5 6 7 8,1,15,,38200,1,0,5 6 7 8,1,15,,38201,1,0,5 6 7 8,1,55,,38202,1,0,5 6 7 8,1,15,,38203,1,0,5 6 7 8,1,15,,38204,1,0,5 6 7 8,1,15,,38205,1,0,5 6 7 8,1,55,,38206,1,0,5 6 7 8,1,15,,38207,1,0,5 6 7 8,1,15,,38208,1,0,5 6 7 8,1,15,,38209,1,0,5 6 7 8,1,55,,38210,1,0,5 6 7 8,1,15,,38211,1,0,5 6 7 8,1,15,,38212,1,0,5 6 7 8,1,15,,38213,1,0,5 6 7 8,1,55,,38214,1,0,5 6 7 8,1,15,,38215,1,0,5 6 7 8,1,15,,38216,1,0,5 6 7 8,1,15,,38217,1,0,5 6 7 8,1,55,,38218,1,0,5 6 7 8,1,15,,38219,1,0,5 6 7 8,1,15,,38220,1,0,5 6 7 8,1,15,,38221,1,0,5 6 7 8,1,55,,38222,1,0,5 6 7 8,1,15,,38223,1,0,5 6 7 8,1,15,,38224,1,0,5 6 7 8,1,15,,38225,1,0,5 6 7 8,1,55,,38226,1,0,5 6 7 8,1,15,,38227,1,0,5 6 7 8,1,15,,38228,1,0,5 6 7 8,1,15,,38229,1,0,5 6 7 8,1,55,,38230,1,0,5 6 7 8,1,15,,38231,1,0,5 6 7 8,1,15,,38232,1,0,5 6 7 8,1,15,,38233,1,0,5 6 7 8,1,55,,38234,1,0,5 6 7 8,1,15,,38235,1,0,5 6 7 8,1,15,,38236,1,0,5 6 7 8,1,15,,38237,1,0,5 6 7 8,1,55,,38238,1,0,5 6 7 8,1,15,,38239,1,0,5 6 7 8,1,15,,38240,1,0,5 6 7 8,1,15,,38241,1,0,5 6 7 8,1,55,,38242,1,0,5 6 7 8,1,15,,38243,1,0,5 6 7 8,1,15,,38244,1,0,5 6 7 8,1,15,,38245,1,0,5 6 7 8,1,55,,38246,1,0,5 6 7 8,1,15,,38247,1,0,5 6 7 8,1,15,,38248,1,0,5 6 7 8,1,15,,38249,1,0,5 6 7 8,1,55,,38250,1,0,5 6 7 8,1,15,,38251,1,0,5 6 7 8,1,15,,38252,1,0,5 6 7 8,1,15,,38253,1,0,5 6 7 8,1,55,,38254,1,0,5 6 7 8,1,15,,38255,1,0,5 6 7 8,1,15,,38256,1,0,5 6 7 8,1
18002200,'022R-Sunday-6-26-09',545,,38279,1,0,5 6 7 8,1,55,,38280,1,0,5 6 7 8,1,15,,38281,1,0,5 6 7 8,1,15,,38282,1,0,5 6 7 8,1,15,,38283,1,0,5 6 7 8,1,55,,38284,1,0,5 6 7 8,1,15,,38285,1,0,5 6 7 8,1,15,,38286,1,0,5 6 7 8,1,15,,38287,1,0,5 6 7 8,1,55,,38288,1,0,5 6 7 8,1,15,,38289,1,0,5 6 7 8,1,15,,38290,1,0,5 6 7 8,1,15,,38291,1,0,5 6 7 8,1,55,,38292,1,0,5 6 7 8,1,15,,38293,1,0,5 6 7 8,1,15,,38294,1,0,5 6 7 8,1,15,,38295,1,0,5 6 7 8,1,55,,38296,1,0,5 6 7 8,1,15,,38297,1,0,5 6 7 8,1,15,,38298,1,0,5 6 7 8,1,15,,38299,1,0,5 6 7 8,1,55,,38300,1,0,5 6 7 8,1,15,,38301,1,0,5 6 7 8,1,15,,38302,1,0,5 6 7 8,1,15,,38303,1,0,5 6 7 8,1,55,,38304,1,0,5 6 7 8,1,15,,38305,1,0,5 6 7 8,1,15,,38306,1,0,5 6 7 8,1,15,,38307,1,0,5 6 7 8,1,55,,38308,1,0,5 6 7 8,1,15,,38309,1,0,5 6 7 8,1,15,,38310,1,0,5 6 7 8,1,15,,38311,1,0,5 6 7 8,1,55,,38312,1,0,5 6 7 8,1,15,,38313,1,0,5 6 7 8,1,15,,38314,1,0,5 6 7 8,1,15,,38315,1,0,5 6 7 8,1,55,,38316,1,0,5 6 7 8,1,15,,38317,1,0,5 6 7 8,1,15,,38318,1,0,5 6 7 8,1,15,,38319,1,0,5 6 7 8,1,55,,38320,1,0,5 6 7 8,1,15,,38321,1,0,5 6 7 8,1,15,,38322,1,0,5 6 7 8,1,15,,38323,1,0,5 6 7 8,1,55,,38324,1,0,5 6 7 8,1,15,,38325,1,0,5 6 7 8,1,15,,38326,1,0,5 6 7 8,1,15,,38327,1,0,5 6 7 8,1,55,,38328,1,0,5 6 7 8,1,15,,38329,1,0,5 6 7 8,1,15,,38257,4,,,1,15,,38258,4,,,1,55,,38259,4,,,1,15,,38260,4,,,1,15,,38261,4,,,1,15,,38262,4,,,1,55,,38263,4,,,1,15,,38264,4,,,1,15,,38265,4,,,1,15,,38266,4,,,1,55,,38267,4,,,1,15,,38268,4,,,1,15,,38269,4,,,1,15,,38270,4,,,1,55,,38271,4,,,1,15,,38272,4,,,1,15,,38273,4,,,1,15,,38274,4,,,1,55,,38275,4,,,1,15,,38276,4,,,1,15,,38277,4,,,1,15,,38278,4,,,1
