18002100,'021R-Weekday-1-26-09',519,,32280,4,,,1,12,,32281,4,,,1,12,,32282,4,,,1,12,,32283,4,,,1,52,,32284,4,,,1,12,,32285,4,,,1,12,,32286,4,,,1,6,,32287,4,,,1,6,,32288,4,,,1,6,,32289,4,,,1,6,,32290,4,,,1,46,,32291,4,,,1,6,,32292,4,,,1,6,,32293,4,,,1,6,,32294,4,,,1,6,,32295,4,,,1,6,,32296,4,,,1,6,,32297,4,,,1,6,,32298,4,,,1,6,,32299,4,,,1,6,,32300,4,,,1,46,,32301,4,,,1,6,,32302,4,,,1,6,,32303,4,,,1,6,,32304,4,,,1,6,,32305,4,,,1,6,,32306,4,,,1,6,,32307,4,,,1,6,,32308,4,,,1,6,,32309,4,,,1,6,,32310,4,,,1,46,,32311,4,,,1,6,,32312,4,,,1,6,,32313,4,,,1,6,,32314,4,,,1,6,,32315,4,,,1,6,,32316,4,,,1,6,,32317,4,,,1,6,,32318,4,,,1,6,,32319,4,,,1,10,,32320,4,,,1,50,,32321,4,,,1,10,,32322,4,,,1,10,,32323,4,,,1,10,,32324,4,,,1,10,,32325,4,,,1,10,,32326,4,,,1,50,,32327,4,,,1,10,,32328,4,,,1,10,,32329,4,,,1,10,,32330,4,,,1,10,,32331,4,,,1,10,,32332,4,,,1,50,,32333,4,,,1,10,,32334,4,,,1,10,,32335,4,,,1,10,,32336,4,,,1,10,,32337,4,,,1,10,,32338,4,,,1,50,,32339,4,,,1,10,,32340,4,,,1,10,,32341,4,,,1,10,,32342,4,,,1,10,,32343,4,,,1,10,,32344,4,,,1,50,,32345,4,,,1,10,,32346,4,,,1,10,,32347,4,,,1,10,,32348,4,,,1,10,,32349,4,,,1,6,,32350,4,,,1,46,,32351,4,,,1,6,,32352,4,,,1,6,,32353,4,,,1,6,,32354,4,,,1,6,,32355,4,,,1,6,,32356,4,,,1,6,,32357,4,,,1,6,,32358,4,,,1,6,,32359,4,,,1,6,,32360,4,,,1,46,,32361,4,,,1,6,,32362,4,,,1,6,,32363,4,,,1,6,,32364,4,,,1,6,,32365,4,,,1,6,,32366,4,,,1,6,,32367,4,,,1,6,,32368,4,,,1,6,,32369,4,,,1,6,,32370,4,,,1,46,,32371,4,,,1,6,,32372,4,,,1,6,,32373,4,,,1,6,,32374,4,,,1,6,,32375,4,,,1,6,,32376,4,,,1,6,,32377,4,,,1,6,,32378,4,,,1,6,,32379,4,,,1,6,,32380,4,,,1,46,,32381,4,,,1,6,,32382,4,,,1,6,,32383,4,,,1,6,,32384,4,,,1,6,,32385,4,,,1,6,,32386,4,,,1,6,,32387,4,,,1,6,,32388,4,,,1,6,,32389,4,,,1,6,,32390,4,,,1,49,,32415,4,,,1,15,,32391,4,,,1,15,,32392,4,,,1,15,,32393,4,,,1,55,,32394,4,,,1,15,,32395,4,,,1,15,,32396,4,,,1,15,,32397,4,,,1,55,,32398,4,,,1,15,,32399,4,,,1,15,,32400,4,,,1,15,,32401,4,,,1,55,,32402,4,,,1,15,,32403,4,,,1,15,,32404,4,,,1,15,,32405,4,,,1,55,,32406,4,,,1,15,,32407,4,,,1,15,,32408,4,,,1,15,,32409,4,,,1,55,,32410,4,,,1,15,,32411,4,,,1,15,,32412,4,,,1,15,,32413,4,,,1,55,,32414,4,,,1,15,,32416,4,,,1
18002100,'021R-Weekday-2-26-09',519,,32417,4,,,1,12,,32418,4,,,1,12,,32419,4,,,1,12,,32420,4,,,1,52,,32421,4,,,1,12,,32422,4,,,1,12,,32423,4,,,1,6,,32424,4,,,1,6,,32425,4,,,1,6,,32426,4,,,1,6,,32427,4,,,1,46,,32428,4,,,1,6,,32429,4,,,1,6,,32430,4,,,1,6,,32431,4,,,1,6,,32432,4,,,1,6,,32433,4,,,1,6,,32434,4,,,1,6,,32435,4,,,1,6,,32436,4,,,1,6,,32437,4,,,1,46,,32438,4,,,1,6,,32439,4,,,1,6,,32440,4,,,1,6,,32441,4,,,1,6,,32442,4,,,1,6,,32443,4,,,1,6,,32444,4,,,1,6,,32445,4,,,1,6,,32446,4,,,1,6,,32447,4,,,1,46,,32448,4,,,1,6,,32449,4,,,1,6,,32450,4,,,1,6,,32451,4,,,1,6,,32452,4,,,1,6,,32453,4,,,1,6,,32454,4,,,1,6,,32455,4,,,1,6,,32456,4,,,1,10,,32457,4,,,1,50,,32458,4,,,1,10,,32459,4,,,1,10,,32460,4,,,1,10,,32461,4,,,1,10,,32462,4,,,1,10,,32463,4,,,1,50,,32464,4,,,1,10,,32465,4,,,1,10,,32466,4,,,1,10,,32467,4,,,1,10,,32468,4,,,1,10,,32469,4,,,1,50,,32470,4,,,1,10,,32471,4,,,1,10,,32472,4,,,1,10,,32473,4,,,1,10,,32474,4,,,1,10,,32475,4,,,1,50,,32476,4,,,1,10,,32477,4,,,1,10,,32478,4,,,1,10,,32479,4,,,1,10,,32480,4,,,1,10,,32481,4,,,1,50,,32482,4,,,1,10,,32483,4,,,1,10,,32484,4,,,1,10,,32485,4,,,1,10,,32486,4,,,1,6,,32487,4,,,1,46,,32488,4,,,1,6,,32489,4,,,1,6,,32490,4,,,1,6,,32491,4,,,1,6,,32492,4,,,1,6,,32493,4,,,1,6,,32494,4,,,1,6,,32495,4,,,1,6,,32496,4,,,1,6,,32497,4,,,1,46,,32498,4,,,1,6,,32499,4,,,1,6,,32500,4,,,1,6,,32501,4,,,1,6,,32502,4,,,1,6,,32503,4,,,1,6,,32504,4,,,1,6,,32505,4,,,1,6,,32506,4,,,1,6,,32507,4,,,1,46,,32508,4,,,1,6,,32509,4,,,1,6,,32510,4,,,1,6,,32511,4,,,1,6,,32512,4,,,1,6,,32513,4,,,1,6,,32514,4,,,1,6,,32515,4,,,1,6,,32516,4,,,1,6,,32517,4,,,1,46,,32518,4,,,1,6,,32519,4,,,1,6,,32520,4,,,1,6,,32521,4,,,1,6,,32522,4,,,1,6,,32523,4,,,1,6,,32524,4,,,1,6,,32525,4,,,1,6,,32526,4,,,1,6,,32527,4,,,1,49,,32552,4,,,1,15,,32528,4,,,1,15,,32529,4,,,1,15,,32530,4,,,1,55,,32531,4,,,1,15,,32532,4,,,1,15,,32533,4,,,1,15,,32534,4,,,1,55,,32535,4,,,1,15,,32536,4,,,1,15,,32537,4,,,1,15,,32538,4,,,1,55,,32539,4,,,1,15,,32540,4,,,1,15,,32541,4,,,1,15,,32542,4,,,1,55,,32543,4,,,1,15,,32544,4,,,1,15,,32545,4,,,1,15,,32546,4,,,1,55,,32547,4,,,1,15,,32548,4,,,1,15,,32549,4,,,1,15,,32550,4,,,1,55,,32551,4,,,1,15,,32553,4,,,1
18002100,'021R-Weekday-3-26-09',519,,35906,4,,,1,12,,35907,4,,,1,12,,35908,4,,,1,12,,35909,4,,,1,52,,35910,4,,,1,12,,35911,4,,,1,12,,35912,4,,,1,6,,35913,4,,,1,6,,35914,4,,,1,6,,35915,4,,,1,6,,35916,4,,,1,46,,35917,4,,,1,6,,35918,4,,,1,6,,35919,4,,,1,6,,35920,4,,,1,6,,35921,4,,,1,6,,35922,4,,,1,6,,35923,4,,,1,6,,35924,4,,,1,6,,35925,4,,,1,6,,35926,4,,,1,46,,35927,4,,,1,6,,35928,4,,,1,6,,35929,4,,,1,6,,35930,4,,,1,6,,35931,4,,,1,6,,35932,4,,,1,6,,35933,4,,,1,6,,35934,4,,,1,6,,35935,4,,,1,6,,35936,4,,,1,46,,35937,4,,,1,6,,35938,4,,,1,6,,35939,4,,,1,6,,35940,4,,,1,6,,35941,4,,,1,6,,35942,4,,,1,6,,35943,4,,,1,6,,35944,4,,,1,6,,35945,4,,,1,10,,35946,4,,,1,50,,35947,4,,,1,10,,35948,4,,,1,10,,35949,4,,,1,10,,35950,4,,,1,10,,35951,4,,,1,10,,35952,4,,,1,50,,35953,4,,,1,10,,35954,4,,,1,10,,35955,4,,,1,10,,35956,4,,,1,10,,35957,4,,,1,10,,35958,4,,,1,50,,35959,4,,,1,10,,35960,4,,,1,10,,35961,4,,,1,10,,35962,4,,,1,10,,35963,4,,,1,10,,35964,4,,,1,50,,35965,4,,,1,10,,35966,4,,,1,10,,35967,4,,,1,10,,35968,4,,,1,10,,35969,4,,,1,10,,35970,4,,,1,50,,35971,4,,,1,10,,35972,4,,,1,10,,35973,4,,,1,10,,35974,4,,,1,10,,35975,4,,,1,6,,35976,4,,,1,46,,35977,4,,,1,6,,35978,4,,,1,6,,35979,4,,,1,6,,35980,4,,,1,6,,35981,4,,,1,6,,35982,4,,,1,6,,35983,4,,,1,6,,35984,4,,,1,6,,35985,4,,,1,6,,35986,4,,,1,46,,35987,4,,,1,6,,35988,4,,,1,6,,35989,4,,,1,6,,35990,4,,,1,6,,35991,4,,,1,6,,35992,4,,,1,6,,35993,4,,,1,6,,35994,4,,,1,6,,35995,4,,,1,6,,35996,4,,,1,46,,35997,4,,,1,6,,35998,4,,,1,6,,35999,4,,,1,6,,36000,4,,,1,6,,36001,4,,,1,6,,36002,4,,,1,6,,36003,4,,,1,6,,36004,4,,,1,6,,36005,4,,,1,6,,36006,4,,,1,46,,36007,4,,,1,6,,36008,4,,,1,6,,36009,4,,,1,6,,36010,4,,,1,6,,36011,4,,,1,6,,36012,4,,,1,6,,36013,4,,,1,6,,36014,4,,,1,6,,36015,4,,,1,6,,36016,4,,,1,49,,36041,4,,,1,15,,36017,4,,,1,15,,36018,4,,,1,15,,36019,4,,,1,55,,36020,4,,,1,15,,36021,4,,,1,15,,36022,4,,,1,15,,36023,4,,,1,55,,36024,4,,,1,15,,36025,4,,,1,15,,36026,4,,,1,15,,36027,4,,,1,55,,36028,4,,,1,15,,36029,4,,,1,15,,36030,4,,,1,15,,36031,4,,,1,55,,36032,4,,,1,15,,36033,4,,,1,15,,36034,4,,,1,15,,36035,4,,,1,55,,36036,4,,,1,15,,36037,4,,,1,15,,36038,4,,,1,15,,36039,4,,,1,55,,36040,4,,,1,15,,36042,4,,,1
18002100,'021R-Weekday-4-26-09',519,,32554,4,,,1,12,,32555,4,,,1,12,,32556,4,,,1,12,,32557,4,,,1,52,,32558,4,,,1,12,,32559,4,,,1,12,,32560,4,,,1,6,,32561,4,,,1,6,,32562,4,,,1,6,,32563,4,,,1,6,,32564,4,,,1,46,,32565,4,,,1,6,,32566,4,,,1,6,,32567,4,,,1,6,,32568,4,,,1,6,,32569,4,,,1,6,,32570,4,,,1,6,,32571,4,,,1,6,,32572,4,,,1,6,,32573,4,,,1,6,,32574,4,,,1,46,,32575,4,,,1,6,,32576,4,,,1,6,,32577,4,,,1,6,,32578,4,,,1,6,,32579,4,,,1,6,,32580,4,,,1,6,,32581,4,,,1,6,,32582,4,,,1,6,,32583,4,,,1,6,,32584,4,,,1,46,,32585,4,,,1,6,,32586,4,,,1,6,,32587,4,,,1,6,,32588,4,,,1,6,,32589,4,,,1,6,,32590,4,,,1,6,,32591,4,,,1,6,,32592,4,,,1,6,,32593,4,,,1,10,,32594,4,,,1,50,,32595,4,,,1,10,,32596,4,,,1,10,,32597,4,,,1,10,,32598,4,,,1,10,,32599,4,,,1,10,,32600,4,,,1,50,,32601,4,,,1,10,,32602,4,,,1,10,,32603,4,,,1,10,,32604,4,,,1,10,,32605,4,,,1,10,,32606,4,,,1,50,,32607,4,,,1,10,,32608,4,,,1,10,,32609,4,,,1,10,,32610,4,,,1,10,,32611,4,,,1,10,,32612,4,,,1,50,,32613,4,,,1,10,,32614,4,,,1,10,,32615,4,,,1,10,,32616,4,,,1,10,,32617,4,,,1,10,,32618,4,,,1,50,,32619,4,,,1,10,,32620,4,,,1,10,,32621,4,,,1,10,,32622,4,,,1,10,,32623,4,,,1,6,,32624,4,,,1,46,,32625,4,,,1,6,,32626,4,,,1,6,,32627,4,,,1,6,,32628,4,,,1,6,,32629,4,,,1,6,,32630,4,,,1,6,,32631,4,,,1,6,,32632,4,,,1,6,,32633,4,,,1,6,,32634,4,,,1,46,,32635,4,,,1,6,,32636,4,,,1,6,,32637,4,,,1,6,,32638,4,,,1,6,,32639,4,,,1,6,,32640,4,,,1,6,,32641,4,,,1,6,,32642,4,,,1,6,,32643,4,,,1,6,,32644,4,,,1,46,,32645,4,,,1,6,,32646,4,,,1,6,,32647,4,,,1,6,,32648,4,,,1,6,,32649,4,,,1,6,,32650,4,,,1,6,,32651,4,,,1,6,,32652,4,,,1,6,,32653,4,,,1,6,,32654,4,,,1,46,,32655,4,,,1,6,,32656,4,,,1,6,,32657,4,,,1,6,,32658,4,,,1,6,,32659,4,,,1,6,,32660,4,,,1,6,,32661,4,,,1,6,,32662,4,,,1,6,,32663,4,,,1,6,,32664,4,,,1,49,,32689,4,,,1,15,,32665,4,,,1,15,,32666,4,,,1,15,,32667,4,,,1,55,,32668,4,,,1,15,,32669,4,,,1,15,,32670,4,,,1,15,,32671,4,,,1,55,,32672,4,,,1,15,,32673,4,,,1,15,,32674,4,,,1,15,,32675,4,,,1,55,,32676,4,,,1,15,,32677,4,,,1,15,,32678,4,,,1,15,,32679,4,,,1,55,,32680,4,,,1,15,,32681,4,,,1,15,,32682,4,,,1,15,,32683,4,,,1,55,,32684,4,,,1,15,,32685,4,,,1,15,,32686,4,,,1,15,,32687,4,,,1,55,,32688,4,,,1,15,,32690,4,,,1
18002100,'021R-Weekday-5-26-09',519,,36043,4,,,1,12,,36044,4,,,1,12,,36045,4,,,1,12,,36046,4,,,1,52,,36047,4,,,1,12,,36048,4,,,1,12,,36049,4,,,1,6,,36050,4,,,1,6,,36051,4,,,1,6,,36052,4,,,1,6,,36053,4,,,1,46,,36054,4,,,1,6,,36055,4,,,1,6,,36056,4,,,1,6,,36057,4,,,1,6,,36058,4,,,1,6,,36059,4,,,1,6,,36060,4,,,1,6,,36061,4,,,1,6,,36062,4,,,1,6,,36063,4,,,1,46,,36064,4,,,1,6,,36065,4,,,1,6,,36066,4,,,1,6,,36067,4,,,1,6,,36068,4,,,1,6,,36069,4,,,1,6,,36070,4,,,1,6,,36071,4,,,1,6,,36072,4,,,1,6,,36073,4,,,1,46,,36074,4,,,1,6,,36075,4,,,1,6,,36076,4,,,1,6,,36077,4,,,1,6,,36078,4,,,1,6,,36079,4,,,1,6,,36080,4,,,1,6,,36081,4,,,1,6,,36082,4,,,1,10,,36083,4,,,1,50,,36084,4,,,1,10,,36085,4,,,1,10,,36086,4,,,1,10,,36087,4,,,1,10,,36088,4,,,1,10,,36089,4,,,1,50,,36090,4,,,1,10,,36091,4,,,1,10,,36092,4,,,1,10,,36093,4,,,1,10,,36094,4,,,1,10,,36095,4,,,1,50,,36096,4,,,1,10,,36097,4,,,1,10,,36098,4,,,1,10,,36099,4,,,1,10,,36100,4,,,1,10,,36101,4,,,1,50,,36102,4,,,1,10,,36103,4,,,1,10,,36104,4,,,1,10,,36105,4,,,1,10,,36106,4,,,1,10,,36107,4,,,1,50,,36108,4,,,1,10,,36109,4,,,1,10,,36110,4,,,1,10,,36111,4,,,1,10,,36112,4,,,1,6,,36113,4,,,1,46,,36114,4,,,1,6,,36115,4,,,1,6,,36116,4,,,1,6,,36117,4,,,1,6,,36118,4,,,1,6,,36119,4,,,1,6,,36120,4,,,1,6,,36121,4,,,1,6,,36122,4,,,1,6,,36123,4,,,1,46,,36124,4,,,1,6,,36125,4,,,1,6,,36126,4,,,1,6,,36127,4,,,1,6,,36128,4,,,1,6,,36129,4,,,1,6,,36130,4,,,1,6,,36131,4,,,1,6,,36132,4,,,1,6,,36133,4,,,1,46,,36134,4,,,1,6,,36135,4,,,1,6,,36136,4,,,1,6,,36137,4,,,1,6,,36138,4,,,1,6,,36139,4,,,1,6,,36140,4,,,1,6,,36141,4,,,1,6,,36142,4,,,1,6,,36143,4,,,1,46,,36144,4,,,1,6,,36145,4,,,1,6,,36146,4,,,1,6,,36147,4,,,1,6,,36148,4,,,1,6,,36149,4,,,1,6,,36150,4,,,1,6,,36151,4,,,1,6,,36152,4,,,1,6,,36153,4,,,1,49,,36178,4,,,1,15,,36154,4,,,1,15,,36155,4,,,1,15,,36156,4,,,1,55,,36157,4,,,1,15,,36158,4,,,1,15,,36159,4,,,1,15,,36160,4,,,1,55,,36161,4,,,1,15,,36162,4,,,1,15,,36163,4,,,1,15,,36164,4,,,1,55,,36165,4,,,1,15,,36166,4,,,1,15,,36167,4,,,1,15,,36168,4,,,1,55,,36169,4,,,1,15,,36170,4,,,1,15,,36171,4,,,1,15,,36172,4,,,1,55,,36173,4,,,1,15,,36174,4,,,1,15,,36175,4,,,1,15,,36176,4,,,1,55,,36177,4,,,1,15,,36179,4,,,1
18002100,'021R-Weekday-6-26-09',519,,36180,4,,,1,12,,36181,4,,,1,12,,36182,4,,,1,12,,36183,4,,,1,52,,36184,4,,,1,12,,36185,4,,,1,12,,36186,4,,,1,6,,36187,4,,,1,6,,36188,4,,,1,6,,36189,4,,,1,6,,36190,4,,,1,46,,36191,4,,,1,6,,36192,4,,,1,6,,36193,4,,,1,6,,36194,4,,,1,6,,36195,4,,,1,6,,36196,4,,,1,6,,36197,4,,,1,6,,36198,4,,,1,6,,36199,4,,,1,6,,36200,4,,,1,46,,36201,4,,,1,6,,36202,4,,,1,6,,36203,4,,,1,6,,36204,4,,,1,6,,36205,4,,,1,6,,36206,4,,,1,6,,36207,4,,,1,6,,36208,4,,,1,6,,36209,4,,,1,6,,36210,4,,,1,46,,36211,4,,,1,6,,36212,4,,,1,6,,36213,4,,,1,6,,36214,4,,,1,6,,36215,4,,,1,6,,36216,4,,,1,6,,36217,4,,,1,6,,36218,4,,,1,6,,36219,4,,,1,10,,36220,4,,,1,50,,36221,4,,,1,10,,36222,4,,,1,10,,36223,4,,,1,10,,36224,4,,,1,10,,36225,4,,,1,10,,36226,4,,,1,50,,36227,4,,,1,10,,36228,4,,,1,10,,36229,4,,,1,10,,36230,4,,,1,10,,36231,4,,,1,10,,36232,4,,,1,50,,36233,4,,,1,10,,36234,4,,,1,10,,36235,4,,,1,10,,36236,4,,,1,10,,36237,4,,,1,10,,36238,4,,,1,50,,36239,4,,,1,10,,36240,4,,,1,10,,36241,4,,,1,10,,36242,4,,,1,10,,36243,4,,,1,10,,36244,4,,,1,50,,36245,4,,,1,10,,36246,4,,,1,10,,36247,4,,,1,10,,36248,4,,,1,10,,36249,4,,,1,6,,36250,4,,,1,46,,36251,4,,,1,6,,36252,4,,,1,6,,36253,4,,,1,6,,36254,4,,,1,6,,36255,4,,,1,6,,36256,4,,,1,6,,36257,4,,,1,6,,36258,4,,,1,6,,36259,4,,,1,6,,36260,4,,,1,46,,36261,4,,,1,6,,36262,4,,,1,6,,36263,4,,,1,6,,36264,4,,,1,6,,36265,4,,,1,6,,36266,4,,,1,6,,36267,4,,,1,6,,36268,4,,,1,6,,36269,4,,,1,6,,36270,4,,,1,46,,36271,4,,,1,6,,36272,4,,,1,6,,36273,4,,,1,6,,36274,4,,,1,6,,36275,4,,,1,6,,36276,4,,,1,6,,36277,4,,,1,6,,36278,4,,,1,6,,36279,4,,,1,6,,36280,4,,,1,46,,36281,4,,,1,6,,36282,4,,,1,6,,36283,4,,,1,6,,36284,4,,,1,6,,36285,4,,,1,6,,36286,4,,,1,6,,36287,4,,,1,6,,36288,4,,,1,6,,36289,4,,,1,6,,36290,4,,,1,49,,36315,4,,,1,15,,36291,4,,,1,15,,36292,4,,,1,15,,36293,4,,,1,55,,36294,4,,,1,15,,36295,4,,,1,15,,36296,4,,,1,15,,36297,4,,,1,55,,36298,4,,,1,15,,36299,4,,,1,15,,36300,4,,,1,15,,36301,4,,,1,55,,36302,4,,,1,15,,36303,4,,,1,15,,36304,4,,,1,15,,36305,4,,,1,55,,36306,4,,,1,15,,36307,4,,,1,15,,36308,4,,,1,15,,36309,4,,,1,55,,36310,4,,,1,15,,36311,4,,,1,15,,36312,4,,,1,15,,36313,4,,,1,55,,36314,4,,,1,15,,36316,4,,,1
18002100,'021R-Weekday-7-26-09',519,,36317,4,,,1,12,,36318,4,,,1,12,,36319,4,,,1,12,,36320,4,,,1,52,,36321,4,,,1,12,,36322,4,,,1,12,,36323,4,,,1,6,,36324,4,,,1,6,,36325,4,,,1,6,,36326,4,,,1,6,,36327,4,,,1,46,,36328,4,,,1,6,,36329,4,,,1,6,,36330,4,,,1,6,,36331,4,,,1,6,,36332,4,,,1,6,,36333,4,,,1,6,,36334,4,,,1,6,,36335,4,,,1,6,,36336,4,,,1,6,,36337,4,,,1,46,,36338,4,,,1,6,,36339,4,,,1,6,,36340,4,,,1,6,,36341,4,,,1,6,,36342,4,,,1,6,,36343,4,,,1,6,,36344,4,,,1,6,,36345,4,,,1,6,,36346,4,,,1,6,,36347,4,,,1,46,,36348,4,,,1,6,,36349,4,,,1,6,,36350,4,,,1,6,,36351,4,,,1,6,,36352,4,,,1,6,,36353,4,,,1,6,,36354,4,,,1,6,,36355,4,,,1,6,,36356,4,,,1,10,,36357,4,,,1,50,,36358,4,,,1,10,,36359,4,,,1,10,,36360,4,,,1,10,,36361,4,,,1,10,,36362,4,,,1,10,,36363,4,,,1,50,,36364,4,,,1,10,,36365,4,,,1,10,,36366,4,,,1,10,,36367,4,,,1,10,,36368,4,,,1,10,,36369,4,,,1,50,,36370,4,,,1,10,,36371,4,,,1,10,,36372,4,,,1,10,,36373,4,,,1,10,,36374,4,,,1,10,,36375,4,,,1,50,,36376,4,,,1,10,,36377,4,,,1,10,,36378,4,,,1,10,,36379,4,,,1,10,,36380,4,,,1,10,,36381,4,,,1,50,,36382,4,,,1,10,,36383,4,,,1,10,,36384,4,,,1,10,,36385,4,,,1,10,,36386,4,,,1,6,,36387,4,,,1,46,,36388,4,,,1,6,,36389,4,,,1,6,,36390,4,,,1,6,,36391,4,,,1,6,,36392,4,,,1,6,,36393,4,,,1,6,,36394,4,,,1,6,,36395,4,,,1,6,,36396,4,,,1,6,,36397,4,,,1,46,,36398,4,,,1,6,,36399,4,,,1,6,,36400,4,,,1,6,,36401,4,,,1,6,,36402,4,,,1,6,,36403,4,,,1,6,,36404,4,,,1,6,,36405,4,,,1,6,,36406,4,,,1,6,,36407,4,,,1,46,,36408,4,,,1,6,,36409,4,,,1,6,,36410,4,,,1,6,,36411,4,,,1,6,,36412,4,,,1,6,,36413,4,,,1,6,,36414,4,,,1,6,,36415,4,,,1,6,,36416,4,,,1,6,,36417,4,,,1,46,,36418,4,,,1,6,,36419,4,,,1,6,,36420,4,,,1,6,,36421,4,,,1,6,,36422,4,,,1,6,,36423,4,,,1,6,,36424,4,,,1,6,,36425,4,,,1,6,,36426,4,,,1,6,,36427,4,,,1,49,,36452,4,,,1,15,,36428,4,,,1,15,,36429,4,,,1,15,,36430,4,,,1,55,,36431,4,,,1,15,,36432,4,,,1,15,,36433,4,,,1,15,,36434,4,,,1,55,,36435,4,,,1,15,,36436,4,,,1,15,,36437,4,,,1,15,,36438,4,,,1,55,,36439,4,,,1,15,,36440,4,,,1,15,,36441,4,,,1,15,,36442,4,,,1,55,,36443,4,,,1,15,,36444,4,,,1,15,,36445,4,,,1,15,,36446,4,,,1,55,,36447,4,,,1,15,,36448,4,,,1,15,,36449,4,,,1,15,,36450,4,,,1,55,,36451,4,,,1,15,,36453,4,,,1
18002100,'021R-Saturday-1-26-09',519,,32691,4,,,1,15,,32692,4,,,1,15,,32693,4,,,1,55,,32694,4,,,1,15,,32695,4,,,1,15,,32696,4,,,1,15,,32697,4,,,1,55,,32698,4,,,1,15,,32699,4,,,1,15,,32700,4,,,1,15,,32701,4,,,1,55,,32702,4,,,1,15,,32703,4,,,1,15,,32704,4,,,1,15,,32705,4,,,1,55,,32706,4,,,1,15,,32707,4,,,1,15,,32708,4,,,1,15,,32709,4,,,1,55,,32710,4,,,1,15,,32711,4,,,1,15,,32712,4,,,1,15,,32713,4,,,1,55,,32714,4,,,1,15,,32715,4,,,1,15,,32716,4,,,1,15,,32717,4,,,1,55,,32718,4,,,1,15,,32719,4,,,1,15,,32720,4,,,1,15,,32721,4,,,1,55,,32722,4,,,1,15,,32723,4,,,1,15,,32724,4,,,1,15,,32725,4,,,1,55,,32726,4,,,1,15,,32727,4,,,1,15,,32728,4,,,1,15,,32729,4,,,1,55,,32730,4,,,1,15,,32731,4,,,1,15,,32732,4,,,1,15,,32733,4,,,1,55,,32734,4,,,1,15,,32735,4,,,1,15,,32736,4,,,1,15,,32737,4,,,1,55,,32738,4,,,1,15,,32739,4,,,1,15,,32740,4,,,1,15,,32741,4,,,1,55,,32742,4,,,1,15,,32743,4,,,1,15,,32744,4,,,1,15,,32745,4,,,1,55,,32746,4,,,1,15,,32747,4,,,1,15,,32748,4,,,1,15,,32749,4,,,1,55,,32750,4,,,1,15,,32751,4,,,1,15,,32752,4,,,1,15,,32753,4,,,1,55,,32754,4,,,1,15,,32755,4,,,1,15,,32756,4,,,1,15,,32757,4,,,1,55,,32758,4,,,1,15,,32759,4,,,1,15,,32760,4,,,1,15,,32761,4,,,1,55,,32762,4,,,1,15,,32763,4,,,1,15,,32764,4,,,1,15,,32765,4,,,1,55,,32766,4,,,1,15,,32767,4,,,1,15,,32768,4,,,1,15,,32769,4,,,1,55,,32770,4,,,1,15,,32771,4,,,1
18002100,'021R-Saturday-2-26-09',519,,36454,4,,,1,15,,36455,4,,,1,15,,36456,4,,,1,55,,36457,4,,,1,15,,36458,4,,,1,15,,36459,4,,,1,15,,36460,4,,,1,55,,36461,4,,,1,15,,36462,4,,,1,15,,36463,4,,,1,15,,36464,4,,,1,55,,36465,4,,,1,15,,36466,4,,,1,15,,36467,4,,,1,15,,36468,4,,,1,55,,36469,4,,,1,15,,36470,4,,,1,15,,36471,4,,,1,15,,36472,4,,,1,55,,36473,4,,,1,15,,36474,4,,,1,15,,36475,4,,,1,15,,36476,4,,,1,55,,36477,4,,,1,15,,36478,4,,,1,15,,36479,4,,,1,15,,36480,4,,,1,55,,36481,4,,,1,15,,36482,4,,,1,15,,36483,4,,,1,15,,36484,4,,,1,55,,36485,4,,,1,15,,36486,4,,,1,15,,36487,4,,,1,15,,36488,4,,,1,55,,36489,4,,,1,15,,36490,4,,,1,15,,36491,4,,,1,15,,36492,4,,,1,55,,36493,4,,,1,15,,36494,4,,,1,15,,36495,4,,,1,15,,36496,4,,,1,55,,36497,4,,,1,15,,36498,4,,,1,15,,36499,4,,,1,15,,36500,4,,,1,55,,36501,4,,,1,15,,36502,4,,,1,15,,36503,4,,,1,15,,36504,4,,,1,55,,36505,4,,,1,15,,36506,4,,,1,15,,36507,4,,,1,15,,36508,4,,,1,55,,36509,4,,,1,15,,36510,4,,,1,15,,36511,4,,,1,15,,36512,4,,,1,55,,36513,4,,,1,15,,36514,4,,,1,15,,36515,4,,,1,15,,36516,4,,,1,55,,36517,4,,,1,15,,36518,4,,,1,15,,36519,4,,,1,15,,36520,4,,,1,55,,36521,4,,,1,15,,36522,4,,,1,15,,36523,4,,,1,15,,36524,4,,,1,55,,36525,4,,,1,15,,36526,4,,,1,15,,36527,4,,,1,15,,36528,4,,,1,55,,36529,4,,,1,15,,36530,4,,,1,15,,36531,4,,,1,15,,36532,4,,,1,55,,36533,4,,,1,15,,36534,4,,,1
18002100,'021R-Sunday-1-26-09',549,,32772,4,,,1,55,,32773,4,,,1,15,,32774,4,,,1,15,,32775,4,,,1,15,,32776,4,,,1,55,,32777,4,,,1,15,,32778,4,,,1,15,,32779,4,,,1,15,,32780,4,,,1,55,,32781,4,,,1,15,,32782,4,,,1,15,,32783,4,,,1,15,,32784,4,,,1,55,,32785,4,,,1,15,,32786,4,,,1,15,,32787,4,,,1,15,,32788,4,,,1,55,,32789,4,,,1,15,,32790,4,,,1,15,,32791,4,,,1,15,,32792,4,,,1,55,,32793,4,,,1,15,,32794,4,,,1,15,,32795,4,,,1,15,,32796,4,,,1,55,,32797,4,,,1,15,,32798,4,,,1,15,,32799,4,,,1,15,,32800,4,,,1,55,,32801,4,,,1,15,,32802,4,,,1,15,,32803,4,,,1,15,,32804,4,,,1,55,,32805,4,,,1,15,,32806,4,,,1,15,,32807,4,,,1,15,,32808,4,,,1,55,,32809,4,,,1,15,,32810,4,,,1,15,,32811,4,,,1,15,,32812,4,,,1,55,,32813,4,,,1,15,,32814,4,,,1,15,,32815,4,,,1,15,,32816,4,,,1,55,,32817,4,,,1,15,,32818,4,,,1,15,,32819,4,,,1,15,,32820,4,,,1,55,,32821,4,,,1,15,,32822,4,,,1,15,,32823,4,,,1,15,,32824,4,,,1,55,,32825,4,,,1,15,,32826,4,,,1,15,,32827,4,,,1,15,,32828,4,,,1,55,,32829,4,,,1,15,,32830,4,,,1,15,,32831,4,,,1,15,,32832,4,,,1,55,,32833,4,,,1,15,,32834,4,,,1,15,,32835,4,,,1,15,,32836,4,,,1,55,,32837,4,,,1,15,,32838,4,,,1,15,,32839,4,,,1,15,,32840,4,,,1,55,,32841,4,,,1,15,,32842,4,,,1,15,,32843,4,,,1,15,,32844,4,,,1,55,,32845,4,,,1,15,,32846,4,,,1,15,,32847,4,,,1,15,,32848,4,,,1
18002100,'021R-Sunday-2-26-09',549,,36535,4,,,1,55,,36536,4,,,1,15,,36537,4,,,1,15,,36538,4,,,1,15,,36539,4,,,1,55,,36540,4,,,1,15,,36541,4,,,1,15,,36542,4,,,1,15,,36543,4,,,1,55,,36544,4,,,1,15,,36545,4,,,1,15,,36546,4,,,1,15,,36547,4,,,1,55,,36548,4,,,1,15,,36549,4,,,1,15,,36550,4,,,1,15,,36551,4,,,1,55,,36552,4,,,1,15,,36553,4,,,1,15,,36554,4,,,1,15,,36555,4,,,1,55,,36556,4,,,1,15,,36557,4,,,1,15,,36558,4,,,1,15,,36559,4,,,1,55,,36560,4,,,1,15,,36561,4,,,1,15,,36562,4,,,1,15,,36563,4,,,1,55,,36564,4,,,1,15,,36565,4,,,1,15,,36566,4,,,1,15,,36567,4,,,1,55,,36568,4,,,1,15,,36569,4,,,1,15,,36570,4,,,1,15,,36571,4,,,1,55,,36572,4,,,1,15,,36573,4,,,1,15,,36574,4,,,1,15,,36575,4,,,1,55,,36576,4,,,1,15,,36577,4,,,1,15,,36578,4,,,1,15,,36579,4,,,1,55,,36580,4,,,1,15,,36581,4,,,1,15,,36582,4,,,1,15,,36583,4,,,1,55,,36584,4,,,1,15,,36585,4,,,1,15,,36586,4,,,1,15,,36587,4,,,1,55,,36588,4,,,1,15,,36589,4,,,1,15,,36590,4,,,1,15,,36591,4,,,1,55,,36592,4,,,1,15,,36593,4,,,1,15,,36594,4,,,1,15,,36595,4,,,1,55,,36596,4,,,1,15,,36597,4,,,1,15,,36598,4,,,1,15,,36599,4,,,1,55,,36600,4,,,1,15,,36601,4,,,1,15,,36602,4,,,1,15,,36603,4,,,1,55,,36604,4,,,1,15,,36605,4,,,1,15,,36606,4,,,1,15,,36607,4,,,1,55,,36608,4,,,1,15,,36609,4,,,1,15,,36610,4,,,1,15,,36611,4,,,1
18002100,'021R-Sunday-4-26-09',549,,36612,4,,,1,55,,36613,4,,,1,15,,36614,4,,,1,15,,36615,4,,,1,15,,36616,4,,,1,55,,36617,4,,,1,15,,36618,4,,,1,15,,36619,4,,,1,15,,36620,4,,,1,55,,36621,4,,,1,15,,36622,4,,,1,15,,36623,4,,,1,15,,36624,4,,,1,55,,36625,4,,,1,15,,36626,4,,,1,15,,36627,4,,,1,15,,36628,4,,,1,55,,36629,4,,,1,15,,36630,4,,,1,15,,36631,4,,,1,15,,36632,4,,,1,55,,36633,4,,,1,15,,36634,4,,,1,15,,36635,4,,,1,15,,36636,4,,,1,55,,36637,4,,,1,15,,36638,4,,,1,15,,36639,4,,,1,15,,36640,4,,,1,55,,36641,4,,,1,15,,36642,4,,,1,15,,36643,4,,,1,15,,36644,4,,,1,55,,36645,4,,,1,15,,36646,4,,,1,15,,36647,4,,,1,15,,36648,4,,,1,55,,36649,4,,,1,15,,36650,4,,,1,15,,36651,4,,,1,15,,36652,4,,,1,55,,36653,4,,,1,15,,36654,4,,,1,15,,36655,4,,,1,15,,36656,4,,,1,55,,36657,4,,,1,15,,36658,4,,,1,15,,36659,4,,,1,15,,36660,4,,,1,55,,36661,4,,,1,15,,36662,4,,,1,15,,36663,4,,,1,15,,36664,4,,,1,55,,36665,4,,,1,15,,36666,4,,,1,15,,36667,4,,,1,15,,36668,4,,,1,55,,36669,4,,,1,15,,36670,4,,,1,15,,36671,4,,,1,15,,36672,4,,,1,55,,36673,4,,,1,15,,36674,4,,,1,15,,36675,4,,,1,15,,36676,4,,,1,55,,36677,4,,,1,15,,36678,4,,,1,15,,36679,4,,,1,15,,36680,4,,,1,55,,36681,4,,,1,15,,36682,4,,,1,15,,36683,4,,,1,15,,36684,4,,,1,55,,36685,4,,,1,15,,36686,4,,,1,15,,36687,4,,,1,15,,36688,4,,,1
18002200,'022R-Saturday-2-26-09',519,,37803,4,,,1,15,,37804,4,,,1,15,,37819,4,,,1,55,,37834,4,,,1,15,,37852,4,,,1,15,,37835,4,,,1,15,,37815,4,,,1,55,,37846,4,,,1,15,,37861,4,,,1,15,,37845,4,,,1,15,,37830,4,,,1,55,,37862,4,,,1,15,,37836,4,,,1,15,,37878,4,,,1,15,,37805,4,,,1,55,,37821,4,,,1,15,,37877,4,,,1,15,,37867,4,,,1,15,,37881,4,,,1,55,,37817,4,,,1,15,,37851,4,,,1,15,,37824,4,,,1,15,,37864,4,,,1,55,,37814,4,,,1,15,,37832,4,,,1,15,,37848,4,,,1,15,,37829,4,,,1,55,,37811,4,,,1,15,,37873,4,,,1,15,,37826,4,,,1,15,,37882,4,,,1,55,,37858,4,,,1,15,,37874,4,,,1,15,,37841,4,,,1,15,,37810,4,,,1,55,,37857,4,,,1,15,,37859,4,,,1,15,,37827,4,,,1,15,,37843,4,,,1,55,,37808,4,,,1,15,,37875,4,,,1,15,,37839,4,,,1,15,,37831,4,,,1,55,,37844,4,,,1,15,,37813,4,,,1,15,,37828,4,,,1,15,,37860,4,,,1,55,,37876,4,,,1,15,,37842,4,,,1,15,,37855,4,,,1,15,,37883,4,,,1,55,,37879,4,,,1,15,,37863,4,,,1,15,,37854,4,,,1,15,,37869,4,,,1,55,,37847,4,,,1,15,,37816,4,,,1,15,,37820,4,,,1,15,,37871,4,,,1,55,,37809,4,,,1,15,,37825,4,,,1,15,,37840,4,,,1,15,,37856,4,,,1,55,,37872,4,,,1,15,,37838,4,,,1,15,,37806,4,,,1,15,,37822,4,,,1,55,,37870,4,,,1,15,,37807,4,,,1,15,,37823,4,,,1,15,,37837,4,,,1,55,,37853,4,,,1,15,,37850,4,,,1,15,,37866,4,,,1,15,,37812,4,,,1,55,,37818,4,,,1,15,,37833,4,,,1,15,,37849,4,,,1,15,,37880,4,,,1,55,,37865,4,,,1,15,,37868,4,,,1
18002200,'022R-Sunday-2-26-09',549,,38109,4,,,1,55,,38110,4,,,1,15,,38111,4,,,1,15,,38112,4,,,1,15,,38080,4,,,1,55,,38095,4,,,1,15,,38041,4,,,1,15,,38052,4,,,1,15,,38067,4,,,1,55,,38064,4,,,1,15,,38081,4,,,1,15,,38066,4,,,1,15,,38094,4,,,1,55,,38093,4,,,1,15,,38096,4,,,1,15,,38048,4,,,1,15,,38106,4,,,1,55,,38091,4,,,1,15,,38079,4,,,1,15,,38057,4,,,1,15,,38063,4,,,1,55,,38108,4,,,1,15,,38050,4,,,1,15,,38078,4,,,1,15,,38076,4,,,1,55,,38045,4,,,1,15,,38105,4,,,1,15,,38047,4,,,1,15,,38083,4,,,1,55,,38071,4,,,1,15,,38055,4,,,1,15,,38102,4,,,1,15,,38089,4,,,1,55,,38068,4,,,1,15,,38061,4,,,1,15,,38103,4,,,1,15,,38042,4,,,1,55,,38088,4,,,1,15,,38046,4,,,1,15,,38092,4,,,1,15,,38070,4,,,1,55,,38086,4,,,1,15,,38040,4,,,1,15,,38085,4,,,1,15,,38062,4,,,1,55,,38098,4,,,1,15,,38099,4,,,1,15,,38044,4,,,1,15,,38053,4,,,1,55,,38058,4,,,1,15,,38060,4,,,1,15,,38059,4,,,1,15,,38056,4,,,1,55,,38100,4,,,1,15,,38073,4,,,1,15,,38075,4,,,1,15,,38090,4,,,1,55,,38104,4,,,1,15,,38043,4,,,1,15,,38039,4,,,1,15,,38077,4,,,1,55,,38074,4,,,1,15,,38107,4,,,1,15,,38049,4,,,1,15,,38101,4,,,1,55,,38082,4,,,1,15,,38087,4,,,1,15,,38097,4,,,1,15,,38051,4,,,1,55,,38038,4,,,1,15,,38054,4,,,1,15,,38069,4,,,1,15,,38072,4,,,1,55,,38065,4,,,1,15,,38084,4,,,1
