18002100,'021R-Weekday-1-26-09',539,,32280,13,,,1,12,,32281,13,,,1,52,,32282,13,,,1,12,,32283,13,,,1,12,,32284,13,,,1,12,,32285,13,,,1,12,,32286,13,,,1,6,,32287,13,,,1,46,,32288,13,,,1,6,,32289,13,,,1,6,,32290,13,,,1,6,,32291,13,,,1,6,,32292,13,,,1,6,,32293,13,,,1,6,,32294,13,,,1,6,,32295,13,,,1,6,,32296,13,,,1,6,,32297,13,,,1,46,,32298,13,,,1,6,,32299,13,,,1,6,,32300,13,,,1,6,,32301,13,,,1,6,,32302,13,,,1,6,,32303,13,,,1,6,,32304,13,,,1,6,,32305,13,,,1,6,,32306,13,,,1,6,,32307,13,,,1,46,,32308,13,,,1,6,,32309,13,,,1,6,,32310,13,,,1,6,,32311,13,,,1,6,,32312,13,,,1,6,,32313,13,,,1,6,,32314,13,,,1,6,,32315,13,,,1,6,,32316,13,,,1,6,,32317,13,,,1,46,,32318,13,,,1,6,,32319,13,,,1,10,,32320,13,,,1,10,,32321,13,,,1,10,,32322,13,,,1,10,,32323,13,,,1,10,,32324,13,,,1,50,,32325,13,,,1,10,,32326,13,,,1,10,,32327,13,,,1,10,,32328,13,,,1,10,,32329,13,,,1,10,,32330,13,,,1,50,,32331,13,,,1,10,,32332,13,,,1,10,,32333,13,,,1,10,,32334,13,,,1,10,,32335,13,,,1,10,,32336,13,,,1,50,,32337,13,,,1,10,,32338,13,,,1,10,,32339,13,,,1,10,,32340,13,,,1,10,,32341,13,,,1,10,,32342,13,,,1,50,,32343,13,,,1,10,,32344,13,,,1,10,,32345,13,,,1,10,,32346,13,,,1,10,,32347,13,,,1,10,,32348,13,,,1,50,,32349,13,,,1,6,,32350,13,,,1,6,,32351,13,,,1,6,,32352,13,,,1,6,,32353,13,,,1,6,,32354,13,,,1,6,,32355,13,,,1,6,,32356,13,,,1,6,,32357,13,,,1,46,,32358,13,,,1,6,,32359,13,,,1,6,,32360,13,,,1,6,,32361,13,,,1,6,,32362,13,,,1,6,,32363,13,,,1,6,,32364,13,,,1,6,,32365,13,,,1,6,,32366,13,,,1,6,,32367,13,,,1,46,,32368,13,,,1,6,,32369,13,,,1,6,,32370,13,,,1,6,,32371,13,,,1,6,,32372,13,,,1,6,,32373,13,,,1,6,,32374,13,,,1,6,,32375,13,,,1,6,,32376,13,,,1,6,,32377,13,,,1,46,,32378,13,,,1,6,,32379,13,,,1,6,,32380,13,,,1,6,,32381,13,,,1,6,,32382,13,,,1,6,,32383,13,,,1,6,,32384,13,,,1,6,,32385,13,,,1,6,,32386,13,,,1,6,,32387,13,,,1,46,,32388,13,,,1,6,,32389,13,,,1,6,,32390,13,,,1,9,,32415,13,,,1,15,,32391,13,,,1,15,,32392,13,,,1,55,,32393,13,,,1,15,,32394,13,,,1,15,,32395,13,,,1,15,,32396,13,,,1,55,,32397,13,,,1,15,,32398,13,,,1,15,,32399,13,,,1,15,,32400,13,,,1,55,,32401,13,,,1,15,,32402,13,,,1,15,,32403,13,,,1,15,,32404,13,,,1,55,,32405,13,,,1,15,,32406,13,,,1,15,,32407,13,,,1,15,,32408,13,,,1,55,,32409,13,,,1,15,,32410,13,,,1,15,,32411,13,,,1,15,,32412,13,,,1,55,,32413,13,,,1,15,,32414,13,,,1,15,,32416,13,,,1
18002100,'021R-Weekday-2-26-09',539,,32417,13,,,1,12,,32418,13,,,1,52,,32419,13,,,1,12,,32420,13,,,1,12,,32421,13,,,1,12,,32422,13,,,1,12,,32423,13,,,1,6,,32424,13,,,1,46,,32425,13,,,1,6,,32426,13,,,1,6,,32427,13,,,1,6,,32428,13,,,1,6,,32429,13,,,1,6,,32430,13,,,1,6,,32431,13,,,1,6,,32432,13,,,1,6,,32433,13,,,1,6,,32434,13,,,1,46,,32435,13,,,1,6,,32436,13,,,1,6,,32437,13,,,1,6,,32438,13,,,1,6,,32439,13,,,1,6,,32440,13,,,1,6,,32441,13,,,1,6,,32442,13,,,1,6,,32443,13,,,1,6,,32444,13,,,1,46,,32445,13,,,1,6,,32446,13,,,1,6,,32447,13,,,1,6,,32448,13,,,1,6,,32449,13,,,1,6,,32450,13,,,1,6,,32451,13,,,1,6,,32452,13,,,1,6,,32453,13,,,1,6,,32454,13,,,1,46,,32455,13,,,1,6,,32456,13,,,1,10,,32457,13,,,1,10,,32458,13,,,1,10,,32459,13,,,1,10,,32460,13,,,1,10,,32461,13,,,1,50,,32462,13,,,1,10,,32463,13,,,1,10,,32464,13,,,1,10,,32465,13,,,1,10,,32466,13,,,1,10,,32467,13,,,1,50,,32468,13,,,1,10,,32469,13,,,1,10,,32470,13,,,1,10,,32471,13,,,1,10,,32472,13,,,1,10,,32473,13,,,1,50,,32474,13,,,1,10,,32475,13,,,1,10,,32476,13,,,1,10,,32477,13,,,1,10,,32478,13,,,1,10,,32479,13,,,1,50,,32480,13,,,1,10,,32481,13,,,1,10,,32482,13,,,1,10,,32483,13,,,1,10,,32484,13,,,1,10,,32485,13,,,1,50,,32486,13,,,1,6,,32487,13,,,1,6,,32488,13,,,1,6,,32489,13,,,1,6,,32490,13,,,1,6,,32491,13,,,1,6,,32492,13,,,1,6,,32493,13,,,1,6,,32494,13,,,1,46,,32495,13,,,1,6,,32496,13,,,1,6,,32497,13,,,1,6,,32498,13,,,1,6,,32499,13,,,1,6,,32500,13,,,1,6,,32501,13,,,1,6,,32502,13,,,1,6,,32503,13,,,1,6,,32504,13,,,1,46,,32505,13,,,1,6,,32506,13,,,1,6,,32507,13,,,1,6,,32508,13,,,1,6,,32509,13,,,1,6,,32510,13,,,1,6,,32511,13,,,1,6,,32512,13,,,1,6,,32513,13,,,1,6,,32514,13,,,1,46,,32515,13,,,1,6,,32516,13,,,1,6,,32517,13,,,1,6,,32518,13,,,1,6,,32519,13,,,1,6,,32520,13,,,1,6,,32521,13,,,1,6,,32522,13,,,1,6,,32523,13,,,1,6,,32524,13,,,1,46,,32525,13,,,1,6,,32526,13,,,1,6,,32527,13,,,1,9,,32552,13,,,1,15,,32528,13,,,1,15,,32529,13,,,1,55,,32530,13,,,1,15,,32531,13,,,1,15,,32532,13,,,1,15,,32533,13,,,1,55,,32534,13,,,1,15,,32535,13,,,1,15,,32536,13,,,1,15,,32537,13,,,1,55,,32538,13,,,1,15,,32539,13,,,1,15,,32540,13,,,1,15,,32541,13,,,1,55,,32542,13,,,1,15,,32543,13,,,1,15,,32544,13,,,1,15,,32545,13,,,1,55,,32546,13,,,1,15,,32547,13,,,1,15,,32548,13,,,1,15,,32549,13,,,1,55,,32550,13,,,1,15,,32551,13,,,1,15,,32553,13,,,1
18002100,'021R-Weekday-3-26-09',539,,35906,13,,,1,12,,35907,13,,,1,52,,35908,13,,,1,12,,35909,13,,,1,12,,35910,13,,,1,12,,35911,13,,,1,12,,35912,13,,,1,6,,35913,13,,,1,46,,35914,13,,,1,6,,35915,13,,,1,6,,35916,13,,,1,6,,35917,13,,,1,6,,35918,13,,,1,6,,35919,13,,,1,6,,35920,13,,,1,6,,35921,13,,,1,6,,35922,13,,,1,6,,35923,13,,,1,46,,35924,13,,,1,6,,35925,13,,,1,6,,35926,13,,,1,6,,35927,13,,,1,6,,35928,13,,,1,6,,35929,13,,,1,6,,35930,13,,,1,6,,35931,13,,,1,6,,35932,13,,,1,6,,35933,13,,,1,46,,35934,13,,,1,6,,35935,13,,,1,6,,35936,13,,,1,6,,35937,13,,,1,6,,35938,13,,,1,6,,35939,13,,,1,6,,35940,13,,,1,6,,35941,13,,,1,6,,35942,13,,,1,6,,35943,13,,,1,46,,35944,13,,,1,6,,35945,13,,,1,10,,35946,13,,,1,10,,35947,13,,,1,10,,35948,13,,,1,10,,35949,13,,,1,10,,35950,13,,,1,50,,35951,13,,,1,10,,35952,13,,,1,10,,35953,13,,,1,10,,35954,13,,,1,10,,35955,13,,,1,10,,35956,13,,,1,50,,35957,13,,,1,10,,35958,13,,,1,10,,35959,13,,,1,10,,35960,13,,,1,10,,35961,13,,,1,10,,35962,13,,,1,50,,35963,13,,,1,10,,35964,13,,,1,10,,35965,13,,,1,10,,35966,13,,,1,10,,35967,13,,,1,10,,35968,13,,,1,50,,35969,13,,,1,10,,35970,13,,,1,10,,35971,13,,,1,10,,35972,13,,,1,10,,35973,13,,,1,10,,35974,13,,,1,50,,35975,13,,,1,6,,35976,13,,,1,6,,35977,13,,,1,6,,35978,13,,,1,6,,35979,13,,,1,6,,35980,13,,,1,6,,35981,13,,,1,6,,35982,13,,,1,6,,35983,13,,,1,46,,35984,13,,,1,6,,35985,13,,,1,6,,35986,13,,,1,6,,35987,13,,,1,6,,35988,13,,,1,6,,35989,13,,,1,6,,35990,13,,,1,6,,35991,13,,,1,6,,35992,13,,,1,6,,35993,13,,,1,46,,35994,13,,,1,6,,35995,13,,,1,6,,35996,13,,,1,6,,35997,13,,,1,6,,35998,13,,,1,6,,35999,13,,,1,6,,36000,13,,,1,6,,36001,13,,,1,6,,36002,13,,,1,6,,36003,13,,,1,46,,36004,13,,,1,6,,36005,13,,,1,6,,36006,13,,,1,6,,36007,13,,,1,6,,36008,13,,,1,6,,36009,13,,,1,6,,36010,13,,,1,6,,36011,13,,,1,6,,36012,13,,,1,6,,36013,13,,,1,46,,36014,13,,,1,6,,36015,13,,,1,6,,36016,13,,,1,9,,36041,13,,,1,15,,36017,13,,,1,15,,36018,13,,,1,55,,36019,13,,,1,15,,36020,13,,,1,15,,36021,13,,,1,15,,36022,13,,,1,55,,36023,13,,,1,15,,36024,13,,,1,15,,36025,13,,,1,15,,36026,13,,,1,55,,36027,13,,,1,15,,36028,13,,,1,15,,36029,13,,,1,15,,36030,13,,,1,55,,36031,13,,,1,15,,36032,13,,,1,15,,36033,13,,,1,15,,36034,13,,,1,55,,36035,13,,,1,15,,36036,13,,,1,15,,36037,13,,,1,15,,36038,13,,,1,55,,36039,13,,,1,15,,36040,13,,,1,15,,36042,13,,,1
18002100,'021R-Weekday-4-26-09',539,,32554,13,,,1,12,,32555,13,,,1,52,,32556,13,,,1,12,,32557,13,,,1,12,,32558,13,,,1,12,,32559,13,,,1,12,,32560,13,,,1,6,,32561,13,,,1,46,,32562,13,,,1,6,,32563,13,,,1,6,,32564,13,,,1,6,,32565,13,,,1,6,,32566,13,,,1,6,,32567,13,,,1,6,,32568,13,,,1,6,,32569,13,,,1,6,,32570,13,,,1,6,,32571,13,,,1,46,,32572,13,,,1,6,,32573,13,,,1,6,,32574,13,,,1,6,,32575,13,,,1,6,,32576,13,,,1,6,,32577,13,,,1,6,,32578,13,,,1,6,,32579,13,,,1,6,,32580,13,,,1,6,,32581,13,,,1,46,,32582,13,,,1,6,,32583,13,,,1,6,,32584,13,,,1,6,,32585,13,,,1,6,,32586,13,,,1,6,,32587,13,,,1,6,,32588,13,,,1,6,,32589,13,,,1,6,,32590,13,,,1,6,,32591,13,,,1,46,,32592,13,,,1,6,,32593,13,,,1,10,,32594,13,,,1,10,,32595,13,,,1,10,,32596,13,,,1,10,,32597,13,,,1,10,,32598,13,,,1,50,,32599,13,,,1,10,,32600,13,,,1,10,,32601,13,,,1,10,,32602,13,,,1,10,,32603,13,,,1,10,,32604,13,,,1,50,,32605,13,,,1,10,,32606,13,,,1,10,,32607,13,,,1,10,,32608,13,,,1,10,,32609,13,,,1,10,,32610,13,,,1,50,,32611,13,,,1,10,,32612,13,,,1,10,,32613,13,,,1,10,,32614,13,,,1,10,,32615,13,,,1,10,,32616,13,,,1,50,,32617,13,,,1,10,,32618,13,,,1,10,,32619,13,,,1,10,,32620,13,,,1,10,,32621,13,,,1,10,,32622,13,,,1,50,,32623,13,,,1,6,,32624,13,,,1,6,,32625,13,,,1,6,,32626,13,,,1,6,,32627,13,,,1,6,,32628,13,,,1,6,,32629,13,,,1,6,,32630,13,,,1,6,,32631,13,,,1,46,,32632,13,,,1,6,,32633,13,,,1,6,,32634,13,,,1,6,,32635,13,,,1,6,,32636,13,,,1,6,,32637,13,,,1,6,,32638,13,,,1,6,,32639,13,,,1,6,,32640,13,,,1,6,,32641,13,,,1,46,,32642,13,,,1,6,,32643,13,,,1,6,,32644,13,,,1,6,,32645,13,,,1,6,,32646,13,,,1,6,,32647,13,,,1,6,,32648,13,,,1,6,,32649,13,,,1,6,,32650,13,,,1,6,,32651,13,,,1,46,,32652,13,,,1,6,,32653,13,,,1,6,,32654,13,,,1,6,,32655,13,,,1,6,,32656,13,,,1,6,,32657,13,,,1,6,,32658,13,,,1,6,,32659,13,,,1,6,,32660,13,,,1,6,,32661,13,,,1,46,,32662,13,,,1,6,,32663,13,,,1,6,,32664,13,,,1,9,,32689,13,,,1,15,,32665,13,,,1,15,,32666,13,,,1,55,,32667,13,,,1,15,,32668,13,,,1,15,,32669,13,,,1,15,,32670,13,,,1,55,,32671,13,,,1,15,,32672,13,,,1,15,,32673,13,,,1,15,,32674,13,,,1,55,,32675,13,,,1,15,,32676,13,,,1,15,,32677,13,,,1,15,,32678,13,,,1,55,,32679,13,,,1,15,,32680,13,,,1,15,,32681,13,,,1,15,,32682,13,,,1,55,,32683,13,,,1,15,,32684,13,,,1,15,,32685,13,,,1,15,,32686,13,,,1,55,,32687,13,,,1,15,,32688,13,,,1,15,,32690,13,,,1
18002100,'021R-Weekday-5-26-09',539,,36043,13,,,1,12,,36044,13,,,1,52,,36045,13,,,1,12,,36046,13,,,1,12,,36047,13,,,1,12,,36048,13,,,1,12,,36049,13,,,1,6,,36050,13,,,1,46,,36051,13,,,1,6,,36052,13,,,1,6,,36053,13,,,1,6,,36054,13,,,1,6,,36055,13,,,1,6,,36056,13,,,1,6,,36057,13,,,1,6,,36058,13,,,1,6,,36059,13,,,1,6,,36060,13,,,1,46,,36061,13,,,1,6,,36062,13,,,1,6,,36063,13,,,1,6,,36064,13,,,1,6,,36065,13,,,1,6,,36066,13,,,1,6,,36067,13,,,1,6,,36068,13,,,1,6,,36069,13,,,1,6,,36070,13,,,1,46,,36071,13,,,1,6,,36072,13,,,1,6,,36073,13,,,1,6,,36074,13,,,1,6,,36075,13,,,1,6,,36076,13,,,1,6,,36077,13,,,1,6,,36078,13,,,1,6,,36079,13,,,1,6,,36080,13,,,1,46,,36081,13,,,1,6,,36082,13,,,1,10,,36083,13,,,1,10,,36084,13,,,1,10,,36085,13,,,1,10,,36086,13,,,1,10,,36087,13,,,1,50,,36088,13,,,1,10,,36089,13,,,1,10,,36090,13,,,1,10,,36091,13,,,1,10,,36092,13,,,1,10,,36093,13,,,1,50,,36094,13,,,1,10,,36095,13,,,1,10,,36096,13,,,1,10,,36097,13,,,1,10,,36098,13,,,1,10,,36099,13,,,1,50,,36100,13,,,1,10,,36101,13,,,1,10,,36102,13,,,1,10,,36103,13,,,1,10,,36104,13,,,1,10,,36105,13,,,1,50,,36106,13,,,1,10,,36107,13,,,1,10,,36108,13,,,1,10,,36109,13,,,1,10,,36110,13,,,1,10,,36111,13,,,1,50,,36112,13,,,1,6,,36113,13,,,1,6,,36114,13,,,1,6,,36115,13,,,1,6,,36116,13,,,1,6,,36117,13,,,1,6,,36118,13,,,1,6,,36119,13,,,1,6,,36120,13,,,1,46,,36121,13,,,1,6,,36122,13,,,1,6,,36123,13,,,1,6,,36124,13,,,1,6,,36125,13,,,1,6,,36126,13,,,1,6,,36127,13,,,1,6,,36128,13,,,1,6,,36129,13,,,1,6,,36130,13,,,1,46,,36131,13,,,1,6,,36132,13,,,1,6,,36133,13,,,1,6,,36134,13,,,1,6,,36135,13,,,1,6,,36136,13,,,1,6,,36137,13,,,1,6,,36138,13,,,1,6,,36139,13,,,1,6,,36140,13,,,1,46,,36141,13,,,1,6,,36142,13,,,1,6,,36143,13,,,1,6,,36144,13,,,1,6,,36145,13,,,1,6,,36146,13,,,1,6,,36147,13,,,1,6,,36148,13,,,1,6,,36149,13,,,1,6,,36150,13,,,1,46,,36151,13,,,1,6,,36152,13,,,1,6,,36153,13,,,1,9,,36178,13,,,1,15,,36154,13,,,1,15,,36155,13,,,1,55,,36156,13,,,1,15,,36157,13,,,1,15,,36158,13,,,1,15,,36159,13,,,1,55,,36160,13,,,1,15,,36161,13,,,1,15,,36162,13,,,1,15,,36163,13,,,1,55,,36164,13,,,1,15,,36165,13,,,1,15,,36166,13,,,1,15,,36167,13,,,1,55,,36168,13,,,1,15,,36169,13,,,1,15,,36170,13,,,1,15,,36171,13,,,1,55,,36172,13,,,1,15,,36173,13,,,1,15,,36174,13,,,1,15,,36175,13,,,1,55,,36176,13,,,1,15,,36177,13,,,1,15,,36179,13,,,1
18002100,'021R-Weekday-6-26-09',539,,36180,13,,,1,12,,36181,13,,,1,52,,36182,13,,,1,12,,36183,13,,,1,12,,36184,13,,,1,12,,36185,13,,,1,12,,36186,13,,,1,6,,36187,13,,,1,46,,36188,13,,,1,6,,36189,13,,,1,6,,36190,13,,,1,6,,36191,13,,,1,6,,36192,13,,,1,6,,36193,13,,,1,6,,36194,13,,,1,6,,36195,13,,,1,6,,36196,13,,,1,6,,36197,13,,,1,46,,36198,13,,,1,6,,36199,13,,,1,6,,36200,13,,,1,6,,36201,13,,,1,6,,36202,13,,,1,6,,36203,13,,,1,6,,36204,13,,,1,6,,36205,13,,,1,6,,36206,13,,,1,6,,36207,13,,,1,46,,36208,13,,,1,6,,36209,13,,,1,6,,36210,13,,,1,6,,36211,13,,,1,6,,36212,13,,,1,6,,36213,13,,,1,6,,36214,13,,,1,6,,36215,13,,,1,6,,36216,13,,,1,6,,36217,13,,,1,46,,36218,13,,,1,6,,36219,13,,,1,10,,36220,13,,,1,10,,36221,13,,,1,10,,36222,13,,,1,10,,36223,13,,,1,10,,36224,13,,,1,50,,36225,13,,,1,10,,36226,13,,,1,10,,36227,13,,,1,10,,36228,13,,,1,10,,36229,13,,,1,10,,36230,13,,,1,50,,36231,13,,,1,10,,36232,13,,,1,10,,36233,13,,,1,10,,36234,13,,,1,10,,36235,13,,,1,10,,36236,13,,,1,50,,36237,13,,,1,10,,36238,13,,,1,10,,36239,13,,,1,10,,36240,13,,,1,10,,36241,13,,,1,10,,36242,13,,,1,50,,36243,13,,,1,10,,36244,13,,,1,10,,36245,13,,,1,10,,36246,13,,,1,10,,36247,13,,,1,10,,36248,13,,,1,50,,36249,13,,,1,6,,36250,13,,,1,6,,36251,13,,,1,6,,36252,13,,,1,6,,36253,13,,,1,6,,36254,13,,,1,6,,36255,13,,,1,6,,36256,13,,,1,6,,36257,13,,,1,46,,36258,13,,,1,6,,36259,13,,,1,6,,36260,13,,,1,6,,36261,13,,,1,6,,36262,13,,,1,6,,36263,13,,,1,6,,36264,13,,,1,6,,36265,13,,,1,6,,36266,13,,,1,6,,36267,13,,,1,46,,36268,13,,,1,6,,36269,13,,,1,6,,36270,13,,,1,6,,36271,13,,,1,6,,36272,13,,,1,6,,36273,13,,,1,6,,36274,13,,,1,6,,36275,13,,,1,6,,36276,13,,,1,6,,36277,13,,,1,46,,36278,13,,,1,6,,36279,13,,,1,6,,36280,13,,,1,6,,36281,13,,,1,6,,36282,13,,,1,6,,36283,13,,,1,6,,36284,13,,,1,6,,36285,13,,,1,6,,36286,13,,,1,6,,36287,13,,,1,46,,36288,13,,,1,6,,36289,13,,,1,6,,36290,13,,,1,9,,36315,13,,,1,15,,36291,13,,,1,15,,36292,13,,,1,55,,36293,13,,,1,15,,36294,13,,,1,15,,36295,13,,,1,15,,36296,13,,,1,55,,36297,13,,,1,15,,36298,13,,,1,15,,36299,13,,,1,15,,36300,13,,,1,55,,36301,13,,,1,15,,36302,13,,,1,15,,36303,13,,,1,15,,36304,13,,,1,55,,36305,13,,,1,15,,36306,13,,,1,15,,36307,13,,,1,15,,36308,13,,,1,55,,36309,13,,,1,15,,36310,13,,,1,15,,36311,13,,,1,15,,36312,13,,,1,55,,36313,13,,,1,15,,36314,13,,,1,15,,36316,13,,,1
18002100,'021R-Weekday-7-26-09',539,,36317,13,,,1,12,,36318,13,,,1,52,,36319,13,,,1,12,,36320,13,,,1,12,,36321,13,,,1,12,,36322,13,,,1,12,,36323,13,,,1,6,,36324,13,,,1,46,,36325,13,,,1,6,,36326,13,,,1,6,,36327,13,,,1,6,,36328,13,,,1,6,,36329,13,,,1,6,,36330,13,,,1,6,,36331,13,,,1,6,,36332,13,,,1,6,,36333,13,,,1,6,,36334,13,,,1,46,,36335,13,,,1,6,,36336,13,,,1,6,,36337,13,,,1,6,,36338,13,,,1,6,,36339,13,,,1,6,,36340,13,,,1,6,,36341,13,,,1,6,,36342,13,,,1,6,,36343,13,,,1,6,,36344,13,,,1,46,,36345,13,,,1,6,,36346,13,,,1,6,,36347,13,,,1,6,,36348,13,,,1,6,,36349,13,,,1,6,,36350,13,,,1,6,,36351,13,,,1,6,,36352,13,,,1,6,,36353,13,,,1,6,,36354,13,,,1,46,,36355,13,,,1,6,,36356,13,,,1,10,,36357,13,,,1,10,,36358,13,,,1,10,,36359,13,,,1,10,,36360,13,,,1,10,,36361,13,,,1,50,,36362,13,,,1,10,,36363,13,,,1,10,,36364,13,,,1,10,,36365,13,,,1,10,,36366,13,,,1,10,,36367,13,,,1,50,,36368,13,,,1,10,,36369,13,,,1,10,,36370,13,,,1,10,,36371,13,,,1,10,,36372,13,,,1,10,,36373,13,,,1,50,,36374,13,,,1,10,,36375,13,,,1,10,,36376,13,,,1,10,,36377,13,,,1,10,,36378,13,,,1,10,,36379,13,,,1,50,,36380,13,,,1,10,,36381,13,,,1,10,,36382,13,,,1,10,,36383,13,,,1,10,,36384,13,,,1,10,,36385,13,,,1,50,,36386,13,,,1,6,,36387,13,,,1,6,,36388,13,,,1,6,,36389,13,,,1,6,,36390,13,,,1,6,,36391,13,,,1,6,,36392,13,,,1,6,,36393,13,,,1,6,,36394,13,,,1,46,,36395,13,,,1,6,,36396,13,,,1,6,,36397,13,,,1,6,,36398,13,,,1,6,,36399,13,,,1,6,,36400,13,,,1,6,,36401,13,,,1,6,,36402,13,,,1,6,,36403,13,,,1,6,,36404,13,,,1,46,,36405,13,,,1,6,,36406,13,,,1,6,,36407,13,,,1,6,,36408,13,,,1,6,,36409,13,,,1,6,,36410,13,,,1,6,,36411,13,,,1,6,,36412,13,,,1,6,,36413,13,,,1,6,,36414,13,,,1,46,,36415,13,,,1,6,,36416,13,,,1,6,,36417,13,,,1,6,,36418,13,,,1,6,,36419,13,,,1,6,,36420,13,,,1,6,,36421,13,,,1,6,,36422,13,,,1,6,,36423,13,,,1,6,,36424,13,,,1,46,,36425,13,,,1,6,,36426,13,,,1,6,,36427,13,,,1,9,,36452,13,,,1,15,,36428,13,,,1,15,,36429,13,,,1,55,,36430,13,,,1,15,,36431,13,,,1,15,,36432,13,,,1,15,,36433,13,,,1,55,,36434,13,,,1,15,,36435,13,,,1,15,,36436,13,,,1,15,,36437,13,,,1,55,,36438,13,,,1,15,,36439,13,,,1,15,,36440,13,,,1,15,,36441,13,,,1,55,,36442,13,,,1,15,,36443,13,,,1,15,,36444,13,,,1,15,,36445,13,,,1,55,,36446,13,,,1,15,,36447,13,,,1,15,,36448,13,,,1,15,,36449,13,,,1,55,,36450,13,,,1,15,,36451,13,,,1,15,,36453,13,,,1
18002100,'021R-Saturday-1-26-09',539,,32691,13,,,1,15,,32692,13,,,1,55,,32693,13,,,1,15,,32694,13,,,1,15,,32695,13,,,1,15,,32696,13,,,1,55,,32697,13,,,1,15,,32698,13,,,1,15,,32699,13,,,1,15,,32700,13,,,1,55,,32701,13,,,1,15,,32702,13,,,1,15,,32703,13,,,1,15,,32704,13,,,1,55,,32705,13,,,1,15,,32706,13,,,1,15,,32707,13,,,1,15,,32708,13,,,1,55,,32709,13,,,1,15,,32710,13,,,1,15,,32711,13,,,1,15,,32712,13,,,1,55,,32713,13,,,1,15,,32714,13,,,1,15,,32715,13,,,1,15,,32716,13,,,1,55,,32717,13,,,1,15,,32718,13,,,1,15,,32719,13,,,1,15,,32720,13,,,1,55,,32721,13,,,1,15,,32722,13,,,1,15,,32723,13,,,1,15,,32724,13,,,1,55,,32725,13,,,1,15,,32726,13,,,1,15,,32727,13,,,1,15,,32728,13,,,1,55,,32729,13,,,1,15,,32730,13,,,1,15,,32731,13,,,1,15,,32732,13,,,1,55,,32733,13,,,1,15,,32734,13,,,1,15,,32735,13,,,1,15,,32736,13,,,1,55,,32737,13,,,1,15,,32738,13,,,1,15,,32739,13,,,1,15,,32740,13,,,1,55,,32741,13,,,1,15,,32742,13,,,1,15,,32743,13,,,1,15,,32744,13,,,1,55,,32745,13,,,1,15,,32746,13,,,1,15,,32747,13,,,1,15,,32748,13,,,1,55,,32749,13,,,1,15,,32750,13,,,1,15,,32751,13,,,1,15,,32752,13,,,1,55,,32753,13,,,1,15,,32754,13,,,1,15,,32755,13,,,1,15,,32756,13,,,1,55,,32757,13,,,1,15,,32758,13,,,1,15,,32759,13,,,1,15,,32760,13,,,1,55,,32761,13,,,1,15,,32762,13,,,1,15,,32763,13,,,1,15,,32764,13,,,1,55,,32765,13,,,1,15,,32766,13,,,1,15,,32767,13,,,1,15,,32768,13,,,1,55,,32769,13,,,1,15,,32770,13,,,1,15,,32771,13,,,1
18002100,'021R-Saturday-2-26-09',539,,36454,13,,,1,15,,36455,13,,,1,55,,36456,13,,,1,15,,36457,13,,,1,15,,36458,13,,,1,15,,36459,13,,,1,55,,36460,13,,,1,15,,36461,13,,,1,15,,36462,13,,,1,15,,36463,13,,,1,55,,36464,13,,,1,15,,36465,13,,,1,15,,36466,13,,,1,15,,36467,13,,,1,55,,36468,13,,,1,15,,36469,13,,,1,15,,36470,13,,,1,15,,36471,13,,,1,55,,36472,13,,,1,15,,36473,13,,,1,15,,36474,13,,,1,15,,36475,13,,,1,55,,36476,13,,,1,15,,36477,13,,,1,15,,36478,13,,,1,15,,36479,13,,,1,55,,36480,13,,,1,15,,36481,13,,,1,15,,36482,13,,,1,15,,36483,13,,,1,55,,36484,13,,,1,15,,36485,13,,,1,15,,36486,13,,,1,15,,36487,13,,,1,55,,36488,13,,,1,15,,36489,13,,,1,15,,36490,13,,,1,15,,36491,13,,,1,55,,36492,13,,,1,15,,36493,13,,,1,15,,36494,13,,,1,15,,36495,13,,,1,55,,36496,13,,,1,15,,36497,13,,,1,15,,36498,13,,,1,15,,36499,13,,,1,55,,36500,13,,,1,15,,36501,13,,,1,15,,36502,13,,,1,15,,36503,13,,,1,55,,36504,13,,,1,15,,36505,13,,,1,15,,36506,13,,,1,15,,36507,13,,,1,55,,36508,13,,,1,15,,36509,13,,,1,15,,36510,13,,,1,15,,36511,13,,,1,55,,36512,13,,,1,15,,36513,13,,,1,15,,36514,13,,,1,15,,36515,13,,,1,55,,36516,13,,,1,15,,36517,13,,,1,15,,36518,13,,,1,15,,36519,13,,,1,55,,36520,13,,,1,15,,36521,13,,,1,15,,36522,13,,,1,15,,36523,13,,,1,55,,36524,13,,,1,15,,36525,13,,,1,15,,36526,13,,,1,15,,36527,13,,,1,55,,36528,13,,,1,15,,36529,13,,,1,15,,36530,13,,,1,15,,36531,13,,,1,55,,36532,13,,,1,15,,36533,13,,,1,15,,36534,13,,,1
18002100,'021R-Sunday-1-26-09',609,,32772,13,,,1,15,,32773,13,,,1,15,,32774,13,,,1,15,,32775,13,,,1,55,,32776,13,,,1,15,,32777,13,,,1,15,,32778,13,,,1,15,,32779,13,,,1,55,,32780,13,,,1,15,,32781,13,,,1,15,,32782,13,,,1,15,,32783,13,,,1,55,,32784,13,,,1,15,,32785,13,,,1,15,,32786,13,,,1,15,,32787,13,,,1,55,,32788,13,,,1,15,,32789,13,,,1,15,,32790,13,,,1,15,,32791,13,,,1,55,,32792,13,,,1,15,,32793,13,,,1,15,,32794,13,,,1,15,,32795,13,,,1,55,,32796,13,,,1,15,,32797,13,,,1,15,,32798,13,,,1,15,,32799,13,,,1,55,,32800,13,,,1,15,,32801,13,,,1,15,,32802,13,,,1,15,,32803,13,,,1,55,,32804,13,,,1,15,,32805,13,,,1,15,,32806,13,,,1,15,,32807,13,,,1,55,,32808,13,,,1,15,,32809,13,,,1,15,,32810,13,,,1,15,,32811,13,,,1,55,,32812,13,,,1,15,,32813,13,,,1,15,,32814,13,,,1,15,,32815,13,,,1,55,,32816,13,,,1,15,,32817,13,,,1,15,,32818,13,,,1,15,,32819,13,,,1,55,,32820,13,,,1,15,,32821,13,,,1,15,,32822,13,,,1,15,,32823,13,,,1,55,,32824,13,,,1,15,,32825,13,,,1,15,,32826,13,,,1,15,,32827,13,,,1,55,,32828,13,,,1,15,,32829,13,,,1,15,,32830,13,,,1,15,,32831,13,,,1,55,,32832,13,,,1,15,,32833,13,,,1,15,,32834,13,,,1,15,,32835,13,,,1,55,,32836,13,,,1,15,,32837,13,,,1,15,,32838,13,,,1,15,,32839,13,,,1,55,,32840,13,,,1,15,,32841,13,,,1,15,,32842,13,,,1,15,,32843,13,,,1,55,,32844,13,,,1,15,,32845,13,,,1,15,,32846,13,,,1,15,,32847,13,,,1,55,,32848,13,,,1
18002100,'021R-Sunday-2-26-09',609,,36535,13,,,1,15,,36536,13,,,1,15,,36537,13,,,1,15,,36538,13,,,1,55,,36539,13,,,1,15,,36540,13,,,1,15,,36541,13,,,1,15,,36542,13,,,1,55,,36543,13,,,1,15,,36544,13,,,1,15,,36545,13,,,1,15,,36546,13,,,1,55,,36547,13,,,1,15,,36548,13,,,1,15,,36549,13,,,1,15,,36550,13,,,1,55,,36551,13,,,1,15,,36552,13,,,1,15,,36553,13,,,1,15,,36554,13,,,1,55,,36555,13,,,1,15,,36556,13,,,1,15,,36557,13,,,1,15,,36558,13,,,1,55,,36559,13,,,1,15,,36560,13,,,1,15,,36561,13,,,1,15,,36562,13,,,1,55,,36563,13,,,1,15,,36564,13,,,1,15,,36565,13,,,1,15,,36566,13,,,1,55,,36567,13,,,1,15,,36568,13,,,1,15,,36569,13,,,1,15,,36570,13,,,1,55,,36571,13,,,1,15,,36572,13,,,1,15,,36573,13,,,1,15,,36574,13,,,1,55,,36575,13,,,1,15,,36576,13,,,1,15,,36577,13,,,1,15,,36578,13,,,1,55,,36579,13,,,1,15,,36580,13,,,1,15,,36581,13,,,1,15,,36582,13,,,1,55,,36583,13,,,1,15,,36584,13,,,1,15,,36585,13,,,1,15,,36586,13,,,1,55,,36587,13,,,1,15,,36588,13,,,1,15,,36589,13,,,1,15,,36590,13,,,1,55,,36591,13,,,1,15,,36592,13,,,1,15,,36593,13,,,1,15,,36594,13,,,1,55,,36595,13,,,1,15,,36596,13,,,1,15,,36597,13,,,1,15,,36598,13,,,1,55,,36599,13,,,1,15,,36600,13,,,1,15,,36601,13,,,1,15,,36602,13,,,1,55,,36603,13,,,1,15,,36604,13,,,1,15,,36605,13,,,1,15,,36606,13,,,1,55,,36607,13,,,1,15,,36608,13,,,1,15,,36609,13,,,1,15,,36610,13,,,1,55,,36611,13,,,1
18002100,'021R-Sunday-4-26-09',609,,36612,13,,,1,15,,36613,13,,,1,15,,36614,13,,,1,15,,36615,13,,,1,55,,36616,13,,,1,15,,36617,13,,,1,15,,36618,13,,,1,15,,36619,13,,,1,55,,36620,13,,,1,15,,36621,13,,,1,15,,36622,13,,,1,15,,36623,13,,,1,55,,36624,13,,,1,15,,36625,13,,,1,15,,36626,13,,,1,15,,36627,13,,,1,55,,36628,13,,,1,15,,36629,13,,,1,15,,36630,13,,,1,15,,36631,13,,,1,55,,36632,13,,,1,15,,36633,13,,,1,15,,36634,13,,,1,15,,36635,13,,,1,55,,36636,13,,,1,15,,36637,13,,,1,15,,36638,13,,,1,15,,36639,13,,,1,55,,36640,13,,,1,15,,36641,13,,,1,15,,36642,13,,,1,15,,36643,13,,,1,55,,36644,13,,,1,15,,36645,13,,,1,15,,36646,13,,,1,15,,36647,13,,,1,55,,36648,13,,,1,15,,36649,13,,,1,15,,36650,13,,,1,15,,36651,13,,,1,55,,36652,13,,,1,15,,36653,13,,,1,15,,36654,13,,,1,15,,36655,13,,,1,55,,36656,13,,,1,15,,36657,13,,,1,15,,36658,13,,,1,15,,36659,13,,,1,55,,36660,13,,,1,15,,36661,13,,,1,15,,36662,13,,,1,15,,36663,13,,,1,55,,36664,13,,,1,15,,36665,13,,,1,15,,36666,13,,,1,15,,36667,13,,,1,55,,36668,13,,,1,15,,36669,13,,,1,15,,36670,13,,,1,15,,36671,13,,,1,55,,36672,13,,,1,15,,36673,13,,,1,15,,36674,13,,,1,15,,36675,13,,,1,55,,36676,13,,,1,15,,36677,13,,,1,15,,36678,13,,,1,15,,36679,13,,,1,55,,36680,13,,,1,15,,36681,13,,,1,15,,36682,13,,,1,15,,36683,13,,,1,55,,36684,13,,,1,15,,36685,13,,,1,15,,36686,13,,,1,15,,36687,13,,,1,55,,36688,13,,,1
