18002200,'022R-Weekday-1-26-09',538,,33412,9,,,1,12,,33413,9,,,1,52,,33414,9,,,1,12,,33415,9,,,1,12,,33416,9,,,1,12,,33417,9,,,1,12,,33418,9,,,1,52,,33419,9,,,1,12,,33420,9,,,1,12,,33421,9,,,1,12,,33422,9,,,1,12,,33453,9,,,1,52,,33454,9,,,1,12,,33455,9,,,1,12,,33456,9,,,1,12,,33457,9,,,1,12,,33458,9,,,1,52,,33459,9,,,1,12,,33426,9,,,1,12,,33427,9,,,1,12,,33428,9,,,1,12,,33429,9,,,1,58,,33460,9,,,1,15,,33461,9,,,1,15,,33462,9,,,1,15,,33463,9,,,1,55,,33430,9,,,1,15,,33431,9,,,1,15,,33432,9,,,1,15,,33433,9,,,1,55,,33434,9,,,1,15,,33435,9,,,1,15,,33436,9,,,1,15,,33437,9,,,1,55,,33438,9,,,1,15,,33439,9,,,1,15,,33440,9,,,1,15,,33441,9,,,1,55,,33423,9,,,1,15,,33424,9,,,1,15,,33425,9,,,1,12,,33486,9,,,1,52,,33487,9,,,1,12,,33488,9,,,1,12,,33489,9,,,1,12,,33490,9,,,1,12,,33491,9,,,1,52,,33492,9,,,1,12,,33493,9,,,1,12,,33494,9,,,1,12,,33495,9,,,1,12,,33442,9,,,1,52,,33443,9,,,1,12,,33444,9,,,1,12,,33445,9,,,1,12,,33446,9,,,1,12,,33447,9,,,1,52,,33448,9,,,1,12,,33449,9,,,1,12,,33450,9,,,1,12,,33451,9,,,1,12,,33452,9,,,1,59,,33464,9,,,1,15,,33465,9,,,1,15,,33466,9,,,1,15,,33467,9,,,1,55,,33468,9,,,1,15,,33469,9,,,1,15,,33470,9,,,1,15,,33471,9,,,1,55,,33472,9,,,1,15,,33473,9,,,1,15,,33474,9,,,1,15,,33475,9,,,1,55,,33476,9,,,1,15,,33477,9,,,1,15,,33478,9,,,1,15,,33479,9,,,1,55,,33480,9,,,1,15,,33481,9,,,1,15,,33482,9,,,1,15,,33483,9,,,1,55,,33484,9,,,1,15,,33485,9,,,1,15,,33411,9,,,1
18002200,'022R-Weekday-2-26-09',538,,33497,9,,,1,12,,33498,9,,,1,52,,33499,9,,,1,12,,33500,9,,,1,12,,33501,9,,,1,12,,33502,9,,,1,12,,33503,9,,,1,52,,33504,9,,,1,12,,33505,9,,,1,12,,33506,9,,,1,12,,33507,9,,,1,12,,33538,9,,,1,52,,33539,9,,,1,12,,33540,9,,,1,12,,33541,9,,,1,12,,33542,9,,,1,12,,33543,9,,,1,52,,33544,9,,,1,12,,33511,9,,,1,12,,33512,9,,,1,12,,33513,9,,,1,12,,33514,9,,,1,58,,33545,9,,,1,15,,33546,9,,,1,15,,33547,9,,,1,15,,33548,9,,,1,55,,33515,9,,,1,15,,33516,9,,,1,15,,33517,9,,,1,15,,33518,9,,,1,55,,33519,9,,,1,15,,33520,9,,,1,15,,33521,9,,,1,15,,33522,9,,,1,55,,33523,9,,,1,15,,33524,9,,,1,15,,33525,9,,,1,15,,33526,9,,,1,55,,33508,9,,,1,15,,33509,9,,,1,15,,33510,9,,,1,12,,33571,9,,,1,52,,33572,9,,,1,12,,33573,9,,,1,12,,33574,9,,,1,12,,33575,9,,,1,12,,33576,9,,,1,52,,33577,9,,,1,12,,33578,9,,,1,12,,33579,9,,,1,12,,33580,9,,,1,12,,33527,9,,,1,52,,33528,9,,,1,12,,33529,9,,,1,12,,33530,9,,,1,12,,33531,9,,,1,12,,33532,9,,,1,52,,33533,9,,,1,12,,33534,9,,,1,12,,33535,9,,,1,12,,33536,9,,,1,12,,33537,9,,,1,59,,33549,9,,,1,15,,33550,9,,,1,15,,33551,9,,,1,15,,33552,9,,,1,55,,33553,9,,,1,15,,33554,9,,,1,15,,33555,9,,,1,15,,33556,9,,,1,55,,33557,9,,,1,15,,33558,9,,,1,15,,33559,9,,,1,15,,33560,9,,,1,55,,33561,9,,,1,15,,33562,9,,,1,15,,33563,9,,,1,15,,33564,9,,,1,55,,33565,9,,,1,15,,33566,9,,,1,15,,33567,9,,,1,15,,33568,9,,,1,55,,33569,9,,,1,15,,33570,9,,,1,15,,33496,9,,,1
18002200,'022R-Weekday-3-26-09',538,,37464,9,,,1,12,,37465,9,,,1,52,,37466,9,,,1,12,,37467,9,,,1,12,,37468,9,,,1,12,,37469,9,,,1,12,,37470,9,,,1,52,,37471,9,,,1,12,,37472,9,,,1,12,,37473,9,,,1,12,,37474,9,,,1,12,,37505,9,,,1,52,,37506,9,,,1,12,,37507,9,,,1,12,,37508,9,,,1,12,,37509,9,,,1,12,,37510,9,,,1,52,,37511,9,,,1,12,,37478,9,,,1,12,,37479,9,,,1,12,,37480,9,,,1,12,,37481,9,,,1,58,,37512,9,,,1,15,,37513,9,,,1,15,,37514,9,,,1,15,,37515,9,,,1,55,,37482,9,,,1,15,,37483,9,,,1,15,,37484,9,,,1,15,,37485,9,,,1,55,,37486,9,,,1,15,,37487,9,,,1,15,,37488,9,,,1,15,,37489,9,,,1,55,,37490,9,,,1,15,,37491,9,,,1,15,,37492,9,,,1,15,,37493,9,,,1,55,,37475,9,,,1,15,,37476,9,,,1,15,,37477,9,,,1,12,,37538,9,,,1,52,,37539,9,,,1,12,,37540,9,,,1,12,,37541,9,,,1,12,,37542,9,,,1,12,,37543,9,,,1,52,,37544,9,,,1,12,,37545,9,,,1,12,,37546,9,,,1,12,,37547,9,,,1,12,,37494,9,,,1,52,,37495,9,,,1,12,,37496,9,,,1,12,,37497,9,,,1,12,,37498,9,,,1,12,,37499,9,,,1,52,,37500,9,,,1,12,,37501,9,,,1,12,,37502,9,,,1,12,,37503,9,,,1,12,,37504,9,,,1,59,,37516,9,,,1,15,,37517,9,,,1,15,,37518,9,,,1,15,,37519,9,,,1,55,,37520,9,,,1,15,,37521,9,,,1,15,,37522,9,,,1,15,,37523,9,,,1,55,,37524,9,,,1,15,,37525,9,,,1,15,,37526,9,,,1,15,,37527,9,,,1,55,,37528,9,,,1,15,,37529,9,,,1,15,,37530,9,,,1,15,,37531,9,,,1,55,,37532,9,,,1,15,,37533,9,,,1,15,,37534,9,,,1,15,,37535,9,,,1,55,,37536,9,,,1,15,,37537,9,,,1,15,,37463,9,,,1
18002200,'022R-Weekday-4-26-09',538,,33582,9,,,1,12,,33583,9,,,1,52,,33584,9,,,1,12,,33585,9,,,1,12,,33586,9,,,1,12,,33587,9,,,1,12,,33588,9,,,1,52,,33589,9,,,1,12,,33590,9,,,1,12,,33591,9,,,1,12,,33592,9,,,1,12,,33623,9,,,1,52,,33624,9,,,1,12,,33625,9,,,1,12,,33626,9,,,1,12,,33627,9,,,1,12,,33628,9,,,1,52,,33629,9,,,1,12,,33596,9,,,1,12,,33597,9,,,1,12,,33598,9,,,1,12,,33599,9,,,1,58,,33630,9,,,1,15,,33631,9,,,1,15,,33632,9,,,1,15,,33633,9,,,1,55,,33600,9,,,1,15,,33601,9,,,1,15,,33602,9,,,1,15,,33603,9,,,1,55,,33604,9,,,1,15,,33605,9,,,1,15,,33606,9,,,1,15,,33607,9,,,1,55,,33608,9,,,1,15,,33609,9,,,1,15,,33610,9,,,1,15,,33611,9,,,1,55,,33593,9,,,1,15,,33594,9,,,1,15,,33595,9,,,1,12,,33656,9,,,1,52,,33657,9,,,1,12,,33658,9,,,1,12,,33659,9,,,1,12,,33660,9,,,1,12,,33661,9,,,1,52,,33662,9,,,1,12,,33663,9,,,1,12,,33664,9,,,1,12,,33665,9,,,1,12,,33612,9,,,1,52,,33613,9,,,1,12,,33614,9,,,1,12,,33615,9,,,1,12,,33616,9,,,1,12,,33617,9,,,1,52,,33618,9,,,1,12,,33619,9,,,1,12,,33620,9,,,1,12,,33621,9,,,1,12,,33622,9,,,1,59,,33634,9,,,1,15,,33635,9,,,1,15,,33636,9,,,1,15,,33637,9,,,1,55,,33638,9,,,1,15,,33639,9,,,1,15,,33640,9,,,1,15,,33641,9,,,1,55,,33642,9,,,1,15,,33643,9,,,1,15,,33644,9,,,1,15,,33645,9,,,1,55,,33646,9,,,1,15,,33647,9,,,1,15,,33648,9,,,1,15,,33649,9,,,1,55,,33650,9,,,1,15,,33651,9,,,1,15,,33652,9,,,1,15,,33653,9,,,1,55,,33654,9,,,1,15,,33655,9,,,1,15,,33581,9,,,1
18002200,'022R-Weekday-5-26-09',538,,37549,9,,,1,12,,37550,9,,,1,52,,37551,9,,,1,12,,37552,9,,,1,12,,37553,9,,,1,12,,37554,9,,,1,12,,37555,9,,,1,52,,37556,9,,,1,12,,37557,9,,,1,12,,37558,9,,,1,12,,37559,9,,,1,12,,37590,9,,,1,52,,37591,9,,,1,12,,37592,9,,,1,12,,37593,9,,,1,12,,37594,9,,,1,12,,37595,9,,,1,52,,37596,9,,,1,12,,37563,9,,,1,12,,37564,9,,,1,12,,37565,9,,,1,12,,37566,9,,,1,58,,37597,9,,,1,15,,37598,9,,,1,15,,37599,9,,,1,15,,37600,9,,,1,55,,37567,9,,,1,15,,37568,9,,,1,15,,37569,9,,,1,15,,37570,9,,,1,55,,37571,9,,,1,15,,37572,9,,,1,15,,37573,9,,,1,15,,37574,9,,,1,55,,37575,9,,,1,15,,37576,9,,,1,15,,37577,9,,,1,15,,37578,9,,,1,55,,37560,9,,,1,15,,37561,9,,,1,15,,37562,9,,,1,12,,37623,9,,,1,52,,37624,9,,,1,12,,37625,9,,,1,12,,37626,9,,,1,12,,37627,9,,,1,12,,37628,9,,,1,52,,37629,9,,,1,12,,37630,9,,,1,12,,37631,9,,,1,12,,37632,9,,,1,12,,37579,9,,,1,52,,37580,9,,,1,12,,37581,9,,,1,12,,37582,9,,,1,12,,37583,9,,,1,12,,37584,9,,,1,52,,37585,9,,,1,12,,37586,9,,,1,12,,37587,9,,,1,12,,37588,9,,,1,12,,37589,9,,,1,59,,37601,9,,,1,15,,37602,9,,,1,15,,37603,9,,,1,15,,37604,9,,,1,55,,37605,9,,,1,15,,37606,9,,,1,15,,37607,9,,,1,15,,37608,9,,,1,55,,37609,9,,,1,15,,37610,9,,,1,15,,37611,9,,,1,15,,37612,9,,,1,55,,37613,9,,,1,15,,37614,9,,,1,15,,37615,9,,,1,15,,37616,9,,,1,55,,37617,9,,,1,15,,37618,9,,,1,15,,37619,9,,,1,15,,37620,9,,,1,55,,37621,9,,,1,15,,37622,9,,,1,15,,37548,9,,,1
18002200,'022R-Weekday-6-26-09',538,,37634,9,,,1,12,,37635,9,,,1,52,,37636,9,,,1,12,,37637,9,,,1,12,,37638,9,,,1,12,,37639,9,,,1,12,,37640,9,,,1,52,,37641,9,,,1,12,,37642,9,,,1,12,,37643,9,,,1,12,,37644,9,,,1,12,,37675,9,,,1,52,,37676,9,,,1,12,,37677,9,,,1,12,,37678,9,,,1,12,,37679,9,,,1,12,,37680,9,,,1,52,,37681,9,,,1,12,,37648,9,,,1,12,,37649,9,,,1,12,,37650,9,,,1,12,,37651,9,,,1,58,,37682,9,,,1,15,,37683,9,,,1,15,,37684,9,,,1,15,,37685,9,,,1,55,,37652,9,,,1,15,,37653,9,,,1,15,,37654,9,,,1,15,,37655,9,,,1,55,,37656,9,,,1,15,,37657,9,,,1,15,,37658,9,,,1,15,,37659,9,,,1,55,,37660,9,,,1,15,,37661,9,,,1,15,,37662,9,,,1,15,,37663,9,,,1,55,,37645,9,,,1,15,,37646,9,,,1,15,,37647,9,,,1,12,,37708,9,,,1,52,,37709,9,,,1,12,,37710,9,,,1,12,,37711,9,,,1,12,,37712,9,,,1,12,,37713,9,,,1,52,,37714,9,,,1,12,,37715,9,,,1,12,,37716,9,,,1,12,,37717,9,,,1,12,,37664,9,,,1,52,,37665,9,,,1,12,,37666,9,,,1,12,,37667,9,,,1,12,,37668,9,,,1,12,,37669,9,,,1,52,,37670,9,,,1,12,,37671,9,,,1,12,,37672,9,,,1,12,,37673,9,,,1,12,,37674,9,,,1,59,,37686,9,,,1,15,,37687,9,,,1,15,,37688,9,,,1,15,,37689,9,,,1,55,,37690,9,,,1,15,,37691,9,,,1,15,,37692,9,,,1,15,,37693,9,,,1,55,,37694,9,,,1,15,,37695,9,,,1,15,,37696,9,,,1,15,,37697,9,,,1,55,,37698,9,,,1,15,,37699,9,,,1,15,,37700,9,,,1,15,,37701,9,,,1,55,,37702,9,,,1,15,,37703,9,,,1,15,,37704,9,,,1,15,,37705,9,,,1,55,,37706,9,,,1,15,,37707,9,,,1,15,,37633,9,,,1
18002200,'022R-Weekday-7-26-09',538,,37719,9,,,1,12,,37720,9,,,1,52,,37721,9,,,1,12,,37722,9,,,1,12,,37723,9,,,1,12,,37724,9,,,1,12,,37725,9,,,1,52,,37726,9,,,1,12,,37727,9,,,1,12,,37728,9,,,1,12,,37729,9,,,1,12,,37760,9,,,1,52,,37761,9,,,1,12,,37762,9,,,1,12,,37763,9,,,1,12,,37764,9,,,1,12,,37765,9,,,1,52,,37766,9,,,1,12,,37733,9,,,1,12,,37734,9,,,1,12,,37735,9,,,1,12,,37736,9,,,1,58,,37767,9,,,1,15,,37768,9,,,1,15,,37769,9,,,1,15,,37770,9,,,1,55,,37737,9,,,1,15,,37738,9,,,1,15,,37739,9,,,1,15,,37740,9,,,1,55,,37741,9,,,1,15,,37742,9,,,1,15,,37743,9,,,1,15,,37744,9,,,1,55,,37745,9,,,1,15,,37746,9,,,1,15,,37747,9,,,1,15,,37748,9,,,1,55,,37730,9,,,1,15,,37731,9,,,1,15,,37732,9,,,1,12,,37793,9,,,1,52,,37794,9,,,1,12,,37795,9,,,1,12,,37796,9,,,1,12,,37797,9,,,1,12,,37798,9,,,1,52,,37799,9,,,1,12,,37800,9,,,1,12,,37801,9,,,1,12,,37802,9,,,1,12,,37749,9,,,1,52,,37750,9,,,1,12,,37751,9,,,1,12,,37752,9,,,1,12,,37753,9,,,1,12,,37754,9,,,1,52,,37755,9,,,1,12,,37756,9,,,1,12,,37757,9,,,1,12,,37758,9,,,1,12,,37759,9,,,1,59,,37771,9,,,1,15,,37772,9,,,1,15,,37773,9,,,1,15,,37774,9,,,1,55,,37775,9,,,1,15,,37776,9,,,1,15,,37777,9,,,1,15,,37778,9,,,1,55,,37779,9,,,1,15,,37780,9,,,1,15,,37781,9,,,1,15,,37782,9,,,1,55,,37783,9,,,1,15,,37784,9,,,1,15,,37785,9,,,1,15,,37786,9,,,1,55,,37787,9,,,1,15,,37788,9,,,1,15,,37789,9,,,1,15,,37790,9,,,1,55,,37791,9,,,1,15,,37792,9,,,1,15,,37718,9,,,1
18002200,'022R-Saturday-1-26-09',538,,33666,9,,,1,15,,33667,9,,,1,55,,33668,9,,,1,15,,33669,9,,,1,15,,33670,9,,,1,15,,33671,9,,,1,55,,33672,9,,,1,15,,33673,9,,,1,15,,33674,9,,,1,15,,33675,9,,,1,55,,33676,9,,,1,15,,33677,9,,,1,15,,33678,9,,,1,15,,33679,9,,,1,55,,33680,9,,,1,15,,33681,9,,,1,15,,33682,9,,,1,15,,33683,9,,,1,55,,33684,9,,,1,15,,33685,9,,,1,15,,33686,9,,,1,15,,33687,9,,,1,55,,33688,9,,,1,15,,33689,9,,,1,15,,33690,9,,,1,15,,33691,9,,,1,55,,33692,9,,,1,15,,33693,9,,,1,15,,33694,9,,,1,15,,33695,9,,,1,55,,33696,9,,,1,15,,33697,9,,,1,15,,33698,9,,,1,15,,33699,9,,,1,55,,33700,9,,,1,15,,33701,9,,,1,15,,33702,9,,,1,15,,33703,9,,,1,55,,33704,9,,,1,15,,33705,9,,,1,15,,33706,9,,,1,15,,33707,9,,,1,55,,33708,9,,,1,15,,33709,9,,,1,15,,33710,9,,,1,15,,33711,9,,,1,55,,33712,9,,,1,15,,33713,9,,,1,15,,33714,9,,,1,15,,33715,9,,,1,55,,33716,9,,,1,15,,33717,9,,,1,15,,33718,9,,,1,15,,33719,9,,,1,55,,33720,9,,,1,15,,33721,9,,,1,15,,33722,9,,,1,15,,33723,9,,,1,55,,33724,9,,,1,15,,33725,9,,,1,15,,33726,9,,,1,15,,33727,9,,,1,55,,33728,9,,,1,15,,33729,9,,,1,15,,33730,9,,,1,15,,33731,9,,,1,55,,33732,9,,,1,15,,33733,9,,,1,15,,33734,9,,,1,15,,33735,9,,,1,55,,33736,9,,,1,15,,33737,9,,,1,15,,33738,9,,,1,15,,33739,9,,,1,55,,33740,9,,,1,15,,33741,9,,,1,15,,33742,9,,,1
18002200,'022R-Saturday-2-26-09',535,,37803,12,,,1,15,,37804,12,,,1,55,,37819,12,,,1,15,,37834,12,,,1,15,,37852,12,,,1,15,,37835,12,,,1,55,,37815,12,,,1,15,,37846,12,,,1,15,,37861,12,,,1,15,,37845,12,,,1,55,,37830,12,,,1,15,,37862,12,,,1,15,,37836,12,,,1,15,,37878,12,,,1,55,,37805,12,,,1,15,,37821,12,,,1,15,,37877,12,,,1,15,,37867,12,,,1,55,,37881,12,,,1,15,,37817,12,,,1,15,,37851,12,,,1,15,,37824,12,,,1,55,,37864,12,,,1,15,,37814,12,,,1,15,,37832,12,,,1,15,,37848,12,,,1,55,,37829,12,,,1,15,,37811,12,,,1,15,,37873,12,,,1,15,,37826,12,,,1,55,,37882,12,,,1,15,,37858,12,,,1,15,,37874,12,,,1,15,,37841,12,,,1,55,,37810,12,,,1,15,,37857,12,,,1,15,,37859,12,,,1,15,,37827,12,,,1,55,,37843,12,,,1,15,,37808,12,,,1,15,,37875,12,,,1,15,,37839,12,,,1,55,,37831,12,,,1,15,,37844,12,,,1,15,,37813,12,,,1,15,,37828,12,,,1,55,,37860,12,,,1,15,,37876,12,,,1,15,,37842,12,,,1,15,,37855,12,,,1,55,,37883,12,,,1,15,,37879,12,,,1,15,,37863,12,,,1,15,,37854,12,,,1,55,,37869,12,,,1,15,,37847,12,,,1,15,,37816,12,,,1,15,,37820,12,,,1,55,,37871,12,,,1,15,,37809,12,,,1,15,,37825,12,,,1,15,,37840,12,,,1,55,,37856,12,,,1,15,,37872,12,,,1,15,,37838,12,,,1,15,,37806,12,,,1,55,,37822,12,,,1,15,,37870,12,,,1,15,,37807,12,,,1,15,,37823,12,,,1,55,,37837,12,,,1,15,,37853,12,,,1,15,,37850,12,,,1,15,,37866,12,,,1,55,,37812,12,,,1,15,,37818,12,,,1,15,,37833,12,,,1,15,,37849,12,,,1,55,,37880,12,,,1,15,,37865,12,,,1,15,,37868,12,,,1
18002200,'022R-Saturday-3-26-09',528,,37891,6,0,5 6 7 8,1,15,,37936,6,0,5 6 7 8,1,15,,37901,6,0,5 6 7 8,1,55,,37885,6,0,5 6 7 8,1,15,,37927,6,0,5 6 7 8,1,15,,37895,6,0,5 6 7 8,1,15,,37907,6,0,5 6 7 8,1,55,,37943,6,0,5 6 7 8,1,15,,37897,6,0,5 6 7 8,1,15,,37959,6,0,5 6 7 8,1,15,,37945,6,0,5 6 7 8,1,55,,37888,6,0,5 6 7 8,1,15,,37913,6,0,5 6 7 8,1,15,,37929,6,0,5 6 7 8,1,15,,37933,6,0,5 6 7 8,1,55,,37917,6,0,5 6 7 8,1,15,,37949,6,0,5 6 7 8,1,15,,37920,6,0,5 6 7 8,1,15,,37931,6,0,5 6 7 8,1,55,,37903,6,0,5 6 7 8,1,15,,37947,6,0,5 6 7 8,1,15,,37899,6,0,5 6 7 8,1,15,,37930,6,0,5 6 7 8,1,55,,37898,6,0,5 6 7 8,1,15,,37914,6,0,5 6 7 8,1,15,,37960,6,0,5 6 7 8,1,15,,37915,6,0,5 6 7 8,1,55,,37909,6,0,5 6 7 8,1,15,,37941,6,0,5 6 7 8,1,15,,37896,6,0,5 6 7 8,1,15,,37912,6,0,5 6 7 8,1,55,,37893,6,0,5 6 7 8,1,15,,37928,6,0,5 6 7 8,1,15,,37925,6,0,5 6 7 8,1,15,,37944,6,0,5 6 7 8,1,55,,37946,6,0,5 6 7 8,1,15,,37932,6,0,5 6 7 8,1,15,,37916,6,0,5 6 7 8,1,15,,37948,6,0,5 6 7 8,1,55,,37900,6,0,5 6 7 8,1,15,,37884,6,0,5 6 7 8,1,15,,37940,6,0,5 6 7 8,1,15,,37958,6,0,5 6 7 8,1,55,,37910,6,0,5 6 7 8,1,15,,37892,6,0,5 6 7 8,1,15,,37926,6,0,5 6 7 8,1,15,,37889,6,0,5 6 7 8,1,55,,37956,6,0,5 6 7 8,1,15,,37924,6,0,5 6 7 8,1,15,,37942,6,0,5 6 7 8,1,15,,37908,6,0,5 6 7 8,1,55,,37894,6,0,5 6 7 8,1,15,,37955,6,0,5 6 7 8,1,15,,37905,6,0,5 6 7 8,1,15,,37937,6,0,5 6 7 8,1,55,,37921,6,0,5 6 7 8,1,15,,37953,6,0,5 6 7 8,1,15,,37904,6,0,5 6 7 8,1,15,,37890,6,0,5 6 7 8,1,55,,37923,6,0,5 6 7 8,1,15,,37887,6,0,5 6 7 8,1,15,,37939,6,0,5 6 7 8,1,15,,37906,6,0,5 6 7 8,1,55,,37922,6,0,5 6 7 8,1,15,,37938,6,0,5 6 7 8,1,15,,37954,6,0,5 6 7 8,1,15,,37918,6,0,5 6 7 8,1,55,,37957,6,0,5 6 7 8,1,15,,37919,6,0,5 6 7 8,1,15,,37911,6,0,5 6 7 8,1,15,,37950,6,0,5 6 7 8,1,55,,37902,6,0,5 6 7 8,1,15,,37886,6,0,5 6 7 8,1,15,,37952,6,0,5 6 7 8,1,15,,37951,6,0,5 6 7 8,1,55,,37935,6,0,5 6 7 8,1,15,,37934,6,0,5 6 7 8,1
18002200,'022R-Saturday-4-26-09',541,,38021,6,0,5 6 7 8,1,15,,38017,6,0,5 6 7 8,1,55,,38013,6,0,5 6 7 8,1,15,,38037,6,0,5 6 7 8,1,15,,38026,6,0,5 6 7 8,1,15,,37996,6,0,5 6 7 8,1,55,,38007,6,0,5 6 7 8,1,15,,38003,6,0,5 6 7 8,1,15,,38006,6,0,5 6 7 8,1,15,,37999,6,0,5 6 7 8,1,55,,38014,6,0,5 6 7 8,1,15,,37995,6,0,5 6 7 8,1,15,,38034,6,0,5 6 7 8,1,15,,38002,6,0,5 6 7 8,1,55,,38030,6,0,5 6 7 8,1,15,,38022,6,0,5 6 7 8,1,15,,38018,6,0,5 6 7 8,1,15,,38010,6,0,5 6 7 8,1,55,,38023,6,0,5 6 7 8,1,15,,38019,6,0,5 6 7 8,1,15,,38015,6,0,5 6 7 8,1,15,,38011,6,0,5 6 7 8,1,55,,38033,6,0,5 6 7 8,1,15,,38027,6,0,5 6 7 8,1,15,,38035,6,0,5 6 7 8,1,15,,37998,6,0,5 6 7 8,1,55,,38031,6,0,5 6 7 8,1,15,,38001,6,0,5 6 7 8,1,15,,37997,6,0,5 6 7 8,1,15,,38036,6,0,5 6 7 8,1,55,,38032,6,0,5 6 7 8,1,15,,38016,6,0,5 6 7 8,1,15,,38012,6,0,5 6 7 8,1,15,,38020,6,0,5 6 7 8,1,55,,38009,6,0,5 6 7 8,1,15,,38005,6,0,5 6 7 8,1,15,,38024,6,0,5 6 7 8,1,15,,38004,6,0,5 6 7 8,1,55,,38008,6,0,5 6 7 8,1,15,,38000,6,0,5 6 7 8,1,15,,38028,6,0,5 6 7 8,1,15,,38029,6,0,5 6 7 8,1,55,,38025,6,0,5 6 7 8,1,12,,37961,9,,,1,15,,37962,9,,,1,15,,37963,9,,,1,55,,37964,9,,,1,15,,37965,9,,,1,15,,37966,9,,,1,15,,37967,9,,,1,55,,37968,9,,,1,15,,37969,9,,,1,15,,37970,9,,,1,15,,37971,9,,,1,55,,37972,9,,,1,15,,37973,9,,,1,15,,37974,9,,,1,15,,37975,9,,,1,55,,37976,9,,,1,15,,37977,9,,,1,15,,37978,9,,,1,15,,37979,9,,,1,55,,37980,9,,,1,15,,37981,9,,,1,15,,37982,9,,,1,15,,37983,9,,,1,55,,37984,9,,,1,15,,37985,9,,,1,15,,37986,9,,,1,15,,37987,9,,,1,55,,37988,9,,,1,15,,37989,9,,,1,15,,37990,9,,,1,15,,37991,9,,,1,55,,37992,9,,,1,15,,37993,9,,,1,15,,37994,9,,,1
18002200,'022R-Sunday-1-26-09',553,,33743,9,,,1,55,,33744,9,,,1,15,,33745,9,,,1,15,,33746,9,,,1,15,,33747,9,,,1,55,,33748,9,,,1,15,,33749,9,,,1,15,,33750,9,,,1,15,,33751,9,,,1,55,,33752,9,,,1,15,,33753,9,,,1,15,,33754,9,,,1,15,,33755,9,,,1,55,,33756,9,,,1,15,,33757,9,,,1,15,,33758,9,,,1,15,,33759,9,,,1,55,,33760,9,,,1,15,,33761,9,,,1,15,,33762,9,,,1,15,,33763,9,,,1,55,,33764,9,,,1,15,,33765,9,,,1,15,,33766,9,,,1,15,,33767,9,,,1,55,,33768,9,,,1,15,,33769,9,,,1,15,,33770,9,,,1,15,,33771,9,,,1,55,,33772,9,,,1,15,,33773,9,,,1,15,,33774,9,,,1,15,,33775,9,,,1,55,,33776,9,,,1,15,,33777,9,,,1,15,,33778,9,,,1,15,,33779,9,,,1,55,,33780,9,,,1,15,,33781,9,,,1,15,,33782,9,,,1,15,,33783,9,,,1,55,,33784,9,,,1,15,,33785,9,,,1,15,,33786,9,,,1,15,,33787,9,,,1,55,,33788,9,,,1,15,,33789,9,,,1,15,,33790,9,,,1,15,,33791,9,,,1,55,,33792,9,,,1,15,,33793,9,,,1,15,,33794,9,,,1,15,,33795,9,,,1,55,,33796,9,,,1,15,,33797,9,,,1,15,,33798,9,,,1,15,,33799,9,,,1,55,,33800,9,,,1,15,,33801,9,,,1,15,,33802,9,,,1,15,,33803,9,,,1,55,,33804,9,,,1,15,,33805,9,,,1,15,,33806,9,,,1,15,,33807,9,,,1,55,,33808,9,,,1,15,,33809,9,,,1,15,,33810,9,,,1,15,,33811,9,,,1,55,,33812,9,,,1,15,,33813,9,,,1,15,,33814,9,,,1,15,,33815,9,,,1
18002200,'022R-Sunday-2-26-09',605,,38109,12,,,1,15,,38110,12,,,1,15,,38111,12,,,1,15,,38112,12,,,1,55,,38080,12,,,1,15,,38095,12,,,1,15,,38041,12,,,1,15,,38052,12,,,1,55,,38067,12,,,1,15,,38064,12,,,1,15,,38081,12,,,1,15,,38066,12,,,1,55,,38094,12,,,1,15,,38093,12,,,1,15,,38096,12,,,1,15,,38048,12,,,1,55,,38106,12,,,1,15,,38091,12,,,1,15,,38079,12,,,1,15,,38057,12,,,1,55,,38063,12,,,1,15,,38108,12,,,1,15,,38050,12,,,1,15,,38078,12,,,1,55,,38076,12,,,1,15,,38045,12,,,1,15,,38105,12,,,1,15,,38047,12,,,1,55,,38083,12,,,1,15,,38071,12,,,1,15,,38055,12,,,1,15,,38102,12,,,1,55,,38089,12,,,1,15,,38068,12,,,1,15,,38061,12,,,1,15,,38103,12,,,1,55,,38042,12,,,1,15,,38088,12,,,1,15,,38046,12,,,1,15,,38092,12,,,1,55,,38070,12,,,1,15,,38086,12,,,1,15,,38040,12,,,1,15,,38085,12,,,1,55,,38062,12,,,1,15,,38098,12,,,1,15,,38099,12,,,1,15,,38044,12,,,1,55,,38053,12,,,1,15,,38058,12,,,1,15,,38060,12,,,1,15,,38059,12,,,1,55,,38056,12,,,1,15,,38100,12,,,1,15,,38073,12,,,1,15,,38075,12,,,1,55,,38090,12,,,1,15,,38104,12,,,1,15,,38043,12,,,1,15,,38039,12,,,1,55,,38077,12,,,1,15,,38074,12,,,1,15,,38107,12,,,1,15,,38049,12,,,1,55,,38101,12,,,1,15,,38082,12,,,1,15,,38087,12,,,1,15,,38097,12,,,1,55,,38051,12,,,1,15,,38038,12,,,1,15,,38054,12,,,1,15,,38069,12,,,1,55,,38072,12,,,1,15,,38065,12,,,1,15,,38084,12,,,1
18002200,'022R-Sunday-3-26-09',558,,38113,6,0,5 6 7 8,1,55,,38114,6,0,5 6 7 8,1,15,,38115,6,0,5 6 7 8,1,15,,38116,6,0,5 6 7 8,1,15,,38117,6,0,5 6 7 8,1,55,,38118,6,0,5 6 7 8,1,15,,38119,6,0,5 6 7 8,1,15,,38120,6,0,5 6 7 8,1,15,,38121,6,0,5 6 7 8,1,55,,38122,6,0,5 6 7 8,1,15,,38123,6,0,5 6 7 8,1,15,,38124,6,0,5 6 7 8,1,15,,38125,6,0,5 6 7 8,1,55,,38126,6,0,5 6 7 8,1,15,,38127,6,0,5 6 7 8,1,15,,38128,6,0,5 6 7 8,1,15,,38129,6,0,5 6 7 8,1,55,,38130,6,0,5 6 7 8,1,15,,38131,6,0,5 6 7 8,1,15,,38132,6,0,5 6 7 8,1,15,,38133,6,0,5 6 7 8,1,55,,38134,6,0,5 6 7 8,1,15,,38135,6,0,5 6 7 8,1,15,,38136,6,0,5 6 7 8,1,15,,38137,6,0,5 6 7 8,1,55,,38138,6,0,5 6 7 8,1,15,,38139,6,0,5 6 7 8,1,15,,38140,6,0,5 6 7 8,1,15,,38141,6,0,5 6 7 8,1,55,,38142,6,0,5 6 7 8,1,15,,38143,6,0,5 6 7 8,1,15,,38144,6,0,5 6 7 8,1,15,,38145,6,0,5 6 7 8,1,55,,38146,6,0,5 6 7 8,1,15,,38147,6,0,5 6 7 8,1,15,,38148,6,0,5 6 7 8,1,15,,38149,6,0,5 6 7 8,1,55,,38150,6,0,5 6 7 8,1,15,,38151,6,0,5 6 7 8,1,15,,38152,6,0,5 6 7 8,1,15,,38153,6,0,5 6 7 8,1,55,,38154,6,0,5 6 7 8,1,15,,38155,6,0,5 6 7 8,1,15,,38156,6,0,5 6 7 8,1,15,,38157,6,0,5 6 7 8,1,55,,38158,6,0,5 6 7 8,1,15,,38159,6,0,5 6 7 8,1,15,,38160,6,0,5 6 7 8,1,15,,38161,6,0,5 6 7 8,1,55,,38162,6,0,5 6 7 8,1,15,,38163,6,0,5 6 7 8,1,15,,38164,6,0,5 6 7 8,1,15,,38165,6,0,5 6 7 8,1,55,,38166,6,0,5 6 7 8,1,15,,38167,6,0,5 6 7 8,1,15,,38168,6,0,5 6 7 8,1,15,,38169,6,0,5 6 7 8,1,55,,38170,6,0,5 6 7 8,1,15,,38171,6,0,5 6 7 8,1,15,,38172,6,0,5 6 7 8,1,15,,38173,6,0,5 6 7 8,1,55,,38174,6,0,5 6 7 8,1,15,,38175,6,0,5 6 7 8,1,15,,38176,6,0,5 6 7 8,1,15,,38177,6,0,5 6 7 8,1,55,,38178,6,0,5 6 7 8,1,15,,38179,6,0,5 6 7 8,1,15,,38180,6,0,5 6 7 8,1,15,,38181,6,0,5 6 7 8,1,55,,38182,6,0,5 6 7 8,1,15,,38183,6,0,5 6 7 8,1,15,,38184,6,0,5 6 7 8,1
18002200,'022R-Sunday-5-26-09',558,,38185,6,0,5 6 7 8,1,55,,38186,6,0,5 6 7 8,1,15,,38187,6,0,5 6 7 8,1,15,,38188,6,0,5 6 7 8,1,15,,38189,6,0,5 6 7 8,1,55,,38190,6,0,5 6 7 8,1,15,,38191,6,0,5 6 7 8,1,15,,38192,6,0,5 6 7 8,1,15,,38193,6,0,5 6 7 8,1,55,,38194,6,0,5 6 7 8,1,15,,38195,6,0,5 6 7 8,1,15,,38196,6,0,5 6 7 8,1,15,,38197,6,0,5 6 7 8,1,55,,38198,6,0,5 6 7 8,1,15,,38199,6,0,5 6 7 8,1,15,,38200,6,0,5 6 7 8,1,15,,38201,6,0,5 6 7 8,1,55,,38202,6,0,5 6 7 8,1,15,,38203,6,0,5 6 7 8,1,15,,38204,6,0,5 6 7 8,1,15,,38205,6,0,5 6 7 8,1,55,,38206,6,0,5 6 7 8,1,15,,38207,6,0,5 6 7 8,1,15,,38208,6,0,5 6 7 8,1,15,,38209,6,0,5 6 7 8,1,55,,38210,6,0,5 6 7 8,1,15,,38211,6,0,5 6 7 8,1,15,,38212,6,0,5 6 7 8,1,15,,38213,6,0,5 6 7 8,1,55,,38214,6,0,5 6 7 8,1,15,,38215,6,0,5 6 7 8,1,15,,38216,6,0,5 6 7 8,1,15,,38217,6,0,5 6 7 8,1,55,,38218,6,0,5 6 7 8,1,15,,38219,6,0,5 6 7 8,1,15,,38220,6,0,5 6 7 8,1,15,,38221,6,0,5 6 7 8,1,55,,38222,6,0,5 6 7 8,1,15,,38223,6,0,5 6 7 8,1,15,,38224,6,0,5 6 7 8,1,15,,38225,6,0,5 6 7 8,1,55,,38226,6,0,5 6 7 8,1,15,,38227,6,0,5 6 7 8,1,15,,38228,6,0,5 6 7 8,1,15,,38229,6,0,5 6 7 8,1,55,,38230,6,0,5 6 7 8,1,15,,38231,6,0,5 6 7 8,1,15,,38232,6,0,5 6 7 8,1,15,,38233,6,0,5 6 7 8,1,55,,38234,6,0,5 6 7 8,1,15,,38235,6,0,5 6 7 8,1,15,,38236,6,0,5 6 7 8,1,15,,38237,6,0,5 6 7 8,1,55,,38238,6,0,5 6 7 8,1,15,,38239,6,0,5 6 7 8,1,15,,38240,6,0,5 6 7 8,1,15,,38241,6,0,5 6 7 8,1,55,,38242,6,0,5 6 7 8,1,15,,38243,6,0,5 6 7 8,1,15,,38244,6,0,5 6 7 8,1,15,,38245,6,0,5 6 7 8,1,55,,38246,6,0,5 6 7 8,1,15,,38247,6,0,5 6 7 8,1,15,,38248,6,0,5 6 7 8,1,15,,38249,6,0,5 6 7 8,1,55,,38250,6,0,5 6 7 8,1,15,,38251,6,0,5 6 7 8,1,15,,38252,6,0,5 6 7 8,1,15,,38253,6,0,5 6 7 8,1,55,,38254,6,0,5 6 7 8,1,15,,38255,6,0,5 6 7 8,1,15,,38256,6,0,5 6 7 8,1
18002200,'022R-Sunday-6-26-09',553,,38279,6,0,5 6 7 8,1,55,,38280,6,0,5 6 7 8,1,15,,38281,6,0,5 6 7 8,1,15,,38282,6,0,5 6 7 8,1,15,,38283,6,0,5 6 7 8,1,55,,38284,6,0,5 6 7 8,1,15,,38285,6,0,5 6 7 8,1,15,,38286,6,0,5 6 7 8,1,15,,38287,6,0,5 6 7 8,1,55,,38288,6,0,5 6 7 8,1,15,,38289,6,0,5 6 7 8,1,15,,38290,6,0,5 6 7 8,1,15,,38291,6,0,5 6 7 8,1,55,,38292,6,0,5 6 7 8,1,15,,38293,6,0,5 6 7 8,1,15,,38294,6,0,5 6 7 8,1,15,,38295,6,0,5 6 7 8,1,55,,38296,6,0,5 6 7 8,1,15,,38297,6,0,5 6 7 8,1,15,,38298,6,0,5 6 7 8,1,15,,38299,6,0,5 6 7 8,1,55,,38300,6,0,5 6 7 8,1,15,,38301,6,0,5 6 7 8,1,15,,38302,6,0,5 6 7 8,1,15,,38303,6,0,5 6 7 8,1,55,,38304,6,0,5 6 7 8,1,15,,38305,6,0,5 6 7 8,1,15,,38306,6,0,5 6 7 8,1,15,,38307,6,0,5 6 7 8,1,55,,38308,6,0,5 6 7 8,1,15,,38309,6,0,5 6 7 8,1,15,,38310,6,0,5 6 7 8,1,15,,38311,6,0,5 6 7 8,1,55,,38312,6,0,5 6 7 8,1,15,,38313,6,0,5 6 7 8,1,15,,38314,6,0,5 6 7 8,1,15,,38315,6,0,5 6 7 8,1,55,,38316,6,0,5 6 7 8,1,15,,38317,6,0,5 6 7 8,1,15,,38318,6,0,5 6 7 8,1,15,,38319,6,0,5 6 7 8,1,55,,38320,6,0,5 6 7 8,1,15,,38321,6,0,5 6 7 8,1,15,,38322,6,0,5 6 7 8,1,15,,38323,6,0,5 6 7 8,1,55,,38324,6,0,5 6 7 8,1,15,,38325,6,0,5 6 7 8,1,15,,38326,6,0,5 6 7 8,1,15,,38327,6,0,5 6 7 8,1,55,,38328,6,0,5 6 7 8,1,15,,38329,6,0,5 6 7 8,1,15,,38257,9,,,1,15,,38258,9,,,1,55,,38259,9,,,1,15,,38260,9,,,1,15,,38261,9,,,1,15,,38262,9,,,1,55,,38263,9,,,1,15,,38264,9,,,1,15,,38265,9,,,1,15,,38266,9,,,1,55,,38267,9,,,1,15,,38268,9,,,1,15,,38269,9,,,1,15,,38270,9,,,1,55,,38271,9,,,1,15,,38272,9,,,1,15,,38273,9,,,1,15,,38274,9,,,1,55,,38275,9,,,1,15,,38276,9,,,1,15,,38277,9,,,1,15,,38278,9,,,1
