18002301,'20260913-Sunday-1-26-09',542,,35104,10,,,1,15,,35120,10,,,1,55,,35058,10,,,1,15,,35074,10,,,1,15,,35089,10,,,1,15,,35105,10,,,1,55,,35121,10,,,1,15,,35059,10,,,1,15,,35075,10,,,1,15,,35090,10,,,1,55,,35106,10,,,1,15,,35122,10,,,1,15,,35060,10,,,1,15,,35076,10,,,1,55,,35091,10,,,1,15,,35107,10,,,1,15,,35123,10,,,1,15,,35061,10,,,1,55,,35077,10,,,1,15,,35092,10,,,1,15,,35108,10,,,1,15,,35124,10,,,1,55,,35062,10,,,1,15,,35078,10,,,1,15,,35093,10,,,1,15,,35109,10,,,1,55,,35125,10,,,1,15,,35063,10,,,1,15,,35079,10,,,1,15,,35094,10,,,1,55,,35110,10,,,1,15,,35126,10,,,1,15,,35064,10,,,1,15,,35080,10,,,1,55,,35095,10,,,1,15,,35111,10,,,1,15,,35127,10,,,1,15,,35065,10,,,1,55,,35081,10,,,1,15,,35096,10,,,1,15,,35112,10,,,1,15,,35128,10,,,1,55,,35066,10,,,1,15,,35082,10,,,1,15,,35097,10,,,1,15,,35113,10,,,1,55,,35129,10,,,1,15,,35067,10,,,1,15,,35083,10,,,1,15,,35098,10,,,1,55,,35114,10,,,1,15,,35130,10,,,1,15,,35068,10,,,1,15,,35084,10,,,1,55,,35099,10,,,1,15,,35115,10,,,1,15,,35131,10,,,1,15,,35069,10,,,1,55,,35085,10,,,1,15,,35100,10,,,1,15,,35116,10,,,1,15,,35132,10,,,1,55,,35070,10,,,1,15,,35086,10,,,1,15,,35101,10,,,1,15,,35117,10,,,1,55,,35133,10,,,1,15,,35071,10,,,1,15,,35087,10,,,1,15,,35102,10,,,1,55,,35118,10,,,1,15,,35134,10,,,1,15,,35072,10,,,1,15,,35088,10,,,1,55,,35103,10,,,1,15,,35119,10,,,1,15,,35135,10,,,1,15,,35073,10,,,1
18002301,'20260914-Weekday-1-26-09',540,,35182,10,,,1,10,,35200,10,,,1,50,,35136,10,,,1,10,,35159,10,,,1,10,,35148,10,,,1,5,,35275,10,,,1,5,,35171,10,,,1,5,,35259,10,,,1,5,,35215,10,,,1,5,,35292,10,,,1,5,,35183,10,,,1,5,,35201,10,,,1,45,,35232,10,,,1,5,,35137,10,,,1,5,,35243,10,,,1,5,,35160,10,,,1,5,,35251,10,,,1,5,,35149,10,,,1,5,,35276,10,,,1,5,,35172,10,,,1,5,,35260,10,,,1,5,,35216,10,,,1,5,,35293,10,,,1,5,,35184,10,,,1,45,,35202,10,,,1,5,,35233,10,,,1,5,,35138,10,,,1,5,,35244,10,,,1,5,,35161,10,,,1,5,,35252,10,,,1,5,,35150,10,,,1,5,,35277,10,,,1,5,,35173,10,,,1,5,,35261,10,,,1,5,,35217,10,,,1,5,,35294,10,,,1,45,,35185,10,,,1,5,,35203,10,,,1,5,,35234,10,,,1,5,,35139,10,,,1,5,,35245,10,,,1,5,,35162,10,,,1,5,,35253,10,,,1,5,,35151,10,,,1,5,,35278,10,,,1,5,,35174,10,,,1,5,,35262,10,,,1,5,,35218,10,,,1,45,,35295,10,,,1,5,,35186,10,,,1,6,,35204,10,,,1,5,,35235,10,,,1,5,,35140,10,,,1,6,,35246,10,,,1,10,,35163,10,,,1,10,,35279,10,,,1,10,,35263,10,,,1,50,,35219,10,,,1,10,,35187,10,,,1,10,,35236,10,,,1,10,,35141,10,,,1,10,,35164,10,,,1,10,,35280,10,,,1,50,,35264,10,,,1,10,,35220,10,,,1,10,,35188,10,,,1,10,,35237,10,,,1,10,,35142,10,,,1,10,,35165,10,,,1,50,,35281,10,,,1,10,,35265,10,,,1,10,,35221,10,,,1,10,,35189,10,,,1,10,,35238,10,,,1,10,,35143,10,,,1,49,,35166,10,,,1,10,,35282,10,,,1,9,,35254,10,,,1,5,,35152,10,,,1,5,,35222,10,,,1,5,,35296,10,,,1,5,,35190,10,,,1,5,,35205,10,,,1,5,,35239,10,,,1,45,,35266,10,,,1,5,,35247,10,,,1,5,,35144,10,,,1,5,,35175,10,,,1,5,,35167,10,,,1,5,,35283,10,,,1,5,,35255,10,,,1,5,,35153,10,,,1,5,,35223,10,,,1,5,,35297,10,,,1,5,,35191,10,,,1,5,,35206,10,,,1,45,,35240,10,,,1,5,,35267,10,,,1,5,,35248,10,,,1,5,,35145,10,,,1,5,,35176,10,,,1,5,,35168,10,,,1,5,,35284,10,,,1,5,,35256,10,,,1,5,,35154,10,,,1,5,,35224,10,,,1,5,,35298,10,,,1,5,,35192,10,,,1,45,,35207,10,,,1,5,,35241,10,,,1,5,,35268,10,,,1,5,,35249,10,,,1,5,,35146,10,,,1,5,,35177,10,,,1,5,,35169,10,,,1,5,,35285,10,,,1,5,,35257,10,,,1,5,,35155,10,,,1,5,,35225,10,,,1,5,,35299,10,,,1,45,,35193,10,,,1,5,,35208,10,,,1,5,,35242,10,,,1,5,,35269,10,,,1,5,,35250,10,,,1,5,,35147,10,,,1,5,,35178,10,,,1,4,,35170,10,,,1,7,,35286,10,,,1,5,,35258,10,,,1,6,,35156,10,,,1,50,,35226,10,,,1,10,,35194,10,,,1,10,,35209,10,,,1,10,,35270,10,,,1,10,,35179,10,,,1,10,,35287,10,,,1,50,,35157,10,,,1,10,,35227,10,,,1,10,,35195,10,,,1,10,,35210,10,,,1,10,,35271,10,,,1,10,,35180,10,,,1,50,,35288,10,,,1,10,,35158,10,,,1,10,,35228,10,,,1,10,,35196,10,,,1,10,,35211,10,,,1,10,,35272,10,,,1,50,,35181,10,,,1,15,,35289,10,,,1,15,,35229,10,,,1,15,,35197,10,,,1,55,,35212,10,,,1,15,,35273,10,,,1,15,,35290,10,,,1,15,,35230,10,,,1,55,,35198,10,,,1,15,,35213,10,,,1,15,,35274,10,,,1,15,,35291,10,,,1,55,,35231,10,,,1,15,,35199,10,,,1,15,,35214,10,,,1
18002301,'20260914-Weekday-2-26-09',540,,35346,10,,,1,10,,35364,10,,,1,50,,35300,10,,,1,10,,35323,10,,,1,10,,35312,10,,,1,5,,35439,10,,,1,5,,35335,10,,,1,5,,35423,10,,,1,5,,35379,10,,,1,5,,35456,10,,,1,5,,35347,10,,,1,5,,35365,10,,,1,45,,35396,10,,,1,5,,35301,10,,,1,5,,35407,10,,,1,5,,35324,10,,,1,5,,35415,10,,,1,5,,35313,10,,,1,5,,35440,10,,,1,5,,35336,10,,,1,5,,35424,10,,,1,5,,35380,10,,,1,5,,35457,10,,,1,5,,35348,10,,,1,45,,35366,10,,,1,5,,35397,10,,,1,5,,35302,10,,,1,5,,35408,10,,,1,5,,35325,10,,,1,5,,35416,10,,,1,5,,35314,10,,,1,5,,35441,10,,,1,5,,35337,10,,,1,5,,35425,10,,,1,5,,35381,10,,,1,5,,35458,10,,,1,45,,35349,10,,,1,5,,35367,10,,,1,5,,35398,10,,,1,5,,35303,10,,,1,5,,35409,10,,,1,5,,35326,10,,,1,5,,35417,10,,,1,5,,35315,10,,,1,5,,35442,10,,,1,5,,35338,10,,,1,5,,35426,10,,,1,5,,35382,10,,,1,45,,35459,10,,,1,5,,35350,10,,,1,6,,35368,10,,,1,5,,35399,10,,,1,5,,35304,10,,,1,6,,35410,10,,,1,10,,35327,10,,,1,10,,35443,10,,,1,10,,35427,10,,,1,50,,35383,10,,,1,10,,35351,10,,,1,10,,35400,10,,,1,10,,35305,10,,,1,10,,35328,10,,,1,10,,35444,10,,,1,50,,35428,10,,,1,10,,35384,10,,,1,10,,35352,10,,,1,10,,35401,10,,,1,10,,35306,10,,,1,10,,35329,10,,,1,50,,35445,10,,,1,10,,35429,10,,,1,10,,35385,10,,,1,10,,35353,10,,,1,10,,35402,10,,,1,10,,35307,10,,,1,49,,35330,10,,,1,10,,35446,10,,,1,9,,35418,10,,,1,5,,35316,10,,,1,5,,35386,10,,,1,5,,35460,10,,,1,5,,35354,10,,,1,5,,35369,10,,,1,5,,35403,10,,,1,45,,35430,10,,,1,5,,35411,10,,,1,5,,35308,10,,,1,5,,35339,10,,,1,5,,35331,10,,,1,5,,35447,10,,,1,5,,35419,10,,,1,5,,35317,10,,,1,5,,35387,10,,,1,5,,35461,10,,,1,5,,35355,10,,,1,5,,35370,10,,,1,45,,35404,10,,,1,5,,35431,10,,,1,5,,35412,10,,,1,5,,35309,10,,,1,5,,35340,10,,,1,5,,35332,10,,,1,5,,35448,10,,,1,5,,35420,10,,,1,5,,35318,10,,,1,5,,35388,10,,,1,5,,35462,10,,,1,5,,35356,10,,,1,45,,35371,10,,,1,5,,35405,10,,,1,5,,35432,10,,,1,5,,35413,10,,,1,5,,35310,10,,,1,5,,35341,10,,,1,5,,35333,10,,,1,5,,35449,10,,,1,5,,35421,10,,,1,5,,35319,10,,,1,5,,35389,10,,,1,5,,35463,10,,,1,45,,35357,10,,,1,5,,35372,10,,,1,5,,35406,10,,,1,5,,35433,10,,,1,5,,35414,10,,,1,5,,35311,10,,,1,5,,35342,10,,,1,4,,35334,10,,,1,7,,35450,10,,,1,5,,35422,10,,,1,6,,35320,10,,,1,50,,35390,10,,,1,10,,35358,10,,,1,10,,35373,10,,,1,10,,35434,10,,,1,10,,35343,10,,,1,10,,35451,10,,,1,50,,35321,10,,,1,10,,35391,10,,,1,10,,35359,10,,,1,10,,35374,10,,,1,10,,35435,10,,,1,10,,35344,10,,,1,50,,35452,10,,,1,10,,35322,10,,,1,10,,35392,10,,,1,10,,35360,10,,,1,10,,35375,10,,,1,10,,35436,10,,,1,50,,35345,10,,,1,15,,35453,10,,,1,15,,35393,10,,,1,15,,35361,10,,,1,55,,35376,10,,,1,15,,35437,10,,,1,15,,35454,10,,,1,15,,35394,10,,,1,55,,35362,10,,,1,15,,35377,10,,,1,15,,35438,10,,,1,15,,35455,10,,,1,55,,35395,10,,,1,15,,35363,10,,,1,15,,35378,10,,,1
18002301,'20260914-Weekday-3-26-09',540,,39882,10,,,1,10,,39900,10,,,1,50,,39836,10,,,1,10,,39859,10,,,1,10,,39848,10,,,1,5,,39975,10,,,1,5,,39871,10,,,1,5,,39959,10,,,1,5,,39915,10,,,1,5,,39992,10,,,1,5,,39883,10,,,1,5,,39901,10,,,1,45,,39932,10,,,1,5,,39837,10,,,1,5,,39943,10,,,1,5,,39860,10,,,1,5,,39951,10,,,1,5,,39849,10,,,1,5,,39976,10,,,1,5,,39872,10,,,1,5,,39960,10,,,1,5,,39916,10,,,1,5,,39993,10,,,1,5,,39884,10,,,1,45,,39902,10,,,1,5,,39933,10,,,1,5,,39838,10,,,1,5,,39944,10,,,1,5,,39861,10,,,1,5,,39952,10,,,1,5,,39850,10,,,1,5,,39977,10,,,1,5,,39873,10,,,1,5,,39961,10,,,1,5,,39917,10,,,1,5,,39994,10,,,1,45,,39885,10,,,1,5,,39903,10,,,1,5,,39934,10,,,1,5,,39839,10,,,1,5,,39945,10,,,1,5,,39862,10,,,1,5,,39953,10,,,1,5,,39851,10,,,1,5,,39978,10,,,1,5,,39874,10,,,1,5,,39962,10,,,1,5,,39918,10,,,1,45,,39995,10,,,1,5,,39886,10,,,1,6,,39904,10,,,1,5,,39935,10,,,1,5,,39840,10,,,1,6,,39946,10,,,1,10,,39863,10,,,1,10,,39979,10,,,1,10,,39963,10,,,1,50,,39919,10,,,1,10,,39887,10,,,1,10,,39936,10,,,1,10,,39841,10,,,1,10,,39864,10,,,1,10,,39980,10,,,1,50,,39964,10,,,1,10,,39920,10,,,1,10,,39888,10,,,1,10,,39937,10,,,1,10,,39842,10,,,1,10,,39865,10,,,1,50,,39981,10,,,1,10,,39965,10,,,1,10,,39921,10,,,1,10,,39889,10,,,1,10,,39938,10,,,1,10,,39843,10,,,1,49,,39866,10,,,1,10,,39982,10,,,1,9,,39954,10,,,1,5,,39852,10,,,1,5,,39922,10,,,1,5,,39996,10,,,1,5,,39890,10,,,1,5,,39905,10,,,1,5,,39939,10,,,1,45,,39966,10,,,1,5,,39947,10,,,1,5,,39844,10,,,1,5,,39875,10,,,1,5,,39867,10,,,1,5,,39983,10,,,1,5,,39955,10,,,1,5,,39853,10,,,1,5,,39923,10,,,1,5,,39997,10,,,1,5,,39891,10,,,1,5,,39906,10,,,1,45,,39940,10,,,1,5,,39967,10,,,1,5,,39948,10,,,1,5,,39845,10,,,1,5,,39876,10,,,1,5,,39868,10,,,1,5,,39984,10,,,1,5,,39956,10,,,1,5,,39854,10,,,1,5,,39924,10,,,1,5,,39998,10,,,1,5,,39892,10,,,1,45,,39907,10,,,1,5,,39941,10,,,1,5,,39968,10,,,1,5,,39949,10,,,1,5,,39846,10,,,1,5,,39877,10,,,1,5,,39869,10,,,1,5,,39985,10,,,1,5,,39957,10,,,1,5,,39855,10,,,1,5,,39925,10,,,1,5,,39999,10,,,1,45,,39893,10,,,1,5,,39908,10,,,1,5,,39942,10,,,1,5,,39969,10,,,1,5,,39950,10,,,1,5,,39847,10,,,1,5,,39878,10,,,1,4,,39870,10,,,1,7,,39986,10,,,1,5,,39958,10,,,1,6,,39856,10,,,1,50,,39926,10,,,1,10,,39894,10,,,1,10,,39909,10,,,1,10,,39970,10,,,1,10,,39879,10,,,1,10,,39987,10,,,1,50,,39857,10,,,1,10,,39927,10,,,1,10,,39895,10,,,1,10,,39910,10,,,1,10,,39971,10,,,1,10,,39880,10,,,1,50,,39988,10,,,1,10,,39858,10,,,1,10,,39928,10,,,1,10,,39896,10,,,1,10,,39911,10,,,1,10,,39972,10,,,1,50,,39881,10,,,1,15,,39989,10,,,1,15,,39929,10,,,1,15,,39897,10,,,1,55,,39912,10,,,1,15,,39973,10,,,1,15,,39990,10,,,1,15,,39930,10,,,1,55,,39898,10,,,1,15,,39913,10,,,1,15,,39974,10,,,1,15,,39991,10,,,1,55,,39931,10,,,1,15,,39899,10,,,1,15,,39914,10,,,1
18002301,'20260914-Weekday-4-26-09',540,,35510,10,,,1,10,,35528,10,,,1,50,,35464,10,,,1,10,,35487,10,,,1,10,,35476,10,,,1,5,,35603,10,,,1,5,,35499,10,,,1,5,,35587,10,,,1,5,,35543,10,,,1,5,,35620,10,,,1,5,,35511,10,,,1,5,,35529,10,,,1,45,,35560,10,,,1,5,,35465,10,,,1,5,,35571,10,,,1,5,,35488,10,,,1,5,,35579,10,,,1,5,,35477,10,,,1,5,,35604,10,,,1,5,,35500,10,,,1,5,,35588,10,,,1,5,,35544,10,,,1,5,,35621,10,,,1,5,,35512,10,,,1,45,,35530,10,,,1,5,,35561,10,,,1,5,,35466,10,,,1,5,,35572,10,,,1,5,,35489,10,,,1,5,,35580,10,,,1,5,,35478,10,,,1,5,,35605,10,,,1,5,,35501,10,,,1,5,,35589,10,,,1,5,,35545,10,,,1,5,,35622,10,,,1,45,,35513,10,,,1,5,,35531,10,,,1,5,,35562,10,,,1,5,,35467,10,,,1,5,,35573,10,,,1,5,,35490,10,,,1,5,,35581,10,,,1,5,,35479,10,,,1,5,,35606,10,,,1,5,,35502,10,,,1,5,,35590,10,,,1,5,,35546,10,,,1,45,,35623,10,,,1,5,,35514,10,,,1,6,,35532,10,,,1,5,,35563,10,,,1,5,,35468,10,,,1,6,,35574,10,,,1,10,,35491,10,,,1,10,,35607,10,,,1,10,,35591,10,,,1,50,,35547,10,,,1,10,,35515,10,,,1,10,,35564,10,,,1,10,,35469,10,,,1,10,,35492,10,,,1,10,,35608,10,,,1,50,,35592,10,,,1,10,,35548,10,,,1,10,,35516,10,,,1,10,,35565,10,,,1,10,,35470,10,,,1,10,,35493,10,,,1,50,,35609,10,,,1,10,,35593,10,,,1,10,,35549,10,,,1,10,,35517,10,,,1,10,,35566,10,,,1,10,,35471,10,,,1,49,,35494,10,,,1,10,,35610,10,,,1,9,,35582,10,,,1,5,,35480,10,,,1,5,,35550,10,,,1,5,,35624,10,,,1,5,,35518,10,,,1,5,,35533,10,,,1,5,,35567,10,,,1,45,,35594,10,,,1,5,,35575,10,,,1,5,,35472,10,,,1,5,,35503,10,,,1,5,,35495,10,,,1,5,,35611,10,,,1,5,,35583,10,,,1,5,,35481,10,,,1,5,,35551,10,,,1,5,,35625,10,,,1,5,,35519,10,,,1,5,,35534,10,,,1,45,,35568,10,,,1,5,,35595,10,,,1,5,,35576,10,,,1,5,,35473,10,,,1,5,,35504,10,,,1,5,,35496,10,,,1,5,,35612,10,,,1,5,,35584,10,,,1,5,,35482,10,,,1,5,,35552,10,,,1,5,,35626,10,,,1,5,,35520,10,,,1,45,,35535,10,,,1,5,,35569,10,,,1,5,,35596,10,,,1,5,,35577,10,,,1,5,,35474,10,,,1,5,,35505,10,,,1,5,,35497,10,,,1,5,,35613,10,,,1,5,,35585,10,,,1,5,,35483,10,,,1,5,,35553,10,,,1,5,,35627,10,,,1,45,,35521,10,,,1,5,,35536,10,,,1,5,,35570,10,,,1,5,,35597,10,,,1,5,,35578,10,,,1,5,,35475,10,,,1,5,,35506,10,,,1,4,,35498,10,,,1,7,,35614,10,,,1,5,,35586,10,,,1,6,,35484,10,,,1,50,,35554,10,,,1,10,,35522,10,,,1,10,,35537,10,,,1,10,,35598,10,,,1,10,,35507,10,,,1,10,,35615,10,,,1,50,,35485,10,,,1,10,,35555,10,,,1,10,,35523,10,,,1,10,,35538,10,,,1,10,,35599,10,,,1,10,,35508,10,,,1,50,,35616,10,,,1,10,,35486,10,,,1,10,,35556,10,,,1,10,,35524,10,,,1,10,,35539,10,,,1,10,,35600,10,,,1,50,,35509,10,,,1,15,,35617,10,,,1,15,,35557,10,,,1,15,,35525,10,,,1,55,,35540,10,,,1,15,,35601,10,,,1,15,,35618,10,,,1,15,,35558,10,,,1,55,,35526,10,,,1,15,,35541,10,,,1,15,,35602,10,,,1,15,,35619,10,,,1,55,,35559,10,,,1,15,,35527,10,,,1,15,,35542,10,,,1
18002301,'20260914-Weekday-5-26-09',540,,40046,10,,,1,10,,40064,10,,,1,50,,40000,10,,,1,10,,40023,10,,,1,10,,40012,10,,,1,5,,40139,10,,,1,5,,40035,10,,,1,5,,40123,10,,,1,5,,40079,10,,,1,5,,40156,10,,,1,5,,40047,10,,,1,5,,40065,10,,,1,45,,40096,10,,,1,5,,40001,10,,,1,5,,40107,10,,,1,5,,40024,10,,,1,5,,40115,10,,,1,5,,40013,10,,,1,5,,40140,10,,,1,5,,40036,10,,,1,5,,40124,10,,,1,5,,40080,10,,,1,5,,40157,10,,,1,5,,40048,10,,,1,45,,40066,10,,,1,5,,40097,10,,,1,5,,40002,10,,,1,5,,40108,10,,,1,5,,40025,10,,,1,5,,40116,10,,,1,5,,40014,10,,,1,5,,40141,10,,,1,5,,40037,10,,,1,5,,40125,10,,,1,5,,40081,10,,,1,5,,40158,10,,,1,45,,40049,10,,,1,5,,40067,10,,,1,5,,40098,10,,,1,5,,40003,10,,,1,5,,40109,10,,,1,5,,40026,10,,,1,5,,40117,10,,,1,5,,40015,10,,,1,5,,40142,10,,,1,5,,40038,10,,,1,5,,40126,10,,,1,5,,40082,10,,,1,45,,40159,10,,,1,5,,40050,10,,,1,6,,40068,10,,,1,5,,40099,10,,,1,5,,40004,10,,,1,6,,40110,10,,,1,10,,40027,10,,,1,10,,40143,10,,,1,10,,40127,10,,,1,50,,40083,10,,,1,10,,40051,10,,,1,10,,40100,10,,,1,10,,40005,10,,,1,10,,40028,10,,,1,10,,40144,10,,,1,50,,40128,10,,,1,10,,40084,10,,,1,10,,40052,10,,,1,10,,40101,10,,,1,10,,40006,10,,,1,10,,40029,10,,,1,50,,40145,10,,,1,10,,40129,10,,,1,10,,40085,10,,,1,10,,40053,10,,,1,10,,40102,10,,,1,10,,40007,10,,,1,49,,40030,10,,,1,10,,40146,10,,,1,9,,40118,10,,,1,5,,40016,10,,,1,5,,40086,10,,,1,5,,40160,10,,,1,5,,40054,10,,,1,5,,40069,10,,,1,5,,40103,10,,,1,45,,40130,10,,,1,5,,40111,10,,,1,5,,40008,10,,,1,5,,40039,10,,,1,5,,40031,10,,,1,5,,40147,10,,,1,5,,40119,10,,,1,5,,40017,10,,,1,5,,40087,10,,,1,5,,40161,10,,,1,5,,40055,10,,,1,5,,40070,10,,,1,45,,40104,10,,,1,5,,40131,10,,,1,5,,40112,10,,,1,5,,40009,10,,,1,5,,40040,10,,,1,5,,40032,10,,,1,5,,40148,10,,,1,5,,40120,10,,,1,5,,40018,10,,,1,5,,40088,10,,,1,5,,40162,10,,,1,5,,40056,10,,,1,45,,40071,10,,,1,5,,40105,10,,,1,5,,40132,10,,,1,5,,40113,10,,,1,5,,40010,10,,,1,5,,40041,10,,,1,5,,40033,10,,,1,5,,40149,10,,,1,5,,40121,10,,,1,5,,40019,10,,,1,5,,40089,10,,,1,5,,40163,10,,,1,45,,40057,10,,,1,5,,40072,10,,,1,5,,40106,10,,,1,5,,40133,10,,,1,5,,40114,10,,,1,5,,40011,10,,,1,5,,40042,10,,,1,4,,40034,10,,,1,7,,40150,10,,,1,5,,40122,10,,,1,6,,40020,10,,,1,50,,40090,10,,,1,10,,40058,10,,,1,10,,40073,10,,,1,10,,40134,10,,,1,10,,40043,10,,,1,10,,40151,10,,,1,50,,40021,10,,,1,10,,40091,10,,,1,10,,40059,10,,,1,10,,40074,10,,,1,10,,40135,10,,,1,10,,40044,10,,,1,50,,40152,10,,,1,10,,40022,10,,,1,10,,40092,10,,,1,10,,40060,10,,,1,10,,40075,10,,,1,10,,40136,10,,,1,50,,40045,10,,,1,15,,40153,10,,,1,15,,40093,10,,,1,15,,40061,10,,,1,55,,40076,10,,,1,15,,40137,10,,,1,15,,40154,10,,,1,15,,40094,10,,,1,55,,40062,10,,,1,15,,40077,10,,,1,15,,40138,10,,,1,15,,40155,10,,,1,55,,40095,10,,,1,15,,40063,10,,,1,15,,40078,10,,,1
18002301,'20260914-Weekday-6-26-09',540,,40210,10,,,1,10,,40228,10,,,1,50,,40164,10,,,1,10,,40187,10,,,1,10,,40176,10,,,1,5,,40303,10,,,1,5,,40199,10,,,1,5,,40287,10,,,1,5,,40243,10,,,1,5,,40320,10,,,1,5,,40211,10,,,1,5,,40229,10,,,1,45,,40260,10,,,1,5,,40165,10,,,1,5,,40271,10,,,1,5,,40188,10,,,1,5,,40279,10,,,1,5,,40177,10,,,1,5,,40304,10,,,1,5,,40200,10,,,1,5,,40288,10,,,1,5,,40244,10,,,1,5,,40321,10,,,1,5,,40212,10,,,1,45,,40230,10,,,1,5,,40261,10,,,1,5,,40166,10,,,1,5,,40272,10,,,1,5,,40189,10,,,1,5,,40280,10,,,1,5,,40178,10,,,1,5,,40305,10,,,1,5,,40201,10,,,1,5,,40289,10,,,1,5,,40245,10,,,1,5,,40322,10,,,1,45,,40213,10,,,1,5,,40231,10,,,1,5,,40262,10,,,1,5,,40167,10,,,1,5,,40273,10,,,1,5,,40190,10,,,1,5,,40281,10,,,1,5,,40179,10,,,1,5,,40306,10,,,1,5,,40202,10,,,1,5,,40290,10,,,1,5,,40246,10,,,1,45,,40323,10,,,1,5,,40214,10,,,1,6,,40232,10,,,1,5,,40263,10,,,1,5,,40168,10,,,1,6,,40274,10,,,1,10,,40191,10,,,1,10,,40307,10,,,1,10,,40291,10,,,1,50,,40247,10,,,1,10,,40215,10,,,1,10,,40264,10,,,1,10,,40169,10,,,1,10,,40192,10,,,1,10,,40308,10,,,1,50,,40292,10,,,1,10,,40248,10,,,1,10,,40216,10,,,1,10,,40265,10,,,1,10,,40170,10,,,1,10,,40193,10,,,1,50,,40309,10,,,1,10,,40293,10,,,1,10,,40249,10,,,1,10,,40217,10,,,1,10,,40266,10,,,1,10,,40171,10,,,1,49,,40194,10,,,1,10,,40310,10,,,1,9,,40282,10,,,1,5,,40180,10,,,1,5,,40250,10,,,1,5,,40324,10,,,1,5,,40218,10,,,1,5,,40233,10,,,1,5,,40267,10,,,1,45,,40294,10,,,1,5,,40275,10,,,1,5,,40172,10,,,1,5,,40203,10,,,1,5,,40195,10,,,1,5,,40311,10,,,1,5,,40283,10,,,1,5,,40181,10,,,1,5,,40251,10,,,1,5,,40325,10,,,1,5,,40219,10,,,1,5,,40234,10,,,1,45,,40268,10,,,1,5,,40295,10,,,1,5,,40276,10,,,1,5,,40173,10,,,1,5,,40204,10,,,1,5,,40196,10,,,1,5,,40312,10,,,1,5,,40284,10,,,1,5,,40182,10,,,1,5,,40252,10,,,1,5,,40326,10,,,1,5,,40220,10,,,1,45,,40235,10,,,1,5,,40269,10,,,1,5,,40296,10,,,1,5,,40277,10,,,1,5,,40174,10,,,1,5,,40205,10,,,1,5,,40197,10,,,1,5,,40313,10,,,1,5,,40285,10,,,1,5,,40183,10,,,1,5,,40253,10,,,1,5,,40327,10,,,1,45,,40221,10,,,1,5,,40236,10,,,1,5,,40270,10,,,1,5,,40297,10,,,1,5,,40278,10,,,1,5,,40175,10,,,1,5,,40206,10,,,1,4,,40198,10,,,1,7,,40314,10,,,1,5,,40286,10,,,1,6,,40184,10,,,1,50,,40254,10,,,1,10,,40222,10,,,1,10,,40237,10,,,1,10,,40298,10,,,1,10,,40207,10,,,1,10,,40315,10,,,1,50,,40185,10,,,1,10,,40255,10,,,1,10,,40223,10,,,1,10,,40238,10,,,1,10,,40299,10,,,1,10,,40208,10,,,1,50,,40316,10,,,1,10,,40186,10,,,1,10,,40256,10,,,1,10,,40224,10,,,1,10,,40239,10,,,1,10,,40300,10,,,1,50,,40209,10,,,1,15,,40317,10,,,1,15,,40257,10,,,1,15,,40225,10,,,1,55,,40240,10,,,1,15,,40301,10,,,1,15,,40318,10,,,1,15,,40258,10,,,1,55,,40226,10,,,1,15,,40241,10,,,1,15,,40302,10,,,1,15,,40319,10,,,1,55,,40259,10,,,1,15,,40227,10,,,1,15,,40242,10,,,1
18002301,'20260914-Weekday-7-26-09',540,,40374,10,,,1,10,,40392,10,,,1,50,,40328,10,,,1,10,,40351,10,,,1,10,,40340,10,,,1,5,,40467,10,,,1,5,,40363,10,,,1,5,,40451,10,,,1,5,,40407,10,,,1,5,,40484,10,,,1,5,,40375,10,,,1,5,,40393,10,,,1,45,,40424,10,,,1,5,,40329,10,,,1,5,,40435,10,,,1,5,,40352,10,,,1,5,,40443,10,,,1,5,,40341,10,,,1,5,,40468,10,,,1,5,,40364,10,,,1,5,,40452,10,,,1,5,,40408,10,,,1,5,,40485,10,,,1,5,,40376,10,,,1,45,,40394,10,,,1,5,,40425,10,,,1,5,,40330,10,,,1,5,,40436,10,,,1,5,,40353,10,,,1,5,,40444,10,,,1,5,,40342,10,,,1,5,,40469,10,,,1,5,,40365,10,,,1,5,,40453,10,,,1,5,,40409,10,,,1,5,,40486,10,,,1,45,,40377,10,,,1,5,,40395,10,,,1,5,,40426,10,,,1,5,,40331,10,,,1,5,,40437,10,,,1,5,,40354,10,,,1,5,,40445,10,,,1,5,,40343,10,,,1,5,,40470,10,,,1,5,,40366,10,,,1,5,,40454,10,,,1,5,,40410,10,,,1,45,,40487,10,,,1,5,,40378,10,,,1,6,,40396,10,,,1,5,,40427,10,,,1,5,,40332,10,,,1,6,,40438,10,,,1,10,,40355,10,,,1,10,,40471,10,,,1,10,,40455,10,,,1,50,,40411,10,,,1,10,,40379,10,,,1,10,,40428,10,,,1,10,,40333,10,,,1,10,,40356,10,,,1,10,,40472,10,,,1,50,,40456,10,,,1,10,,40412,10,,,1,10,,40380,10,,,1,10,,40429,10,,,1,10,,40334,10,,,1,10,,40357,10,,,1,50,,40473,10,,,1,10,,40457,10,,,1,10,,40413,10,,,1,10,,40381,10,,,1,10,,40430,10,,,1,10,,40335,10,,,1,49,,40358,10,,,1,10,,40474,10,,,1,9,,40446,10,,,1,5,,40344,10,,,1,5,,40414,10,,,1,5,,40488,10,,,1,5,,40382,10,,,1,5,,40397,10,,,1,5,,40431,10,,,1,45,,40458,10,,,1,5,,40439,10,,,1,5,,40336,10,,,1,5,,40367,10,,,1,5,,40359,10,,,1,5,,40475,10,,,1,5,,40447,10,,,1,5,,40345,10,,,1,5,,40415,10,,,1,5,,40489,10,,,1,5,,40383,10,,,1,5,,40398,10,,,1,45,,40432,10,,,1,5,,40459,10,,,1,5,,40440,10,,,1,5,,40337,10,,,1,5,,40368,10,,,1,5,,40360,10,,,1,5,,40476,10,,,1,5,,40448,10,,,1,5,,40346,10,,,1,5,,40416,10,,,1,5,,40490,10,,,1,5,,40384,10,,,1,45,,40399,10,,,1,5,,40433,10,,,1,5,,40460,10,,,1,5,,40441,10,,,1,5,,40338,10,,,1,5,,40369,10,,,1,5,,40361,10,,,1,5,,40477,10,,,1,5,,40449,10,,,1,5,,40347,10,,,1,5,,40417,10,,,1,5,,40491,10,,,1,45,,40385,10,,,1,5,,40400,10,,,1,5,,40434,10,,,1,5,,40461,10,,,1,5,,40442,10,,,1,5,,40339,10,,,1,5,,40370,10,,,1,4,,40362,10,,,1,7,,40478,10,,,1,5,,40450,10,,,1,6,,40348,10,,,1,50,,40418,10,,,1,10,,40386,10,,,1,10,,40401,10,,,1,10,,40462,10,,,1,10,,40371,10,,,1,10,,40479,10,,,1,50,,40349,10,,,1,10,,40419,10,,,1,10,,40387,10,,,1,10,,40402,10,,,1,10,,40463,10,,,1,10,,40372,10,,,1,50,,40480,10,,,1,10,,40350,10,,,1,10,,40420,10,,,1,10,,40388,10,,,1,10,,40403,10,,,1,10,,40464,10,,,1,50,,40373,10,,,1,15,,40481,10,,,1,15,,40421,10,,,1,15,,40389,10,,,1,55,,40404,10,,,1,15,,40465,10,,,1,15,,40482,10,,,1,15,,40422,10,,,1,55,,40390,10,,,1,15,,40405,10,,,1,15,,40466,10,,,1,15,,40483,10,,,1,55,,40423,10,,,1,15,,40391,10,,,1,15,,40406,10,,,1
18002301,'20260917-Holiday1-1-26-09',540,,35680,10,,,1,10,,35698,10,,,1,50,,35628,10,,,1,10,,35654,10,,,1,10,,35640,10,,,1,5,,35774,10,,,1,5,,35666,10,,,1,5,,35757,10,,,1,5,,35713,10,,,1,5,,35791,10,,,1,5,,35681,10,,,1,5,,35699,10,,,1,45,,35730,10,,,1,5,,35629,10,,,1,5,,35741,10,,,1,5,,35655,10,,,1,5,,35749,10,,,1,5,,35641,10,,,1,5,,35775,10,,,1,5,,35667,10,,,1,5,,35758,10,,,1,5,,35714,10,,,1,5,,35792,10,,,1,5,,35682,10,,,1,45,,35700,10,,,1,5,,35731,10,,,1,5,,35630,10,,,1,5,,35742,10,,,1,5,,35656,10,,,1,5,,35750,10,,,1,5,,35642,10,,,1,5,,35776,10,,,1,5,,35668,10,,,1,5,,35759,10,,,1,5,,35715,10,,,1,5,,35793,10,,,1,45,,35683,10,,,1,5,,35701,10,,,1,5,,35732,10,,,1,5,,35631,10,,,1,5,,35743,10,,,1,5,,35657,10,,,1,5,,35751,10,,,1,5,,35643,10,,,1,5,,35777,10,,,1,5,,35669,10,,,1,5,,35760,10,,,1,5,,35716,10,,,1,45,,35794,10,,,1,5,,35684,10,,,1,6,,35702,10,,,1,5,,35733,10,,,1,5,,35632,10,,,1,6,,35744,10,,,1,10,,35658,10,,,1,10,,35778,10,,,1,10,,35761,10,,,1,50,,35717,10,,,1,10,,35685,10,,,1,10,,35734,10,,,1,10,,35633,10,,,1,10,,35659,10,,,1,10,,35779,10,,,1,50,,35762,10,,,1,10,,35718,10,,,1,10,,35686,10,,,1,10,,35735,10,,,1,10,,35634,10,,,1,10,,35660,10,,,1,50,,35780,10,,,1,10,,35763,10,,,1,10,,35719,10,,,1,10,,35687,10,,,1,10,,35736,10,,,1,10,,35635,10,,,1,49,,35661,10,,,1,10,,35781,10,,,1,9,,35752,10,,,1,5,,35644,10,,,1,5,,35720,10,,,1,5,,35795,10,,,1,5,,35688,10,,,1,5,,35703,10,,,1,5,,35737,10,,,1,45,,35764,10,,,1,5,,35745,10,,,1,5,,35636,10,,,1,5,,35670,10,,,1,5,,35662,10,,,1,5,,35782,10,,,1,5,,35753,10,,,1,5,,35645,10,,,1,5,,35721,10,,,1,5,,35796,10,,,1,5,,35689,10,,,1,5,,35704,10,,,1,45,,35738,10,,,1,5,,35765,10,,,1,5,,35746,10,,,1,5,,35637,10,,,1,5,,35671,10,,,1,5,,35663,10,,,1,5,,35783,10,,,1,5,,35754,10,,,1,5,,35646,10,,,1,5,,35722,10,,,1,5,,35797,10,,,1,5,,35690,10,,,1,45,,35705,10,,,1,5,,35739,10,,,1,5,,35766,10,,,1,5,,35747,10,,,1,5,,35638,10,,,1,5,,35672,10,,,1,5,,35664,10,,,1,5,,35784,10,,,1,5,,35755,10,,,1,5,,35647,10,,,1,5,,35723,10,,,1,5,,35798,10,,,1,45,,35691,10,,,1,5,,35706,10,,,1,5,,35740,10,,,1,5,,35767,10,,,1,5,,35748,10,,,1,5,,35639,10,,,1,5,,35673,10,,,1,4,,35665,10,,,1,7,,35785,10,,,1,5,,35756,10,,,1,6,,35648,10,,,1,50,,35724,10,,,1,10,,35692,10,,,1,10,,35707,10,,,1,10,,35768,10,,,1,10,,35674,10,,,1,10,,35786,10,,,1,50,,35649,10,,,1,10,,35725,10,,,1,10,,35693,10,,,1,10,,35708,10,,,1,10,,35769,10,,,1,10,,35675,10,,,1,50,,35787,10,,,1,10,,35650,10,,,1,10,,35726,10,,,1,10,,35694,10,,,1,10,,35709,10,,,1,10,,35770,10,,,1,50,,35676,10,,,1,10,,35788,10,,,1,10,,35651,10,,,1,10,,35727,10,,,1,10,,35695,10,,,1,10,,35710,10,,,1,50,,35771,10,,,1,10,,35677,10,,,1,10,,35789,10,,,1,10,,35652,10,,,1,10,,35728,10,,,1,10,,35696,10,,,1,50,,35711,10,,,1,10,,35772,10,,,1,10,,35678,10,,,1,10,,35790,10,,,1,10,,35653,10,,,1,10,,35729,10,,,1,50,,35697,10,,,1,10,,35712,10,,,1,10,,35773,10,,,1,10,,35679,10,,,1
18002301,'20260919-Saturday-1-26-09',542,,35860,10,,,1,10,,35877,10,,,1,50,,35894,10,,,1,10,,35799,10,,,1,10,,35816,10,,,1,10,,35833,10,,,1,10,,35844,10,,,1,10,,35861,10,,,1,50,,35878,10,,,1,10,,35895,10,,,1,10,,35800,10,,,1,10,,35817,10,,,1,10,,35834,10,,,1,10,,35845,10,,,1,50,,35862,10,,,1,10,,35879,10,,,1,10,,35896,10,,,1,10,,35801,10,,,1,10,,35818,10,,,1,10,,35835,10,,,1,50,,35846,10,,,1,10,,35863,10,,,1,10,,35880,10,,,1,10,,35897,10,,,1,10,,35802,10,,,1,10,,35819,10,,,1,50,,35836,10,,,1,10,,35847,10,,,1,10,,35864,10,,,1,10,,35881,10,,,1,10,,35898,10,,,1,10,,35803,10,,,1,50,,35820,10,,,1,10,,35837,10,,,1,10,,35848,10,,,1,10,,35865,10,,,1,10,,35882,10,,,1,10,,35899,10,,,1,50,,35804,10,,,1,10,,35821,10,,,1,10,,35838,10,,,1,10,,35849,10,,,1,10,,35866,10,,,1,10,,35883,10,,,1,50,,35900,10,,,1,10,,35805,10,,,1,10,,35822,10,,,1,10,,35839,10,,,1,10,,35850,10,,,1,10,,35867,10,,,1,50,,35884,10,,,1,10,,35901,10,,,1,10,,35806,10,,,1,10,,35823,10,,,1,10,,35840,10,,,1,10,,35851,10,,,1,50,,35868,10,,,1,10,,35885,10,,,1,10,,35902,10,,,1,10,,35807,10,,,1,10,,35824,10,,,1,10,,35841,10,,,1,50,,35852,10,,,1,10,,35869,10,,,1,10,,35886,10,,,1,10,,35903,10,,,1,10,,35808,10,,,1,10,,35825,10,,,1,50,,35842,10,,,1,10,,35853,10,,,1,10,,35870,10,,,1,10,,35887,10,,,1,10,,35904,10,,,1,10,,35809,10,,,1,50,,35826,10,,,1,10,,35843,10,,,1,10,,35854,10,,,1,10,,35871,10,,,1,10,,35888,10,,,1,10,,35905,10,,,1,50,,35810,10,,,1,15,,35827,10,,,1,15,,35855,10,,,1,15,,35872,10,,,1,55,,35889,10,,,1,15,,35811,10,,,1,15,,35828,10,,,1,15,,35856,10,,,1,55,,35873,10,,,1,15,,35890,10,,,1,15,,35812,10,,,1,15,,35829,10,,,1,55,,35857,10,,,1,15,,35874,10,,,1,15,,35891,10,,,1,15,,35813,10,,,1,55,,35830,10,,,1,15,,35858,10,,,1,15,,35875,10,,,1,15,,35892,10,,,1,55,,35814,10,,,1,15,,35831,10,,,1,15,,35859,10,,,1,15,,35876,10,,,1,55,,35893,10,,,1,15,,35815,10,,,1,15,,35832,10,,,1
