18002100,'021R-Weekday-1-26-09',536,,32280,12,,,1,12,,32281,12,,,1,52,,32282,12,,,1,12,,32283,12,,,1,12,,32284,12,,,1,12,,32285,12,,,1,12,,32286,12,,,1,6,,32287,12,,,1,46,,32288,12,,,1,6,,32289,12,,,1,6,,32290,12,,,1,6,,32291,12,,,1,6,,32292,12,,,1,6,,32293,12,,,1,6,,32294,12,,,1,6,,32295,12,,,1,6,,32296,12,,,1,6,,32297,12,,,1,46,,32298,12,,,1,6,,32299,12,,,1,6,,32300,12,,,1,6,,32301,12,,,1,6,,32302,12,,,1,6,,32303,12,,,1,6,,32304,12,,,1,6,,32305,12,,,1,6,,32306,12,,,1,6,,32307,12,,,1,46,,32308,12,,,1,6,,32309,12,,,1,6,,32310,12,,,1,6,,32311,12,,,1,6,,32312,12,,,1,6,,32313,12,,,1,6,,32314,12,,,1,6,,32315,12,,,1,6,,32316,12,,,1,6,,32317,12,,,1,46,,32318,12,,,1,6,,32319,12,,,1,10,,32320,12,,,1,10,,32321,12,,,1,10,,32322,12,,,1,10,,32323,12,,,1,10,,32324,12,,,1,50,,32325,12,,,1,10,,32326,12,,,1,10,,32327,12,,,1,10,,32328,12,,,1,10,,32329,12,,,1,10,,32330,12,,,1,50,,32331,12,,,1,10,,32332,12,,,1,10,,32333,12,,,1,10,,32334,12,,,1,10,,32335,12,,,1,10,,32336,12,,,1,50,,32337,12,,,1,10,,32338,12,,,1,10,,32339,12,,,1,10,,32340,12,,,1,10,,32341,12,,,1,10,,32342,12,,,1,50,,32343,12,,,1,10,,32344,12,,,1,10,,32345,12,,,1,10,,32346,12,,,1,10,,32347,12,,,1,10,,32348,12,,,1,50,,32349,12,,,1,6,,32350,12,,,1,6,,32351,12,,,1,6,,32352,12,,,1,6,,32353,12,,,1,6,,32354,12,,,1,6,,32355,12,,,1,6,,32356,12,,,1,6,,32357,12,,,1,46,,32358,12,,,1,6,,32359,12,,,1,6,,32360,12,,,1,6,,32361,12,,,1,6,,32362,12,,,1,6,,32363,12,,,1,6,,32364,12,,,1,6,,32365,12,,,1,6,,32366,12,,,1,6,,32367,12,,,1,46,,32368,12,,,1,6,,32369,12,,,1,6,,32370,12,,,1,6,,32371,12,,,1,6,,32372,12,,,1,6,,32373,12,,,1,6,,32374,12,,,1,6,,32375,12,,,1,6,,32376,12,,,1,6,,32377,12,,,1,46,,32378,12,,,1,6,,32379,12,,,1,6,,32380,12,,,1,6,,32381,12,,,1,6,,32382,12,,,1,6,,32383,12,,,1,6,,32384,12,,,1,6,,32385,12,,,1,6,,32386,12,,,1,6,,32387,12,,,1,46,,32388,12,,,1,6,,32389,12,,,1,6,,32390,12,,,1,9,,32415,12,,,1,15,,32391,12,,,1,15,,32392,12,,,1,55,,32393,12,,,1,15,,32394,12,,,1,15,,32395,12,,,1,15,,32396,12,,,1,55,,32397,12,,,1,15,,32398,12,,,1,15,,32399,12,,,1,15,,32400,12,,,1,55,,32401,12,,,1,15,,32402,12,,,1,15,,32403,12,,,1,15,,32404,12,,,1,55,,32405,12,,,1,15,,32406,12,,,1,15,,32407,12,,,1,15,,32408,12,,,1,55,,32409,12,,,1,15,,32410,12,,,1,15,,32411,12,,,1,15,,32412,12,,,1,55,,32413,12,,,1,15,,32414,12,,,1,15,,32416,12,,,1
18002100,'021R-Weekday-2-26-09',536,,32417,12,,,1,12,,32418,12,,,1,52,,32419,12,,,1,12,,32420,12,,,1,12,,32421,12,,,1,12,,32422,12,,,1,12,,32423,12,,,1,6,,32424,12,,,1,46,,32425,12,,,1,6,,32426,12,,,1,6,,32427,12,,,1,6,,32428,12,,,1,6,,32429,12,,,1,6,,32430,12,,,1,6,,32431,12,,,1,6,,32432,12,,,1,6,,32433,12,,,1,6,,32434,12,,,1,46,,32435,12,,,1,6,,32436,12,,,1,6,,32437,12,,,1,6,,32438,12,,,1,6,,32439,12,,,1,6,,32440,12,,,1,6,,32441,12,,,1,6,,32442,12,,,1,6,,32443,12,,,1,6,,32444,12,,,1,46,,32445,12,,,1,6,,32446,12,,,1,6,,32447,12,,,1,6,,32448,12,,,1,6,,32449,12,,,1,6,,32450,12,,,1,6,,32451,12,,,1,6,,32452,12,,,1,6,,32453,12,,,1,6,,32454,12,,,1,46,,32455,12,,,1,6,,32456,12,,,1,10,,32457,12,,,1,10,,32458,12,,,1,10,,32459,12,,,1,10,,32460,12,,,1,10,,32461,12,,,1,50,,32462,12,,,1,10,,32463,12,,,1,10,,32464,12,,,1,10,,32465,12,,,1,10,,32466,12,,,1,10,,32467,12,,,1,50,,32468,12,,,1,10,,32469,12,,,1,10,,32470,12,,,1,10,,32471,12,,,1,10,,32472,12,,,1,10,,32473,12,,,1,50,,32474,12,,,1,10,,32475,12,,,1,10,,32476,12,,,1,10,,32477,12,,,1,10,,32478,12,,,1,10,,32479,12,,,1,50,,32480,12,,,1,10,,32481,12,,,1,10,,32482,12,,,1,10,,32483,12,,,1,10,,32484,12,,,1,10,,32485,12,,,1,50,,32486,12,,,1,6,,32487,12,,,1,6,,32488,12,,,1,6,,32489,12,,,1,6,,32490,12,,,1,6,,32491,12,,,1,6,,32492,12,,,1,6,,32493,12,,,1,6,,32494,12,,,1,46,,32495,12,,,1,6,,32496,12,,,1,6,,32497,12,,,1,6,,32498,12,,,1,6,,32499,12,,,1,6,,32500,12,,,1,6,,32501,12,,,1,6,,32502,12,,,1,6,,32503,12,,,1,6,,32504,12,,,1,46,,32505,12,,,1,6,,32506,12,,,1,6,,32507,12,,,1,6,,32508,12,,,1,6,,32509,12,,,1,6,,32510,12,,,1,6,,32511,12,,,1,6,,32512,12,,,1,6,,32513,12,,,1,6,,32514,12,,,1,46,,32515,12,,,1,6,,32516,12,,,1,6,,32517,12,,,1,6,,32518,12,,,1,6,,32519,12,,,1,6,,32520,12,,,1,6,,32521,12,,,1,6,,32522,12,,,1,6,,32523,12,,,1,6,,32524,12,,,1,46,,32525,12,,,1,6,,32526,12,,,1,6,,32527,12,,,1,9,,32552,12,,,1,15,,32528,12,,,1,15,,32529,12,,,1,55,,32530,12,,,1,15,,32531,12,,,1,15,,32532,12,,,1,15,,32533,12,,,1,55,,32534,12,,,1,15,,32535,12,,,1,15,,32536,12,,,1,15,,32537,12,,,1,55,,32538,12,,,1,15,,32539,12,,,1,15,,32540,12,,,1,15,,32541,12,,,1,55,,32542,12,,,1,15,,32543,12,,,1,15,,32544,12,,,1,15,,32545,12,,,1,55,,32546,12,,,1,15,,32547,12,,,1,15,,32548,12,,,1,15,,32549,12,,,1,55,,32550,12,,,1,15,,32551,12,,,1,15,,32553,12,,,1
18002100,'021R-Weekday-3-26-09',536,,35906,12,,,1,12,,35907,12,,,1,52,,35908,12,,,1,12,,35909,12,,,1,12,,35910,12,,,1,12,,35911,12,,,1,12,,35912,12,,,1,6,,35913,12,,,1,46,,35914,12,,,1,6,,35915,12,,,1,6,,35916,12,,,1,6,,35917,12,,,1,6,,35918,12,,,1,6,,35919,12,,,1,6,,35920,12,,,1,6,,35921,12,,,1,6,,35922,12,,,1,6,,35923,12,,,1,46,,35924,12,,,1,6,,35925,12,,,1,6,,35926,12,,,1,6,,35927,12,,,1,6,,35928,12,,,1,6,,35929,12,,,1,6,,35930,12,,,1,6,,35931,12,,,1,6,,35932,12,,,1,6,,35933,12,,,1,46,,35934,12,,,1,6,,35935,12,,,1,6,,35936,12,,,1,6,,35937,12,,,1,6,,35938,12,,,1,6,,35939,12,,,1,6,,35940,12,,,1,6,,35941,12,,,1,6,,35942,12,,,1,6,,35943,12,,,1,46,,35944,12,,,1,6,,35945,12,,,1,10,,35946,12,,,1,10,,35947,12,,,1,10,,35948,12,,,1,10,,35949,12,,,1,10,,35950,12,,,1,50,,35951,12,,,1,10,,35952,12,,,1,10,,35953,12,,,1,10,,35954,12,,,1,10,,35955,12,,,1,10,,35956,12,,,1,50,,35957,12,,,1,10,,35958,12,,,1,10,,35959,12,,,1,10,,35960,12,,,1,10,,35961,12,,,1,10,,35962,12,,,1,50,,35963,12,,,1,10,,35964,12,,,1,10,,35965,12,,,1,10,,35966,12,,,1,10,,35967,12,,,1,10,,35968,12,,,1,50,,35969,12,,,1,10,,35970,12,,,1,10,,35971,12,,,1,10,,35972,12,,,1,10,,35973,12,,,1,10,,35974,12,,,1,50,,35975,12,,,1,6,,35976,12,,,1,6,,35977,12,,,1,6,,35978,12,,,1,6,,35979,12,,,1,6,,35980,12,,,1,6,,35981,12,,,1,6,,35982,12,,,1,6,,35983,12,,,1,46,,35984,12,,,1,6,,35985,12,,,1,6,,35986,12,,,1,6,,35987,12,,,1,6,,35988,12,,,1,6,,35989,12,,,1,6,,35990,12,,,1,6,,35991,12,,,1,6,,35992,12,,,1,6,,35993,12,,,1,46,,35994,12,,,1,6,,35995,12,,,1,6,,35996,12,,,1,6,,35997,12,,,1,6,,35998,12,,,1,6,,35999,12,,,1,6,,36000,12,,,1,6,,36001,12,,,1,6,,36002,12,,,1,6,,36003,12,,,1,46,,36004,12,,,1,6,,36005,12,,,1,6,,36006,12,,,1,6,,36007,12,,,1,6,,36008,12,,,1,6,,36009,12,,,1,6,,36010,12,,,1,6,,36011,12,,,1,6,,36012,12,,,1,6,,36013,12,,,1,46,,36014,12,,,1,6,,36015,12,,,1,6,,36016,12,,,1,9,,36041,12,,,1,15,,36017,12,,,1,15,,36018,12,,,1,55,,36019,12,,,1,15,,36020,12,,,1,15,,36021,12,,,1,15,,36022,12,,,1,55,,36023,12,,,1,15,,36024,12,,,1,15,,36025,12,,,1,15,,36026,12,,,1,55,,36027,12,,,1,15,,36028,12,,,1,15,,36029,12,,,1,15,,36030,12,,,1,55,,36031,12,,,1,15,,36032,12,,,1,15,,36033,12,,,1,15,,36034,12,,,1,55,,36035,12,,,1,15,,36036,12,,,1,15,,36037,12,,,1,15,,36038,12,,,1,55,,36039,12,,,1,15,,36040,12,,,1,15,,36042,12,,,1
18002100,'021R-Weekday-4-26-09',536,,32554,12,,,1,12,,32555,12,,,1,52,,32556,12,,,1,12,,32557,12,,,1,12,,32558,12,,,1,12,,32559,12,,,1,12,,32560,12,,,1,6,,32561,12,,,1,46,,32562,12,,,1,6,,32563,12,,,1,6,,32564,12,,,1,6,,32565,12,,,1,6,,32566,12,,,1,6,,32567,12,,,1,6,,32568,12,,,1,6,,32569,12,,,1,6,,32570,12,,,1,6,,32571,12,,,1,46,,32572,12,,,1,6,,32573,12,,,1,6,,32574,12,,,1,6,,32575,12,,,1,6,,32576,12,,,1,6,,32577,12,,,1,6,,32578,12,,,1,6,,32579,12,,,1,6,,32580,12,,,1,6,,32581,12,,,1,46,,32582,12,,,1,6,,32583,12,,,1,6,,32584,12,,,1,6,,32585,12,,,1,6,,32586,12,,,1,6,,32587,12,,,1,6,,32588,12,,,1,6,,32589,12,,,1,6,,32590,12,,,1,6,,32591,12,,,1,46,,32592,12,,,1,6,,32593,12,,,1,10,,32594,12,,,1,10,,32595,12,,,1,10,,32596,12,,,1,10,,32597,12,,,1,10,,32598,12,,,1,50,,32599,12,,,1,10,,32600,12,,,1,10,,32601,12,,,1,10,,32602,12,,,1,10,,32603,12,,,1,10,,32604,12,,,1,50,,32605,12,,,1,10,,32606,12,,,1,10,,32607,12,,,1,10,,32608,12,,,1,10,,32609,12,,,1,10,,32610,12,,,1,50,,32611,12,,,1,10,,32612,12,,,1,10,,32613,12,,,1,10,,32614,12,,,1,10,,32615,12,,,1,10,,32616,12,,,1,50,,32617,12,,,1,10,,32618,12,,,1,10,,32619,12,,,1,10,,32620,12,,,1,10,,32621,12,,,1,10,,32622,12,,,1,50,,32623,12,,,1,6,,32624,12,,,1,6,,32625,12,,,1,6,,32626,12,,,1,6,,32627,12,,,1,6,,32628,12,,,1,6,,32629,12,,,1,6,,32630,12,,,1,6,,32631,12,,,1,46,,32632,12,,,1,6,,32633,12,,,1,6,,32634,12,,,1,6,,32635,12,,,1,6,,32636,12,,,1,6,,32637,12,,,1,6,,32638,12,,,1,6,,32639,12,,,1,6,,32640,12,,,1,6,,32641,12,,,1,46,,32642,12,,,1,6,,32643,12,,,1,6,,32644,12,,,1,6,,32645,12,,,1,6,,32646,12,,,1,6,,32647,12,,,1,6,,32648,12,,,1,6,,32649,12,,,1,6,,32650,12,,,1,6,,32651,12,,,1,46,,32652,12,,,1,6,,32653,12,,,1,6,,32654,12,,,1,6,,32655,12,,,1,6,,32656,12,,,1,6,,32657,12,,,1,6,,32658,12,,,1,6,,32659,12,,,1,6,,32660,12,,,1,6,,32661,12,,,1,46,,32662,12,,,1,6,,32663,12,,,1,6,,32664,12,,,1,9,,32689,12,,,1,15,,32665,12,,,1,15,,32666,12,,,1,55,,32667,12,,,1,15,,32668,12,,,1,15,,32669,12,,,1,15,,32670,12,,,1,55,,32671,12,,,1,15,,32672,12,,,1,15,,32673,12,,,1,15,,32674,12,,,1,55,,32675,12,,,1,15,,32676,12,,,1,15,,32677,12,,,1,15,,32678,12,,,1,55,,32679,12,,,1,15,,32680,12,,,1,15,,32681,12,,,1,15,,32682,12,,,1,55,,32683,12,,,1,15,,32684,12,,,1,15,,32685,12,,,1,15,,32686,12,,,1,55,,32687,12,,,1,15,,32688,12,,,1,15,,32690,12,,,1
18002100,'021R-Weekday-5-26-09',536,,36043,12,,,1,12,,36044,12,,,1,52,,36045,12,,,1,12,,36046,12,,,1,12,,36047,12,,,1,12,,36048,12,,,1,12,,36049,12,,,1,6,,36050,12,,,1,46,,36051,12,,,1,6,,36052,12,,,1,6,,36053,12,,,1,6,,36054,12,,,1,6,,36055,12,,,1,6,,36056,12,,,1,6,,36057,12,,,1,6,,36058,12,,,1,6,,36059,12,,,1,6,,36060,12,,,1,46,,36061,12,,,1,6,,36062,12,,,1,6,,36063,12,,,1,6,,36064,12,,,1,6,,36065,12,,,1,6,,36066,12,,,1,6,,36067,12,,,1,6,,36068,12,,,1,6,,36069,12,,,1,6,,36070,12,,,1,46,,36071,12,,,1,6,,36072,12,,,1,6,,36073,12,,,1,6,,36074,12,,,1,6,,36075,12,,,1,6,,36076,12,,,1,6,,36077,12,,,1,6,,36078,12,,,1,6,,36079,12,,,1,6,,36080,12,,,1,46,,36081,12,,,1,6,,36082,12,,,1,10,,36083,12,,,1,10,,36084,12,,,1,10,,36085,12,,,1,10,,36086,12,,,1,10,,36087,12,,,1,50,,36088,12,,,1,10,,36089,12,,,1,10,,36090,12,,,1,10,,36091,12,,,1,10,,36092,12,,,1,10,,36093,12,,,1,50,,36094,12,,,1,10,,36095,12,,,1,10,,36096,12,,,1,10,,36097,12,,,1,10,,36098,12,,,1,10,,36099,12,,,1,50,,36100,12,,,1,10,,36101,12,,,1,10,,36102,12,,,1,10,,36103,12,,,1,10,,36104,12,,,1,10,,36105,12,,,1,50,,36106,12,,,1,10,,36107,12,,,1,10,,36108,12,,,1,10,,36109,12,,,1,10,,36110,12,,,1,10,,36111,12,,,1,50,,36112,12,,,1,6,,36113,12,,,1,6,,36114,12,,,1,6,,36115,12,,,1,6,,36116,12,,,1,6,,36117,12,,,1,6,,36118,12,,,1,6,,36119,12,,,1,6,,36120,12,,,1,46,,36121,12,,,1,6,,36122,12,,,1,6,,36123,12,,,1,6,,36124,12,,,1,6,,36125,12,,,1,6,,36126,12,,,1,6,,36127,12,,,1,6,,36128,12,,,1,6,,36129,12,,,1,6,,36130,12,,,1,46,,36131,12,,,1,6,,36132,12,,,1,6,,36133,12,,,1,6,,36134,12,,,1,6,,36135,12,,,1,6,,36136,12,,,1,6,,36137,12,,,1,6,,36138,12,,,1,6,,36139,12,,,1,6,,36140,12,,,1,46,,36141,12,,,1,6,,36142,12,,,1,6,,36143,12,,,1,6,,36144,12,,,1,6,,36145,12,,,1,6,,36146,12,,,1,6,,36147,12,,,1,6,,36148,12,,,1,6,,36149,12,,,1,6,,36150,12,,,1,46,,36151,12,,,1,6,,36152,12,,,1,6,,36153,12,,,1,9,,36178,12,,,1,15,,36154,12,,,1,15,,36155,12,,,1,55,,36156,12,,,1,15,,36157,12,,,1,15,,36158,12,,,1,15,,36159,12,,,1,55,,36160,12,,,1,15,,36161,12,,,1,15,,36162,12,,,1,15,,36163,12,,,1,55,,36164,12,,,1,15,,36165,12,,,1,15,,36166,12,,,1,15,,36167,12,,,1,55,,36168,12,,,1,15,,36169,12,,,1,15,,36170,12,,,1,15,,36171,12,,,1,55,,36172,12,,,1,15,,36173,12,,,1,15,,36174,12,,,1,15,,36175,12,,,1,55,,36176,12,,,1,15,,36177,12,,,1,15,,36179,12,,,1
18002100,'021R-Weekday-6-26-09',536,,36180,12,,,1,12,,36181,12,,,1,52,,36182,12,,,1,12,,36183,12,,,1,12,,36184,12,,,1,12,,36185,12,,,1,12,,36186,12,,,1,6,,36187,12,,,1,46,,36188,12,,,1,6,,36189,12,,,1,6,,36190,12,,,1,6,,36191,12,,,1,6,,36192,12,,,1,6,,36193,12,,,1,6,,36194,12,,,1,6,,36195,12,,,1,6,,36196,12,,,1,6,,36197,12,,,1,46,,36198,12,,,1,6,,36199,12,,,1,6,,36200,12,,,1,6,,36201,12,,,1,6,,36202,12,,,1,6,,36203,12,,,1,6,,36204,12,,,1,6,,36205,12,,,1,6,,36206,12,,,1,6,,36207,12,,,1,46,,36208,12,,,1,6,,36209,12,,,1,6,,36210,12,,,1,6,,36211,12,,,1,6,,36212,12,,,1,6,,36213,12,,,1,6,,36214,12,,,1,6,,36215,12,,,1,6,,36216,12,,,1,6,,36217,12,,,1,46,,36218,12,,,1,6,,36219,12,,,1,10,,36220,12,,,1,10,,36221,12,,,1,10,,36222,12,,,1,10,,36223,12,,,1,10,,36224,12,,,1,50,,36225,12,,,1,10,,36226,12,,,1,10,,36227,12,,,1,10,,36228,12,,,1,10,,36229,12,,,1,10,,36230,12,,,1,50,,36231,12,,,1,10,,36232,12,,,1,10,,36233,12,,,1,10,,36234,12,,,1,10,,36235,12,,,1,10,,36236,12,,,1,50,,36237,12,,,1,10,,36238,12,,,1,10,,36239,12,,,1,10,,36240,12,,,1,10,,36241,12,,,1,10,,36242,12,,,1,50,,36243,12,,,1,10,,36244,12,,,1,10,,36245,12,,,1,10,,36246,12,,,1,10,,36247,12,,,1,10,,36248,12,,,1,50,,36249,12,,,1,6,,36250,12,,,1,6,,36251,12,,,1,6,,36252,12,,,1,6,,36253,12,,,1,6,,36254,12,,,1,6,,36255,12,,,1,6,,36256,12,,,1,6,,36257,12,,,1,46,,36258,12,,,1,6,,36259,12,,,1,6,,36260,12,,,1,6,,36261,12,,,1,6,,36262,12,,,1,6,,36263,12,,,1,6,,36264,12,,,1,6,,36265,12,,,1,6,,36266,12,,,1,6,,36267,12,,,1,46,,36268,12,,,1,6,,36269,12,,,1,6,,36270,12,,,1,6,,36271,12,,,1,6,,36272,12,,,1,6,,36273,12,,,1,6,,36274,12,,,1,6,,36275,12,,,1,6,,36276,12,,,1,6,,36277,12,,,1,46,,36278,12,,,1,6,,36279,12,,,1,6,,36280,12,,,1,6,,36281,12,,,1,6,,36282,12,,,1,6,,36283,12,,,1,6,,36284,12,,,1,6,,36285,12,,,1,6,,36286,12,,,1,6,,36287,12,,,1,46,,36288,12,,,1,6,,36289,12,,,1,6,,36290,12,,,1,9,,36315,12,,,1,15,,36291,12,,,1,15,,36292,12,,,1,55,,36293,12,,,1,15,,36294,12,,,1,15,,36295,12,,,1,15,,36296,12,,,1,55,,36297,12,,,1,15,,36298,12,,,1,15,,36299,12,,,1,15,,36300,12,,,1,55,,36301,12,,,1,15,,36302,12,,,1,15,,36303,12,,,1,15,,36304,12,,,1,55,,36305,12,,,1,15,,36306,12,,,1,15,,36307,12,,,1,15,,36308,12,,,1,55,,36309,12,,,1,15,,36310,12,,,1,15,,36311,12,,,1,15,,36312,12,,,1,55,,36313,12,,,1,15,,36314,12,,,1,15,,36316,12,,,1
18002100,'021R-Weekday-7-26-09',536,,36317,12,,,1,12,,36318,12,,,1,52,,36319,12,,,1,12,,36320,12,,,1,12,,36321,12,,,1,12,,36322,12,,,1,12,,36323,12,,,1,6,,36324,12,,,1,46,,36325,12,,,1,6,,36326,12,,,1,6,,36327,12,,,1,6,,36328,12,,,1,6,,36329,12,,,1,6,,36330,12,,,1,6,,36331,12,,,1,6,,36332,12,,,1,6,,36333,12,,,1,6,,36334,12,,,1,46,,36335,12,,,1,6,,36336,12,,,1,6,,36337,12,,,1,6,,36338,12,,,1,6,,36339,12,,,1,6,,36340,12,,,1,6,,36341,12,,,1,6,,36342,12,,,1,6,,36343,12,,,1,6,,36344,12,,,1,46,,36345,12,,,1,6,,36346,12,,,1,6,,36347,12,,,1,6,,36348,12,,,1,6,,36349,12,,,1,6,,36350,12,,,1,6,,36351,12,,,1,6,,36352,12,,,1,6,,36353,12,,,1,6,,36354,12,,,1,46,,36355,12,,,1,6,,36356,12,,,1,10,,36357,12,,,1,10,,36358,12,,,1,10,,36359,12,,,1,10,,36360,12,,,1,10,,36361,12,,,1,50,,36362,12,,,1,10,,36363,12,,,1,10,,36364,12,,,1,10,,36365,12,,,1,10,,36366,12,,,1,10,,36367,12,,,1,50,,36368,12,,,1,10,,36369,12,,,1,10,,36370,12,,,1,10,,36371,12,,,1,10,,36372,12,,,1,10,,36373,12,,,1,50,,36374,12,,,1,10,,36375,12,,,1,10,,36376,12,,,1,10,,36377,12,,,1,10,,36378,12,,,1,10,,36379,12,,,1,50,,36380,12,,,1,10,,36381,12,,,1,10,,36382,12,,,1,10,,36383,12,,,1,10,,36384,12,,,1,10,,36385,12,,,1,50,,36386,12,,,1,6,,36387,12,,,1,6,,36388,12,,,1,6,,36389,12,,,1,6,,36390,12,,,1,6,,36391,12,,,1,6,,36392,12,,,1,6,,36393,12,,,1,6,,36394,12,,,1,46,,36395,12,,,1,6,,36396,12,,,1,6,,36397,12,,,1,6,,36398,12,,,1,6,,36399,12,,,1,6,,36400,12,,,1,6,,36401,12,,,1,6,,36402,12,,,1,6,,36403,12,,,1,6,,36404,12,,,1,46,,36405,12,,,1,6,,36406,12,,,1,6,,36407,12,,,1,6,,36408,12,,,1,6,,36409,12,,,1,6,,36410,12,,,1,6,,36411,12,,,1,6,,36412,12,,,1,6,,36413,12,,,1,6,,36414,12,,,1,46,,36415,12,,,1,6,,36416,12,,,1,6,,36417,12,,,1,6,,36418,12,,,1,6,,36419,12,,,1,6,,36420,12,,,1,6,,36421,12,,,1,6,,36422,12,,,1,6,,36423,12,,,1,6,,36424,12,,,1,46,,36425,12,,,1,6,,36426,12,,,1,6,,36427,12,,,1,9,,36452,12,,,1,15,,36428,12,,,1,15,,36429,12,,,1,55,,36430,12,,,1,15,,36431,12,,,1,15,,36432,12,,,1,15,,36433,12,,,1,55,,36434,12,,,1,15,,36435,12,,,1,15,,36436,12,,,1,15,,36437,12,,,1,55,,36438,12,,,1,15,,36439,12,,,1,15,,36440,12,,,1,15,,36441,12,,,1,55,,36442,12,,,1,15,,36443,12,,,1,15,,36444,12,,,1,15,,36445,12,,,1,55,,36446,12,,,1,15,,36447,12,,,1,15,,36448,12,,,1,15,,36449,12,,,1,55,,36450,12,,,1,15,,36451,12,,,1,15,,36453,12,,,1
18002100,'021R-Saturday-1-26-09',536,,32691,12,,,1,15,,32692,12,,,1,55,,32693,12,,,1,15,,32694,12,,,1,15,,32695,12,,,1,15,,32696,12,,,1,55,,32697,12,,,1,15,,32698,12,,,1,15,,32699,12,,,1,15,,32700,12,,,1,55,,32701,12,,,1,15,,32702,12,,,1,15,,32703,12,,,1,15,,32704,12,,,1,55,,32705,12,,,1,15,,32706,12,,,1,15,,32707,12,,,1,15,,32708,12,,,1,55,,32709,12,,,1,15,,32710,12,,,1,15,,32711,12,,,1,15,,32712,12,,,1,55,,32713,12,,,1,15,,32714,12,,,1,15,,32715,12,,,1,15,,32716,12,,,1,55,,32717,12,,,1,15,,32718,12,,,1,15,,32719,12,,,1,15,,32720,12,,,1,55,,32721,12,,,1,15,,32722,12,,,1,15,,32723,12,,,1,15,,32724,12,,,1,55,,32725,12,,,1,15,,32726,12,,,1,15,,32727,12,,,1,15,,32728,12,,,1,55,,32729,12,,,1,15,,32730,12,,,1,15,,32731,12,,,1,15,,32732,12,,,1,55,,32733,12,,,1,15,,32734,12,,,1,15,,32735,12,,,1,15,,32736,12,,,1,55,,32737,12,,,1,15,,32738,12,,,1,15,,32739,12,,,1,15,,32740,12,,,1,55,,32741,12,,,1,15,,32742,12,,,1,15,,32743,12,,,1,15,,32744,12,,,1,55,,32745,12,,,1,15,,32746,12,,,1,15,,32747,12,,,1,15,,32748,12,,,1,55,,32749,12,,,1,15,,32750,12,,,1,15,,32751,12,,,1,15,,32752,12,,,1,55,,32753,12,,,1,15,,32754,12,,,1,15,,32755,12,,,1,15,,32756,12,,,1,55,,32757,12,,,1,15,,32758,12,,,1,15,,32759,12,,,1,15,,32760,12,,,1,55,,32761,12,,,1,15,,32762,12,,,1,15,,32763,12,,,1,15,,32764,12,,,1,55,,32765,12,,,1,15,,32766,12,,,1,15,,32767,12,,,1,15,,32768,12,,,1,55,,32769,12,,,1,15,,32770,12,,,1,15,,32771,12,,,1
18002100,'021R-Saturday-2-26-09',536,,36454,12,,,1,15,,36455,12,,,1,55,,36456,12,,,1,15,,36457,12,,,1,15,,36458,12,,,1,15,,36459,12,,,1,55,,36460,12,,,1,15,,36461,12,,,1,15,,36462,12,,,1,15,,36463,12,,,1,55,,36464,12,,,1,15,,36465,12,,,1,15,,36466,12,,,1,15,,36467,12,,,1,55,,36468,12,,,1,15,,36469,12,,,1,15,,36470,12,,,1,15,,36471,12,,,1,55,,36472,12,,,1,15,,36473,12,,,1,15,,36474,12,,,1,15,,36475,12,,,1,55,,36476,12,,,1,15,,36477,12,,,1,15,,36478,12,,,1,15,,36479,12,,,1,55,,36480,12,,,1,15,,36481,12,,,1,15,,36482,12,,,1,15,,36483,12,,,1,55,,36484,12,,,1,15,,36485,12,,,1,15,,36486,12,,,1,15,,36487,12,,,1,55,,36488,12,,,1,15,,36489,12,,,1,15,,36490,12,,,1,15,,36491,12,,,1,55,,36492,12,,,1,15,,36493,12,,,1,15,,36494,12,,,1,15,,36495,12,,,1,55,,36496,12,,,1,15,,36497,12,,,1,15,,36498,12,,,1,15,,36499,12,,,1,55,,36500,12,,,1,15,,36501,12,,,1,15,,36502,12,,,1,15,,36503,12,,,1,55,,36504,12,,,1,15,,36505,12,,,1,15,,36506,12,,,1,15,,36507,12,,,1,55,,36508,12,,,1,15,,36509,12,,,1,15,,36510,12,,,1,15,,36511,12,,,1,55,,36512,12,,,1,15,,36513,12,,,1,15,,36514,12,,,1,15,,36515,12,,,1,55,,36516,12,,,1,15,,36517,12,,,1,15,,36518,12,,,1,15,,36519,12,,,1,55,,36520,12,,,1,15,,36521,12,,,1,15,,36522,12,,,1,15,,36523,12,,,1,55,,36524,12,,,1,15,,36525,12,,,1,15,,36526,12,,,1,15,,36527,12,,,1,55,,36528,12,,,1,15,,36529,12,,,1,15,,36530,12,,,1,15,,36531,12,,,1,55,,36532,12,,,1,15,,36533,12,,,1,15,,36534,12,,,1
18002100,'021R-Sunday-1-26-09',606,,32772,12,,,1,15,,32773,12,,,1,15,,32774,12,,,1,15,,32775,12,,,1,55,,32776,12,,,1,15,,32777,12,,,1,15,,32778,12,,,1,15,,32779,12,,,1,55,,32780,12,,,1,15,,32781,12,,,1,15,,32782,12,,,1,15,,32783,12,,,1,55,,32784,12,,,1,15,,32785,12,,,1,15,,32786,12,,,1,15,,32787,12,,,1,55,,32788,12,,,1,15,,32789,12,,,1,15,,32790,12,,,1,15,,32791,12,,,1,55,,32792,12,,,1,15,,32793,12,,,1,15,,32794,12,,,1,15,,32795,12,,,1,55,,32796,12,,,1,15,,32797,12,,,1,15,,32798,12,,,1,15,,32799,12,,,1,55,,32800,12,,,1,15,,32801,12,,,1,15,,32802,12,,,1,15,,32803,12,,,1,55,,32804,12,,,1,15,,32805,12,,,1,15,,32806,12,,,1,15,,32807,12,,,1,55,,32808,12,,,1,15,,32809,12,,,1,15,,32810,12,,,1,15,,32811,12,,,1,55,,32812,12,,,1,15,,32813,12,,,1,15,,32814,12,,,1,15,,32815,12,,,1,55,,32816,12,,,1,15,,32817,12,,,1,15,,32818,12,,,1,15,,32819,12,,,1,55,,32820,12,,,1,15,,32821,12,,,1,15,,32822,12,,,1,15,,32823,12,,,1,55,,32824,12,,,1,15,,32825,12,,,1,15,,32826,12,,,1,15,,32827,12,,,1,55,,32828,12,,,1,15,,32829,12,,,1,15,,32830,12,,,1,15,,32831,12,,,1,55,,32832,12,,,1,15,,32833,12,,,1,15,,32834,12,,,1,15,,32835,12,,,1,55,,32836,12,,,1,15,,32837,12,,,1,15,,32838,12,,,1,15,,32839,12,,,1,55,,32840,12,,,1,15,,32841,12,,,1,15,,32842,12,,,1,15,,32843,12,,,1,55,,32844,12,,,1,15,,32845,12,,,1,15,,32846,12,,,1,15,,32847,12,,,1,55,,32848,12,,,1
18002100,'021R-Sunday-2-26-09',606,,36535,12,,,1,15,,36536,12,,,1,15,,36537,12,,,1,15,,36538,12,,,1,55,,36539,12,,,1,15,,36540,12,,,1,15,,36541,12,,,1,15,,36542,12,,,1,55,,36543,12,,,1,15,,36544,12,,,1,15,,36545,12,,,1,15,,36546,12,,,1,55,,36547,12,,,1,15,,36548,12,,,1,15,,36549,12,,,1,15,,36550,12,,,1,55,,36551,12,,,1,15,,36552,12,,,1,15,,36553,12,,,1,15,,36554,12,,,1,55,,36555,12,,,1,15,,36556,12,,,1,15,,36557,12,,,1,15,,36558,12,,,1,55,,36559,12,,,1,15,,36560,12,,,1,15,,36561,12,,,1,15,,36562,12,,,1,55,,36563,12,,,1,15,,36564,12,,,1,15,,36565,12,,,1,15,,36566,12,,,1,55,,36567,12,,,1,15,,36568,12,,,1,15,,36569,12,,,1,15,,36570,12,,,1,55,,36571,12,,,1,15,,36572,12,,,1,15,,36573,12,,,1,15,,36574,12,,,1,55,,36575,12,,,1,15,,36576,12,,,1,15,,36577,12,,,1,15,,36578,12,,,1,55,,36579,12,,,1,15,,36580,12,,,1,15,,36581,12,,,1,15,,36582,12,,,1,55,,36583,12,,,1,15,,36584,12,,,1,15,,36585,12,,,1,15,,36586,12,,,1,55,,36587,12,,,1,15,,36588,12,,,1,15,,36589,12,,,1,15,,36590,12,,,1,55,,36591,12,,,1,15,,36592,12,,,1,15,,36593,12,,,1,15,,36594,12,,,1,55,,36595,12,,,1,15,,36596,12,,,1,15,,36597,12,,,1,15,,36598,12,,,1,55,,36599,12,,,1,15,,36600,12,,,1,15,,36601,12,,,1,15,,36602,12,,,1,55,,36603,12,,,1,15,,36604,12,,,1,15,,36605,12,,,1,15,,36606,12,,,1,55,,36607,12,,,1,15,,36608,12,,,1,15,,36609,12,,,1,15,,36610,12,,,1,55,,36611,12,,,1
18002100,'021R-Sunday-4-26-09',606,,36612,12,,,1,15,,36613,12,,,1,15,,36614,12,,,1,15,,36615,12,,,1,55,,36616,12,,,1,15,,36617,12,,,1,15,,36618,12,,,1,15,,36619,12,,,1,55,,36620,12,,,1,15,,36621,12,,,1,15,,36622,12,,,1,15,,36623,12,,,1,55,,36624,12,,,1,15,,36625,12,,,1,15,,36626,12,,,1,15,,36627,12,,,1,55,,36628,12,,,1,15,,36629,12,,,1,15,,36630,12,,,1,15,,36631,12,,,1,55,,36632,12,,,1,15,,36633,12,,,1,15,,36634,12,,,1,15,,36635,12,,,1,55,,36636,12,,,1,15,,36637,12,,,1,15,,36638,12,,,1,15,,36639,12,,,1,55,,36640,12,,,1,15,,36641,12,,,1,15,,36642,12,,,1,15,,36643,12,,,1,55,,36644,12,,,1,15,,36645,12,,,1,15,,36646,12,,,1,15,,36647,12,,,1,55,,36648,12,,,1,15,,36649,12,,,1,15,,36650,12,,,1,15,,36651,12,,,1,55,,36652,12,,,1,15,,36653,12,,,1,15,,36654,12,,,1,15,,36655,12,,,1,55,,36656,12,,,1,15,,36657,12,,,1,15,,36658,12,,,1,15,,36659,12,,,1,55,,36660,12,,,1,15,,36661,12,,,1,15,,36662,12,,,1,15,,36663,12,,,1,55,,36664,12,,,1,15,,36665,12,,,1,15,,36666,12,,,1,15,,36667,12,,,1,55,,36668,12,,,1,15,,36669,12,,,1,15,,36670,12,,,1,15,,36671,12,,,1,55,,36672,12,,,1,15,,36673,12,,,1,15,,36674,12,,,1,15,,36675,12,,,1,55,,36676,12,,,1,15,,36677,12,,,1,15,,36678,12,,,1,15,,36679,12,,,1,55,,36680,12,,,1,15,,36681,12,,,1,15,,36682,12,,,1,15,,36683,12,,,1,55,,36684,12,,,1,15,,36685,12,,,1,15,,36686,12,,,1,15,,36687,12,,,1,55,,36688,12,,,1
