18002100,'021R-Weekday-1-26-09',522,,32280,5,,,1,12,,32281,5,,,1,12,,32282,5,,,1,12,,32283,5,,,1,52,,32284,5,,,1,12,,32285,5,,,1,12,,32286,5,,,1,6,,32287,5,,,1,6,,32288,5,,,1,6,,32289,5,,,1,6,,32290,5,,,1,46,,32291,5,,,1,6,,32292,5,,,1,6,,32293,5,,,1,6,,32294,5,,,1,6,,32295,5,,,1,6,,32296,5,,,1,6,,32297,5,,,1,6,,32298,5,,,1,6,,32299,5,,,1,6,,32300,5,,,1,46,,32301,5,,,1,6,,32302,5,,,1,6,,32303,5,,,1,6,,32304,5,,,1,6,,32305,5,,,1,6,,32306,5,,,1,6,,32307,5,,,1,6,,32308,5,,,1,6,,32309,5,,,1,6,,32310,5,,,1,46,,32311,5,,,1,6,,32312,5,,,1,6,,32313,5,,,1,6,,32314,5,,,1,6,,32315,5,,,1,6,,32316,5,,,1,6,,32317,5,,,1,6,,32318,5,,,1,6,,32319,5,,,1,50,,32320,5,,,1,10,,32321,5,,,1,10,,32322,5,,,1,10,,32323,5,,,1,10,,32324,5,,,1,10,,32325,5,,,1,50,,32326,5,,,1,10,,32327,5,,,1,10,,32328,5,,,1,10,,32329,5,,,1,10,,32330,5,,,1,10,,32331,5,,,1,50,,32332,5,,,1,10,,32333,5,,,1,10,,32334,5,,,1,10,,32335,5,,,1,10,,32336,5,,,1,10,,32337,5,,,1,50,,32338,5,,,1,10,,32339,5,,,1,10,,32340,5,,,1,10,,32341,5,,,1,10,,32342,5,,,1,10,,32343,5,,,1,50,,32344,5,,,1,10,,32345,5,,,1,10,,32346,5,,,1,10,,32347,5,,,1,10,,32348,5,,,1,10,,32349,5,,,1,6,,32350,5,,,1,46,,32351,5,,,1,6,,32352,5,,,1,6,,32353,5,,,1,6,,32354,5,,,1,6,,32355,5,,,1,6,,32356,5,,,1,6,,32357,5,,,1,6,,32358,5,,,1,6,,32359,5,,,1,6,,32360,5,,,1,46,,32361,5,,,1,6,,32362,5,,,1,6,,32363,5,,,1,6,,32364,5,,,1,6,,32365,5,,,1,6,,32366,5,,,1,6,,32367,5,,,1,6,,32368,5,,,1,6,,32369,5,,,1,6,,32370,5,,,1,46,,32371,5,,,1,6,,32372,5,,,1,6,,32373,5,,,1,6,,32374,5,,,1,6,,32375,5,,,1,6,,32376,5,,,1,6,,32377,5,,,1,6,,32378,5,,,1,6,,32379,5,,,1,6,,32380,5,,,1,46,,32381,5,,,1,6,,32382,5,,,1,6,,32383,5,,,1,6,,32384,5,,,1,6,,32385,5,,,1,6,,32386,5,,,1,6,,32387,5,,,1,6,,32388,5,,,1,6,,32389,5,,,1,6,,32390,5,,,1,49,,32415,5,,,1,15,,32391,5,,,1,15,,32392,5,,,1,15,,32393,5,,,1,55,,32394,5,,,1,15,,32395,5,,,1,15,,32396,5,,,1,15,,32397,5,,,1,55,,32398,5,,,1,15,,32399,5,,,1,15,,32400,5,,,1,15,,32401,5,,,1,55,,32402,5,,,1,15,,32403,5,,,1,15,,32404,5,,,1,15,,32405,5,,,1,55,,32406,5,,,1,15,,32407,5,,,1,15,,32408,5,,,1,15,,32409,5,,,1,55,,32410,5,,,1,15,,32411,5,,,1,15,,32412,5,,,1,15,,32413,5,,,1,55,,32414,5,,,1,15,,32416,5,,,1
18002100,'021R-Weekday-2-26-09',522,,32417,5,,,1,12,,32418,5,,,1,12,,32419,5,,,1,12,,32420,5,,,1,52,,32421,5,,,1,12,,32422,5,,,1,12,,32423,5,,,1,6,,32424,5,,,1,6,,32425,5,,,1,6,,32426,5,,,1,6,,32427,5,,,1,46,,32428,5,,,1,6,,32429,5,,,1,6,,32430,5,,,1,6,,32431,5,,,1,6,,32432,5,,,1,6,,32433,5,,,1,6,,32434,5,,,1,6,,32435,5,,,1,6,,32436,5,,,1,6,,32437,5,,,1,46,,32438,5,,,1,6,,32439,5,,,1,6,,32440,5,,,1,6,,32441,5,,,1,6,,32442,5,,,1,6,,32443,5,,,1,6,,32444,5,,,1,6,,32445,5,,,1,6,,32446,5,,,1,6,,32447,5,,,1,46,,32448,5,,,1,6,,32449,5,,,1,6,,32450,5,,,1,6,,32451,5,,,1,6,,32452,5,,,1,6,,32453,5,,,1,6,,32454,5,,,1,6,,32455,5,,,1,6,,32456,5,,,1,50,,32457,5,,,1,10,,32458,5,,,1,10,,32459,5,,,1,10,,32460,5,,,1,10,,32461,5,,,1,10,,32462,5,,,1,50,,32463,5,,,1,10,,32464,5,,,1,10,,32465,5,,,1,10,,32466,5,,,1,10,,32467,5,,,1,10,,32468,5,,,1,50,,32469,5,,,1,10,,32470,5,,,1,10,,32471,5,,,1,10,,32472,5,,,1,10,,32473,5,,,1,10,,32474,5,,,1,50,,32475,5,,,1,10,,32476,5,,,1,10,,32477,5,,,1,10,,32478,5,,,1,10,,32479,5,,,1,10,,32480,5,,,1,50,,32481,5,,,1,10,,32482,5,,,1,10,,32483,5,,,1,10,,32484,5,,,1,10,,32485,5,,,1,10,,32486,5,,,1,6,,32487,5,,,1,46,,32488,5,,,1,6,,32489,5,,,1,6,,32490,5,,,1,6,,32491,5,,,1,6,,32492,5,,,1,6,,32493,5,,,1,6,,32494,5,,,1,6,,32495,5,,,1,6,,32496,5,,,1,6,,32497,5,,,1,46,,32498,5,,,1,6,,32499,5,,,1,6,,32500,5,,,1,6,,32501,5,,,1,6,,32502,5,,,1,6,,32503,5,,,1,6,,32504,5,,,1,6,,32505,5,,,1,6,,32506,5,,,1,6,,32507,5,,,1,46,,32508,5,,,1,6,,32509,5,,,1,6,,32510,5,,,1,6,,32511,5,,,1,6,,32512,5,,,1,6,,32513,5,,,1,6,,32514,5,,,1,6,,32515,5,,,1,6,,32516,5,,,1,6,,32517,5,,,1,46,,32518,5,,,1,6,,32519,5,,,1,6,,32520,5,,,1,6,,32521,5,,,1,6,,32522,5,,,1,6,,32523,5,,,1,6,,32524,5,,,1,6,,32525,5,,,1,6,,32526,5,,,1,6,,32527,5,,,1,49,,32552,5,,,1,15,,32528,5,,,1,15,,32529,5,,,1,15,,32530,5,,,1,55,,32531,5,,,1,15,,32532,5,,,1,15,,32533,5,,,1,15,,32534,5,,,1,55,,32535,5,,,1,15,,32536,5,,,1,15,,32537,5,,,1,15,,32538,5,,,1,55,,32539,5,,,1,15,,32540,5,,,1,15,,32541,5,,,1,15,,32542,5,,,1,55,,32543,5,,,1,15,,32544,5,,,1,15,,32545,5,,,1,15,,32546,5,,,1,55,,32547,5,,,1,15,,32548,5,,,1,15,,32549,5,,,1,15,,32550,5,,,1,55,,32551,5,,,1,15,,32553,5,,,1
18002100,'021R-Weekday-3-26-09',522,,35906,5,,,1,12,,35907,5,,,1,12,,35908,5,,,1,12,,35909,5,,,1,52,,35910,5,,,1,12,,35911,5,,,1,12,,35912,5,,,1,6,,35913,5,,,1,6,,35914,5,,,1,6,,35915,5,,,1,6,,35916,5,,,1,46,,35917,5,,,1,6,,35918,5,,,1,6,,35919,5,,,1,6,,35920,5,,,1,6,,35921,5,,,1,6,,35922,5,,,1,6,,35923,5,,,1,6,,35924,5,,,1,6,,35925,5,,,1,6,,35926,5,,,1,46,,35927,5,,,1,6,,35928,5,,,1,6,,35929,5,,,1,6,,35930,5,,,1,6,,35931,5,,,1,6,,35932,5,,,1,6,,35933,5,,,1,6,,35934,5,,,1,6,,35935,5,,,1,6,,35936,5,,,1,46,,35937,5,,,1,6,,35938,5,,,1,6,,35939,5,,,1,6,,35940,5,,,1,6,,35941,5,,,1,6,,35942,5,,,1,6,,35943,5,,,1,6,,35944,5,,,1,6,,35945,5,,,1,50,,35946,5,,,1,10,,35947,5,,,1,10,,35948,5,,,1,10,,35949,5,,,1,10,,35950,5,,,1,10,,35951,5,,,1,50,,35952,5,,,1,10,,35953,5,,,1,10,,35954,5,,,1,10,,35955,5,,,1,10,,35956,5,,,1,10,,35957,5,,,1,50,,35958,5,,,1,10,,35959,5,,,1,10,,35960,5,,,1,10,,35961,5,,,1,10,,35962,5,,,1,10,,35963,5,,,1,50,,35964,5,,,1,10,,35965,5,,,1,10,,35966,5,,,1,10,,35967,5,,,1,10,,35968,5,,,1,10,,35969,5,,,1,50,,35970,5,,,1,10,,35971,5,,,1,10,,35972,5,,,1,10,,35973,5,,,1,10,,35974,5,,,1,10,,35975,5,,,1,6,,35976,5,,,1,46,,35977,5,,,1,6,,35978,5,,,1,6,,35979,5,,,1,6,,35980,5,,,1,6,,35981,5,,,1,6,,35982,5,,,1,6,,35983,5,,,1,6,,35984,5,,,1,6,,35985,5,,,1,6,,35986,5,,,1,46,,35987,5,,,1,6,,35988,5,,,1,6,,35989,5,,,1,6,,35990,5,,,1,6,,35991,5,,,1,6,,35992,5,,,1,6,,35993,5,,,1,6,,35994,5,,,1,6,,35995,5,,,1,6,,35996,5,,,1,46,,35997,5,,,1,6,,35998,5,,,1,6,,35999,5,,,1,6,,36000,5,,,1,6,,36001,5,,,1,6,,36002,5,,,1,6,,36003,5,,,1,6,,36004,5,,,1,6,,36005,5,,,1,6,,36006,5,,,1,46,,36007,5,,,1,6,,36008,5,,,1,6,,36009,5,,,1,6,,36010,5,,,1,6,,36011,5,,,1,6,,36012,5,,,1,6,,36013,5,,,1,6,,36014,5,,,1,6,,36015,5,,,1,6,,36016,5,,,1,49,,36041,5,,,1,15,,36017,5,,,1,15,,36018,5,,,1,15,,36019,5,,,1,55,,36020,5,,,1,15,,36021,5,,,1,15,,36022,5,,,1,15,,36023,5,,,1,55,,36024,5,,,1,15,,36025,5,,,1,15,,36026,5,,,1,15,,36027,5,,,1,55,,36028,5,,,1,15,,36029,5,,,1,15,,36030,5,,,1,15,,36031,5,,,1,55,,36032,5,,,1,15,,36033,5,,,1,15,,36034,5,,,1,15,,36035,5,,,1,55,,36036,5,,,1,15,,36037,5,,,1,15,,36038,5,,,1,15,,36039,5,,,1,55,,36040,5,,,1,15,,36042,5,,,1
18002100,'021R-Weekday-4-26-09',522,,32554,5,,,1,12,,32555,5,,,1,12,,32556,5,,,1,12,,32557,5,,,1,52,,32558,5,,,1,12,,32559,5,,,1,12,,32560,5,,,1,6,,32561,5,,,1,6,,32562,5,,,1,6,,32563,5,,,1,6,,32564,5,,,1,46,,32565,5,,,1,6,,32566,5,,,1,6,,32567,5,,,1,6,,32568,5,,,1,6,,32569,5,,,1,6,,32570,5,,,1,6,,32571,5,,,1,6,,32572,5,,,1,6,,32573,5,,,1,6,,32574,5,,,1,46,,32575,5,,,1,6,,32576,5,,,1,6,,32577,5,,,1,6,,32578,5,,,1,6,,32579,5,,,1,6,,32580,5,,,1,6,,32581,5,,,1,6,,32582,5,,,1,6,,32583,5,,,1,6,,32584,5,,,1,46,,32585,5,,,1,6,,32586,5,,,1,6,,32587,5,,,1,6,,32588,5,,,1,6,,32589,5,,,1,6,,32590,5,,,1,6,,32591,5,,,1,6,,32592,5,,,1,6,,32593,5,,,1,50,,32594,5,,,1,10,,32595,5,,,1,10,,32596,5,,,1,10,,32597,5,,,1,10,,32598,5,,,1,10,,32599,5,,,1,50,,32600,5,,,1,10,,32601,5,,,1,10,,32602,5,,,1,10,,32603,5,,,1,10,,32604,5,,,1,10,,32605,5,,,1,50,,32606,5,,,1,10,,32607,5,,,1,10,,32608,5,,,1,10,,32609,5,,,1,10,,32610,5,,,1,10,,32611,5,,,1,50,,32612,5,,,1,10,,32613,5,,,1,10,,32614,5,,,1,10,,32615,5,,,1,10,,32616,5,,,1,10,,32617,5,,,1,50,,32618,5,,,1,10,,32619,5,,,1,10,,32620,5,,,1,10,,32621,5,,,1,10,,32622,5,,,1,10,,32623,5,,,1,6,,32624,5,,,1,46,,32625,5,,,1,6,,32626,5,,,1,6,,32627,5,,,1,6,,32628,5,,,1,6,,32629,5,,,1,6,,32630,5,,,1,6,,32631,5,,,1,6,,32632,5,,,1,6,,32633,5,,,1,6,,32634,5,,,1,46,,32635,5,,,1,6,,32636,5,,,1,6,,32637,5,,,1,6,,32638,5,,,1,6,,32639,5,,,1,6,,32640,5,,,1,6,,32641,5,,,1,6,,32642,5,,,1,6,,32643,5,,,1,6,,32644,5,,,1,46,,32645,5,,,1,6,,32646,5,,,1,6,,32647,5,,,1,6,,32648,5,,,1,6,,32649,5,,,1,6,,32650,5,,,1,6,,32651,5,,,1,6,,32652,5,,,1,6,,32653,5,,,1,6,,32654,5,,,1,46,,32655,5,,,1,6,,32656,5,,,1,6,,32657,5,,,1,6,,32658,5,,,1,6,,32659,5,,,1,6,,32660,5,,,1,6,,32661,5,,,1,6,,32662,5,,,1,6,,32663,5,,,1,6,,32664,5,,,1,49,,32689,5,,,1,15,,32665,5,,,1,15,,32666,5,,,1,15,,32667,5,,,1,55,,32668,5,,,1,15,,32669,5,,,1,15,,32670,5,,,1,15,,32671,5,,,1,55,,32672,5,,,1,15,,32673,5,,,1,15,,32674,5,,,1,15,,32675,5,,,1,55,,32676,5,,,1,15,,32677,5,,,1,15,,32678,5,,,1,15,,32679,5,,,1,55,,32680,5,,,1,15,,32681,5,,,1,15,,32682,5,,,1,15,,32683,5,,,1,55,,32684,5,,,1,15,,32685,5,,,1,15,,32686,5,,,1,15,,32687,5,,,1,55,,32688,5,,,1,15,,32690,5,,,1
18002100,'021R-Weekday-5-26-09',522,,36043,5,,,1,12,,36044,5,,,1,12,,36045,5,,,1,12,,36046,5,,,1,52,,36047,5,,,1,12,,36048,5,,,1,12,,36049,5,,,1,6,,36050,5,,,1,6,,36051,5,,,1,6,,36052,5,,,1,6,,36053,5,,,1,46,,36054,5,,,1,6,,36055,5,,,1,6,,36056,5,,,1,6,,36057,5,,,1,6,,36058,5,,,1,6,,36059,5,,,1,6,,36060,5,,,1,6,,36061,5,,,1,6,,36062,5,,,1,6,,36063,5,,,1,46,,36064,5,,,1,6,,36065,5,,,1,6,,36066,5,,,1,6,,36067,5,,,1,6,,36068,5,,,1,6,,36069,5,,,1,6,,36070,5,,,1,6,,36071,5,,,1,6,,36072,5,,,1,6,,36073,5,,,1,46,,36074,5,,,1,6,,36075,5,,,1,6,,36076,5,,,1,6,,36077,5,,,1,6,,36078,5,,,1,6,,36079,5,,,1,6,,36080,5,,,1,6,,36081,5,,,1,6,,36082,5,,,1,50,,36083,5,,,1,10,,36084,5,,,1,10,,36085,5,,,1,10,,36086,5,,,1,10,,36087,5,,,1,10,,36088,5,,,1,50,,36089,5,,,1,10,,36090,5,,,1,10,,36091,5,,,1,10,,36092,5,,,1,10,,36093,5,,,1,10,,36094,5,,,1,50,,36095,5,,,1,10,,36096,5,,,1,10,,36097,5,,,1,10,,36098,5,,,1,10,,36099,5,,,1,10,,36100,5,,,1,50,,36101,5,,,1,10,,36102,5,,,1,10,,36103,5,,,1,10,,36104,5,,,1,10,,36105,5,,,1,10,,36106,5,,,1,50,,36107,5,,,1,10,,36108,5,,,1,10,,36109,5,,,1,10,,36110,5,,,1,10,,36111,5,,,1,10,,36112,5,,,1,6,,36113,5,,,1,46,,36114,5,,,1,6,,36115,5,,,1,6,,36116,5,,,1,6,,36117,5,,,1,6,,36118,5,,,1,6,,36119,5,,,1,6,,36120,5,,,1,6,,36121,5,,,1,6,,36122,5,,,1,6,,36123,5,,,1,46,,36124,5,,,1,6,,36125,5,,,1,6,,36126,5,,,1,6,,36127,5,,,1,6,,36128,5,,,1,6,,36129,5,,,1,6,,36130,5,,,1,6,,36131,5,,,1,6,,36132,5,,,1,6,,36133,5,,,1,46,,36134,5,,,1,6,,36135,5,,,1,6,,36136,5,,,1,6,,36137,5,,,1,6,,36138,5,,,1,6,,36139,5,,,1,6,,36140,5,,,1,6,,36141,5,,,1,6,,36142,5,,,1,6,,36143,5,,,1,46,,36144,5,,,1,6,,36145,5,,,1,6,,36146,5,,,1,6,,36147,5,,,1,6,,36148,5,,,1,6,,36149,5,,,1,6,,36150,5,,,1,6,,36151,5,,,1,6,,36152,5,,,1,6,,36153,5,,,1,49,,36178,5,,,1,15,,36154,5,,,1,15,,36155,5,,,1,15,,36156,5,,,1,55,,36157,5,,,1,15,,36158,5,,,1,15,,36159,5,,,1,15,,36160,5,,,1,55,,36161,5,,,1,15,,36162,5,,,1,15,,36163,5,,,1,15,,36164,5,,,1,55,,36165,5,,,1,15,,36166,5,,,1,15,,36167,5,,,1,15,,36168,5,,,1,55,,36169,5,,,1,15,,36170,5,,,1,15,,36171,5,,,1,15,,36172,5,,,1,55,,36173,5,,,1,15,,36174,5,,,1,15,,36175,5,,,1,15,,36176,5,,,1,55,,36177,5,,,1,15,,36179,5,,,1
18002100,'021R-Weekday-6-26-09',522,,36180,5,,,1,12,,36181,5,,,1,12,,36182,5,,,1,12,,36183,5,,,1,52,,36184,5,,,1,12,,36185,5,,,1,12,,36186,5,,,1,6,,36187,5,,,1,6,,36188,5,,,1,6,,36189,5,,,1,6,,36190,5,,,1,46,,36191,5,,,1,6,,36192,5,,,1,6,,36193,5,,,1,6,,36194,5,,,1,6,,36195,5,,,1,6,,36196,5,,,1,6,,36197,5,,,1,6,,36198,5,,,1,6,,36199,5,,,1,6,,36200,5,,,1,46,,36201,5,,,1,6,,36202,5,,,1,6,,36203,5,,,1,6,,36204,5,,,1,6,,36205,5,,,1,6,,36206,5,,,1,6,,36207,5,,,1,6,,36208,5,,,1,6,,36209,5,,,1,6,,36210,5,,,1,46,,36211,5,,,1,6,,36212,5,,,1,6,,36213,5,,,1,6,,36214,5,,,1,6,,36215,5,,,1,6,,36216,5,,,1,6,,36217,5,,,1,6,,36218,5,,,1,6,,36219,5,,,1,50,,36220,5,,,1,10,,36221,5,,,1,10,,36222,5,,,1,10,,36223,5,,,1,10,,36224,5,,,1,10,,36225,5,,,1,50,,36226,5,,,1,10,,36227,5,,,1,10,,36228,5,,,1,10,,36229,5,,,1,10,,36230,5,,,1,10,,36231,5,,,1,50,,36232,5,,,1,10,,36233,5,,,1,10,,36234,5,,,1,10,,36235,5,,,1,10,,36236,5,,,1,10,,36237,5,,,1,50,,36238,5,,,1,10,,36239,5,,,1,10,,36240,5,,,1,10,,36241,5,,,1,10,,36242,5,,,1,10,,36243,5,,,1,50,,36244,5,,,1,10,,36245,5,,,1,10,,36246,5,,,1,10,,36247,5,,,1,10,,36248,5,,,1,10,,36249,5,,,1,6,,36250,5,,,1,46,,36251,5,,,1,6,,36252,5,,,1,6,,36253,5,,,1,6,,36254,5,,,1,6,,36255,5,,,1,6,,36256,5,,,1,6,,36257,5,,,1,6,,36258,5,,,1,6,,36259,5,,,1,6,,36260,5,,,1,46,,36261,5,,,1,6,,36262,5,,,1,6,,36263,5,,,1,6,,36264,5,,,1,6,,36265,5,,,1,6,,36266,5,,,1,6,,36267,5,,,1,6,,36268,5,,,1,6,,36269,5,,,1,6,,36270,5,,,1,46,,36271,5,,,1,6,,36272,5,,,1,6,,36273,5,,,1,6,,36274,5,,,1,6,,36275,5,,,1,6,,36276,5,,,1,6,,36277,5,,,1,6,,36278,5,,,1,6,,36279,5,,,1,6,,36280,5,,,1,46,,36281,5,,,1,6,,36282,5,,,1,6,,36283,5,,,1,6,,36284,5,,,1,6,,36285,5,,,1,6,,36286,5,,,1,6,,36287,5,,,1,6,,36288,5,,,1,6,,36289,5,,,1,6,,36290,5,,,1,49,,36315,5,,,1,15,,36291,5,,,1,15,,36292,5,,,1,15,,36293,5,,,1,55,,36294,5,,,1,15,,36295,5,,,1,15,,36296,5,,,1,15,,36297,5,,,1,55,,36298,5,,,1,15,,36299,5,,,1,15,,36300,5,,,1,15,,36301,5,,,1,55,,36302,5,,,1,15,,36303,5,,,1,15,,36304,5,,,1,15,,36305,5,,,1,55,,36306,5,,,1,15,,36307,5,,,1,15,,36308,5,,,1,15,,36309,5,,,1,55,,36310,5,,,1,15,,36311,5,,,1,15,,36312,5,,,1,15,,36313,5,,,1,55,,36314,5,,,1,15,,36316,5,,,1
18002100,'021R-Weekday-7-26-09',522,,36317,5,,,1,12,,36318,5,,,1,12,,36319,5,,,1,12,,36320,5,,,1,52,,36321,5,,,1,12,,36322,5,,,1,12,,36323,5,,,1,6,,36324,5,,,1,6,,36325,5,,,1,6,,36326,5,,,1,6,,36327,5,,,1,46,,36328,5,,,1,6,,36329,5,,,1,6,,36330,5,,,1,6,,36331,5,,,1,6,,36332,5,,,1,6,,36333,5,,,1,6,,36334,5,,,1,6,,36335,5,,,1,6,,36336,5,,,1,6,,36337,5,,,1,46,,36338,5,,,1,6,,36339,5,,,1,6,,36340,5,,,1,6,,36341,5,,,1,6,,36342,5,,,1,6,,36343,5,,,1,6,,36344,5,,,1,6,,36345,5,,,1,6,,36346,5,,,1,6,,36347,5,,,1,46,,36348,5,,,1,6,,36349,5,,,1,6,,36350,5,,,1,6,,36351,5,,,1,6,,36352,5,,,1,6,,36353,5,,,1,6,,36354,5,,,1,6,,36355,5,,,1,6,,36356,5,,,1,50,,36357,5,,,1,10,,36358,5,,,1,10,,36359,5,,,1,10,,36360,5,,,1,10,,36361,5,,,1,10,,36362,5,,,1,50,,36363,5,,,1,10,,36364,5,,,1,10,,36365,5,,,1,10,,36366,5,,,1,10,,36367,5,,,1,10,,36368,5,,,1,50,,36369,5,,,1,10,,36370,5,,,1,10,,36371,5,,,1,10,,36372,5,,,1,10,,36373,5,,,1,10,,36374,5,,,1,50,,36375,5,,,1,10,,36376,5,,,1,10,,36377,5,,,1,10,,36378,5,,,1,10,,36379,5,,,1,10,,36380,5,,,1,50,,36381,5,,,1,10,,36382,5,,,1,10,,36383,5,,,1,10,,36384,5,,,1,10,,36385,5,,,1,10,,36386,5,,,1,6,,36387,5,,,1,46,,36388,5,,,1,6,,36389,5,,,1,6,,36390,5,,,1,6,,36391,5,,,1,6,,36392,5,,,1,6,,36393,5,,,1,6,,36394,5,,,1,6,,36395,5,,,1,6,,36396,5,,,1,6,,36397,5,,,1,46,,36398,5,,,1,6,,36399,5,,,1,6,,36400,5,,,1,6,,36401,5,,,1,6,,36402,5,,,1,6,,36403,5,,,1,6,,36404,5,,,1,6,,36405,5,,,1,6,,36406,5,,,1,6,,36407,5,,,1,46,,36408,5,,,1,6,,36409,5,,,1,6,,36410,5,,,1,6,,36411,5,,,1,6,,36412,5,,,1,6,,36413,5,,,1,6,,36414,5,,,1,6,,36415,5,,,1,6,,36416,5,,,1,6,,36417,5,,,1,46,,36418,5,,,1,6,,36419,5,,,1,6,,36420,5,,,1,6,,36421,5,,,1,6,,36422,5,,,1,6,,36423,5,,,1,6,,36424,5,,,1,6,,36425,5,,,1,6,,36426,5,,,1,6,,36427,5,,,1,49,,36452,5,,,1,15,,36428,5,,,1,15,,36429,5,,,1,15,,36430,5,,,1,55,,36431,5,,,1,15,,36432,5,,,1,15,,36433,5,,,1,15,,36434,5,,,1,55,,36435,5,,,1,15,,36436,5,,,1,15,,36437,5,,,1,15,,36438,5,,,1,55,,36439,5,,,1,15,,36440,5,,,1,15,,36441,5,,,1,15,,36442,5,,,1,55,,36443,5,,,1,15,,36444,5,,,1,15,,36445,5,,,1,15,,36446,5,,,1,55,,36447,5,,,1,15,,36448,5,,,1,15,,36449,5,,,1,15,,36450,5,,,1,55,,36451,5,,,1,15,,36453,5,,,1
18002100,'021R-Saturday-1-26-09',522,,32691,5,,,1,15,,32692,5,,,1,15,,32693,5,,,1,55,,32694,5,,,1,15,,32695,5,,,1,15,,32696,5,,,1,15,,32697,5,,,1,55,,32698,5,,,1,15,,32699,5,,,1,15,,32700,5,,,1,15,,32701,5,,,1,55,,32702,5,,,1,15,,32703,5,,,1,15,,32704,5,,,1,15,,32705,5,,,1,55,,32706,5,,,1,15,,32707,5,,,1,15,,32708,5,,,1,15,,32709,5,,,1,55,,32710,5,,,1,15,,32711,5,,,1,15,,32712,5,,,1,15,,32713,5,,,1,55,,32714,5,,,1,15,,32715,5,,,1,15,,32716,5,,,1,15,,32717,5,,,1,55,,32718,5,,,1,15,,32719,5,,,1,15,,32720,5,,,1,15,,32721,5,,,1,55,,32722,5,,,1,15,,32723,5,,,1,15,,32724,5,,,1,15,,32725,5,,,1,55,,32726,5,,,1,15,,32727,5,,,1,15,,32728,5,,,1,15,,32729,5,,,1,55,,32730,5,,,1,15,,32731,5,,,1,15,,32732,5,,,1,15,,32733,5,,,1,55,,32734,5,,,1,15,,32735,5,,,1,15,,32736,5,,,1,15,,32737,5,,,1,55,,32738,5,,,1,15,,32739,5,,,1,15,,32740,5,,,1,15,,32741,5,,,1,55,,32742,5,,,1,15,,32743,5,,,1,15,,32744,5,,,1,15,,32745,5,,,1,55,,32746,5,,,1,15,,32747,5,,,1,15,,32748,5,,,1,15,,32749,5,,,1,55,,32750,5,,,1,15,,32751,5,,,1,15,,32752,5,,,1,15,,32753,5,,,1,55,,32754,5,,,1,15,,32755,5,,,1,15,,32756,5,,,1,15,,32757,5,,,1,55,,32758,5,,,1,15,,32759,5,,,1,15,,32760,5,,,1,15,,32761,5,,,1,55,,32762,5,,,1,15,,32763,5,,,1,15,,32764,5,,,1,15,,32765,5,,,1,55,,32766,5,,,1,15,,32767,5,,,1,15,,32768,5,,,1,15,,32769,5,,,1,55,,32770,5,,,1,15,,32771,5,,,1
18002100,'021R-Saturday-2-26-09',522,,36454,5,,,1,15,,36455,5,,,1,15,,36456,5,,,1,55,,36457,5,,,1,15,,36458,5,,,1,15,,36459,5,,,1,15,,36460,5,,,1,55,,36461,5,,,1,15,,36462,5,,,1,15,,36463,5,,,1,15,,36464,5,,,1,55,,36465,5,,,1,15,,36466,5,,,1,15,,36467,5,,,1,15,,36468,5,,,1,55,,36469,5,,,1,15,,36470,5,,,1,15,,36471,5,,,1,15,,36472,5,,,1,55,,36473,5,,,1,15,,36474,5,,,1,15,,36475,5,,,1,15,,36476,5,,,1,55,,36477,5,,,1,15,,36478,5,,,1,15,,36479,5,,,1,15,,36480,5,,,1,55,,36481,5,,,1,15,,36482,5,,,1,15,,36483,5,,,1,15,,36484,5,,,1,55,,36485,5,,,1,15,,36486,5,,,1,15,,36487,5,,,1,15,,36488,5,,,1,55,,36489,5,,,1,15,,36490,5,,,1,15,,36491,5,,,1,15,,36492,5,,,1,55,,36493,5,,,1,15,,36494,5,,,1,15,,36495,5,,,1,15,,36496,5,,,1,55,,36497,5,,,1,15,,36498,5,,,1,15,,36499,5,,,1,15,,36500,5,,,1,55,,36501,5,,,1,15,,36502,5,,,1,15,,36503,5,,,1,15,,36504,5,,,1,55,,36505,5,,,1,15,,36506,5,,,1,15,,36507,5,,,1,15,,36508,5,,,1,55,,36509,5,,,1,15,,36510,5,,,1,15,,36511,5,,,1,15,,36512,5,,,1,55,,36513,5,,,1,15,,36514,5,,,1,15,,36515,5,,,1,15,,36516,5,,,1,55,,36517,5,,,1,15,,36518,5,,,1,15,,36519,5,,,1,15,,36520,5,,,1,55,,36521,5,,,1,15,,36522,5,,,1,15,,36523,5,,,1,15,,36524,5,,,1,55,,36525,5,,,1,15,,36526,5,,,1,15,,36527,5,,,1,15,,36528,5,,,1,55,,36529,5,,,1,15,,36530,5,,,1,15,,36531,5,,,1,15,,36532,5,,,1,55,,36533,5,,,1,15,,36534,5,,,1
18002100,'021R-Sunday-1-26-09',552,,32772,5,,,1,55,,32773,5,,,1,15,,32774,5,,,1,15,,32775,5,,,1,15,,32776,5,,,1,55,,32777,5,,,1,15,,32778,5,,,1,15,,32779,5,,,1,15,,32780,5,,,1,55,,32781,5,,,1,15,,32782,5,,,1,15,,32783,5,,,1,15,,32784,5,,,1,55,,32785,5,,,1,15,,32786,5,,,1,15,,32787,5,,,1,15,,32788,5,,,1,55,,32789,5,,,1,15,,32790,5,,,1,15,,32791,5,,,1,15,,32792,5,,,1,55,,32793,5,,,1,15,,32794,5,,,1,15,,32795,5,,,1,15,,32796,5,,,1,55,,32797,5,,,1,15,,32798,5,,,1,15,,32799,5,,,1,15,,32800,5,,,1,55,,32801,5,,,1,15,,32802,5,,,1,15,,32803,5,,,1,15,,32804,5,,,1,55,,32805,5,,,1,15,,32806,5,,,1,15,,32807,5,,,1,15,,32808,5,,,1,55,,32809,5,,,1,15,,32810,5,,,1,15,,32811,5,,,1,15,,32812,5,,,1,55,,32813,5,,,1,15,,32814,5,,,1,15,,32815,5,,,1,15,,32816,5,,,1,55,,32817,5,,,1,15,,32818,5,,,1,15,,32819,5,,,1,15,,32820,5,,,1,55,,32821,5,,,1,15,,32822,5,,,1,15,,32823,5,,,1,15,,32824,5,,,1,55,,32825,5,,,1,15,,32826,5,,,1,15,,32827,5,,,1,15,,32828,5,,,1,55,,32829,5,,,1,15,,32830,5,,,1,15,,32831,5,,,1,15,,32832,5,,,1,55,,32833,5,,,1,15,,32834,5,,,1,15,,32835,5,,,1,15,,32836,5,,,1,55,,32837,5,,,1,15,,32838,5,,,1,15,,32839,5,,,1,15,,32840,5,,,1,55,,32841,5,,,1,15,,32842,5,,,1,15,,32843,5,,,1,15,,32844,5,,,1,55,,32845,5,,,1,15,,32846,5,,,1,15,,32847,5,,,1,15,,32848,5,,,1
18002100,'021R-Sunday-2-26-09',552,,36535,5,,,1,55,,36536,5,,,1,15,,36537,5,,,1,15,,36538,5,,,1,15,,36539,5,,,1,55,,36540,5,,,1,15,,36541,5,,,1,15,,36542,5,,,1,15,,36543,5,,,1,55,,36544,5,,,1,15,,36545,5,,,1,15,,36546,5,,,1,15,,36547,5,,,1,55,,36548,5,,,1,15,,36549,5,,,1,15,,36550,5,,,1,15,,36551,5,,,1,55,,36552,5,,,1,15,,36553,5,,,1,15,,36554,5,,,1,15,,36555,5,,,1,55,,36556,5,,,1,15,,36557,5,,,1,15,,36558,5,,,1,15,,36559,5,,,1,55,,36560,5,,,1,15,,36561,5,,,1,15,,36562,5,,,1,15,,36563,5,,,1,55,,36564,5,,,1,15,,36565,5,,,1,15,,36566,5,,,1,15,,36567,5,,,1,55,,36568,5,,,1,15,,36569,5,,,1,15,,36570,5,,,1,15,,36571,5,,,1,55,,36572,5,,,1,15,,36573,5,,,1,15,,36574,5,,,1,15,,36575,5,,,1,55,,36576,5,,,1,15,,36577,5,,,1,15,,36578,5,,,1,15,,36579,5,,,1,55,,36580,5,,,1,15,,36581,5,,,1,15,,36582,5,,,1,15,,36583,5,,,1,55,,36584,5,,,1,15,,36585,5,,,1,15,,36586,5,,,1,15,,36587,5,,,1,55,,36588,5,,,1,15,,36589,5,,,1,15,,36590,5,,,1,15,,36591,5,,,1,55,,36592,5,,,1,15,,36593,5,,,1,15,,36594,5,,,1,15,,36595,5,,,1,55,,36596,5,,,1,15,,36597,5,,,1,15,,36598,5,,,1,15,,36599,5,,,1,55,,36600,5,,,1,15,,36601,5,,,1,15,,36602,5,,,1,15,,36603,5,,,1,55,,36604,5,,,1,15,,36605,5,,,1,15,,36606,5,,,1,15,,36607,5,,,1,55,,36608,5,,,1,15,,36609,5,,,1,15,,36610,5,,,1,15,,36611,5,,,1
18002100,'021R-Sunday-4-26-09',552,,36612,5,,,1,55,,36613,5,,,1,15,,36614,5,,,1,15,,36615,5,,,1,15,,36616,5,,,1,55,,36617,5,,,1,15,,36618,5,,,1,15,,36619,5,,,1,15,,36620,5,,,1,55,,36621,5,,,1,15,,36622,5,,,1,15,,36623,5,,,1,15,,36624,5,,,1,55,,36625,5,,,1,15,,36626,5,,,1,15,,36627,5,,,1,15,,36628,5,,,1,55,,36629,5,,,1,15,,36630,5,,,1,15,,36631,5,,,1,15,,36632,5,,,1,55,,36633,5,,,1,15,,36634,5,,,1,15,,36635,5,,,1,15,,36636,5,,,1,55,,36637,5,,,1,15,,36638,5,,,1,15,,36639,5,,,1,15,,36640,5,,,1,55,,36641,5,,,1,15,,36642,5,,,1,15,,36643,5,,,1,15,,36644,5,,,1,55,,36645,5,,,1,15,,36646,5,,,1,15,,36647,5,,,1,15,,36648,5,,,1,55,,36649,5,,,1,15,,36650,5,,,1,15,,36651,5,,,1,15,,36652,5,,,1,55,,36653,5,,,1,15,,36654,5,,,1,15,,36655,5,,,1,15,,36656,5,,,1,55,,36657,5,,,1,15,,36658,5,,,1,15,,36659,5,,,1,15,,36660,5,,,1,55,,36661,5,,,1,15,,36662,5,,,1,15,,36663,5,,,1,15,,36664,5,,,1,55,,36665,5,,,1,15,,36666,5,,,1,15,,36667,5,,,1,15,,36668,5,,,1,55,,36669,5,,,1,15,,36670,5,,,1,15,,36671,5,,,1,15,,36672,5,,,1,55,,36673,5,,,1,15,,36674,5,,,1,15,,36675,5,,,1,15,,36676,5,,,1,55,,36677,5,,,1,15,,36678,5,,,1,15,,36679,5,,,1,15,,36680,5,,,1,55,,36681,5,,,1,15,,36682,5,,,1,15,,36683,5,,,1,15,,36684,5,,,1,55,,36685,5,,,1,15,,36686,5,,,1,15,,36687,5,,,1,15,,36688,5,,,1
18002200,'022R-Weekday-1-26-09',525,,33412,2,,,1,12,,33413,2,,,1,12,,33414,2,,,1,52,,33415,2,,,1,12,,33416,2,,,1,12,,33417,2,,,1,12,,33418,2,,,1,12,,33419,2,,,1,52,,33420,2,,,1,12,,33421,2,,,1,12,,33422,2,,,1,12,,33453,2,,,1,12,,33454,2,,,1,52,,33455,2,,,1,12,,33456,2,,,1,12,,33457,2,,,1,12,,33458,2,,,1,12,,33459,2,,,1,52,,33426,2,,,1,12,,33427,2,,,1,12,,33428,2,,,1,12,,33429,2,,,1,18,,33460,2,,,1,55,,33461,2,,,1,15,,33462,2,,,1,15,,33463,2,,,1,15,,33430,2,,,1,55,,33431,2,,,1,15,,33432,2,,,1,15,,33433,2,,,1,15,,33434,2,,,1,55,,33435,2,,,1,15,,33436,2,,,1,15,,33437,2,,,1,15,,33438,2,,,1,55,,33439,2,,,1,15,,33440,2,,,1,15,,33441,2,,,1,15,,33423,2,,,1,55,,33424,2,,,1,15,,33425,2,,,1,12,,33486,2,,,1,12,,33487,2,,,1,52,,33488,2,,,1,12,,33489,2,,,1,12,,33490,2,,,1,12,,33491,2,,,1,12,,33492,2,,,1,52,,33493,2,,,1,12,,33494,2,,,1,12,,33495,2,,,1,12,,33442,2,,,1,12,,33443,2,,,1,52,,33444,2,,,1,12,,33445,2,,,1,12,,33446,2,,,1,12,,33447,2,,,1,12,,33448,2,,,1,52,,33449,2,,,1,12,,33450,2,,,1,12,,33451,2,,,1,12,,33452,2,,,1,19,,33464,2,,,1,55,,33465,2,,,1,15,,33466,2,,,1,15,,33467,2,,,1,15,,33468,2,,,1,55,,33469,2,,,1,15,,33470,2,,,1,15,,33471,2,,,1,15,,33472,2,,,1,55,,33473,2,,,1,15,,33474,2,,,1,15,,33475,2,,,1,15,,33476,2,,,1,55,,33477,2,,,1,15,,33478,2,,,1,15,,33479,2,,,1,15,,33480,2,,,1,55,,33481,2,,,1,15,,33482,2,,,1,15,,33483,2,,,1,15,,33484,2,,,1,55,,33485,2,,,1,15,,33411,2,,,1
18002200,'022R-Weekday-2-26-09',525,,33497,2,,,1,12,,33498,2,,,1,12,,33499,2,,,1,52,,33500,2,,,1,12,,33501,2,,,1,12,,33502,2,,,1,12,,33503,2,,,1,12,,33504,2,,,1,52,,33505,2,,,1,12,,33506,2,,,1,12,,33507,2,,,1,12,,33538,2,,,1,12,,33539,2,,,1,52,,33540,2,,,1,12,,33541,2,,,1,12,,33542,2,,,1,12,,33543,2,,,1,12,,33544,2,,,1,52,,33511,2,,,1,12,,33512,2,,,1,12,,33513,2,,,1,12,,33514,2,,,1,18,,33545,2,,,1,55,,33546,2,,,1,15,,33547,2,,,1,15,,33548,2,,,1,15,,33515,2,,,1,55,,33516,2,,,1,15,,33517,2,,,1,15,,33518,2,,,1,15,,33519,2,,,1,55,,33520,2,,,1,15,,33521,2,,,1,15,,33522,2,,,1,15,,33523,2,,,1,55,,33524,2,,,1,15,,33525,2,,,1,15,,33526,2,,,1,15,,33508,2,,,1,55,,33509,2,,,1,15,,33510,2,,,1,12,,33571,2,,,1,12,,33572,2,,,1,52,,33573,2,,,1,12,,33574,2,,,1,12,,33575,2,,,1,12,,33576,2,,,1,12,,33577,2,,,1,52,,33578,2,,,1,12,,33579,2,,,1,12,,33580,2,,,1,12,,33527,2,,,1,12,,33528,2,,,1,52,,33529,2,,,1,12,,33530,2,,,1,12,,33531,2,,,1,12,,33532,2,,,1,12,,33533,2,,,1,52,,33534,2,,,1,12,,33535,2,,,1,12,,33536,2,,,1,12,,33537,2,,,1,19,,33549,2,,,1,55,,33550,2,,,1,15,,33551,2,,,1,15,,33552,2,,,1,15,,33553,2,,,1,55,,33554,2,,,1,15,,33555,2,,,1,15,,33556,2,,,1,15,,33557,2,,,1,55,,33558,2,,,1,15,,33559,2,,,1,15,,33560,2,,,1,15,,33561,2,,,1,55,,33562,2,,,1,15,,33563,2,,,1,15,,33564,2,,,1,15,,33565,2,,,1,55,,33566,2,,,1,15,,33567,2,,,1,15,,33568,2,,,1,15,,33569,2,,,1,55,,33570,2,,,1,15,,33496,2,,,1
18002200,'022R-Weekday-3-26-09',525,,37464,2,,,1,12,,37465,2,,,1,12,,37466,2,,,1,52,,37467,2,,,1,12,,37468,2,,,1,12,,37469,2,,,1,12,,37470,2,,,1,12,,37471,2,,,1,52,,37472,2,,,1,12,,37473,2,,,1,12,,37474,2,,,1,12,,37505,2,,,1,12,,37506,2,,,1,52,,37507,2,,,1,12,,37508,2,,,1,12,,37509,2,,,1,12,,37510,2,,,1,12,,37511,2,,,1,52,,37478,2,,,1,12,,37479,2,,,1,12,,37480,2,,,1,12,,37481,2,,,1,18,,37512,2,,,1,55,,37513,2,,,1,15,,37514,2,,,1,15,,37515,2,,,1,15,,37482,2,,,1,55,,37483,2,,,1,15,,37484,2,,,1,15,,37485,2,,,1,15,,37486,2,,,1,55,,37487,2,,,1,15,,37488,2,,,1,15,,37489,2,,,1,15,,37490,2,,,1,55,,37491,2,,,1,15,,37492,2,,,1,15,,37493,2,,,1,15,,37475,2,,,1,55,,37476,2,,,1,15,,37477,2,,,1,12,,37538,2,,,1,12,,37539,2,,,1,52,,37540,2,,,1,12,,37541,2,,,1,12,,37542,2,,,1,12,,37543,2,,,1,12,,37544,2,,,1,52,,37545,2,,,1,12,,37546,2,,,1,12,,37547,2,,,1,12,,37494,2,,,1,12,,37495,2,,,1,52,,37496,2,,,1,12,,37497,2,,,1,12,,37498,2,,,1,12,,37499,2,,,1,12,,37500,2,,,1,52,,37501,2,,,1,12,,37502,2,,,1,12,,37503,2,,,1,12,,37504,2,,,1,19,,37516,2,,,1,55,,37517,2,,,1,15,,37518,2,,,1,15,,37519,2,,,1,15,,37520,2,,,1,55,,37521,2,,,1,15,,37522,2,,,1,15,,37523,2,,,1,15,,37524,2,,,1,55,,37525,2,,,1,15,,37526,2,,,1,15,,37527,2,,,1,15,,37528,2,,,1,55,,37529,2,,,1,15,,37530,2,,,1,15,,37531,2,,,1,15,,37532,2,,,1,55,,37533,2,,,1,15,,37534,2,,,1,15,,37535,2,,,1,15,,37536,2,,,1,55,,37537,2,,,1,15,,37463,2,,,1
18002200,'022R-Weekday-4-26-09',525,,33582,2,,,1,12,,33583,2,,,1,12,,33584,2,,,1,52,,33585,2,,,1,12,,33586,2,,,1,12,,33587,2,,,1,12,,33588,2,,,1,12,,33589,2,,,1,52,,33590,2,,,1,12,,33591,2,,,1,12,,33592,2,,,1,12,,33623,2,,,1,12,,33624,2,,,1,52,,33625,2,,,1,12,,33626,2,,,1,12,,33627,2,,,1,12,,33628,2,,,1,12,,33629,2,,,1,52,,33596,2,,,1,12,,33597,2,,,1,12,,33598,2,,,1,12,,33599,2,,,1,18,,33630,2,,,1,55,,33631,2,,,1,15,,33632,2,,,1,15,,33633,2,,,1,15,,33600,2,,,1,55,,33601,2,,,1,15,,33602,2,,,1,15,,33603,2,,,1,15,,33604,2,,,1,55,,33605,2,,,1,15,,33606,2,,,1,15,,33607,2,,,1,15,,33608,2,,,1,55,,33609,2,,,1,15,,33610,2,,,1,15,,33611,2,,,1,15,,33593,2,,,1,55,,33594,2,,,1,15,,33595,2,,,1,12,,33656,2,,,1,12,,33657,2,,,1,52,,33658,2,,,1,12,,33659,2,,,1,12,,33660,2,,,1,12,,33661,2,,,1,12,,33662,2,,,1,52,,33663,2,,,1,12,,33664,2,,,1,12,,33665,2,,,1,12,,33612,2,,,1,12,,33613,2,,,1,52,,33614,2,,,1,12,,33615,2,,,1,12,,33616,2,,,1,12,,33617,2,,,1,12,,33618,2,,,1,52,,33619,2,,,1,12,,33620,2,,,1,12,,33621,2,,,1,12,,33622,2,,,1,19,,33634,2,,,1,55,,33635,2,,,1,15,,33636,2,,,1,15,,33637,2,,,1,15,,33638,2,,,1,55,,33639,2,,,1,15,,33640,2,,,1,15,,33641,2,,,1,15,,33642,2,,,1,55,,33643,2,,,1,15,,33644,2,,,1,15,,33645,2,,,1,15,,33646,2,,,1,55,,33647,2,,,1,15,,33648,2,,,1,15,,33649,2,,,1,15,,33650,2,,,1,55,,33651,2,,,1,15,,33652,2,,,1,15,,33653,2,,,1,15,,33654,2,,,1,55,,33655,2,,,1,15,,33581,2,,,1
18002200,'022R-Weekday-5-26-09',525,,37549,2,,,1,12,,37550,2,,,1,12,,37551,2,,,1,52,,37552,2,,,1,12,,37553,2,,,1,12,,37554,2,,,1,12,,37555,2,,,1,12,,37556,2,,,1,52,,37557,2,,,1,12,,37558,2,,,1,12,,37559,2,,,1,12,,37590,2,,,1,12,,37591,2,,,1,52,,37592,2,,,1,12,,37593,2,,,1,12,,37594,2,,,1,12,,37595,2,,,1,12,,37596,2,,,1,52,,37563,2,,,1,12,,37564,2,,,1,12,,37565,2,,,1,12,,37566,2,,,1,18,,37597,2,,,1,55,,37598,2,,,1,15,,37599,2,,,1,15,,37600,2,,,1,15,,37567,2,,,1,55,,37568,2,,,1,15,,37569,2,,,1,15,,37570,2,,,1,15,,37571,2,,,1,55,,37572,2,,,1,15,,37573,2,,,1,15,,37574,2,,,1,15,,37575,2,,,1,55,,37576,2,,,1,15,,37577,2,,,1,15,,37578,2,,,1,15,,37560,2,,,1,55,,37561,2,,,1,15,,37562,2,,,1,12,,37623,2,,,1,12,,37624,2,,,1,52,,37625,2,,,1,12,,37626,2,,,1,12,,37627,2,,,1,12,,37628,2,,,1,12,,37629,2,,,1,52,,37630,2,,,1,12,,37631,2,,,1,12,,37632,2,,,1,12,,37579,2,,,1,12,,37580,2,,,1,52,,37581,2,,,1,12,,37582,2,,,1,12,,37583,2,,,1,12,,37584,2,,,1,12,,37585,2,,,1,52,,37586,2,,,1,12,,37587,2,,,1,12,,37588,2,,,1,12,,37589,2,,,1,19,,37601,2,,,1,55,,37602,2,,,1,15,,37603,2,,,1,15,,37604,2,,,1,15,,37605,2,,,1,55,,37606,2,,,1,15,,37607,2,,,1,15,,37608,2,,,1,15,,37609,2,,,1,55,,37610,2,,,1,15,,37611,2,,,1,15,,37612,2,,,1,15,,37613,2,,,1,55,,37614,2,,,1,15,,37615,2,,,1,15,,37616,2,,,1,15,,37617,2,,,1,55,,37618,2,,,1,15,,37619,2,,,1,15,,37620,2,,,1,15,,37621,2,,,1,55,,37622,2,,,1,15,,37548,2,,,1
18002200,'022R-Weekday-6-26-09',525,,37634,2,,,1,12,,37635,2,,,1,12,,37636,2,,,1,52,,37637,2,,,1,12,,37638,2,,,1,12,,37639,2,,,1,12,,37640,2,,,1,12,,37641,2,,,1,52,,37642,2,,,1,12,,37643,2,,,1,12,,37644,2,,,1,12,,37675,2,,,1,12,,37676,2,,,1,52,,37677,2,,,1,12,,37678,2,,,1,12,,37679,2,,,1,12,,37680,2,,,1,12,,37681,2,,,1,52,,37648,2,,,1,12,,37649,2,,,1,12,,37650,2,,,1,12,,37651,2,,,1,18,,37682,2,,,1,55,,37683,2,,,1,15,,37684,2,,,1,15,,37685,2,,,1,15,,37652,2,,,1,55,,37653,2,,,1,15,,37654,2,,,1,15,,37655,2,,,1,15,,37656,2,,,1,55,,37657,2,,,1,15,,37658,2,,,1,15,,37659,2,,,1,15,,37660,2,,,1,55,,37661,2,,,1,15,,37662,2,,,1,15,,37663,2,,,1,15,,37645,2,,,1,55,,37646,2,,,1,15,,37647,2,,,1,12,,37708,2,,,1,12,,37709,2,,,1,52,,37710,2,,,1,12,,37711,2,,,1,12,,37712,2,,,1,12,,37713,2,,,1,12,,37714,2,,,1,52,,37715,2,,,1,12,,37716,2,,,1,12,,37717,2,,,1,12,,37664,2,,,1,12,,37665,2,,,1,52,,37666,2,,,1,12,,37667,2,,,1,12,,37668,2,,,1,12,,37669,2,,,1,12,,37670,2,,,1,52,,37671,2,,,1,12,,37672,2,,,1,12,,37673,2,,,1,12,,37674,2,,,1,19,,37686,2,,,1,55,,37687,2,,,1,15,,37688,2,,,1,15,,37689,2,,,1,15,,37690,2,,,1,55,,37691,2,,,1,15,,37692,2,,,1,15,,37693,2,,,1,15,,37694,2,,,1,55,,37695,2,,,1,15,,37696,2,,,1,15,,37697,2,,,1,15,,37698,2,,,1,55,,37699,2,,,1,15,,37700,2,,,1,15,,37701,2,,,1,15,,37702,2,,,1,55,,37703,2,,,1,15,,37704,2,,,1,15,,37705,2,,,1,15,,37706,2,,,1,55,,37707,2,,,1,15,,37633,2,,,1
18002200,'022R-Weekday-7-26-09',525,,37719,2,,,1,12,,37720,2,,,1,12,,37721,2,,,1,52,,37722,2,,,1,12,,37723,2,,,1,12,,37724,2,,,1,12,,37725,2,,,1,12,,37726,2,,,1,52,,37727,2,,,1,12,,37728,2,,,1,12,,37729,2,,,1,12,,37760,2,,,1,12,,37761,2,,,1,52,,37762,2,,,1,12,,37763,2,,,1,12,,37764,2,,,1,12,,37765,2,,,1,12,,37766,2,,,1,52,,37733,2,,,1,12,,37734,2,,,1,12,,37735,2,,,1,12,,37736,2,,,1,18,,37767,2,,,1,55,,37768,2,,,1,15,,37769,2,,,1,15,,37770,2,,,1,15,,37737,2,,,1,55,,37738,2,,,1,15,,37739,2,,,1,15,,37740,2,,,1,15,,37741,2,,,1,55,,37742,2,,,1,15,,37743,2,,,1,15,,37744,2,,,1,15,,37745,2,,,1,55,,37746,2,,,1,15,,37747,2,,,1,15,,37748,2,,,1,15,,37730,2,,,1,55,,37731,2,,,1,15,,37732,2,,,1,12,,37793,2,,,1,12,,37794,2,,,1,52,,37795,2,,,1,12,,37796,2,,,1,12,,37797,2,,,1,12,,37798,2,,,1,12,,37799,2,,,1,52,,37800,2,,,1,12,,37801,2,,,1,12,,37802,2,,,1,12,,37749,2,,,1,12,,37750,2,,,1,52,,37751,2,,,1,12,,37752,2,,,1,12,,37753,2,,,1,12,,37754,2,,,1,12,,37755,2,,,1,52,,37756,2,,,1,12,,37757,2,,,1,12,,37758,2,,,1,12,,37759,2,,,1,19,,37771,2,,,1,55,,37772,2,,,1,15,,37773,2,,,1,15,,37774,2,,,1,15,,37775,2,,,1,55,,37776,2,,,1,15,,37777,2,,,1,15,,37778,2,,,1,15,,37779,2,,,1,55,,37780,2,,,1,15,,37781,2,,,1,15,,37782,2,,,1,15,,37783,2,,,1,55,,37784,2,,,1,15,,37785,2,,,1,15,,37786,2,,,1,15,,37787,2,,,1,55,,37788,2,,,1,15,,37789,2,,,1,15,,37790,2,,,1,15,,37791,2,,,1,55,,37792,2,,,1,15,,37718,2,,,1
18002200,'022R-Saturday-1-26-09',526,,33666,2,,,1,15,,33667,2,,,1,15,,33668,2,,,1,55,,33669,2,,,1,15,,33670,2,,,1,15,,33671,2,,,1,15,,33672,2,,,1,55,,33673,2,,,1,15,,33674,2,,,1,15,,33675,2,,,1,15,,33676,2,,,1,55,,33677,2,,,1,15,,33678,2,,,1,15,,33679,2,,,1,15,,33680,2,,,1,55,,33681,2,,,1,15,,33682,2,,,1,15,,33683,2,,,1,15,,33684,2,,,1,55,,33685,2,,,1,15,,33686,2,,,1,15,,33687,2,,,1,15,,33688,2,,,1,55,,33689,2,,,1,15,,33690,2,,,1,15,,33691,2,,,1,15,,33692,2,,,1,55,,33693,2,,,1,15,,33694,2,,,1,15,,33695,2,,,1,15,,33696,2,,,1,55,,33697,2,,,1,15,,33698,2,,,1,15,,33699,2,,,1,15,,33700,2,,,1,55,,33701,2,,,1,15,,33702,2,,,1,15,,33703,2,,,1,15,,33704,2,,,1,55,,33705,2,,,1,15,,33706,2,,,1,15,,33707,2,,,1,15,,33708,2,,,1,55,,33709,2,,,1,15,,33710,2,,,1,15,,33711,2,,,1,15,,33712,2,,,1,55,,33713,2,,,1,15,,33714,2,,,1,15,,33715,2,,,1,15,,33716,2,,,1,55,,33717,2,,,1,15,,33718,2,,,1,15,,33719,2,,,1,15,,33720,2,,,1,55,,33721,2,,,1,15,,33722,2,,,1,15,,33723,2,,,1,15,,33724,2,,,1,55,,33725,2,,,1,15,,33726,2,,,1,15,,33727,2,,,1,15,,33728,2,,,1,55,,33729,2,,,1,15,,33730,2,,,1,15,,33731,2,,,1,15,,33732,2,,,1,55,,33733,2,,,1,15,,33734,2,,,1,15,,33735,2,,,1,15,,33736,2,,,1,55,,33737,2,,,1,15,,33738,2,,,1,15,,33739,2,,,1,15,,33740,2,,,1,55,,33741,2,,,1,15,,33742,2,,,1
18002200,'022R-Saturday-2-26-09',523,,37803,5,,,1,15,,37804,5,,,1,15,,37819,5,,,1,55,,37834,5,,,1,15,,37852,5,,,1,15,,37835,5,,,1,15,,37815,5,,,1,55,,37846,5,,,1,15,,37861,5,,,1,15,,37845,5,,,1,15,,37830,5,,,1,55,,37862,5,,,1,15,,37836,5,,,1,15,,37878,5,,,1,15,,37805,5,,,1,55,,37821,5,,,1,15,,37877,5,,,1,15,,37867,5,,,1,15,,37881,5,,,1,55,,37817,5,,,1,15,,37851,5,,,1,15,,37824,5,,,1,15,,37864,5,,,1,55,,37814,5,,,1,15,,37832,5,,,1,15,,37848,5,,,1,15,,37829,5,,,1,55,,37811,5,,,1,15,,37873,5,,,1,15,,37826,5,,,1,15,,37882,5,,,1,55,,37858,5,,,1,15,,37874,5,,,1,15,,37841,5,,,1,15,,37810,5,,,1,55,,37857,5,,,1,15,,37859,5,,,1,15,,37827,5,,,1,15,,37843,5,,,1,55,,37808,5,,,1,15,,37875,5,,,1,15,,37839,5,,,1,15,,37831,5,,,1,55,,37844,5,,,1,15,,37813,5,,,1,15,,37828,5,,,1,15,,37860,5,,,1,55,,37876,5,,,1,15,,37842,5,,,1,15,,37855,5,,,1,15,,37883,5,,,1,55,,37879,5,,,1,15,,37863,5,,,1,15,,37854,5,,,1,15,,37869,5,,,1,55,,37847,5,,,1,15,,37816,5,,,1,15,,37820,5,,,1,15,,37871,5,,,1,55,,37809,5,,,1,15,,37825,5,,,1,15,,37840,5,,,1,15,,37856,5,,,1,55,,37872,5,,,1,15,,37838,5,,,1,15,,37806,5,,,1,15,,37822,5,,,1,55,,37870,5,,,1,15,,37807,5,,,1,15,,37823,5,,,1,15,,37837,5,,,1,55,,37853,5,,,1,15,,37850,5,,,1,15,,37866,5,,,1,15,,37812,5,,,1,55,,37818,5,,,1,15,,37833,5,,,1,15,,37849,5,,,1,15,,37880,5,,,1,55,,37865,5,,,1,15,,37868,5,,,1
18002200,'022R-Saturday-4-26-09',1611,,37961,2,,,1,15,,37962,2,,,1,15,,37963,2,,,1,15,,37964,2,,,1,55,,37965,2,,,1,15,,37966,2,,,1,15,,37967,2,,,1,15,,37968,2,,,1,55,,37969,2,,,1,15,,37970,2,,,1,15,,37971,2,,,1,15,,37972,2,,,1,55,,37973,2,,,1,15,,37974,2,,,1,15,,37975,2,,,1,15,,37976,2,,,1,55,,37977,2,,,1,15,,37978,2,,,1,15,,37979,2,,,1,15,,37980,2,,,1,55,,37981,2,,,1,15,,37982,2,,,1,15,,37983,2,,,1,15,,37984,2,,,1,55,,37985,2,,,1,15,,37986,2,,,1,15,,37987,2,,,1,15,,37988,2,,,1,55,,37989,2,,,1,15,,37990,2,,,1,15,,37991,2,,,1,15,,37992,2,,,1,55,,37993,2,,,1,15,,37994,2,,,1
18002200,'022R-Sunday-1-26-09',541,,33743,2,,,1,15,,33744,2,,,1,55,,33745,2,,,1,15,,33746,2,,,1,15,,33747,2,,,1,15,,33748,2,,,1,55,,33749,2,,,1,15,,33750,2,,,1,15,,33751,2,,,1,15,,33752,2,,,1,55,,33753,2,,,1,15,,33754,2,,,1,15,,33755,2,,,1,15,,33756,2,,,1,55,,33757,2,,,1,15,,33758,2,,,1,15,,33759,2,,,1,15,,33760,2,,,1,55,,33761,2,,,1,15,,33762,2,,,1,15,,33763,2,,,1,15,,33764,2,,,1,55,,33765,2,,,1,15,,33766,2,,,1,15,,33767,2,,,1,15,,33768,2,,,1,55,,33769,2,,,1,15,,33770,2,,,1,15,,33771,2,,,1,15,,33772,2,,,1,55,,33773,2,,,1,15,,33774,2,,,1,15,,33775,2,,,1,15,,33776,2,,,1,55,,33777,2,,,1,15,,33778,2,,,1,15,,33779,2,,,1,15,,33780,2,,,1,55,,33781,2,,,1,15,,33782,2,,,1,15,,33783,2,,,1,15,,33784,2,,,1,55,,33785,2,,,1,15,,33786,2,,,1,15,,33787,2,,,1,15,,33788,2,,,1,55,,33789,2,,,1,15,,33790,2,,,1,15,,33791,2,,,1,15,,33792,2,,,1,55,,33793,2,,,1,15,,33794,2,,,1,15,,33795,2,,,1,15,,33796,2,,,1,55,,33797,2,,,1,15,,33798,2,,,1,15,,33799,2,,,1,15,,33800,2,,,1,55,,33801,2,,,1,15,,33802,2,,,1,15,,33803,2,,,1,15,,33804,2,,,1,55,,33805,2,,,1,15,,33806,2,,,1,15,,33807,2,,,1,15,,33808,2,,,1,55,,33809,2,,,1,15,,33810,2,,,1,15,,33811,2,,,1,15,,33812,2,,,1,55,,33813,2,,,1,15,,33814,2,,,1,15,,33815,2,,,1
18002200,'022R-Sunday-2-26-09',553,,38109,5,,,1,55,,38110,5,,,1,15,,38111,5,,,1,15,,38112,5,,,1,15,,38080,5,,,1,55,,38095,5,,,1,15,,38041,5,,,1,15,,38052,5,,,1,15,,38067,5,,,1,55,,38064,5,,,1,15,,38081,5,,,1,15,,38066,5,,,1,15,,38094,5,,,1,55,,38093,5,,,1,15,,38096,5,,,1,15,,38048,5,,,1,15,,38106,5,,,1,55,,38091,5,,,1,15,,38079,5,,,1,15,,38057,5,,,1,15,,38063,5,,,1,55,,38108,5,,,1,15,,38050,5,,,1,15,,38078,5,,,1,15,,38076,5,,,1,55,,38045,5,,,1,15,,38105,5,,,1,15,,38047,5,,,1,15,,38083,5,,,1,55,,38071,5,,,1,15,,38055,5,,,1,15,,38102,5,,,1,15,,38089,5,,,1,55,,38068,5,,,1,15,,38061,5,,,1,15,,38103,5,,,1,15,,38042,5,,,1,55,,38088,5,,,1,15,,38046,5,,,1,15,,38092,5,,,1,15,,38070,5,,,1,55,,38086,5,,,1,15,,38040,5,,,1,15,,38085,5,,,1,15,,38062,5,,,1,55,,38098,5,,,1,15,,38099,5,,,1,15,,38044,5,,,1,15,,38053,5,,,1,55,,38058,5,,,1,15,,38060,5,,,1,15,,38059,5,,,1,15,,38056,5,,,1,55,,38100,5,,,1,15,,38073,5,,,1,15,,38075,5,,,1,15,,38090,5,,,1,55,,38104,5,,,1,15,,38043,5,,,1,15,,38039,5,,,1,15,,38077,5,,,1,55,,38074,5,,,1,15,,38107,5,,,1,15,,38049,5,,,1,15,,38101,5,,,1,55,,38082,5,,,1,15,,38087,5,,,1,15,,38097,5,,,1,15,,38051,5,,,1,55,,38038,5,,,1,15,,38054,5,,,1,15,,38069,5,,,1,15,,38072,5,,,1,55,,38065,5,,,1,15,,38084,5,,,1
18002200,'022R-Sunday-6-26-09',1826,,38257,2,,,1,15,,38258,2,,,1,15,,38259,2,,,1,55,,38260,2,,,1,15,,38261,2,,,1,15,,38262,2,,,1,15,,38263,2,,,1,55,,38264,2,,,1,15,,38265,2,,,1,15,,38266,2,,,1,15,,38267,2,,,1,55,,38268,2,,,1,15,,38269,2,,,1,15,,38270,2,,,1,15,,38271,2,,,1,55,,38272,2,,,1,15,,38273,2,,,1,15,,38274,2,,,1,15,,38275,2,,,1,55,,38276,2,,,1,15,,38277,2,,,1,15,,38278,2,,,1
