18002101,'021R-Weekday-1-26-09',535,,32849,13,,,1,12,,32851,13,,,1,12,,32852,13,,,1,46,,32983,13,,,1,6,,32850,13,,,1,6,,32881,13,,,1,6,,32882,13,,,1,6,,32883,13,,,1,6,,32884,13,,,1,6,,32880,13,,,1,6,,32879,13,,,1,6,,32878,13,,,1,6,,32877,13,,,1,46,,32876,13,,,1,6,,32875,13,,,1,6,,32874,13,,,1,6,,32873,13,,,1,6,,32872,13,,,1,6,,32871,13,,,1,6,,32870,13,,,1,6,,32869,13,,,1,6,,32868,13,,,1,6,,32867,13,,,1,46,,32866,13,,,1,6,,32865,13,,,1,6,,32864,13,,,1,6,,32863,13,,,1,6,,32862,13,,,1,6,,32861,13,,,1,6,,32860,13,,,1,6,,32859,13,,,1,6,,32858,13,,,1,6,,32857,13,,,1,46,,32856,13,,,1,6,,32855,13,,,1,6,,32854,13,,,1,10,,32885,13,,,1,10,,32886,13,,,1,10,,32887,13,,,1,10,,32888,13,,,1,50,,32889,13,,,1,10,,32890,13,,,1,10,,32891,13,,,1,10,,32892,13,,,1,10,,32893,13,,,1,10,,32894,13,,,1,50,,32895,13,,,1,10,,32896,13,,,1,10,,32897,13,,,1,10,,32898,13,,,1,10,,32899,13,,,1,10,,32900,13,,,1,50,,32901,13,,,1,10,,32902,13,,,1,10,,32903,13,,,1,10,,32904,13,,,1,10,,32905,13,,,1,10,,32906,13,,,1,50,,32907,13,,,1,10,,32908,13,,,1,10,,32909,13,,,1,10,,32910,13,,,1,10,,32911,13,,,1,10,,32912,13,,,1,50,,32913,13,,,1,10,,32914,13,,,1,6,,32915,13,,,1,6,,32916,13,,,1,6,,32917,13,,,1,6,,32918,13,,,1,6,,32919,13,,,1,6,,32920,13,,,1,6,,32921,13,,,1,46,,32922,13,,,1,6,,32923,13,,,1,6,,32924,13,,,1,6,,32925,13,,,1,6,,32926,13,,,1,6,,32927,13,,,1,6,,32928,13,,,1,6,,32929,13,,,1,6,,32930,13,,,1,6,,32931,13,,,1,46,,32932,13,,,1,6,,32933,13,,,1,6,,32934,13,,,1,6,,32935,13,,,1,6,,32936,13,,,1,6,,32937,13,,,1,6,,32938,13,,,1,6,,32939,13,,,1,6,,32940,13,,,1,6,,32941,13,,,1,46,,32942,13,,,1,6,,32943,13,,,1,6,,32944,13,,,1,6,,32945,13,,,1,6,,32946,13,,,1,6,,32947,13,,,1,6,,32948,13,,,1,6,,32949,13,,,1,6,,32950,13,,,1,6,,32951,13,,,1,46,,32952,13,,,1,6,,32953,13,,,1,6,,32954,13,,,1,6,,32955,13,,,1,9,,32956,13,,,1,15,,32957,13,,,1,55,,32958,13,,,1,15,,32959,13,,,1,15,,32960,13,,,1,15,,32961,13,,,1,55,,32962,13,,,1,15,,32963,13,,,1,15,,32964,13,,,1,15,,32965,13,,,1,55,,32966,13,,,1,15,,32967,13,,,1,15,,32968,13,,,1,15,,32969,13,,,1,55,,32970,13,,,1,15,,32971,13,,,1,15,,32972,13,,,1,15,,32973,13,,,1,55,,32974,13,,,1,15,,32975,13,,,1,15,,32976,13,,,1,15,,32977,13,,,1,55,,32978,13,,,1,15,,32979,13,,,1,15,,32980,13,,,1,15,,32981,13,,,1,55,,32982,13,,,1,15,,32853,13,,,1
18002101,'021R-Weekday-2-26-09',535,,32984,13,,,1,12,,32986,13,,,1,12,,32987,13,,,1,46,,33118,13,,,1,6,,32985,13,,,1,6,,33016,13,,,1,6,,33017,13,,,1,6,,33018,13,,,1,6,,33019,13,,,1,6,,33015,13,,,1,6,,33014,13,,,1,6,,33013,13,,,1,6,,33012,13,,,1,46,,33011,13,,,1,6,,33010,13,,,1,6,,33009,13,,,1,6,,33008,13,,,1,6,,33007,13,,,1,6,,33006,13,,,1,6,,33005,13,,,1,6,,33004,13,,,1,6,,33003,13,,,1,6,,33002,13,,,1,46,,33001,13,,,1,6,,33000,13,,,1,6,,32999,13,,,1,6,,32998,13,,,1,6,,32997,13,,,1,6,,32996,13,,,1,6,,32995,13,,,1,6,,32994,13,,,1,6,,32993,13,,,1,6,,32992,13,,,1,46,,32991,13,,,1,6,,32990,13,,,1,6,,32989,13,,,1,10,,33020,13,,,1,10,,33021,13,,,1,10,,33022,13,,,1,10,,33023,13,,,1,50,,33024,13,,,1,10,,33025,13,,,1,10,,33026,13,,,1,10,,33027,13,,,1,10,,33028,13,,,1,10,,33029,13,,,1,50,,33030,13,,,1,10,,33031,13,,,1,10,,33032,13,,,1,10,,33033,13,,,1,10,,33034,13,,,1,10,,33035,13,,,1,50,,33036,13,,,1,10,,33037,13,,,1,10,,33038,13,,,1,10,,33039,13,,,1,10,,33040,13,,,1,10,,33041,13,,,1,50,,33042,13,,,1,10,,33043,13,,,1,10,,33044,13,,,1,10,,33045,13,,,1,10,,33046,13,,,1,10,,33047,13,,,1,50,,33048,13,,,1,10,,33049,13,,,1,6,,33050,13,,,1,6,,33051,13,,,1,6,,33052,13,,,1,6,,33053,13,,,1,6,,33054,13,,,1,6,,33055,13,,,1,6,,33056,13,,,1,46,,33057,13,,,1,6,,33058,13,,,1,6,,33059,13,,,1,6,,33060,13,,,1,6,,33061,13,,,1,6,,33062,13,,,1,6,,33063,13,,,1,6,,33064,13,,,1,6,,33065,13,,,1,6,,33066,13,,,1,46,,33067,13,,,1,6,,33068,13,,,1,6,,33069,13,,,1,6,,33070,13,,,1,6,,33071,13,,,1,6,,33072,13,,,1,6,,33073,13,,,1,6,,33074,13,,,1,6,,33075,13,,,1,6,,33076,13,,,1,46,,33077,13,,,1,6,,33078,13,,,1,6,,33079,13,,,1,6,,33080,13,,,1,6,,33081,13,,,1,6,,33082,13,,,1,6,,33083,13,,,1,6,,33084,13,,,1,6,,33085,13,,,1,6,,33086,13,,,1,46,,33087,13,,,1,6,,33088,13,,,1,6,,33089,13,,,1,6,,33090,13,,,1,9,,33091,13,,,1,15,,33092,13,,,1,55,,33093,13,,,1,15,,33094,13,,,1,15,,33095,13,,,1,15,,33096,13,,,1,55,,33097,13,,,1,15,,33098,13,,,1,15,,33099,13,,,1,15,,33100,13,,,1,55,,33101,13,,,1,15,,33102,13,,,1,15,,33103,13,,,1,15,,33104,13,,,1,55,,33105,13,,,1,15,,33106,13,,,1,15,,33107,13,,,1,15,,33108,13,,,1,55,,33109,13,,,1,15,,33110,13,,,1,15,,33111,13,,,1,15,,33112,13,,,1,55,,33113,13,,,1,15,,33114,13,,,1,15,,33115,13,,,1,15,,33116,13,,,1,55,,33117,13,,,1,15,,32988,13,,,1
18002101,'021R-Weekday-3-26-09',535,,36689,13,,,1,12,,36691,13,,,1,12,,36692,13,,,1,46,,36823,13,,,1,6,,36690,13,,,1,6,,36721,13,,,1,6,,36722,13,,,1,6,,36723,13,,,1,6,,36724,13,,,1,6,,36720,13,,,1,6,,36719,13,,,1,6,,36718,13,,,1,6,,36717,13,,,1,46,,36716,13,,,1,6,,36715,13,,,1,6,,36714,13,,,1,6,,36713,13,,,1,6,,36712,13,,,1,6,,36711,13,,,1,6,,36710,13,,,1,6,,36709,13,,,1,6,,36708,13,,,1,6,,36707,13,,,1,46,,36706,13,,,1,6,,36705,13,,,1,6,,36704,13,,,1,6,,36703,13,,,1,6,,36702,13,,,1,6,,36701,13,,,1,6,,36700,13,,,1,6,,36699,13,,,1,6,,36698,13,,,1,6,,36697,13,,,1,46,,36696,13,,,1,6,,36695,13,,,1,6,,36694,13,,,1,10,,36725,13,,,1,10,,36726,13,,,1,10,,36727,13,,,1,10,,36728,13,,,1,50,,36729,13,,,1,10,,36730,13,,,1,10,,36731,13,,,1,10,,36732,13,,,1,10,,36733,13,,,1,10,,36734,13,,,1,50,,36735,13,,,1,10,,36736,13,,,1,10,,36737,13,,,1,10,,36738,13,,,1,10,,36739,13,,,1,10,,36740,13,,,1,50,,36741,13,,,1,10,,36742,13,,,1,10,,36743,13,,,1,10,,36744,13,,,1,10,,36745,13,,,1,10,,36746,13,,,1,50,,36747,13,,,1,10,,36748,13,,,1,10,,36749,13,,,1,10,,36750,13,,,1,10,,36751,13,,,1,10,,36752,13,,,1,50,,36753,13,,,1,10,,36754,13,,,1,6,,36755,13,,,1,6,,36756,13,,,1,6,,36757,13,,,1,6,,36758,13,,,1,6,,36759,13,,,1,6,,36760,13,,,1,6,,36761,13,,,1,46,,36762,13,,,1,6,,36763,13,,,1,6,,36764,13,,,1,6,,36765,13,,,1,6,,36766,13,,,1,6,,36767,13,,,1,6,,36768,13,,,1,6,,36769,13,,,1,6,,36770,13,,,1,6,,36771,13,,,1,46,,36772,13,,,1,6,,36773,13,,,1,6,,36774,13,,,1,6,,36775,13,,,1,6,,36776,13,,,1,6,,36777,13,,,1,6,,36778,13,,,1,6,,36779,13,,,1,6,,36780,13,,,1,6,,36781,13,,,1,46,,36782,13,,,1,6,,36783,13,,,1,6,,36784,13,,,1,6,,36785,13,,,1,6,,36786,13,,,1,6,,36787,13,,,1,6,,36788,13,,,1,6,,36789,13,,,1,6,,36790,13,,,1,6,,36791,13,,,1,46,,36792,13,,,1,6,,36793,13,,,1,6,,36794,13,,,1,6,,36795,13,,,1,9,,36796,13,,,1,15,,36797,13,,,1,55,,36798,13,,,1,15,,36799,13,,,1,15,,36800,13,,,1,15,,36801,13,,,1,55,,36802,13,,,1,15,,36803,13,,,1,15,,36804,13,,,1,15,,36805,13,,,1,55,,36806,13,,,1,15,,36807,13,,,1,15,,36808,13,,,1,15,,36809,13,,,1,55,,36810,13,,,1,15,,36811,13,,,1,15,,36812,13,,,1,15,,36813,13,,,1,55,,36814,13,,,1,15,,36815,13,,,1,15,,36816,13,,,1,15,,36817,13,,,1,55,,36818,13,,,1,15,,36819,13,,,1,15,,36820,13,,,1,15,,36821,13,,,1,55,,36822,13,,,1,15,,36693,13,,,1
18002101,'021R-Weekday-4-26-09',535,,33119,13,,,1,12,,33121,13,,,1,12,,33122,13,,,1,46,,33253,13,,,1,6,,33120,13,,,1,6,,33151,13,,,1,6,,33152,13,,,1,6,,33153,13,,,1,6,,33154,13,,,1,6,,33150,13,,,1,6,,33149,13,,,1,6,,33148,13,,,1,6,,33147,13,,,1,46,,33146,13,,,1,6,,33145,13,,,1,6,,33144,13,,,1,6,,33143,13,,,1,6,,33142,13,,,1,6,,33141,13,,,1,6,,33140,13,,,1,6,,33139,13,,,1,6,,33138,13,,,1,6,,33137,13,,,1,46,,33136,13,,,1,6,,33135,13,,,1,6,,33134,13,,,1,6,,33133,13,,,1,6,,33132,13,,,1,6,,33131,13,,,1,6,,33130,13,,,1,6,,33129,13,,,1,6,,33128,13,,,1,6,,33127,13,,,1,46,,33126,13,,,1,6,,33125,13,,,1,6,,33124,13,,,1,10,,33155,13,,,1,10,,33156,13,,,1,10,,33157,13,,,1,10,,33158,13,,,1,50,,33159,13,,,1,10,,33160,13,,,1,10,,33161,13,,,1,10,,33162,13,,,1,10,,33163,13,,,1,10,,33164,13,,,1,50,,33165,13,,,1,10,,33166,13,,,1,10,,33167,13,,,1,10,,33168,13,,,1,10,,33169,13,,,1,10,,33170,13,,,1,50,,33171,13,,,1,10,,33172,13,,,1,10,,33173,13,,,1,10,,33174,13,,,1,10,,33175,13,,,1,10,,33176,13,,,1,50,,33177,13,,,1,10,,33178,13,,,1,10,,33179,13,,,1,10,,33180,13,,,1,10,,33181,13,,,1,10,,33182,13,,,1,50,,33183,13,,,1,10,,33184,13,,,1,6,,33185,13,,,1,6,,33186,13,,,1,6,,33187,13,,,1,6,,33188,13,,,1,6,,33189,13,,,1,6,,33190,13,,,1,6,,33191,13,,,1,46,,33192,13,,,1,6,,33193,13,,,1,6,,33194,13,,,1,6,,33195,13,,,1,6,,33196,13,,,1,6,,33197,13,,,1,6,,33198,13,,,1,6,,33199,13,,,1,6,,33200,13,,,1,6,,33201,13,,,1,46,,33202,13,,,1,6,,33203,13,,,1,6,,33204,13,,,1,6,,33205,13,,,1,6,,33206,13,,,1,6,,33207,13,,,1,6,,33208,13,,,1,6,,33209,13,,,1,6,,33210,13,,,1,6,,33211,13,,,1,46,,33212,13,,,1,6,,33213,13,,,1,6,,33214,13,,,1,6,,33215,13,,,1,6,,33216,13,,,1,6,,33217,13,,,1,6,,33218,13,,,1,6,,33219,13,,,1,6,,33220,13,,,1,6,,33221,13,,,1,46,,33222,13,,,1,6,,33223,13,,,1,6,,33224,13,,,1,6,,33225,13,,,1,9,,33226,13,,,1,15,,33227,13,,,1,55,,33228,13,,,1,15,,33229,13,,,1,15,,33230,13,,,1,15,,33231,13,,,1,55,,33232,13,,,1,15,,33233,13,,,1,15,,33234,13,,,1,15,,33235,13,,,1,55,,33236,13,,,1,15,,33237,13,,,1,15,,33238,13,,,1,15,,33239,13,,,1,55,,33240,13,,,1,15,,33241,13,,,1,15,,33242,13,,,1,15,,33243,13,,,1,55,,33244,13,,,1,15,,33245,13,,,1,15,,33246,13,,,1,15,,33247,13,,,1,55,,33248,13,,,1,15,,33249,13,,,1,15,,33250,13,,,1,15,,33251,13,,,1,55,,33252,13,,,1,15,,33123,13,,,1
18002101,'021R-Weekday-5-26-09',535,,36824,13,,,1,12,,36826,13,,,1,12,,36827,13,,,1,46,,36958,13,,,1,6,,36825,13,,,1,6,,36856,13,,,1,6,,36857,13,,,1,6,,36858,13,,,1,6,,36859,13,,,1,6,,36855,13,,,1,6,,36854,13,,,1,6,,36853,13,,,1,6,,36852,13,,,1,46,,36851,13,,,1,6,,36850,13,,,1,6,,36849,13,,,1,6,,36848,13,,,1,6,,36847,13,,,1,6,,36846,13,,,1,6,,36845,13,,,1,6,,36844,13,,,1,6,,36843,13,,,1,6,,36842,13,,,1,46,,36841,13,,,1,6,,36840,13,,,1,6,,36839,13,,,1,6,,36838,13,,,1,6,,36837,13,,,1,6,,36836,13,,,1,6,,36835,13,,,1,6,,36834,13,,,1,6,,36833,13,,,1,6,,36832,13,,,1,46,,36831,13,,,1,6,,36830,13,,,1,6,,36829,13,,,1,10,,36860,13,,,1,10,,36861,13,,,1,10,,36862,13,,,1,10,,36863,13,,,1,50,,36864,13,,,1,10,,36865,13,,,1,10,,36866,13,,,1,10,,36867,13,,,1,10,,36868,13,,,1,10,,36869,13,,,1,50,,36870,13,,,1,10,,36871,13,,,1,10,,36872,13,,,1,10,,36873,13,,,1,10,,36874,13,,,1,10,,36875,13,,,1,50,,36876,13,,,1,10,,36877,13,,,1,10,,36878,13,,,1,10,,36879,13,,,1,10,,36880,13,,,1,10,,36881,13,,,1,50,,36882,13,,,1,10,,36883,13,,,1,10,,36884,13,,,1,10,,36885,13,,,1,10,,36886,13,,,1,10,,36887,13,,,1,50,,36888,13,,,1,10,,36889,13,,,1,6,,36890,13,,,1,6,,36891,13,,,1,6,,36892,13,,,1,6,,36893,13,,,1,6,,36894,13,,,1,6,,36895,13,,,1,6,,36896,13,,,1,46,,36897,13,,,1,6,,36898,13,,,1,6,,36899,13,,,1,6,,36900,13,,,1,6,,36901,13,,,1,6,,36902,13,,,1,6,,36903,13,,,1,6,,36904,13,,,1,6,,36905,13,,,1,6,,36906,13,,,1,46,,36907,13,,,1,6,,36908,13,,,1,6,,36909,13,,,1,6,,36910,13,,,1,6,,36911,13,,,1,6,,36912,13,,,1,6,,36913,13,,,1,6,,36914,13,,,1,6,,36915,13,,,1,6,,36916,13,,,1,46,,36917,13,,,1,6,,36918,13,,,1,6,,36919,13,,,1,6,,36920,13,,,1,6,,36921,13,,,1,6,,36922,13,,,1,6,,36923,13,,,1,6,,36924,13,,,1,6,,36925,13,,,1,6,,36926,13,,,1,46,,36927,13,,,1,6,,36928,13,,,1,6,,36929,13,,,1,6,,36930,13,,,1,9,,36931,13,,,1,15,,36932,13,,,1,55,,36933,13,,,1,15,,36934,13,,,1,15,,36935,13,,,1,15,,36936,13,,,1,55,,36937,13,,,1,15,,36938,13,,,1,15,,36939,13,,,1,15,,36940,13,,,1,55,,36941,13,,,1,15,,36942,13,,,1,15,,36943,13,,,1,15,,36944,13,,,1,55,,36945,13,,,1,15,,36946,13,,,1,15,,36947,13,,,1,15,,36948,13,,,1,55,,36949,13,,,1,15,,36950,13,,,1,15,,36951,13,,,1,15,,36952,13,,,1,55,,36953,13,,,1,15,,36954,13,,,1,15,,36955,13,,,1,15,,36956,13,,,1,55,,36957,13,,,1,15,,36828,13,,,1
18002101,'021R-Weekday-6-26-09',535,,36959,13,,,1,12,,36961,13,,,1,12,,36962,13,,,1,46,,37093,13,,,1,6,,36960,13,,,1,6,,36991,13,,,1,6,,36992,13,,,1,6,,36993,13,,,1,6,,36994,13,,,1,6,,36990,13,,,1,6,,36989,13,,,1,6,,36988,13,,,1,6,,36987,13,,,1,46,,36986,13,,,1,6,,36985,13,,,1,6,,36984,13,,,1,6,,36983,13,,,1,6,,36982,13,,,1,6,,36981,13,,,1,6,,36980,13,,,1,6,,36979,13,,,1,6,,36978,13,,,1,6,,36977,13,,,1,46,,36976,13,,,1,6,,36975,13,,,1,6,,36974,13,,,1,6,,36973,13,,,1,6,,36972,13,,,1,6,,36971,13,,,1,6,,36970,13,,,1,6,,36969,13,,,1,6,,36968,13,,,1,6,,36967,13,,,1,46,,36966,13,,,1,6,,36965,13,,,1,6,,36964,13,,,1,10,,36995,13,,,1,10,,36996,13,,,1,10,,36997,13,,,1,10,,36998,13,,,1,50,,36999,13,,,1,10,,37000,13,,,1,10,,37001,13,,,1,10,,37002,13,,,1,10,,37003,13,,,1,10,,37004,13,,,1,50,,37005,13,,,1,10,,37006,13,,,1,10,,37007,13,,,1,10,,37008,13,,,1,10,,37009,13,,,1,10,,37010,13,,,1,50,,37011,13,,,1,10,,37012,13,,,1,10,,37013,13,,,1,10,,37014,13,,,1,10,,37015,13,,,1,10,,37016,13,,,1,50,,37017,13,,,1,10,,37018,13,,,1,10,,37019,13,,,1,10,,37020,13,,,1,10,,37021,13,,,1,10,,37022,13,,,1,50,,37023,13,,,1,10,,37024,13,,,1,6,,37025,13,,,1,6,,37026,13,,,1,6,,37027,13,,,1,6,,37028,13,,,1,6,,37029,13,,,1,6,,37030,13,,,1,6,,37031,13,,,1,46,,37032,13,,,1,6,,37033,13,,,1,6,,37034,13,,,1,6,,37035,13,,,1,6,,37036,13,,,1,6,,37037,13,,,1,6,,37038,13,,,1,6,,37039,13,,,1,6,,37040,13,,,1,6,,37041,13,,,1,46,,37042,13,,,1,6,,37043,13,,,1,6,,37044,13,,,1,6,,37045,13,,,1,6,,37046,13,,,1,6,,37047,13,,,1,6,,37048,13,,,1,6,,37049,13,,,1,6,,37050,13,,,1,6,,37051,13,,,1,46,,37052,13,,,1,6,,37053,13,,,1,6,,37054,13,,,1,6,,37055,13,,,1,6,,37056,13,,,1,6,,37057,13,,,1,6,,37058,13,,,1,6,,37059,13,,,1,6,,37060,13,,,1,6,,37061,13,,,1,46,,37062,13,,,1,6,,37063,13,,,1,6,,37064,13,,,1,6,,37065,13,,,1,9,,37066,13,,,1,15,,37067,13,,,1,55,,37068,13,,,1,15,,37069,13,,,1,15,,37070,13,,,1,15,,37071,13,,,1,55,,37072,13,,,1,15,,37073,13,,,1,15,,37074,13,,,1,15,,37075,13,,,1,55,,37076,13,,,1,15,,37077,13,,,1,15,,37078,13,,,1,15,,37079,13,,,1,55,,37080,13,,,1,15,,37081,13,,,1,15,,37082,13,,,1,15,,37083,13,,,1,55,,37084,13,,,1,15,,37085,13,,,1,15,,37086,13,,,1,15,,37087,13,,,1,55,,37088,13,,,1,15,,37089,13,,,1,15,,37090,13,,,1,15,,37091,13,,,1,55,,37092,13,,,1,15,,36963,13,,,1
18002101,'021R-Weekday-7-26-09',535,,37094,13,,,1,12,,37096,13,,,1,12,,37097,13,,,1,46,,37228,13,,,1,6,,37095,13,,,1,6,,37126,13,,,1,6,,37127,13,,,1,6,,37128,13,,,1,6,,37129,13,,,1,6,,37125,13,,,1,6,,37124,13,,,1,6,,37123,13,,,1,6,,37122,13,,,1,46,,37121,13,,,1,6,,37120,13,,,1,6,,37119,13,,,1,6,,37118,13,,,1,6,,37117,13,,,1,6,,37116,13,,,1,6,,37115,13,,,1,6,,37114,13,,,1,6,,37113,13,,,1,6,,37112,13,,,1,46,,37111,13,,,1,6,,37110,13,,,1,6,,37109,13,,,1,6,,37108,13,,,1,6,,37107,13,,,1,6,,37106,13,,,1,6,,37105,13,,,1,6,,37104,13,,,1,6,,37103,13,,,1,6,,37102,13,,,1,46,,37101,13,,,1,6,,37100,13,,,1,6,,37099,13,,,1,10,,37130,13,,,1,10,,37131,13,,,1,10,,37132,13,,,1,10,,37133,13,,,1,50,,37134,13,,,1,10,,37135,13,,,1,10,,37136,13,,,1,10,,37137,13,,,1,10,,37138,13,,,1,10,,37139,13,,,1,50,,37140,13,,,1,10,,37141,13,,,1,10,,37142,13,,,1,10,,37143,13,,,1,10,,37144,13,,,1,10,,37145,13,,,1,50,,37146,13,,,1,10,,37147,13,,,1,10,,37148,13,,,1,10,,37149,13,,,1,10,,37150,13,,,1,10,,37151,13,,,1,50,,37152,13,,,1,10,,37153,13,,,1,10,,37154,13,,,1,10,,37155,13,,,1,10,,37156,13,,,1,10,,37157,13,,,1,50,,37158,13,,,1,10,,37159,13,,,1,6,,37160,13,,,1,6,,37161,13,,,1,6,,37162,13,,,1,6,,37163,13,,,1,6,,37164,13,,,1,6,,37165,13,,,1,6,,37166,13,,,1,46,,37167,13,,,1,6,,37168,13,,,1,6,,37169,13,,,1,6,,37170,13,,,1,6,,37171,13,,,1,6,,37172,13,,,1,6,,37173,13,,,1,6,,37174,13,,,1,6,,37175,13,,,1,6,,37176,13,,,1,46,,37177,13,,,1,6,,37178,13,,,1,6,,37179,13,,,1,6,,37180,13,,,1,6,,37181,13,,,1,6,,37182,13,,,1,6,,37183,13,,,1,6,,37184,13,,,1,6,,37185,13,,,1,6,,37186,13,,,1,46,,37187,13,,,1,6,,37188,13,,,1,6,,37189,13,,,1,6,,37190,13,,,1,6,,37191,13,,,1,6,,37192,13,,,1,6,,37193,13,,,1,6,,37194,13,,,1,6,,37195,13,,,1,6,,37196,13,,,1,46,,37197,13,,,1,6,,37198,13,,,1,6,,37199,13,,,1,6,,37200,13,,,1,9,,37201,13,,,1,15,,37202,13,,,1,55,,37203,13,,,1,15,,37204,13,,,1,15,,37205,13,,,1,15,,37206,13,,,1,55,,37207,13,,,1,15,,37208,13,,,1,15,,37209,13,,,1,15,,37210,13,,,1,55,,37211,13,,,1,15,,37212,13,,,1,15,,37213,13,,,1,15,,37214,13,,,1,55,,37215,13,,,1,15,,37216,13,,,1,15,,37217,13,,,1,15,,37218,13,,,1,55,,37219,13,,,1,15,,37220,13,,,1,15,,37221,13,,,1,15,,37222,13,,,1,55,,37223,13,,,1,15,,37224,13,,,1,15,,37225,13,,,1,15,,37226,13,,,1,55,,37227,13,,,1,15,,37098,13,,,1
18002101,'021R-Saturday-1-26-09',532,,33254,13,,,1,15,,33255,13,,,1,55,,33256,13,,,1,15,,33257,13,,,1,15,,33258,13,,,1,15,,33259,13,,,1,55,,33260,13,,,1,15,,33261,13,,,1,15,,33262,13,,,1,15,,33263,13,,,1,55,,33264,13,,,1,15,,33265,13,,,1,15,,33266,13,,,1,15,,33267,13,,,1,55,,33268,13,,,1,15,,33269,13,,,1,15,,33270,13,,,1,15,,33271,13,,,1,55,,33272,13,,,1,15,,33273,13,,,1,15,,33274,13,,,1,15,,33275,13,,,1,55,,33276,13,,,1,15,,33277,13,,,1,15,,33278,13,,,1,15,,33279,13,,,1,55,,33280,13,,,1,15,,33281,13,,,1,15,,33282,13,,,1,15,,33283,13,,,1,55,,33284,13,,,1,15,,33285,13,,,1,15,,33286,13,,,1,15,,33287,13,,,1,55,,33288,13,,,1,15,,33289,13,,,1,15,,33290,13,,,1,15,,33291,13,,,1,55,,33292,13,,,1,15,,33293,13,,,1,15,,33294,13,,,1,15,,33295,13,,,1,55,,33296,13,,,1,15,,33297,13,,,1,15,,33298,13,,,1,15,,33299,13,,,1,55,,33300,13,,,1,15,,33301,13,,,1,15,,33302,13,,,1,15,,33303,13,,,1,55,,33304,13,,,1,15,,33305,13,,,1,15,,33306,13,,,1,15,,33307,13,,,1,55,,33308,13,,,1,15,,33309,13,,,1,15,,33310,13,,,1,15,,33311,13,,,1,55,,33312,13,,,1,15,,33313,13,,,1,15,,33314,13,,,1,15,,33315,13,,,1,55,,33316,13,,,1,15,,33317,13,,,1,15,,33318,13,,,1,15,,33319,13,,,1,55,,33320,13,,,1,15,,33321,13,,,1,15,,33322,13,,,1,15,,33323,13,,,1,55,,33324,13,,,1,15,,33325,13,,,1,15,,33326,13,,,1,15,,33327,13,,,1,55,,33328,13,,,1,15,,33329,13,,,1,15,,33330,13,,,1,15,,33331,13,,,1,55,,33332,13,,,1,15,,33333,13,,,1
18002101,'021R-Saturday-2-26-09',534,,37229,13,,,1,15,,37230,13,,,1,55,,37231,13,,,1,15,,37232,13,,,1,15,,37233,13,,,1,15,,37234,13,,,1,55,,37235,13,,,1,15,,37236,13,,,1,15,,37237,13,,,1,15,,37238,13,,,1,55,,37239,13,,,1,15,,37240,13,,,1,15,,37241,13,,,1,15,,37242,13,,,1,55,,37243,13,,,1,15,,37244,13,,,1,15,,37245,13,,,1,15,,37246,13,,,1,55,,37247,13,,,1,15,,37248,13,,,1,15,,37249,13,,,1,15,,37250,13,,,1,55,,37251,13,,,1,15,,37252,13,,,1,15,,37253,13,,,1,15,,37254,13,,,1,55,,37255,13,,,1,15,,37256,13,,,1,15,,37257,13,,,1,15,,37258,13,,,1,55,,37259,13,,,1,15,,37260,13,,,1,15,,37261,13,,,1,15,,37262,13,,,1,55,,37263,13,,,1,15,,37264,13,,,1,15,,37265,13,,,1,15,,37266,13,,,1,55,,37267,13,,,1,15,,37268,13,,,1,15,,37269,13,,,1,15,,37270,13,,,1,55,,37271,13,,,1,15,,37272,13,,,1,15,,37273,13,,,1,15,,37274,13,,,1,55,,37275,13,,,1,15,,37276,13,,,1,15,,37277,13,,,1,15,,37278,13,,,1,55,,37279,13,,,1,15,,37280,13,,,1,15,,37281,13,,,1,15,,37282,13,,,1,55,,37283,13,,,1,15,,37284,13,,,1,15,,37285,13,,,1,15,,37286,13,,,1,55,,37287,13,,,1,15,,37288,13,,,1,15,,37289,13,,,1,15,,37290,13,,,1,55,,37291,13,,,1,15,,37292,13,,,1,15,,37293,13,,,1,15,,37294,13,,,1,55,,37295,13,,,1,15,,37296,13,,,1,15,,37297,13,,,1,15,,37298,13,,,1,55,,37299,13,,,1,15,,37300,13,,,1,15,,37301,13,,,1,15,,37302,13,,,1,55,,37303,13,,,1,15,,37304,13,,,1,15,,37305,13,,,1,15,,37306,13,,,1,55,,37307,13,,,1,15,,37308,13,,,1
18002101,'021R-Sunday-1-26-09',532,,33334,13,,,1,15,,33335,13,,,1,55,,33336,13,,,1,15,,33337,13,,,1,15,,33338,13,,,1,15,,33339,13,,,1,55,,33340,13,,,1,15,,33341,13,,,1,15,,33342,13,,,1,15,,33343,13,,,1,55,,33344,13,,,1,15,,33345,13,,,1,15,,33346,13,,,1,15,,33347,13,,,1,55,,33348,13,,,1,15,,33349,13,,,1,15,,33350,13,,,1,15,,33351,13,,,1,55,,33352,13,,,1,15,,33353,13,,,1,15,,33354,13,,,1,15,,33355,13,,,1,55,,33356,13,,,1,15,,33357,13,,,1,15,,33358,13,,,1,15,,33359,13,,,1,55,,33360,13,,,1,15,,33361,13,,,1,15,,33362,13,,,1,15,,33363,13,,,1,55,,33364,13,,,1,15,,33365,13,,,1,15,,33366,13,,,1,15,,33367,13,,,1,55,,33368,13,,,1,15,,33369,13,,,1,15,,33370,13,,,1,15,,33371,13,,,1,55,,33372,13,,,1,15,,33373,13,,,1,15,,33374,13,,,1,15,,33375,13,,,1,55,,33376,13,,,1,15,,33377,13,,,1,15,,33378,13,,,1,15,,33379,13,,,1,55,,33380,13,,,1,15,,33381,13,,,1,15,,33382,13,,,1,15,,33383,13,,,1,55,,33384,13,,,1,15,,33385,13,,,1,15,,33386,13,,,1,15,,33387,13,,,1,55,,33388,13,,,1,15,,33389,13,,,1,15,,33390,13,,,1,15,,33391,13,,,1,55,,33392,13,,,1,15,,33393,13,,,1,15,,33394,13,,,1,15,,33395,13,,,1,55,,33396,13,,,1,15,,33397,13,,,1,15,,33398,13,,,1,15,,33399,13,,,1,55,,33400,13,,,1,15,,33401,13,,,1,15,,33402,13,,,1,15,,33403,13,,,1,55,,33404,13,,,1,15,,33405,13,,,1,15,,33406,13,,,1,15,,33407,13,,,1,55,,33408,13,,,1,15,,33409,13,,,1,15,,33410,13,,,1
18002101,'021R-Sunday-2-26-09',534,,37309,13,,,1,15,,37310,13,,,1,55,,37311,13,,,1,15,,37312,13,,,1,15,,37313,13,,,1,15,,37314,13,,,1,55,,37315,13,,,1,15,,37316,13,,,1,15,,37317,13,,,1,15,,37318,13,,,1,55,,37319,13,,,1,15,,37320,13,,,1,15,,37321,13,,,1,15,,37322,13,,,1,55,,37323,13,,,1,15,,37324,13,,,1,15,,37325,13,,,1,15,,37326,13,,,1,55,,37327,13,,,1,15,,37328,13,,,1,15,,37329,13,,,1,15,,37330,13,,,1,55,,37331,13,,,1,15,,37332,13,,,1,15,,37333,13,,,1,15,,37334,13,,,1,55,,37335,13,,,1,15,,37336,13,,,1,15,,37337,13,,,1,15,,37338,13,,,1,55,,37339,13,,,1,15,,37340,13,,,1,15,,37341,13,,,1,15,,37342,13,,,1,55,,37343,13,,,1,15,,37344,13,,,1,15,,37345,13,,,1,15,,37346,13,,,1,55,,37347,13,,,1,15,,37348,13,,,1,15,,37349,13,,,1,15,,37350,13,,,1,55,,37351,13,,,1,15,,37352,13,,,1,15,,37353,13,,,1,15,,37354,13,,,1,55,,37355,13,,,1,15,,37356,13,,,1,15,,37357,13,,,1,15,,37358,13,,,1,55,,37359,13,,,1,15,,37360,13,,,1,15,,37361,13,,,1,15,,37362,13,,,1,55,,37363,13,,,1,15,,37364,13,,,1,15,,37365,13,,,1,15,,37366,13,,,1,55,,37367,13,,,1,15,,37368,13,,,1,15,,37369,13,,,1,15,,37370,13,,,1,55,,37371,13,,,1,15,,37372,13,,,1,15,,37373,13,,,1,15,,37374,13,,,1,55,,37375,13,,,1,15,,37376,13,,,1,15,,37377,13,,,1,15,,37378,13,,,1,55,,37379,13,,,1,15,,37380,13,,,1,15,,37381,13,,,1,15,,37382,13,,,1,55,,37383,13,,,1,15,,37384,13,,,1,15,,37385,13,,,1
18002101,'021R-Sunday-4-26-09',534,,37386,13,,,1,15,,37387,13,,,1,55,,37388,13,,,1,15,,37389,13,,,1,15,,37390,13,,,1,15,,37391,13,,,1,55,,37392,13,,,1,15,,37393,13,,,1,15,,37394,13,,,1,15,,37395,13,,,1,55,,37396,13,,,1,15,,37397,13,,,1,15,,37398,13,,,1,15,,37399,13,,,1,55,,37400,13,,,1,15,,37401,13,,,1,15,,37402,13,,,1,15,,37403,13,,,1,55,,37404,13,,,1,15,,37405,13,,,1,15,,37406,13,,,1,15,,37407,13,,,1,55,,37408,13,,,1,15,,37409,13,,,1,15,,37410,13,,,1,15,,37411,13,,,1,55,,37412,13,,,1,15,,37413,13,,,1,15,,37414,13,,,1,15,,37415,13,,,1,55,,37416,13,,,1,15,,37417,13,,,1,15,,37418,13,,,1,15,,37419,13,,,1,55,,37420,13,,,1,15,,37421,13,,,1,15,,37422,13,,,1,15,,37423,13,,,1,55,,37424,13,,,1,15,,37425,13,,,1,15,,37426,13,,,1,15,,37427,13,,,1,55,,37428,13,,,1,15,,37429,13,,,1,15,,37430,13,,,1,15,,37431,13,,,1,55,,37432,13,,,1,15,,37433,13,,,1,15,,37434,13,,,1,15,,37435,13,,,1,55,,37436,13,,,1,15,,37437,13,,,1,15,,37438,13,,,1,15,,37439,13,,,1,55,,37440,13,,,1,15,,37441,13,,,1,15,,37442,13,,,1,15,,37443,13,,,1,55,,37444,13,,,1,15,,37445,13,,,1,15,,37446,13,,,1,15,,37447,13,,,1,55,,37448,13,,,1,15,,37449,13,,,1,15,,37450,13,,,1,15,,37451,13,,,1,55,,37452,13,,,1,15,,37453,13,,,1,15,,37454,13,,,1,15,,37455,13,,,1,55,,37456,13,,,1,15,,37457,13,,,1,15,,37458,13,,,1,15,,37459,13,,,1,55,,37460,13,,,1,15,,37461,13,,,1,15,,37462,13,,,1
18002201,'022R-Weekday-1-26-09',615,,33824,10,4,,1,12,,33825,10,4,,1,12,,33826,10,4,,1,12,,33827,10,4,,1,52,,33828,10,4,,1,12,,33829,10,4,,1,12,,33830,10,4,,1,12,,33831,10,4,,1,12,,33832,10,4,,1,52,,33833,10,4,,1,12,,33834,10,4,,1,12,,33835,10,4,,1,12,,33836,10,4,,1,12,,33837,10,4,,1,52,,33838,10,4,,1,12,,33839,10,4,,1,12,,33840,10,4,,1,18,,33841,10,4,,1,60,,33842,10,4,,1,15,,33843,10,4,,1,15,,33844,10,4,,1,15,,33845,10,4,,1,55,,33846,10,4,,1,15,,33847,10,4,,1,15,,33848,10,4,,1,15,,33849,10,4,,1,55,,33850,10,4,,1,15,,33851,10,4,,1,15,,33852,10,4,,1,15,,33853,10,4,,1,55,,33854,10,4,,1,15,,33855,10,4,,1,15,,33856,10,4,,1,15,,33857,10,4,,1,53,,33858,10,4,,1,12,,33859,10,4,,1,12,,33860,10,4,,1,12,,33861,10,4,,1,12,,33862,10,4,,1,52,,33863,10,4,,1,12,,33864,10,4,,1,12,,33865,10,4,,1,12,,33866,10,4,,1,12,,33867,10,4,,1,52,,33868,10,4,,1,12,,33869,10,4,,1,12,,33870,10,4,,1,12,,33871,10,4,,1,12,,33872,10,4,,1,52,,33873,10,4,,1,12,,33874,10,4,,1,12,,33875,10,4,,1,12,,33876,10,4,,1,12,,33877,10,4,,1,52,,33878,10,4,,1,12,,33879,10,4,,1,12,,33880,10,4,,1,17,,33881,10,4,,1,15,,33882,10,4,,1,55,,33883,10,4,,1,15,,33884,10,4,,1,15,,33885,10,4,,1,15,,33886,10,4,,1,55,,33887,10,4,,1,15,,33888,10,4,,1,15,,33889,10,4,,1,15,,33890,10,4,,1,55,,33891,10,4,,1,15,,33892,10,4,,1,15,,33893,10,4,,1,15,,33894,10,4,,1,55,,33895,10,4,,1,15,,33896,10,4,,1,15,,33897,10,4,,1,15,,33898,10,4,,1,55,,33899,10,4,,1,15,,33823,10,4,,1,15,,33822,10,4,,1,15,,33821,10,4,,1,55,,33820,10,4,,1,15,,33819,10,4,,1,15,,33818,10,4,,1,15,,33817,10,4,,1,55,,33816,10,4,,1
18002201,'022R-Weekday-2-26-09',615,,33908,10,4,,1,12,,33909,10,4,,1,12,,33910,10,4,,1,12,,33911,10,4,,1,52,,33912,10,4,,1,12,,33913,10,4,,1,12,,33914,10,4,,1,12,,33915,10,4,,1,12,,33916,10,4,,1,52,,33917,10,4,,1,12,,33918,10,4,,1,12,,33919,10,4,,1,12,,33920,10,4,,1,12,,33921,10,4,,1,52,,33922,10,4,,1,12,,33923,10,4,,1,12,,33924,10,4,,1,18,,33925,10,4,,1,60,,33926,10,4,,1,15,,33927,10,4,,1,15,,33928,10,4,,1,15,,33929,10,4,,1,55,,33930,10,4,,1,15,,33931,10,4,,1,15,,33932,10,4,,1,15,,33933,10,4,,1,55,,33934,10,4,,1,15,,33935,10,4,,1,15,,33936,10,4,,1,15,,33937,10,4,,1,55,,33938,10,4,,1,15,,33939,10,4,,1,15,,33940,10,4,,1,15,,33941,10,4,,1,53,,33942,10,4,,1,12,,33943,10,4,,1,12,,33944,10,4,,1,12,,33945,10,4,,1,12,,33946,10,4,,1,52,,33947,10,4,,1,12,,33948,10,4,,1,12,,33949,10,4,,1,12,,33950,10,4,,1,12,,33951,10,4,,1,52,,33952,10,4,,1,12,,33953,10,4,,1,12,,33954,10,4,,1,12,,33955,10,4,,1,12,,33956,10,4,,1,52,,33957,10,4,,1,12,,33958,10,4,,1,12,,33959,10,4,,1,12,,33960,10,4,,1,12,,33961,10,4,,1,52,,33962,10,4,,1,12,,33963,10,4,,1,12,,33964,10,4,,1,17,,33965,10,4,,1,15,,33966,10,4,,1,55,,33967,10,4,,1,15,,33968,10,4,,1,15,,33969,10,4,,1,15,,33970,10,4,,1,55,,33971,10,4,,1,15,,33972,10,4,,1,15,,33973,10,4,,1,15,,33974,10,4,,1,55,,33975,10,4,,1,15,,33976,10,4,,1,15,,33977,10,4,,1,15,,33978,10,4,,1,55,,33979,10,4,,1,15,,33980,10,4,,1,15,,33981,10,4,,1,15,,33982,10,4,,1,55,,33983,10,4,,1,15,,33907,10,4,,1,15,,33906,10,4,,1,15,,33905,10,4,,1,55,,33904,10,4,,1,15,,33903,10,4,,1,15,,33902,10,4,,1,15,,33901,10,4,,1,55,,33900,10,4,,1
18002201,'022R-Weekday-3-26-09',615,,38338,10,4,,1,12,,38339,10,4,,1,12,,38340,10,4,,1,12,,38341,10,4,,1,52,,38342,10,4,,1,12,,38343,10,4,,1,12,,38344,10,4,,1,12,,38345,10,4,,1,12,,38346,10,4,,1,52,,38347,10,4,,1,12,,38348,10,4,,1,12,,38349,10,4,,1,12,,38350,10,4,,1,12,,38351,10,4,,1,52,,38352,10,4,,1,12,,38353,10,4,,1,12,,38354,10,4,,1,18,,38355,10,4,,1,60,,38356,10,4,,1,15,,38357,10,4,,1,15,,38358,10,4,,1,15,,38359,10,4,,1,55,,38360,10,4,,1,15,,38361,10,4,,1,15,,38362,10,4,,1,15,,38363,10,4,,1,55,,38364,10,4,,1,15,,38365,10,4,,1,15,,38366,10,4,,1,15,,38367,10,4,,1,55,,38368,10,4,,1,15,,38369,10,4,,1,15,,38370,10,4,,1,15,,38371,10,4,,1,53,,38372,10,4,,1,12,,38373,10,4,,1,12,,38374,10,4,,1,12,,38375,10,4,,1,12,,38376,10,4,,1,52,,38377,10,4,,1,12,,38378,10,4,,1,12,,38379,10,4,,1,12,,38380,10,4,,1,12,,38381,10,4,,1,52,,38382,10,4,,1,12,,38383,10,4,,1,12,,38384,10,4,,1,12,,38385,10,4,,1,12,,38386,10,4,,1,52,,38387,10,4,,1,12,,38388,10,4,,1,12,,38389,10,4,,1,12,,38390,10,4,,1,12,,38391,10,4,,1,52,,38392,10,4,,1,12,,38393,10,4,,1,12,,38394,10,4,,1,17,,38395,10,4,,1,15,,38396,10,4,,1,55,,38397,10,4,,1,15,,38398,10,4,,1,15,,38399,10,4,,1,15,,38400,10,4,,1,55,,38401,10,4,,1,15,,38402,10,4,,1,15,,38403,10,4,,1,15,,38404,10,4,,1,55,,38405,10,4,,1,15,,38406,10,4,,1,15,,38407,10,4,,1,15,,38408,10,4,,1,55,,38409,10,4,,1,15,,38410,10,4,,1,15,,38411,10,4,,1,15,,38412,10,4,,1,55,,38413,10,4,,1,15,,38337,10,4,,1,15,,38336,10,4,,1,15,,38335,10,4,,1,55,,38334,10,4,,1,15,,38333,10,4,,1,15,,38332,10,4,,1,15,,38331,10,4,,1,55,,38330,10,4,,1
18002201,'022R-Weekday-4-26-09',615,,33992,10,4,,1,12,,33993,10,4,,1,12,,33994,10,4,,1,12,,33995,10,4,,1,52,,33996,10,4,,1,12,,33997,10,4,,1,12,,33998,10,4,,1,12,,33999,10,4,,1,12,,34000,10,4,,1,52,,34001,10,4,,1,12,,34002,10,4,,1,12,,34003,10,4,,1,12,,34004,10,4,,1,12,,34005,10,4,,1,52,,34006,10,4,,1,12,,34007,10,4,,1,12,,34008,10,4,,1,18,,34009,10,4,,1,60,,34010,10,4,,1,15,,34011,10,4,,1,15,,34012,10,4,,1,15,,34013,10,4,,1,55,,34014,10,4,,1,15,,34015,10,4,,1,15,,34016,10,4,,1,15,,34017,10,4,,1,55,,34018,10,4,,1,15,,34019,10,4,,1,15,,34020,10,4,,1,15,,34021,10,4,,1,55,,34022,10,4,,1,15,,34023,10,4,,1,15,,34024,10,4,,1,15,,34025,10,4,,1,53,,34026,10,4,,1,12,,34027,10,4,,1,12,,34028,10,4,,1,12,,34029,10,4,,1,12,,34030,10,4,,1,52,,34031,10,4,,1,12,,34032,10,4,,1,12,,34033,10,4,,1,12,,34034,10,4,,1,12,,34035,10,4,,1,52,,34036,10,4,,1,12,,34037,10,4,,1,12,,34038,10,4,,1,12,,34039,10,4,,1,12,,34040,10,4,,1,52,,34041,10,4,,1,12,,34042,10,4,,1,12,,34043,10,4,,1,12,,34044,10,4,,1,12,,34045,10,4,,1,52,,34046,10,4,,1,12,,34047,10,4,,1,12,,34048,10,4,,1,17,,34049,10,4,,1,15,,34050,10,4,,1,55,,34051,10,4,,1,15,,34052,10,4,,1,15,,34053,10,4,,1,15,,34054,10,4,,1,55,,34055,10,4,,1,15,,34056,10,4,,1,15,,34057,10,4,,1,15,,34058,10,4,,1,55,,34059,10,4,,1,15,,34060,10,4,,1,15,,34061,10,4,,1,15,,34062,10,4,,1,55,,34063,10,4,,1,15,,34064,10,4,,1,15,,34065,10,4,,1,15,,34066,10,4,,1,55,,34067,10,4,,1,15,,33991,10,4,,1,15,,33990,10,4,,1,15,,33989,10,4,,1,55,,33988,10,4,,1,15,,33987,10,4,,1,15,,33986,10,4,,1,15,,33985,10,4,,1,55,,33984,10,4,,1
18002201,'022R-Weekday-5-26-09',615,,38422,10,4,,1,12,,38423,10,4,,1,12,,38424,10,4,,1,12,,38425,10,4,,1,52,,38426,10,4,,1,12,,38427,10,4,,1,12,,38428,10,4,,1,12,,38429,10,4,,1,12,,38430,10,4,,1,52,,38431,10,4,,1,12,,38432,10,4,,1,12,,38433,10,4,,1,12,,38434,10,4,,1,12,,38435,10,4,,1,52,,38436,10,4,,1,12,,38437,10,4,,1,12,,38438,10,4,,1,18,,38439,10,4,,1,60,,38440,10,4,,1,15,,38441,10,4,,1,15,,38442,10,4,,1,15,,38443,10,4,,1,55,,38444,10,4,,1,15,,38445,10,4,,1,15,,38446,10,4,,1,15,,38447,10,4,,1,55,,38448,10,4,,1,15,,38449,10,4,,1,15,,38450,10,4,,1,15,,38451,10,4,,1,55,,38452,10,4,,1,15,,38453,10,4,,1,15,,38454,10,4,,1,15,,38455,10,4,,1,53,,38456,10,4,,1,12,,38457,10,4,,1,12,,38458,10,4,,1,12,,38459,10,4,,1,12,,38460,10,4,,1,52,,38461,10,4,,1,12,,38462,10,4,,1,12,,38463,10,4,,1,12,,38464,10,4,,1,12,,38465,10,4,,1,52,,38466,10,4,,1,12,,38467,10,4,,1,12,,38468,10,4,,1,12,,38469,10,4,,1,12,,38470,10,4,,1,52,,38471,10,4,,1,12,,38472,10,4,,1,12,,38473,10,4,,1,12,,38474,10,4,,1,12,,38475,10,4,,1,52,,38476,10,4,,1,12,,38477,10,4,,1,12,,38478,10,4,,1,17,,38479,10,4,,1,15,,38480,10,4,,1,55,,38481,10,4,,1,15,,38482,10,4,,1,15,,38483,10,4,,1,15,,38484,10,4,,1,55,,38485,10,4,,1,15,,38486,10,4,,1,15,,38487,10,4,,1,15,,38488,10,4,,1,55,,38489,10,4,,1,15,,38490,10,4,,1,15,,38491,10,4,,1,15,,38492,10,4,,1,55,,38493,10,4,,1,15,,38494,10,4,,1,15,,38495,10,4,,1,15,,38496,10,4,,1,55,,38497,10,4,,1,15,,38421,10,4,,1,15,,38420,10,4,,1,15,,38419,10,4,,1,55,,38418,10,4,,1,15,,38417,10,4,,1,15,,38416,10,4,,1,15,,38415,10,4,,1,55,,38414,10,4,,1
18002201,'022R-Weekday-6-26-09',615,,38506,10,4,,1,12,,38507,10,4,,1,12,,38508,10,4,,1,12,,38509,10,4,,1,52,,38510,10,4,,1,12,,38511,10,4,,1,12,,38512,10,4,,1,12,,38513,10,4,,1,12,,38514,10,4,,1,52,,38515,10,4,,1,12,,38516,10,4,,1,12,,38517,10,4,,1,12,,38518,10,4,,1,12,,38519,10,4,,1,52,,38520,10,4,,1,12,,38521,10,4,,1,12,,38522,10,4,,1,18,,38523,10,4,,1,60,,38524,10,4,,1,15,,38525,10,4,,1,15,,38526,10,4,,1,15,,38527,10,4,,1,55,,38528,10,4,,1,15,,38529,10,4,,1,15,,38530,10,4,,1,15,,38531,10,4,,1,55,,38532,10,4,,1,15,,38533,10,4,,1,15,,38534,10,4,,1,15,,38535,10,4,,1,55,,38536,10,4,,1,15,,38537,10,4,,1,15,,38538,10,4,,1,15,,38539,10,4,,1,53,,38540,10,4,,1,12,,38541,10,4,,1,12,,38542,10,4,,1,12,,38543,10,4,,1,12,,38544,10,4,,1,52,,38545,10,4,,1,12,,38546,10,4,,1,12,,38547,10,4,,1,12,,38548,10,4,,1,12,,38549,10,4,,1,52,,38550,10,4,,1,12,,38551,10,4,,1,12,,38552,10,4,,1,12,,38553,10,4,,1,12,,38554,10,4,,1,52,,38555,10,4,,1,12,,38556,10,4,,1,12,,38557,10,4,,1,12,,38558,10,4,,1,12,,38559,10,4,,1,52,,38560,10,4,,1,12,,38561,10,4,,1,12,,38562,10,4,,1,17,,38563,10,4,,1,15,,38564,10,4,,1,55,,38565,10,4,,1,15,,38566,10,4,,1,15,,38567,10,4,,1,15,,38568,10,4,,1,55,,38569,10,4,,1,15,,38570,10,4,,1,15,,38571,10,4,,1,15,,38572,10,4,,1,55,,38573,10,4,,1,15,,38574,10,4,,1,15,,38575,10,4,,1,15,,38576,10,4,,1,55,,38577,10,4,,1,15,,38578,10,4,,1,15,,38579,10,4,,1,15,,38580,10,4,,1,55,,38581,10,4,,1,15,,38505,10,4,,1,15,,38504,10,4,,1,15,,38503,10,4,,1,55,,38502,10,4,,1,15,,38501,10,4,,1,15,,38500,10,4,,1,15,,38499,10,4,,1,55,,38498,10,4,,1
18002201,'022R-Weekday-7-26-09',615,,38590,10,4,,1,12,,38591,10,4,,1,12,,38592,10,4,,1,12,,38593,10,4,,1,52,,38594,10,4,,1,12,,38595,10,4,,1,12,,38596,10,4,,1,12,,38597,10,4,,1,12,,38598,10,4,,1,52,,38599,10,4,,1,12,,38600,10,4,,1,12,,38601,10,4,,1,12,,38602,10,4,,1,12,,38603,10,4,,1,52,,38604,10,4,,1,12,,38605,10,4,,1,12,,38606,10,4,,1,18,,38607,10,4,,1,60,,38608,10,4,,1,15,,38609,10,4,,1,15,,38610,10,4,,1,15,,38611,10,4,,1,55,,38612,10,4,,1,15,,38613,10,4,,1,15,,38614,10,4,,1,15,,38615,10,4,,1,55,,38616,10,4,,1,15,,38617,10,4,,1,15,,38618,10,4,,1,15,,38619,10,4,,1,55,,38620,10,4,,1,15,,38621,10,4,,1,15,,38622,10,4,,1,15,,38623,10,4,,1,53,,38624,10,4,,1,12,,38625,10,4,,1,12,,38626,10,4,,1,12,,38627,10,4,,1,12,,38628,10,4,,1,52,,38629,10,4,,1,12,,38630,10,4,,1,12,,38631,10,4,,1,12,,38632,10,4,,1,12,,38633,10,4,,1,52,,38634,10,4,,1,12,,38635,10,4,,1,12,,38636,10,4,,1,12,,38637,10,4,,1,12,,38638,10,4,,1,52,,38639,10,4,,1,12,,38640,10,4,,1,12,,38641,10,4,,1,12,,38642,10,4,,1,12,,38643,10,4,,1,52,,38644,10,4,,1,12,,38645,10,4,,1,12,,38646,10,4,,1,17,,38647,10,4,,1,15,,38648,10,4,,1,55,,38649,10,4,,1,15,,38650,10,4,,1,15,,38651,10,4,,1,15,,38652,10,4,,1,55,,38653,10,4,,1,15,,38654,10,4,,1,15,,38655,10,4,,1,15,,38656,10,4,,1,55,,38657,10,4,,1,15,,38658,10,4,,1,15,,38659,10,4,,1,15,,38660,10,4,,1,55,,38661,10,4,,1,15,,38662,10,4,,1,15,,38663,10,4,,1,15,,38664,10,4,,1,55,,38665,10,4,,1,15,,38589,10,4,,1,15,,38588,10,4,,1,15,,38587,10,4,,1,55,,38586,10,4,,1,15,,38585,10,4,,1,15,,38584,10,4,,1,15,,38583,10,4,,1,55,,38582,10,4,,1
18002201,'022R-Saturday-1-26-09',612,,34068,10,4,,1,15,,34069,10,4,,1,15,,34070,10,4,,1,15,,34071,10,4,,1,55,,34072,10,4,,1,15,,34073,10,4,,1,15,,34074,10,4,,1,15,,34075,10,4,,1,55,,34076,10,4,,1,15,,34077,10,4,,1,15,,34078,10,4,,1,15,,34079,10,4,,1,55,,34080,10,4,,1,15,,34081,10,4,,1,15,,34082,10,4,,1,15,,34083,10,4,,1,55,,34084,10,4,,1,15,,34085,10,4,,1,15,,34086,10,4,,1,15,,34087,10,4,,1,55,,34088,10,4,,1,15,,34089,10,4,,1,15,,34090,10,4,,1,15,,34091,10,4,,1,55,,34092,10,4,,1,15,,34093,10,4,,1,15,,34094,10,4,,1,15,,34095,10,4,,1,55,,34096,10,4,,1,15,,34097,10,4,,1,15,,34098,10,4,,1,15,,34099,10,4,,1,55,,34100,10,4,,1,15,,34101,10,4,,1,15,,34102,10,4,,1,15,,34103,10,4,,1,55,,34104,10,4,,1,15,,34105,10,4,,1,15,,34106,10,4,,1,15,,34107,10,4,,1,55,,34108,10,4,,1,15,,34109,10,4,,1,15,,34110,10,4,,1,15,,34111,10,4,,1,55,,34112,10,4,,1,15,,34113,10,4,,1,15,,34114,10,4,,1,15,,34115,10,4,,1,55,,34116,10,4,,1,15,,34117,10,4,,1,15,,34118,10,4,,1,15,,34119,10,4,,1,55,,34120,10,4,,1,15,,34121,10,4,,1,15,,34122,10,4,,1,15,,34123,10,4,,1,55,,34124,10,4,,1,15,,34125,10,4,,1,15,,34126,10,4,,1,15,,34127,10,4,,1,55,,34128,10,4,,1,15,,34129,10,4,,1,15,,34130,10,4,,1,15,,34131,10,4,,1,55,,34132,10,4,,1,15,,34133,10,4,,1,15,,34134,10,4,,1,15,,34135,10,4,,1,55,,34136,10,4,,1,15,,34137,10,4,,1,15,,34138,10,4,,1,15,,34139,10,4,,1,55,,34140,10,4,,1,15,,34141,10,4,,1,15,,34142,10,4,,1,15,,34143,10,4,,1,55,,34144,10,4,,1
18002201,'022R-Saturday-2-26-09',531,,38744,7,,,1,15,,38743,7,,,1,55,,38666,10,,,1,15,,38667,10,,,1,15,,38668,10,,,1,15,,38669,10,,,1,55,,38670,10,,,1,15,,38671,10,,,1,15,,38672,10,,,1,15,,38673,10,,,1,55,,38674,10,,,1,15,,38675,10,,,1,15,,38676,10,,,1,15,,38677,10,,,1,55,,38678,10,,,1,15,,38679,10,,,1,15,,38680,10,,,1,15,,38681,10,,,1,55,,38682,10,,,1,15,,38683,10,,,1,15,,38684,10,,,1,15,,38685,10,,,1,55,,38686,10,,,1,15,,38687,10,,,1,15,,38688,10,,,1,15,,38689,10,,,1,55,,38690,10,,,1,15,,38691,10,,,1,15,,38692,10,,,1,15,,38693,10,,,1,55,,38694,10,,,1,15,,38695,10,,,1,15,,38696,10,,,1,15,,38697,10,,,1,55,,38698,10,,,1,15,,38699,10,,,1,15,,38700,10,,,1,15,,38701,10,,,1,55,,38702,10,,,1,15,,38703,10,,,1,15,,38704,10,,,1,15,,38705,10,,,1,55,,38706,10,,,1,15,,38707,10,,,1,15,,38708,10,,,1,15,,38709,10,,,1,55,,38710,10,,,1,15,,38711,10,,,1,15,,38712,10,,,1,15,,38713,10,,,1,55,,38714,10,,,1,15,,38715,10,,,1,15,,38716,10,,,1,15,,38717,10,,,1,55,,38718,10,,,1,15,,38719,10,,,1,15,,38720,10,,,1,15,,38721,10,,,1,55,,38722,10,,,1,15,,38723,10,,,1,15,,38724,10,,,1,15,,38725,10,,,1,55,,38726,10,,,1,15,,38727,10,,,1,15,,38728,10,,,1,15,,38729,10,,,1,55,,38730,10,,,1,15,,38731,10,,,1,15,,38732,10,,,1,15,,38733,10,,,1,55,,38734,10,,,1,15,,38735,10,,,1,15,,38736,10,,,1,15,,38737,10,,,1,55,,38738,10,,,1,15,,38739,10,,,1,15,,38740,10,,,1,15,,38741,10,,,1,55,,38742,10,,,1
18002201,'022R-Saturday-4-26-09',1615,,38898,10,4,,1,15,,38897,10,4,,1,15,,38896,10,4,,1,12,,38822,10,4,,1,55,,38823,10,4,,1,15,,38824,10,4,,1,15,,38825,10,4,,1,15,,38826,10,4,,1,55,,38827,10,4,,1,15,,38828,10,4,,1,15,,38829,10,4,,1,15,,38830,10,4,,1,55,,38831,10,4,,1,15,,38832,10,4,,1,15,,38833,10,4,,1,15,,38834,10,4,,1,55,,38835,10,4,,1,15,,38836,10,4,,1,15,,38837,10,4,,1,15,,38838,10,4,,1,55,,38839,10,4,,1,15,,38840,10,4,,1,15,,38841,10,4,,1,15,,38842,10,4,,1,55,,38843,10,4,,1,15,,38844,10,4,,1,15,,38845,10,4,,1,15,,38846,10,4,,1,55,,38847,10,4,,1,15,,38848,10,4,,1,15,,38849,10,4,,1,15,,38850,10,4,,1,55,,38851,10,4,,1,15,,38852,10,4,,1,15,,38853,10,4,,1,15,,38854,10,4,,1,55,,38855,10,4,,1
18002201,'022R-Sunday-1-26-09',627,,34145,10,4,,1,15,,34146,10,4,,1,15,,34147,10,4,,1,55,,34148,10,4,,1,15,,34149,10,4,,1,15,,34150,10,4,,1,15,,34151,10,4,,1,55,,34152,10,4,,1,15,,34153,10,4,,1,15,,34154,10,4,,1,15,,34155,10,4,,1,55,,34156,10,4,,1,15,,34157,10,4,,1,15,,34158,10,4,,1,15,,34159,10,4,,1,55,,34160,10,4,,1,15,,34161,10,4,,1,15,,34162,10,4,,1,15,,34163,10,4,,1,55,,34164,10,4,,1,15,,34165,10,4,,1,15,,34166,10,4,,1,15,,34167,10,4,,1,55,,34168,10,4,,1,15,,34169,10,4,,1,15,,34170,10,4,,1,15,,34171,10,4,,1,55,,34172,10,4,,1,15,,34173,10,4,,1,15,,34174,10,4,,1,15,,34175,10,4,,1,55,,34176,10,4,,1,15,,34177,10,4,,1,15,,34178,10,4,,1,15,,34179,10,4,,1,55,,34180,10,4,,1,15,,34181,10,4,,1,15,,34182,10,4,,1,15,,34183,10,4,,1,55,,34184,10,4,,1,15,,34185,10,4,,1,15,,34186,10,4,,1,15,,34187,10,4,,1,55,,34188,10,4,,1,15,,34189,10,4,,1,15,,34190,10,4,,1,15,,34191,10,4,,1,55,,34192,10,4,,1,15,,34193,10,4,,1,15,,34194,10,4,,1,15,,34195,10,4,,1,55,,34196,10,4,,1,15,,34197,10,4,,1,15,,34198,10,4,,1,15,,34199,10,4,,1,55,,34200,10,4,,1,15,,34201,10,4,,1,15,,34202,10,4,,1,15,,34203,10,4,,1,55,,34204,10,4,,1,15,,34205,10,4,,1,15,,34206,10,4,,1,15,,34207,10,4,,1,55,,34208,10,4,,1,15,,34209,10,4,,1,15,,34210,10,4,,1,15,,34211,10,4,,1,55,,34212,10,4,,1,15,,34213,10,4,,1,15,,34214,10,4,,1,15,,34215,10,4,,1,55,,34216,10,4,,1
18002201,'022R-Sunday-2-26-09',601,,38901,7,,,1,15,,38900,7,,,1,15,,38903,10,,,1,15,,38904,10,,,1,55,,38905,10,,,1,15,,38906,10,,,1,15,,38907,10,,,1,15,,38908,10,,,1,55,,38909,10,,,1,15,,38910,10,,,1,15,,38911,10,,,1,15,,38912,10,,,1,55,,38913,10,,,1,15,,38914,10,,,1,15,,38915,10,,,1,15,,38916,10,,,1,55,,38917,10,,,1,15,,38918,10,,,1,15,,38919,10,,,1,15,,38920,10,,,1,55,,38921,10,,,1,15,,38922,10,,,1,15,,38923,10,,,1,15,,38924,10,,,1,55,,38925,10,,,1,15,,38926,10,,,1,15,,38927,10,,,1,15,,38928,10,,,1,55,,38929,10,,,1,15,,38930,10,,,1,15,,38931,10,,,1,15,,38932,10,,,1,55,,38933,10,,,1,15,,38934,10,,,1,15,,38935,10,,,1,15,,38936,10,,,1,55,,38937,10,,,1,15,,38938,10,,,1,15,,38939,10,,,1,15,,38940,10,,,1,55,,38941,10,,,1,15,,38942,10,,,1,15,,38943,10,,,1,15,,38944,10,,,1,55,,38945,10,,,1,15,,38946,10,,,1,15,,38947,10,,,1,15,,38948,10,,,1,55,,38949,10,,,1,15,,38950,10,,,1,15,,38951,10,,,1,15,,38952,10,,,1,55,,38953,10,,,1,15,,38954,10,,,1,15,,38955,10,,,1,15,,38956,10,,,1,55,,38957,10,,,1,15,,38958,10,,,1,15,,38959,10,,,1,15,,38960,10,,,1,55,,38961,10,,,1,15,,38962,10,,,1,15,,38963,10,,,1,15,,38964,10,,,1,55,,38965,10,,,1,15,,38966,10,,,1,15,,38967,10,,,1,15,,38968,10,,,1,55,,38969,10,,,1,15,,38970,10,,,1,15,,38971,10,,,1,15,,38902,10,,,1,55,,38899,10,,,1
18002201,'022R-Sunday-6-26-09',1827,,39116,10,4,,1,15,,39117,10,4,,1,15,,39118,10,4,,1,55,,39119,10,4,,1,15,,39120,10,4,,1,15,,39121,10,4,,1,15,,39122,10,4,,1,55,,39123,10,4,,1,15,,39124,10,4,,1,15,,39125,10,4,,1,15,,39126,10,4,,1,55,,39127,10,4,,1,15,,39128,10,4,,1,15,,39129,10,4,,1,15,,39130,10,4,,1,55,,39131,10,4,,1,15,,39132,10,4,,1,15,,39133,10,4,,1,15,,39134,10,4,,1,55,,39135,10,4,,1,15,,39136,10,4,,1,15,,39137,10,4,,1,15,,39138,10,4,,1,55,,39139,10,4,,1
