18002300,'20260913-Sunday-1-26-09',524,,34217,5,,,1,15,,34233,5,,,1,15,,34249,5,,,1,55,,34265,5,,,1,15,,34281,5,,,1,15,,34218,5,,,1,15,,34234,5,,,1,55,,34250,5,,,1,15,,34266,5,,,1,15,,34282,5,,,1,15,,34219,5,,,1,55,,34235,5,,,1,15,,34251,5,,,1,15,,34267,5,,,1,15,,34283,5,,,1,55,,34220,5,,,1,15,,34236,5,,,1,15,,34252,5,,,1,15,,34268,5,,,1,55,,34284,5,,,1,15,,34221,5,,,1,15,,34237,5,,,1,15,,34253,5,,,1,55,,34269,5,,,1,15,,34285,5,,,1,15,,34222,5,,,1,15,,34238,5,,,1,55,,34254,5,,,1,15,,34270,5,,,1,15,,34286,5,,,1,15,,34223,5,,,1,55,,34239,5,,,1,15,,34255,5,,,1,15,,34271,5,,,1,15,,34287,5,,,1,55,,34224,5,,,1,15,,34240,5,,,1,15,,34256,5,,,1,15,,34272,5,,,1,55,,34288,5,,,1,15,,34225,5,,,1,15,,34241,5,,,1,15,,34257,5,,,1,55,,34273,5,,,1,15,,34289,5,,,1,15,,34226,5,,,1,15,,34242,5,,,1,55,,34258,5,,,1,15,,34274,5,,,1,15,,34290,5,,,1,15,,34227,5,,,1,55,,34243,5,,,1,15,,34259,5,,,1,15,,34275,5,,,1,15,,34291,5,,,1,55,,34228,5,,,1,15,,34244,5,,,1,15,,34260,5,,,1,15,,34276,5,,,1,55,,34292,5,,,1,15,,34229,5,,,1,15,,34245,5,,,1,15,,34261,5,,,1,55,,34277,5,,,1,15,,34293,5,,,1,15,,34230,5,,,1,15,,34246,5,,,1,55,,34262,5,,,1,15,,34278,5,,,1,15,,34294,5,,,1,15,,34231,5,,,1,55,,34247,5,,,1,15,,34263,5,,,1,15,,34279,5,,,1,15,,34295,5,,,1,55,,34232,5,,,1,15,,34248,5,,,1,15,,34264,5,,,1,15,,34280,5,,,1
18002300,'20260914-Weekday-1-26-09',513,,34296,5,,,1,10,,34320,5,,,1,10,,34308,5,,,1,10,,34332,5,,,1,10,,34373,5,,,1,50,,34343,5,,,1,7,,34360,5,,,1,5,,34390,5,,,1,5,,34297,5,,,1,5,,34402,5,,,1,5,,34321,5,,,1,5,,34410,5,,,1,5,,34309,5,,,1,5,,34434,5,,,1,5,,34333,5,,,1,5,,34418,5,,,1,45,,34374,5,,,1,5,,34451,5,,,1,5,,34344,5,,,1,5,,34361,5,,,1,5,,34391,5,,,1,5,,34298,5,,,1,5,,34403,5,,,1,5,,34322,5,,,1,5,,34411,5,,,1,5,,34310,5,,,1,5,,34435,5,,,1,5,,34334,5,,,1,45,,34419,5,,,1,5,,34375,5,,,1,5,,34452,5,,,1,5,,34345,5,,,1,5,,34362,5,,,1,5,,34392,5,,,1,5,,34299,5,,,1,5,,34404,5,,,1,5,,34323,5,,,1,5,,34412,5,,,1,5,,34311,5,,,1,5,,34436,5,,,1,45,,34335,5,,,1,5,,34420,5,,,1,5,,34376,5,,,1,5,,34453,5,,,1,5,,34346,5,,,1,5,,34363,5,,,1,5,,34393,5,,,1,5,,34300,5,,,1,5,,34405,5,,,1,5,,34324,5,,,1,5,,34413,5,,,1,5,,34312,5,,,1,45,,34437,5,,,1,6,,34336,5,,,1,6,,34421,5,,,1,7,,34377,5,,,1,10,,34347,5,,,1,10,,34394,5,,,1,10,,34301,5,,,1,10,,34325,5,,,1,50,,34438,5,,,1,10,,34422,5,,,1,10,,34378,5,,,1,10,,34348,5,,,1,10,,34395,5,,,1,10,,34302,5,,,1,50,,34326,5,,,1,10,,34439,5,,,1,10,,34423,5,,,1,10,,34379,5,,,1,10,,34349,5,,,1,10,,34396,5,,,1,50,,34303,5,,,1,10,,34327,5,,,1,10,,34440,5,,,1,10,,34424,5,,,1,10,,34380,5,,,1,10,,34350,5,,,1,50,,34397,5,,,1,10,,34304,5,,,1,9,,34328,5,,,1,10,,34441,5,,,1,7,,34414,5,,,1,5,,34313,5,,,1,5,,34381,5,,,1,45,,34454,5,,,1,5,,34351,5,,,1,5,,34364,5,,,1,5,,34398,5,,,1,5,,34425,5,,,1,5,,34406,5,,,1,5,,34305,5,,,1,5,,34337,5,,,1,5,,34329,5,,,1,5,,34442,5,,,1,5,,34415,5,,,1,5,,34314,5,,,1,45,,34382,5,,,1,5,,34455,5,,,1,5,,34352,5,,,1,5,,34365,5,,,1,5,,34399,5,,,1,5,,34426,5,,,1,5,,34407,5,,,1,5,,34306,5,,,1,5,,34338,5,,,1,5,,34330,5,,,1,5,,34443,5,,,1,5,,34416,5,,,1,45,,34315,5,,,1,5,,34383,5,,,1,5,,34456,5,,,1,5,,34353,5,,,1,5,,34366,5,,,1,5,,34400,5,,,1,5,,34427,5,,,1,5,,34408,5,,,1,5,,34307,5,,,1,5,,34339,5,,,1,5,,34331,5,,,1,5,,34444,5,,,1,45,,34417,5,,,1,5,,34316,5,,,1,5,,34384,5,,,1,5,,34457,5,,,1,5,,34354,5,,,1,5,,34367,5,,,1,5,,34401,5,,,1,5,,34428,5,,,1,6,,34409,5,,,1,13,,34340,5,,,1,50,,34445,5,,,1,10,,34317,5,,,1,10,,34385,5,,,1,10,,34355,5,,,1,10,,34368,5,,,1,10,,34429,5,,,1,50,,34341,5,,,1,10,,34446,5,,,1,10,,34318,5,,,1,10,,34386,5,,,1,10,,34356,5,,,1,10,,34369,5,,,1,50,,34430,5,,,1,10,,34342,5,,,1,10,,34447,5,,,1,10,,34319,5,,,1,10,,34387,5,,,1,15,,34357,5,,,1,55,,34370,5,,,1,15,,34431,5,,,1,15,,34448,5,,,1,15,,34388,5,,,1,55,,34358,5,,,1,15,,34371,5,,,1,15,,34432,5,,,1,15,,34449,5,,,1,55,,34389,5,,,1,15,,34359,5,,,1,15,,34372,5,,,1,15,,34433,5,,,1,55,,34450,5,,,1
18002300,'20260914-Weekday-2-26-09',513,,34458,5,,,1,10,,34482,5,,,1,10,,34470,5,,,1,10,,34494,5,,,1,10,,34535,5,,,1,50,,34505,5,,,1,7,,34522,5,,,1,5,,34552,5,,,1,5,,34459,5,,,1,5,,34564,5,,,1,5,,34483,5,,,1,5,,34572,5,,,1,5,,34471,5,,,1,5,,34596,5,,,1,5,,34495,5,,,1,5,,34580,5,,,1,45,,34536,5,,,1,5,,34613,5,,,1,5,,34506,5,,,1,5,,34523,5,,,1,5,,34553,5,,,1,5,,34460,5,,,1,5,,34565,5,,,1,5,,34484,5,,,1,5,,34573,5,,,1,5,,34472,5,,,1,5,,34597,5,,,1,5,,34496,5,,,1,45,,34581,5,,,1,5,,34537,5,,,1,5,,34614,5,,,1,5,,34507,5,,,1,5,,34524,5,,,1,5,,34554,5,,,1,5,,34461,5,,,1,5,,34566,5,,,1,5,,34485,5,,,1,5,,34574,5,,,1,5,,34473,5,,,1,5,,34598,5,,,1,45,,34497,5,,,1,5,,34582,5,,,1,5,,34538,5,,,1,5,,34615,5,,,1,5,,34508,5,,,1,5,,34525,5,,,1,5,,34555,5,,,1,5,,34462,5,,,1,5,,34567,5,,,1,5,,34486,5,,,1,5,,34575,5,,,1,5,,34474,5,,,1,45,,34599,5,,,1,6,,34498,5,,,1,6,,34583,5,,,1,7,,34539,5,,,1,10,,34509,5,,,1,10,,34556,5,,,1,10,,34463,5,,,1,10,,34487,5,,,1,50,,34600,5,,,1,10,,34584,5,,,1,10,,34540,5,,,1,10,,34510,5,,,1,10,,34557,5,,,1,10,,34464,5,,,1,50,,34488,5,,,1,10,,34601,5,,,1,10,,34585,5,,,1,10,,34541,5,,,1,10,,34511,5,,,1,10,,34558,5,,,1,50,,34465,5,,,1,10,,34489,5,,,1,10,,34602,5,,,1,10,,34586,5,,,1,10,,34542,5,,,1,10,,34512,5,,,1,50,,34559,5,,,1,10,,34466,5,,,1,9,,34490,5,,,1,10,,34603,5,,,1,7,,34576,5,,,1,5,,34475,5,,,1,5,,34543,5,,,1,45,,34616,5,,,1,5,,34513,5,,,1,5,,34526,5,,,1,5,,34560,5,,,1,5,,34587,5,,,1,5,,34568,5,,,1,5,,34467,5,,,1,5,,34499,5,,,1,5,,34491,5,,,1,5,,34604,5,,,1,5,,34577,5,,,1,5,,34476,5,,,1,45,,34544,5,,,1,5,,34617,5,,,1,5,,34514,5,,,1,5,,34527,5,,,1,5,,34561,5,,,1,5,,34588,5,,,1,5,,34569,5,,,1,5,,34468,5,,,1,5,,34500,5,,,1,5,,34492,5,,,1,5,,34605,5,,,1,5,,34578,5,,,1,45,,34477,5,,,1,5,,34545,5,,,1,5,,34618,5,,,1,5,,34515,5,,,1,5,,34528,5,,,1,5,,34562,5,,,1,5,,34589,5,,,1,5,,34570,5,,,1,5,,34469,5,,,1,5,,34501,5,,,1,5,,34493,5,,,1,5,,34606,5,,,1,45,,34579,5,,,1,5,,34478,5,,,1,5,,34546,5,,,1,5,,34619,5,,,1,5,,34516,5,,,1,5,,34529,5,,,1,5,,34563,5,,,1,5,,34590,5,,,1,6,,34571,5,,,1,13,,34502,5,,,1,50,,34607,5,,,1,10,,34479,5,,,1,10,,34547,5,,,1,10,,34517,5,,,1,10,,34530,5,,,1,10,,34591,5,,,1,50,,34503,5,,,1,10,,34608,5,,,1,10,,34480,5,,,1,10,,34548,5,,,1,10,,34518,5,,,1,10,,34531,5,,,1,50,,34592,5,,,1,10,,34504,5,,,1,10,,34609,5,,,1,10,,34481,5,,,1,10,,34549,5,,,1,15,,34519,5,,,1,55,,34532,5,,,1,15,,34593,5,,,1,15,,34610,5,,,1,15,,34550,5,,,1,55,,34520,5,,,1,15,,34533,5,,,1,15,,34594,5,,,1,15,,34611,5,,,1,55,,34551,5,,,1,15,,34521,5,,,1,15,,34534,5,,,1,15,,34595,5,,,1,55,,34612,5,,,1
18002300,'20260914-Weekday-3-26-09',513,,39188,5,,,1,10,,39212,5,,,1,10,,39200,5,,,1,10,,39224,5,,,1,10,,39265,5,,,1,50,,39235,5,,,1,7,,39252,5,,,1,5,,39282,5,,,1,5,,39189,5,,,1,5,,39294,5,,,1,5,,39213,5,,,1,5,,39302,5,,,1,5,,39201,5,,,1,5,,39326,5,,,1,5,,39225,5,,,1,5,,39310,5,,,1,45,,39266,5,,,1,5,,39343,5,,,1,5,,39236,5,,,1,5,,39253,5,,,1,5,,39283,5,,,1,5,,39190,5,,,1,5,,39295,5,,,1,5,,39214,5,,,1,5,,39303,5,,,1,5,,39202,5,,,1,5,,39327,5,,,1,5,,39226,5,,,1,45,,39311,5,,,1,5,,39267,5,,,1,5,,39344,5,,,1,5,,39237,5,,,1,5,,39254,5,,,1,5,,39284,5,,,1,5,,39191,5,,,1,5,,39296,5,,,1,5,,39215,5,,,1,5,,39304,5,,,1,5,,39203,5,,,1,5,,39328,5,,,1,45,,39227,5,,,1,5,,39312,5,,,1,5,,39268,5,,,1,5,,39345,5,,,1,5,,39238,5,,,1,5,,39255,5,,,1,5,,39285,5,,,1,5,,39192,5,,,1,5,,39297,5,,,1,5,,39216,5,,,1,5,,39305,5,,,1,5,,39204,5,,,1,45,,39329,5,,,1,6,,39228,5,,,1,6,,39313,5,,,1,7,,39269,5,,,1,10,,39239,5,,,1,10,,39286,5,,,1,10,,39193,5,,,1,10,,39217,5,,,1,50,,39330,5,,,1,10,,39314,5,,,1,10,,39270,5,,,1,10,,39240,5,,,1,10,,39287,5,,,1,10,,39194,5,,,1,50,,39218,5,,,1,10,,39331,5,,,1,10,,39315,5,,,1,10,,39271,5,,,1,10,,39241,5,,,1,10,,39288,5,,,1,50,,39195,5,,,1,10,,39219,5,,,1,10,,39332,5,,,1,10,,39316,5,,,1,10,,39272,5,,,1,10,,39242,5,,,1,50,,39289,5,,,1,10,,39196,5,,,1,9,,39220,5,,,1,10,,39333,5,,,1,7,,39306,5,,,1,5,,39205,5,,,1,5,,39273,5,,,1,45,,39346,5,,,1,5,,39243,5,,,1,5,,39256,5,,,1,5,,39290,5,,,1,5,,39317,5,,,1,5,,39298,5,,,1,5,,39197,5,,,1,5,,39229,5,,,1,5,,39221,5,,,1,5,,39334,5,,,1,5,,39307,5,,,1,5,,39206,5,,,1,45,,39274,5,,,1,5,,39347,5,,,1,5,,39244,5,,,1,5,,39257,5,,,1,5,,39291,5,,,1,5,,39318,5,,,1,5,,39299,5,,,1,5,,39198,5,,,1,5,,39230,5,,,1,5,,39222,5,,,1,5,,39335,5,,,1,5,,39308,5,,,1,45,,39207,5,,,1,5,,39275,5,,,1,5,,39348,5,,,1,5,,39245,5,,,1,5,,39258,5,,,1,5,,39292,5,,,1,5,,39319,5,,,1,5,,39300,5,,,1,5,,39199,5,,,1,5,,39231,5,,,1,5,,39223,5,,,1,5,,39336,5,,,1,45,,39309,5,,,1,5,,39208,5,,,1,5,,39276,5,,,1,5,,39349,5,,,1,5,,39246,5,,,1,5,,39259,5,,,1,5,,39293,5,,,1,5,,39320,5,,,1,6,,39301,5,,,1,13,,39232,5,,,1,50,,39337,5,,,1,10,,39209,5,,,1,10,,39277,5,,,1,10,,39247,5,,,1,10,,39260,5,,,1,10,,39321,5,,,1,50,,39233,5,,,1,10,,39338,5,,,1,10,,39210,5,,,1,10,,39278,5,,,1,10,,39248,5,,,1,10,,39261,5,,,1,50,,39322,5,,,1,10,,39234,5,,,1,10,,39339,5,,,1,10,,39211,5,,,1,10,,39279,5,,,1,15,,39249,5,,,1,55,,39262,5,,,1,15,,39323,5,,,1,15,,39340,5,,,1,15,,39280,5,,,1,55,,39250,5,,,1,15,,39263,5,,,1,15,,39324,5,,,1,15,,39341,5,,,1,55,,39281,5,,,1,15,,39251,5,,,1,15,,39264,5,,,1,15,,39325,5,,,1,55,,39342,5,,,1
18002300,'20260914-Weekday-4-26-09',513,,34620,5,,,1,10,,34644,5,,,1,10,,34632,5,,,1,10,,34656,5,,,1,10,,34697,5,,,1,50,,34667,5,,,1,7,,34684,5,,,1,5,,34714,5,,,1,5,,34621,5,,,1,5,,34726,5,,,1,5,,34645,5,,,1,5,,34734,5,,,1,5,,34633,5,,,1,5,,34758,5,,,1,5,,34657,5,,,1,5,,34742,5,,,1,45,,34698,5,,,1,5,,34775,5,,,1,5,,34668,5,,,1,5,,34685,5,,,1,5,,34715,5,,,1,5,,34622,5,,,1,5,,34727,5,,,1,5,,34646,5,,,1,5,,34735,5,,,1,5,,34634,5,,,1,5,,34759,5,,,1,5,,34658,5,,,1,45,,34743,5,,,1,5,,34699,5,,,1,5,,34776,5,,,1,5,,34669,5,,,1,5,,34686,5,,,1,5,,34716,5,,,1,5,,34623,5,,,1,5,,34728,5,,,1,5,,34647,5,,,1,5,,34736,5,,,1,5,,34635,5,,,1,5,,34760,5,,,1,45,,34659,5,,,1,5,,34744,5,,,1,5,,34700,5,,,1,5,,34777,5,,,1,5,,34670,5,,,1,5,,34687,5,,,1,5,,34717,5,,,1,5,,34624,5,,,1,5,,34729,5,,,1,5,,34648,5,,,1,5,,34737,5,,,1,5,,34636,5,,,1,45,,34761,5,,,1,6,,34660,5,,,1,6,,34745,5,,,1,7,,34701,5,,,1,10,,34671,5,,,1,10,,34718,5,,,1,10,,34625,5,,,1,10,,34649,5,,,1,50,,34762,5,,,1,10,,34746,5,,,1,10,,34702,5,,,1,10,,34672,5,,,1,10,,34719,5,,,1,10,,34626,5,,,1,50,,34650,5,,,1,10,,34763,5,,,1,10,,34747,5,,,1,10,,34703,5,,,1,10,,34673,5,,,1,10,,34720,5,,,1,50,,34627,5,,,1,10,,34651,5,,,1,10,,34764,5,,,1,10,,34748,5,,,1,10,,34704,5,,,1,10,,34674,5,,,1,50,,34721,5,,,1,10,,34628,5,,,1,9,,34652,5,,,1,10,,34765,5,,,1,7,,34738,5,,,1,5,,34637,5,,,1,5,,34705,5,,,1,45,,34778,5,,,1,5,,34675,5,,,1,5,,34688,5,,,1,5,,34722,5,,,1,5,,34749,5,,,1,5,,34730,5,,,1,5,,34629,5,,,1,5,,34661,5,,,1,5,,34653,5,,,1,5,,34766,5,,,1,5,,34739,5,,,1,5,,34638,5,,,1,45,,34706,5,,,1,5,,34779,5,,,1,5,,34676,5,,,1,5,,34689,5,,,1,5,,34723,5,,,1,5,,34750,5,,,1,5,,34731,5,,,1,5,,34630,5,,,1,5,,34662,5,,,1,5,,34654,5,,,1,5,,34767,5,,,1,5,,34740,5,,,1,45,,34639,5,,,1,5,,34707,5,,,1,5,,34780,5,,,1,5,,34677,5,,,1,5,,34690,5,,,1,5,,34724,5,,,1,5,,34751,5,,,1,5,,34732,5,,,1,5,,34631,5,,,1,5,,34663,5,,,1,5,,34655,5,,,1,5,,34768,5,,,1,45,,34741,5,,,1,5,,34640,5,,,1,5,,34708,5,,,1,5,,34781,5,,,1,5,,34678,5,,,1,5,,34691,5,,,1,5,,34725,5,,,1,5,,34752,5,,,1,6,,34733,5,,,1,13,,34664,5,,,1,50,,34769,5,,,1,10,,34641,5,,,1,10,,34709,5,,,1,10,,34679,5,,,1,10,,34692,5,,,1,10,,34753,5,,,1,50,,34665,5,,,1,10,,34770,5,,,1,10,,34642,5,,,1,10,,34710,5,,,1,10,,34680,5,,,1,10,,34693,5,,,1,50,,34754,5,,,1,10,,34666,5,,,1,10,,34771,5,,,1,10,,34643,5,,,1,10,,34711,5,,,1,15,,34681,5,,,1,55,,34694,5,,,1,15,,34755,5,,,1,15,,34772,5,,,1,15,,34712,5,,,1,55,,34682,5,,,1,15,,34695,5,,,1,15,,34756,5,,,1,15,,34773,5,,,1,55,,34713,5,,,1,15,,34683,5,,,1,15,,34696,5,,,1,15,,34757,5,,,1,55,,34774,5,,,1
18002300,'20260914-Weekday-5-26-09',513,,39350,5,,,1,10,,39374,5,,,1,10,,39362,5,,,1,10,,39386,5,,,1,10,,39427,5,,,1,50,,39397,5,,,1,7,,39414,5,,,1,5,,39444,5,,,1,5,,39351,5,,,1,5,,39456,5,,,1,5,,39375,5,,,1,5,,39464,5,,,1,5,,39363,5,,,1,5,,39488,5,,,1,5,,39387,5,,,1,5,,39472,5,,,1,45,,39428,5,,,1,5,,39505,5,,,1,5,,39398,5,,,1,5,,39415,5,,,1,5,,39445,5,,,1,5,,39352,5,,,1,5,,39457,5,,,1,5,,39376,5,,,1,5,,39465,5,,,1,5,,39364,5,,,1,5,,39489,5,,,1,5,,39388,5,,,1,45,,39473,5,,,1,5,,39429,5,,,1,5,,39506,5,,,1,5,,39399,5,,,1,5,,39416,5,,,1,5,,39446,5,,,1,5,,39353,5,,,1,5,,39458,5,,,1,5,,39377,5,,,1,5,,39466,5,,,1,5,,39365,5,,,1,5,,39490,5,,,1,45,,39389,5,,,1,5,,39474,5,,,1,5,,39430,5,,,1,5,,39507,5,,,1,5,,39400,5,,,1,5,,39417,5,,,1,5,,39447,5,,,1,5,,39354,5,,,1,5,,39459,5,,,1,5,,39378,5,,,1,5,,39467,5,,,1,5,,39366,5,,,1,45,,39491,5,,,1,6,,39390,5,,,1,6,,39475,5,,,1,7,,39431,5,,,1,10,,39401,5,,,1,10,,39448,5,,,1,10,,39355,5,,,1,10,,39379,5,,,1,50,,39492,5,,,1,10,,39476,5,,,1,10,,39432,5,,,1,10,,39402,5,,,1,10,,39449,5,,,1,10,,39356,5,,,1,50,,39380,5,,,1,10,,39493,5,,,1,10,,39477,5,,,1,10,,39433,5,,,1,10,,39403,5,,,1,10,,39450,5,,,1,50,,39357,5,,,1,10,,39381,5,,,1,10,,39494,5,,,1,10,,39478,5,,,1,10,,39434,5,,,1,10,,39404,5,,,1,50,,39451,5,,,1,10,,39358,5,,,1,9,,39382,5,,,1,10,,39495,5,,,1,7,,39468,5,,,1,5,,39367,5,,,1,5,,39435,5,,,1,45,,39508,5,,,1,5,,39405,5,,,1,5,,39418,5,,,1,5,,39452,5,,,1,5,,39479,5,,,1,5,,39460,5,,,1,5,,39359,5,,,1,5,,39391,5,,,1,5,,39383,5,,,1,5,,39496,5,,,1,5,,39469,5,,,1,5,,39368,5,,,1,45,,39436,5,,,1,5,,39509,5,,,1,5,,39406,5,,,1,5,,39419,5,,,1,5,,39453,5,,,1,5,,39480,5,,,1,5,,39461,5,,,1,5,,39360,5,,,1,5,,39392,5,,,1,5,,39384,5,,,1,5,,39497,5,,,1,5,,39470,5,,,1,45,,39369,5,,,1,5,,39437,5,,,1,5,,39510,5,,,1,5,,39407,5,,,1,5,,39420,5,,,1,5,,39454,5,,,1,5,,39481,5,,,1,5,,39462,5,,,1,5,,39361,5,,,1,5,,39393,5,,,1,5,,39385,5,,,1,5,,39498,5,,,1,45,,39471,5,,,1,5,,39370,5,,,1,5,,39438,5,,,1,5,,39511,5,,,1,5,,39408,5,,,1,5,,39421,5,,,1,5,,39455,5,,,1,5,,39482,5,,,1,6,,39463,5,,,1,13,,39394,5,,,1,50,,39499,5,,,1,10,,39371,5,,,1,10,,39439,5,,,1,10,,39409,5,,,1,10,,39422,5,,,1,10,,39483,5,,,1,50,,39395,5,,,1,10,,39500,5,,,1,10,,39372,5,,,1,10,,39440,5,,,1,10,,39410,5,,,1,10,,39423,5,,,1,50,,39484,5,,,1,10,,39396,5,,,1,10,,39501,5,,,1,10,,39373,5,,,1,10,,39441,5,,,1,15,,39411,5,,,1,55,,39424,5,,,1,15,,39485,5,,,1,15,,39502,5,,,1,15,,39442,5,,,1,55,,39412,5,,,1,15,,39425,5,,,1,15,,39486,5,,,1,15,,39503,5,,,1,55,,39443,5,,,1,15,,39413,5,,,1,15,,39426,5,,,1,15,,39487,5,,,1,55,,39504,5,,,1
18002300,'20260914-Weekday-6-26-09',513,,39512,5,,,1,10,,39536,5,,,1,10,,39524,5,,,1,10,,39548,5,,,1,10,,39589,5,,,1,50,,39559,5,,,1,7,,39576,5,,,1,5,,39606,5,,,1,5,,39513,5,,,1,5,,39618,5,,,1,5,,39537,5,,,1,5,,39626,5,,,1,5,,39525,5,,,1,5,,39650,5,,,1,5,,39549,5,,,1,5,,39634,5,,,1,45,,39590,5,,,1,5,,39667,5,,,1,5,,39560,5,,,1,5,,39577,5,,,1,5,,39607,5,,,1,5,,39514,5,,,1,5,,39619,5,,,1,5,,39538,5,,,1,5,,39627,5,,,1,5,,39526,5,,,1,5,,39651,5,,,1,5,,39550,5,,,1,45,,39635,5,,,1,5,,39591,5,,,1,5,,39668,5,,,1,5,,39561,5,,,1,5,,39578,5,,,1,5,,39608,5,,,1,5,,39515,5,,,1,5,,39620,5,,,1,5,,39539,5,,,1,5,,39628,5,,,1,5,,39527,5,,,1,5,,39652,5,,,1,45,,39551,5,,,1,5,,39636,5,,,1,5,,39592,5,,,1,5,,39669,5,,,1,5,,39562,5,,,1,5,,39579,5,,,1,5,,39609,5,,,1,5,,39516,5,,,1,5,,39621,5,,,1,5,,39540,5,,,1,5,,39629,5,,,1,5,,39528,5,,,1,45,,39653,5,,,1,6,,39552,5,,,1,6,,39637,5,,,1,7,,39593,5,,,1,10,,39563,5,,,1,10,,39610,5,,,1,10,,39517,5,,,1,10,,39541,5,,,1,50,,39654,5,,,1,10,,39638,5,,,1,10,,39594,5,,,1,10,,39564,5,,,1,10,,39611,5,,,1,10,,39518,5,,,1,50,,39542,5,,,1,10,,39655,5,,,1,10,,39639,5,,,1,10,,39595,5,,,1,10,,39565,5,,,1,10,,39612,5,,,1,50,,39519,5,,,1,10,,39543,5,,,1,10,,39656,5,,,1,10,,39640,5,,,1,10,,39596,5,,,1,10,,39566,5,,,1,50,,39613,5,,,1,10,,39520,5,,,1,9,,39544,5,,,1,10,,39657,5,,,1,7,,39630,5,,,1,5,,39529,5,,,1,5,,39597,5,,,1,45,,39670,5,,,1,5,,39567,5,,,1,5,,39580,5,,,1,5,,39614,5,,,1,5,,39641,5,,,1,5,,39622,5,,,1,5,,39521,5,,,1,5,,39553,5,,,1,5,,39545,5,,,1,5,,39658,5,,,1,5,,39631,5,,,1,5,,39530,5,,,1,45,,39598,5,,,1,5,,39671,5,,,1,5,,39568,5,,,1,5,,39581,5,,,1,5,,39615,5,,,1,5,,39642,5,,,1,5,,39623,5,,,1,5,,39522,5,,,1,5,,39554,5,,,1,5,,39546,5,,,1,5,,39659,5,,,1,5,,39632,5,,,1,45,,39531,5,,,1,5,,39599,5,,,1,5,,39672,5,,,1,5,,39569,5,,,1,5,,39582,5,,,1,5,,39616,5,,,1,5,,39643,5,,,1,5,,39624,5,,,1,5,,39523,5,,,1,5,,39555,5,,,1,5,,39547,5,,,1,5,,39660,5,,,1,45,,39633,5,,,1,5,,39532,5,,,1,5,,39600,5,,,1,5,,39673,5,,,1,5,,39570,5,,,1,5,,39583,5,,,1,5,,39617,5,,,1,5,,39644,5,,,1,6,,39625,5,,,1,13,,39556,5,,,1,50,,39661,5,,,1,10,,39533,5,,,1,10,,39601,5,,,1,10,,39571,5,,,1,10,,39584,5,,,1,10,,39645,5,,,1,50,,39557,5,,,1,10,,39662,5,,,1,10,,39534,5,,,1,10,,39602,5,,,1,10,,39572,5,,,1,10,,39585,5,,,1,50,,39646,5,,,1,10,,39558,5,,,1,10,,39663,5,,,1,10,,39535,5,,,1,10,,39603,5,,,1,15,,39573,5,,,1,55,,39586,5,,,1,15,,39647,5,,,1,15,,39664,5,,,1,15,,39604,5,,,1,55,,39574,5,,,1,15,,39587,5,,,1,15,,39648,5,,,1,15,,39665,5,,,1,55,,39605,5,,,1,15,,39575,5,,,1,15,,39588,5,,,1,15,,39649,5,,,1,55,,39666,5,,,1
18002300,'20260914-Weekday-7-26-09',513,,39674,5,,,1,10,,39698,5,,,1,10,,39686,5,,,1,10,,39710,5,,,1,10,,39751,5,,,1,50,,39721,5,,,1,7,,39738,5,,,1,5,,39768,5,,,1,5,,39675,5,,,1,5,,39780,5,,,1,5,,39699,5,,,1,5,,39788,5,,,1,5,,39687,5,,,1,5,,39812,5,,,1,5,,39711,5,,,1,5,,39796,5,,,1,45,,39752,5,,,1,5,,39829,5,,,1,5,,39722,5,,,1,5,,39739,5,,,1,5,,39769,5,,,1,5,,39676,5,,,1,5,,39781,5,,,1,5,,39700,5,,,1,5,,39789,5,,,1,5,,39688,5,,,1,5,,39813,5,,,1,5,,39712,5,,,1,45,,39797,5,,,1,5,,39753,5,,,1,5,,39830,5,,,1,5,,39723,5,,,1,5,,39740,5,,,1,5,,39770,5,,,1,5,,39677,5,,,1,5,,39782,5,,,1,5,,39701,5,,,1,5,,39790,5,,,1,5,,39689,5,,,1,5,,39814,5,,,1,45,,39713,5,,,1,5,,39798,5,,,1,5,,39754,5,,,1,5,,39831,5,,,1,5,,39724,5,,,1,5,,39741,5,,,1,5,,39771,5,,,1,5,,39678,5,,,1,5,,39783,5,,,1,5,,39702,5,,,1,5,,39791,5,,,1,5,,39690,5,,,1,45,,39815,5,,,1,6,,39714,5,,,1,6,,39799,5,,,1,7,,39755,5,,,1,10,,39725,5,,,1,10,,39772,5,,,1,10,,39679,5,,,1,10,,39703,5,,,1,50,,39816,5,,,1,10,,39800,5,,,1,10,,39756,5,,,1,10,,39726,5,,,1,10,,39773,5,,,1,10,,39680,5,,,1,50,,39704,5,,,1,10,,39817,5,,,1,10,,39801,5,,,1,10,,39757,5,,,1,10,,39727,5,,,1,10,,39774,5,,,1,50,,39681,5,,,1,10,,39705,5,,,1,10,,39818,5,,,1,10,,39802,5,,,1,10,,39758,5,,,1,10,,39728,5,,,1,50,,39775,5,,,1,10,,39682,5,,,1,9,,39706,5,,,1,10,,39819,5,,,1,7,,39792,5,,,1,5,,39691,5,,,1,5,,39759,5,,,1,45,,39832,5,,,1,5,,39729,5,,,1,5,,39742,5,,,1,5,,39776,5,,,1,5,,39803,5,,,1,5,,39784,5,,,1,5,,39683,5,,,1,5,,39715,5,,,1,5,,39707,5,,,1,5,,39820,5,,,1,5,,39793,5,,,1,5,,39692,5,,,1,45,,39760,5,,,1,5,,39833,5,,,1,5,,39730,5,,,1,5,,39743,5,,,1,5,,39777,5,,,1,5,,39804,5,,,1,5,,39785,5,,,1,5,,39684,5,,,1,5,,39716,5,,,1,5,,39708,5,,,1,5,,39821,5,,,1,5,,39794,5,,,1,45,,39693,5,,,1,5,,39761,5,,,1,5,,39834,5,,,1,5,,39731,5,,,1,5,,39744,5,,,1,5,,39778,5,,,1,5,,39805,5,,,1,5,,39786,5,,,1,5,,39685,5,,,1,5,,39717,5,,,1,5,,39709,5,,,1,5,,39822,5,,,1,45,,39795,5,,,1,5,,39694,5,,,1,5,,39762,5,,,1,5,,39835,5,,,1,5,,39732,5,,,1,5,,39745,5,,,1,5,,39779,5,,,1,5,,39806,5,,,1,6,,39787,5,,,1,13,,39718,5,,,1,50,,39823,5,,,1,10,,39695,5,,,1,10,,39763,5,,,1,10,,39733,5,,,1,10,,39746,5,,,1,10,,39807,5,,,1,50,,39719,5,,,1,10,,39824,5,,,1,10,,39696,5,,,1,10,,39764,5,,,1,10,,39734,5,,,1,10,,39747,5,,,1,50,,39808,5,,,1,10,,39720,5,,,1,10,,39825,5,,,1,10,,39697,5,,,1,10,,39765,5,,,1,15,,39735,5,,,1,55,,39748,5,,,1,15,,39809,5,,,1,15,,39826,5,,,1,15,,39766,5,,,1,55,,39736,5,,,1,15,,39749,5,,,1,15,,39810,5,,,1,15,,39827,5,,,1,55,,39767,5,,,1,15,,39737,5,,,1,15,,39750,5,,,1,15,,39811,5,,,1,55,,39828,5,,,1
18002300,'20260917-Holiday1-1-26-09',513,,34782,5,,,1,10,,34809,5,,,1,10,,34794,5,,,1,10,,34821,5,,,1,10,,34865,5,,,1,50,,34835,5,,,1,7,,34852,5,,,1,5,,34883,5,,,1,5,,34783,5,,,1,5,,34895,5,,,1,5,,34810,5,,,1,5,,34903,5,,,1,5,,34795,5,,,1,5,,34927,5,,,1,5,,34822,5,,,1,5,,34911,5,,,1,45,,34866,5,,,1,5,,34944,5,,,1,5,,34836,5,,,1,5,,34853,5,,,1,5,,34884,5,,,1,5,,34784,5,,,1,5,,34896,5,,,1,5,,34811,5,,,1,5,,34904,5,,,1,5,,34796,5,,,1,5,,34928,5,,,1,5,,34823,5,,,1,45,,34912,5,,,1,5,,34867,5,,,1,5,,34945,5,,,1,5,,34837,5,,,1,5,,34854,5,,,1,5,,34885,5,,,1,5,,34785,5,,,1,5,,34897,5,,,1,5,,34812,5,,,1,5,,34905,5,,,1,5,,34797,5,,,1,5,,34929,5,,,1,45,,34824,5,,,1,5,,34913,5,,,1,5,,34868,5,,,1,5,,34946,5,,,1,5,,34838,5,,,1,5,,34855,5,,,1,5,,34886,5,,,1,5,,34786,5,,,1,5,,34898,5,,,1,5,,34813,5,,,1,5,,34906,5,,,1,5,,34798,5,,,1,45,,34930,5,,,1,6,,34825,5,,,1,6,,34914,5,,,1,7,,34869,5,,,1,10,,34839,5,,,1,10,,34887,5,,,1,10,,34787,5,,,1,10,,34814,5,,,1,50,,34931,5,,,1,10,,34915,5,,,1,10,,34870,5,,,1,10,,34840,5,,,1,10,,34888,5,,,1,10,,34788,5,,,1,50,,34815,5,,,1,10,,34932,5,,,1,10,,34916,5,,,1,10,,34871,5,,,1,10,,34841,5,,,1,10,,34889,5,,,1,50,,34789,5,,,1,10,,34816,5,,,1,10,,34933,5,,,1,10,,34917,5,,,1,10,,34872,5,,,1,10,,34842,5,,,1,50,,34890,5,,,1,10,,34790,5,,,1,9,,34817,5,,,1,10,,34934,5,,,1,7,,34907,5,,,1,5,,34799,5,,,1,5,,34873,5,,,1,45,,34947,5,,,1,5,,34843,5,,,1,5,,34856,5,,,1,5,,34891,5,,,1,5,,34918,5,,,1,5,,34899,5,,,1,5,,34791,5,,,1,5,,34826,5,,,1,5,,34818,5,,,1,5,,34935,5,,,1,5,,34908,5,,,1,5,,34800,5,,,1,45,,34874,5,,,1,5,,34948,5,,,1,5,,34844,5,,,1,5,,34857,5,,,1,5,,34892,5,,,1,5,,34919,5,,,1,5,,34900,5,,,1,5,,34792,5,,,1,5,,34827,5,,,1,5,,34819,5,,,1,5,,34936,5,,,1,5,,34909,5,,,1,45,,34801,5,,,1,5,,34875,5,,,1,5,,34949,5,,,1,5,,34845,5,,,1,5,,34858,5,,,1,5,,34893,5,,,1,5,,34920,5,,,1,5,,34901,5,,,1,5,,34793,5,,,1,5,,34828,5,,,1,5,,34820,5,,,1,5,,34937,5,,,1,45,,34910,5,,,1,5,,34802,5,,,1,5,,34876,5,,,1,5,,34950,5,,,1,5,,34846,5,,,1,5,,34859,5,,,1,5,,34894,5,,,1,5,,34921,5,,,1,6,,34902,5,,,1,13,,34829,5,,,1,50,,34938,5,,,1,10,,34803,5,,,1,10,,34877,5,,,1,10,,34847,5,,,1,10,,34860,5,,,1,10,,34922,5,,,1,50,,34830,5,,,1,10,,34939,5,,,1,10,,34804,5,,,1,10,,34878,5,,,1,10,,34848,5,,,1,10,,34861,5,,,1,50,,34923,5,,,1,10,,34831,5,,,1,10,,34940,5,,,1,10,,34805,5,,,1,10,,34879,5,,,1,10,,34849,5,,,1,50,,34862,5,,,1,10,,34924,5,,,1,10,,34832,5,,,1,10,,34941,5,,,1,10,,34806,5,,,1,10,,34880,5,,,1,50,,34850,5,,,1,10,,34863,5,,,1,10,,34925,5,,,1,10,,34833,5,,,1,10,,34942,5,,,1,10,,34807,5,,,1,50,,34881,5,,,1,10,,34851,5,,,1,10,,34864,5,,,1,10,,34926,5,,,1,10,,34834,5,,,1,10,,34943,5,,,1,50,,34808,5,,,1,10,,34882,5,,,1
18002300,'20260919-Saturday-1-26-09',524,,34951,5,,,1,10,,34968,5,,,1,10,,34985,5,,,1,10,,34997,5,,,1,50,,35014,5,,,1,10,,35031,5,,,1,10,,35047,5,,,1,10,,34952,5,,,1,10,,34969,5,,,1,10,,34986,5,,,1,50,,34998,5,,,1,10,,35015,5,,,1,10,,35032,5,,,1,10,,35048,5,,,1,10,,34953,5,,,1,10,,34970,5,,,1,50,,34987,5,,,1,10,,34999,5,,,1,10,,35016,5,,,1,10,,35033,5,,,1,10,,35049,5,,,1,10,,34954,5,,,1,50,,34971,5,,,1,10,,34988,5,,,1,10,,35000,5,,,1,10,,35017,5,,,1,10,,35034,5,,,1,10,,35050,5,,,1,50,,34955,5,,,1,10,,34972,5,,,1,10,,34989,5,,,1,10,,35001,5,,,1,10,,35018,5,,,1,10,,35035,5,,,1,50,,35051,5,,,1,10,,34956,5,,,1,10,,34973,5,,,1,10,,34990,5,,,1,10,,35002,5,,,1,10,,35019,5,,,1,50,,35036,5,,,1,10,,35052,5,,,1,10,,34957,5,,,1,10,,34974,5,,,1,10,,34991,5,,,1,10,,35003,5,,,1,50,,35020,5,,,1,10,,35037,5,,,1,10,,35053,5,,,1,10,,34958,5,,,1,10,,34975,5,,,1,10,,34992,5,,,1,50,,35004,5,,,1,10,,35021,5,,,1,10,,35038,5,,,1,10,,35054,5,,,1,10,,34959,5,,,1,10,,34976,5,,,1,50,,34993,5,,,1,10,,35005,5,,,1,10,,35022,5,,,1,10,,35039,5,,,1,10,,35055,5,,,1,10,,34960,5,,,1,50,,34977,5,,,1,10,,34994,5,,,1,10,,35006,5,,,1,10,,35023,5,,,1,10,,35040,5,,,1,10,,35056,5,,,1,50,,34961,5,,,1,10,,34978,5,,,1,10,,34995,5,,,1,10,,35007,5,,,1,10,,35024,5,,,1,10,,35041,5,,,1,50,,35057,5,,,1,10,,34962,5,,,1,10,,34979,5,,,1,10,,34996,5,,,1,10,,35008,5,,,1,15,,35025,5,,,1,55,,35042,5,,,1,15,,34963,5,,,1,15,,34980,5,,,1,15,,35009,5,,,1,55,,35026,5,,,1,15,,35043,5,,,1,15,,34964,5,,,1,15,,34981,5,,,1,55,,35010,5,,,1,15,,35027,5,,,1,15,,35044,5,,,1,15,,34965,5,,,1,55,,34982,5,,,1,15,,35011,5,,,1,15,,35028,5,,,1,15,,35045,5,,,1,55,,34966,5,,,1,15,,34983,5,,,1,15,,35012,5,,,1,15,,35029,5,,,1,55,,35046,5,,,1,15,,34967,5,,,1,15,,34984,5,,,1,15,,35013,5,,,1,55,,35030,5,,,1
