18002201,'022R-Weekday-1-26-09',600,,33824,2,0,12 13,1,12,,33825,2,0,12 13,1,12,,33826,2,0,12 13,1,12,,33827,2,0,12 13,1,12,,33828,2,0,12 13,1,52,,33829,2,0,12 13,1,12,,33830,2,0,12 13,1,12,,33831,2,0,12 13,1,12,,33832,2,0,12 13,1,12,,33833,2,0,12 13,1,52,,33834,2,0,12 13,1,12,,33835,2,0,12 13,1,12,,33836,2,0,12 13,1,12,,33837,2,0,12 13,1,12,,33838,2,0,12 13,1,52,,33839,2,0,12 13,1,12,,33840,2,0,12 13,1,18,,33841,2,0,12 13,1,20,,33842,2,0,12 13,1,55,,33843,2,0,12 13,1,15,,33844,2,0,12 13,1,15,,33845,2,0,12 13,1,15,,33846,2,0,12 13,1,55,,33847,2,0,12 13,1,15,,33848,2,0,12 13,1,15,,33849,2,0,12 13,1,15,,33850,2,0,12 13,1,55,,33851,2,0,12 13,1,15,,33852,2,0,12 13,1,15,,33853,2,0,12 13,1,15,,33854,2,0,12 13,1,55,,33855,2,0,12 13,1,15,,33856,2,0,12 13,1,15,,33857,2,0,12 13,1,13,,33858,2,0,12 13,1,52,,33859,2,0,12 13,1,12,,33860,2,0,12 13,1,12,,33861,2,0,12 13,1,12,,33862,2,0,12 13,1,12,,33863,2,0,12 13,1,52,,33864,2,0,12 13,1,12,,33865,2,0,12 13,1,12,,33866,2,0,12 13,1,12,,33867,2,0,12 13,1,12,,33868,2,0,12 13,1,52,,33869,2,0,12 13,1,12,,33870,2,0,12 13,1,12,,33871,2,0,12 13,1,12,,33872,2,0,12 13,1,12,,33873,2,0,12 13,1,52,,33874,2,0,12 13,1,12,,33875,2,0,12 13,1,12,,33876,2,0,12 13,1,12,,33877,2,0,12 13,1,12,,33878,2,0,12 13,1,52,,33879,2,0,12 13,1,12,,33880,2,0,12 13,1,17,,33881,2,0,12 13,1,15,,33882,2,0,12 13,1,15,,33883,2,0,12 13,1,55,,33884,2,0,12 13,1,15,,33885,2,0,12 13,1,15,,33886,2,0,12 13,1,15,,33887,2,0,12 13,1,55,,33888,2,0,12 13,1,15,,33889,2,0,12 13,1,15,,33890,2,0,12 13,1,15,,33891,2,0,12 13,1,55,,33892,2,0,12 13,1,15,,33893,2,0,12 13,1,15,,33894,2,0,12 13,1,15,,33895,2,0,12 13,1,55,,33896,2,0,12 13,1,15,,33897,2,0,12 13,1,15,,33898,2,0,12 13,1,15,,33899,2,0,12 13,1,55,,33823,2,0,12 13,1,15,,33822,2,0,12 13,1,15,,33821,2,0,12 13,1,15,,33820,2,0,12 13,1,55,,33819,2,0,12 13,1,15,,33818,2,0,12 13,1,15,,33817,2,0,12 13,1,15,,33816,2,0,12 13,1
18002201,'022R-Weekday-2-26-09',600,,33908,2,0,12 13,1,12,,33909,2,0,12 13,1,12,,33910,2,0,12 13,1,12,,33911,2,0,12 13,1,12,,33912,2,0,12 13,1,52,,33913,2,0,12 13,1,12,,33914,2,0,12 13,1,12,,33915,2,0,12 13,1,12,,33916,2,0,12 13,1,12,,33917,2,0,12 13,1,52,,33918,2,0,12 13,1,12,,33919,2,0,12 13,1,12,,33920,2,0,12 13,1,12,,33921,2,0,12 13,1,12,,33922,2,0,12 13,1,52,,33923,2,0,12 13,1,12,,33924,2,0,12 13,1,18,,33925,2,0,12 13,1,20,,33926,2,0,12 13,1,55,,33927,2,0,12 13,1,15,,33928,2,0,12 13,1,15,,33929,2,0,12 13,1,15,,33930,2,0,12 13,1,55,,33931,2,0,12 13,1,15,,33932,2,0,12 13,1,15,,33933,2,0,12 13,1,15,,33934,2,0,12 13,1,55,,33935,2,0,12 13,1,15,,33936,2,0,12 13,1,15,,33937,2,0,12 13,1,15,,33938,2,0,12 13,1,55,,33939,2,0,12 13,1,15,,33940,2,0,12 13,1,15,,33941,2,0,12 13,1,13,,33942,2,0,12 13,1,52,,33943,2,0,12 13,1,12,,33944,2,0,12 13,1,12,,33945,2,0,12 13,1,12,,33946,2,0,12 13,1,12,,33947,2,0,12 13,1,52,,33948,2,0,12 13,1,12,,33949,2,0,12 13,1,12,,33950,2,0,12 13,1,12,,33951,2,0,12 13,1,12,,33952,2,0,12 13,1,52,,33953,2,0,12 13,1,12,,33954,2,0,12 13,1,12,,33955,2,0,12 13,1,12,,33956,2,0,12 13,1,12,,33957,2,0,12 13,1,52,,33958,2,0,12 13,1,12,,33959,2,0,12 13,1,12,,33960,2,0,12 13,1,12,,33961,2,0,12 13,1,12,,33962,2,0,12 13,1,52,,33963,2,0,12 13,1,12,,33964,2,0,12 13,1,17,,33965,2,0,12 13,1,15,,33966,2,0,12 13,1,15,,33967,2,0,12 13,1,55,,33968,2,0,12 13,1,15,,33969,2,0,12 13,1,15,,33970,2,0,12 13,1,15,,33971,2,0,12 13,1,55,,33972,2,0,12 13,1,15,,33973,2,0,12 13,1,15,,33974,2,0,12 13,1,15,,33975,2,0,12 13,1,55,,33976,2,0,12 13,1,15,,33977,2,0,12 13,1,15,,33978,2,0,12 13,1,15,,33979,2,0,12 13,1,55,,33980,2,0,12 13,1,15,,33981,2,0,12 13,1,15,,33982,2,0,12 13,1,15,,33983,2,0,12 13,1,55,,33907,2,0,12 13,1,15,,33906,2,0,12 13,1,15,,33905,2,0,12 13,1,15,,33904,2,0,12 13,1,55,,33903,2,0,12 13,1,15,,33902,2,0,12 13,1,15,,33901,2,0,12 13,1,15,,33900,2,0,12 13,1
18002201,'022R-Weekday-3-26-09',600,,38338,2,0,12 13,1,12,,38339,2,0,12 13,1,12,,38340,2,0,12 13,1,12,,38341,2,0,12 13,1,12,,38342,2,0,12 13,1,52,,38343,2,0,12 13,1,12,,38344,2,0,12 13,1,12,,38345,2,0,12 13,1,12,,38346,2,0,12 13,1,12,,38347,2,0,12 13,1,52,,38348,2,0,12 13,1,12,,38349,2,0,12 13,1,12,,38350,2,0,12 13,1,12,,38351,2,0,12 13,1,12,,38352,2,0,12 13,1,52,,38353,2,0,12 13,1,12,,38354,2,0,12 13,1,18,,38355,2,0,12 13,1,20,,38356,2,0,12 13,1,55,,38357,2,0,12 13,1,15,,38358,2,0,12 13,1,15,,38359,2,0,12 13,1,15,,38360,2,0,12 13,1,55,,38361,2,0,12 13,1,15,,38362,2,0,12 13,1,15,,38363,2,0,12 13,1,15,,38364,2,0,12 13,1,55,,38365,2,0,12 13,1,15,,38366,2,0,12 13,1,15,,38367,2,0,12 13,1,15,,38368,2,0,12 13,1,55,,38369,2,0,12 13,1,15,,38370,2,0,12 13,1,15,,38371,2,0,12 13,1,13,,38372,2,0,12 13,1,52,,38373,2,0,12 13,1,12,,38374,2,0,12 13,1,12,,38375,2,0,12 13,1,12,,38376,2,0,12 13,1,12,,38377,2,0,12 13,1,52,,38378,2,0,12 13,1,12,,38379,2,0,12 13,1,12,,38380,2,0,12 13,1,12,,38381,2,0,12 13,1,12,,38382,2,0,12 13,1,52,,38383,2,0,12 13,1,12,,38384,2,0,12 13,1,12,,38385,2,0,12 13,1,12,,38386,2,0,12 13,1,12,,38387,2,0,12 13,1,52,,38388,2,0,12 13,1,12,,38389,2,0,12 13,1,12,,38390,2,0,12 13,1,12,,38391,2,0,12 13,1,12,,38392,2,0,12 13,1,52,,38393,2,0,12 13,1,12,,38394,2,0,12 13,1,17,,38395,2,0,12 13,1,15,,38396,2,0,12 13,1,15,,38397,2,0,12 13,1,55,,38398,2,0,12 13,1,15,,38399,2,0,12 13,1,15,,38400,2,0,12 13,1,15,,38401,2,0,12 13,1,55,,38402,2,0,12 13,1,15,,38403,2,0,12 13,1,15,,38404,2,0,12 13,1,15,,38405,2,0,12 13,1,55,,38406,2,0,12 13,1,15,,38407,2,0,12 13,1,15,,38408,2,0,12 13,1,15,,38409,2,0,12 13,1,55,,38410,2,0,12 13,1,15,,38411,2,0,12 13,1,15,,38412,2,0,12 13,1,15,,38413,2,0,12 13,1,55,,38337,2,0,12 13,1,15,,38336,2,0,12 13,1,15,,38335,2,0,12 13,1,15,,38334,2,0,12 13,1,55,,38333,2,0,12 13,1,15,,38332,2,0,12 13,1,15,,38331,2,0,12 13,1,15,,38330,2,0,12 13,1
18002201,'022R-Weekday-4-26-09',600,,33992,2,0,12 13,1,12,,33993,2,0,12 13,1,12,,33994,2,0,12 13,1,12,,33995,2,0,12 13,1,12,,33996,2,0,12 13,1,52,,33997,2,0,12 13,1,12,,33998,2,0,12 13,1,12,,33999,2,0,12 13,1,12,,34000,2,0,12 13,1,12,,34001,2,0,12 13,1,52,,34002,2,0,12 13,1,12,,34003,2,0,12 13,1,12,,34004,2,0,12 13,1,12,,34005,2,0,12 13,1,12,,34006,2,0,12 13,1,52,,34007,2,0,12 13,1,12,,34008,2,0,12 13,1,18,,34009,2,0,12 13,1,20,,34010,2,0,12 13,1,55,,34011,2,0,12 13,1,15,,34012,2,0,12 13,1,15,,34013,2,0,12 13,1,15,,34014,2,0,12 13,1,55,,34015,2,0,12 13,1,15,,34016,2,0,12 13,1,15,,34017,2,0,12 13,1,15,,34018,2,0,12 13,1,55,,34019,2,0,12 13,1,15,,34020,2,0,12 13,1,15,,34021,2,0,12 13,1,15,,34022,2,0,12 13,1,55,,34023,2,0,12 13,1,15,,34024,2,0,12 13,1,15,,34025,2,0,12 13,1,13,,34026,2,0,12 13,1,52,,34027,2,0,12 13,1,12,,34028,2,0,12 13,1,12,,34029,2,0,12 13,1,12,,34030,2,0,12 13,1,12,,34031,2,0,12 13,1,52,,34032,2,0,12 13,1,12,,34033,2,0,12 13,1,12,,34034,2,0,12 13,1,12,,34035,2,0,12 13,1,12,,34036,2,0,12 13,1,52,,34037,2,0,12 13,1,12,,34038,2,0,12 13,1,12,,34039,2,0,12 13,1,12,,34040,2,0,12 13,1,12,,34041,2,0,12 13,1,52,,34042,2,0,12 13,1,12,,34043,2,0,12 13,1,12,,34044,2,0,12 13,1,12,,34045,2,0,12 13,1,12,,34046,2,0,12 13,1,52,,34047,2,0,12 13,1,12,,34048,2,0,12 13,1,17,,34049,2,0,12 13,1,15,,34050,2,0,12 13,1,15,,34051,2,0,12 13,1,55,,34052,2,0,12 13,1,15,,34053,2,0,12 13,1,15,,34054,2,0,12 13,1,15,,34055,2,0,12 13,1,55,,34056,2,0,12 13,1,15,,34057,2,0,12 13,1,15,,34058,2,0,12 13,1,15,,34059,2,0,12 13,1,55,,34060,2,0,12 13,1,15,,34061,2,0,12 13,1,15,,34062,2,0,12 13,1,15,,34063,2,0,12 13,1,55,,34064,2,0,12 13,1,15,,34065,2,0,12 13,1,15,,34066,2,0,12 13,1,15,,34067,2,0,12 13,1,55,,33991,2,0,12 13,1,15,,33990,2,0,12 13,1,15,,33989,2,0,12 13,1,15,,33988,2,0,12 13,1,55,,33987,2,0,12 13,1,15,,33986,2,0,12 13,1,15,,33985,2,0,12 13,1,15,,33984,2,0,12 13,1
18002201,'022R-Weekday-5-26-09',600,,38422,2,0,12 13,1,12,,38423,2,0,12 13,1,12,,38424,2,0,12 13,1,12,,38425,2,0,12 13,1,12,,38426,2,0,12 13,1,52,,38427,2,0,12 13,1,12,,38428,2,0,12 13,1,12,,38429,2,0,12 13,1,12,,38430,2,0,12 13,1,12,,38431,2,0,12 13,1,52,,38432,2,0,12 13,1,12,,38433,2,0,12 13,1,12,,38434,2,0,12 13,1,12,,38435,2,0,12 13,1,12,,38436,2,0,12 13,1,52,,38437,2,0,12 13,1,12,,38438,2,0,12 13,1,18,,38439,2,0,12 13,1,20,,38440,2,0,12 13,1,55,,38441,2,0,12 13,1,15,,38442,2,0,12 13,1,15,,38443,2,0,12 13,1,15,,38444,2,0,12 13,1,55,,38445,2,0,12 13,1,15,,38446,2,0,12 13,1,15,,38447,2,0,12 13,1,15,,38448,2,0,12 13,1,55,,38449,2,0,12 13,1,15,,38450,2,0,12 13,1,15,,38451,2,0,12 13,1,15,,38452,2,0,12 13,1,55,,38453,2,0,12 13,1,15,,38454,2,0,12 13,1,15,,38455,2,0,12 13,1,13,,38456,2,0,12 13,1,52,,38457,2,0,12 13,1,12,,38458,2,0,12 13,1,12,,38459,2,0,12 13,1,12,,38460,2,0,12 13,1,12,,38461,2,0,12 13,1,52,,38462,2,0,12 13,1,12,,38463,2,0,12 13,1,12,,38464,2,0,12 13,1,12,,38465,2,0,12 13,1,12,,38466,2,0,12 13,1,52,,38467,2,0,12 13,1,12,,38468,2,0,12 13,1,12,,38469,2,0,12 13,1,12,,38470,2,0,12 13,1,12,,38471,2,0,12 13,1,52,,38472,2,0,12 13,1,12,,38473,2,0,12 13,1,12,,38474,2,0,12 13,1,12,,38475,2,0,12 13,1,12,,38476,2,0,12 13,1,52,,38477,2,0,12 13,1,12,,38478,2,0,12 13,1,17,,38479,2,0,12 13,1,15,,38480,2,0,12 13,1,15,,38481,2,0,12 13,1,55,,38482,2,0,12 13,1,15,,38483,2,0,12 13,1,15,,38484,2,0,12 13,1,15,,38485,2,0,12 13,1,55,,38486,2,0,12 13,1,15,,38487,2,0,12 13,1,15,,38488,2,0,12 13,1,15,,38489,2,0,12 13,1,55,,38490,2,0,12 13,1,15,,38491,2,0,12 13,1,15,,38492,2,0,12 13,1,15,,38493,2,0,12 13,1,55,,38494,2,0,12 13,1,15,,38495,2,0,12 13,1,15,,38496,2,0,12 13,1,15,,38497,2,0,12 13,1,55,,38421,2,0,12 13,1,15,,38420,2,0,12 13,1,15,,38419,2,0,12 13,1,15,,38418,2,0,12 13,1,55,,38417,2,0,12 13,1,15,,38416,2,0,12 13,1,15,,38415,2,0,12 13,1,15,,38414,2,0,12 13,1
18002201,'022R-Weekday-6-26-09',600,,38506,2,0,12 13,1,12,,38507,2,0,12 13,1,12,,38508,2,0,12 13,1,12,,38509,2,0,12 13,1,12,,38510,2,0,12 13,1,52,,38511,2,0,12 13,1,12,,38512,2,0,12 13,1,12,,38513,2,0,12 13,1,12,,38514,2,0,12 13,1,12,,38515,2,0,12 13,1,52,,38516,2,0,12 13,1,12,,38517,2,0,12 13,1,12,,38518,2,0,12 13,1,12,,38519,2,0,12 13,1,12,,38520,2,0,12 13,1,52,,38521,2,0,12 13,1,12,,38522,2,0,12 13,1,18,,38523,2,0,12 13,1,20,,38524,2,0,12 13,1,55,,38525,2,0,12 13,1,15,,38526,2,0,12 13,1,15,,38527,2,0,12 13,1,15,,38528,2,0,12 13,1,55,,38529,2,0,12 13,1,15,,38530,2,0,12 13,1,15,,38531,2,0,12 13,1,15,,38532,2,0,12 13,1,55,,38533,2,0,12 13,1,15,,38534,2,0,12 13,1,15,,38535,2,0,12 13,1,15,,38536,2,0,12 13,1,55,,38537,2,0,12 13,1,15,,38538,2,0,12 13,1,15,,38539,2,0,12 13,1,13,,38540,2,0,12 13,1,52,,38541,2,0,12 13,1,12,,38542,2,0,12 13,1,12,,38543,2,0,12 13,1,12,,38544,2,0,12 13,1,12,,38545,2,0,12 13,1,52,,38546,2,0,12 13,1,12,,38547,2,0,12 13,1,12,,38548,2,0,12 13,1,12,,38549,2,0,12 13,1,12,,38550,2,0,12 13,1,52,,38551,2,0,12 13,1,12,,38552,2,0,12 13,1,12,,38553,2,0,12 13,1,12,,38554,2,0,12 13,1,12,,38555,2,0,12 13,1,52,,38556,2,0,12 13,1,12,,38557,2,0,12 13,1,12,,38558,2,0,12 13,1,12,,38559,2,0,12 13,1,12,,38560,2,0,12 13,1,52,,38561,2,0,12 13,1,12,,38562,2,0,12 13,1,17,,38563,2,0,12 13,1,15,,38564,2,0,12 13,1,15,,38565,2,0,12 13,1,55,,38566,2,0,12 13,1,15,,38567,2,0,12 13,1,15,,38568,2,0,12 13,1,15,,38569,2,0,12 13,1,55,,38570,2,0,12 13,1,15,,38571,2,0,12 13,1,15,,38572,2,0,12 13,1,15,,38573,2,0,12 13,1,55,,38574,2,0,12 13,1,15,,38575,2,0,12 13,1,15,,38576,2,0,12 13,1,15,,38577,2,0,12 13,1,55,,38578,2,0,12 13,1,15,,38579,2,0,12 13,1,15,,38580,2,0,12 13,1,15,,38581,2,0,12 13,1,55,,38505,2,0,12 13,1,15,,38504,2,0,12 13,1,15,,38503,2,0,12 13,1,15,,38502,2,0,12 13,1,55,,38501,2,0,12 13,1,15,,38500,2,0,12 13,1,15,,38499,2,0,12 13,1,15,,38498,2,0,12 13,1
18002201,'022R-Weekday-7-26-09',600,,38590,2,0,12 13,1,12,,38591,2,0,12 13,1,12,,38592,2,0,12 13,1,12,,38593,2,0,12 13,1,12,,38594,2,0,12 13,1,52,,38595,2,0,12 13,1,12,,38596,2,0,12 13,1,12,,38597,2,0,12 13,1,12,,38598,2,0,12 13,1,12,,38599,2,0,12 13,1,52,,38600,2,0,12 13,1,12,,38601,2,0,12 13,1,12,,38602,2,0,12 13,1,12,,38603,2,0,12 13,1,12,,38604,2,0,12 13,1,52,,38605,2,0,12 13,1,12,,38606,2,0,12 13,1,18,,38607,2,0,12 13,1,20,,38608,2,0,12 13,1,55,,38609,2,0,12 13,1,15,,38610,2,0,12 13,1,15,,38611,2,0,12 13,1,15,,38612,2,0,12 13,1,55,,38613,2,0,12 13,1,15,,38614,2,0,12 13,1,15,,38615,2,0,12 13,1,15,,38616,2,0,12 13,1,55,,38617,2,0,12 13,1,15,,38618,2,0,12 13,1,15,,38619,2,0,12 13,1,15,,38620,2,0,12 13,1,55,,38621,2,0,12 13,1,15,,38622,2,0,12 13,1,15,,38623,2,0,12 13,1,13,,38624,2,0,12 13,1,52,,38625,2,0,12 13,1,12,,38626,2,0,12 13,1,12,,38627,2,0,12 13,1,12,,38628,2,0,12 13,1,12,,38629,2,0,12 13,1,52,,38630,2,0,12 13,1,12,,38631,2,0,12 13,1,12,,38632,2,0,12 13,1,12,,38633,2,0,12 13,1,12,,38634,2,0,12 13,1,52,,38635,2,0,12 13,1,12,,38636,2,0,12 13,1,12,,38637,2,0,12 13,1,12,,38638,2,0,12 13,1,12,,38639,2,0,12 13,1,52,,38640,2,0,12 13,1,12,,38641,2,0,12 13,1,12,,38642,2,0,12 13,1,12,,38643,2,0,12 13,1,12,,38644,2,0,12 13,1,52,,38645,2,0,12 13,1,12,,38646,2,0,12 13,1,17,,38647,2,0,12 13,1,15,,38648,2,0,12 13,1,15,,38649,2,0,12 13,1,55,,38650,2,0,12 13,1,15,,38651,2,0,12 13,1,15,,38652,2,0,12 13,1,15,,38653,2,0,12 13,1,55,,38654,2,0,12 13,1,15,,38655,2,0,12 13,1,15,,38656,2,0,12 13,1,15,,38657,2,0,12 13,1,55,,38658,2,0,12 13,1,15,,38659,2,0,12 13,1,15,,38660,2,0,12 13,1,15,,38661,2,0,12 13,1,55,,38662,2,0,12 13,1,15,,38663,2,0,12 13,1,15,,38664,2,0,12 13,1,15,,38665,2,0,12 13,1,55,,38589,2,0,12 13,1,15,,38588,2,0,12 13,1,15,,38587,2,0,12 13,1,15,,38586,2,0,12 13,1,55,,38585,2,0,12 13,1,15,,38584,2,0,12 13,1,15,,38583,2,0,12 13,1,15,,38582,2,0,12 13,1
18002201,'022R-Saturday-1-26-09',558,,34068,2,0,12 13,1,55,,34069,2,0,12 13,1,15,,34070,2,0,12 13,1,15,,34071,2,0,12 13,1,15,,34072,2,0,12 13,1,55,,34073,2,0,12 13,1,15,,34074,2,0,12 13,1,15,,34075,2,0,12 13,1,15,,34076,2,0,12 13,1,55,,34077,2,0,12 13,1,15,,34078,2,0,12 13,1,15,,34079,2,0,12 13,1,15,,34080,2,0,12 13,1,55,,34081,2,0,12 13,1,15,,34082,2,0,12 13,1,15,,34083,2,0,12 13,1,15,,34084,2,0,12 13,1,55,,34085,2,0,12 13,1,15,,34086,2,0,12 13,1,15,,34087,2,0,12 13,1,15,,34088,2,0,12 13,1,55,,34089,2,0,12 13,1,15,,34090,2,0,12 13,1,15,,34091,2,0,12 13,1,15,,34092,2,0,12 13,1,55,,34093,2,0,12 13,1,15,,34094,2,0,12 13,1,15,,34095,2,0,12 13,1,15,,34096,2,0,12 13,1,55,,34097,2,0,12 13,1,15,,34098,2,0,12 13,1,15,,34099,2,0,12 13,1,15,,34100,2,0,12 13,1,55,,34101,2,0,12 13,1,15,,34102,2,0,12 13,1,15,,34103,2,0,12 13,1,15,,34104,2,0,12 13,1,55,,34105,2,0,12 13,1,15,,34106,2,0,12 13,1,15,,34107,2,0,12 13,1,15,,34108,2,0,12 13,1,55,,34109,2,0,12 13,1,15,,34110,2,0,12 13,1,15,,34111,2,0,12 13,1,15,,34112,2,0,12 13,1,55,,34113,2,0,12 13,1,15,,34114,2,0,12 13,1,15,,34115,2,0,12 13,1,15,,34116,2,0,12 13,1,55,,34117,2,0,12 13,1,15,,34118,2,0,12 13,1,15,,34119,2,0,12 13,1,15,,34120,2,0,12 13,1,55,,34121,2,0,12 13,1,15,,34122,2,0,12 13,1,15,,34123,2,0,12 13,1,15,,34124,2,0,12 13,1,55,,34125,2,0,12 13,1,15,,34126,2,0,12 13,1,15,,34127,2,0,12 13,1,15,,34128,2,0,12 13,1,55,,34129,2,0,12 13,1,15,,34130,2,0,12 13,1,15,,34131,2,0,12 13,1,15,,34132,2,0,12 13,1,55,,34133,2,0,12 13,1,15,,34134,2,0,12 13,1,15,,34135,2,0,12 13,1,15,,34136,2,0,12 13,1,55,,34137,2,0,12 13,1,15,,34138,2,0,12 13,1,15,,34139,2,0,12 13,1,15,,34140,2,0,12 13,1,55,,34141,2,0,12 13,1,15,,34142,2,0,12 13,1,15,,34143,2,0,12 13,1,15,,34144,2,0,12 13,1
18002201,'022R-Saturday-2-26-09',546,,38666,2,,,1,55,,38667,2,,,1,15,,38668,2,,,1,15,,38669,2,,,1,15,,38670,2,,,1,55,,38671,2,,,1,15,,38672,2,,,1,15,,38673,2,,,1,15,,38674,2,,,1,55,,38675,2,,,1,15,,38676,2,,,1,15,,38677,2,,,1,15,,38678,2,,,1,55,,38679,2,,,1,15,,38680,2,,,1,15,,38681,2,,,1,15,,38682,2,,,1,55,,38683,2,,,1,15,,38684,2,,,1,15,,38685,2,,,1,15,,38686,2,,,1,55,,38687,2,,,1,15,,38688,2,,,1,15,,38689,2,,,1,15,,38690,2,,,1,55,,38691,2,,,1,15,,38692,2,,,1,15,,38693,2,,,1,15,,38694,2,,,1,55,,38695,2,,,1,15,,38696,2,,,1,15,,38697,2,,,1,15,,38698,2,,,1,55,,38699,2,,,1,15,,38700,2,,,1,15,,38701,2,,,1,15,,38702,2,,,1,55,,38703,2,,,1,15,,38704,2,,,1,15,,38705,2,,,1,15,,38706,2,,,1,55,,38707,2,,,1,15,,38708,2,,,1,15,,38709,2,,,1,15,,38710,2,,,1,55,,38711,2,,,1,15,,38712,2,,,1,15,,38713,2,,,1,15,,38714,2,,,1,55,,38715,2,,,1,15,,38716,2,,,1,15,,38717,2,,,1,15,,38718,2,,,1,55,,38719,2,,,1,15,,38720,2,,,1,15,,38721,2,,,1,15,,38722,2,,,1,55,,38723,2,,,1,15,,38724,2,,,1,15,,38725,2,,,1,15,,38726,2,,,1,55,,38727,2,,,1,15,,38728,2,,,1,15,,38729,2,,,1,15,,38730,2,,,1,55,,38731,2,,,1,15,,38732,2,,,1,15,,38733,2,,,1,15,,38734,2,,,1,55,,38735,2,,,1,15,,38736,2,,,1,15,,38737,2,,,1,15,,38738,2,,,1,55,,38739,2,,,1,15,,38740,2,,,1,15,,38741,2,,,1,15,,38742,2,,,1
18002201,'022R-Saturday-3-26-09',553,,38745,2,0,9 11,1,55,,38746,2,0,9 11,1,15,,38747,2,0,9 11,1,15,,38748,2,0,9 11,1,15,,38749,2,0,9 11,1,55,,38750,2,0,9 11,1,15,,38751,2,0,9 11,1,15,,38752,2,0,9 11,1,15,,38753,2,0,9 11,1,55,,38754,2,0,9 11,1,15,,38755,2,0,9 11,1,15,,38756,2,0,9 11,1,15,,38757,2,0,9 11,1,55,,38758,2,0,9 11,1,15,,38759,2,0,9 11,1,15,,38760,2,0,9 11,1,15,,38761,2,0,9 11,1,55,,38762,2,0,9 11,1,15,,38763,2,0,9 11,1,15,,38764,2,0,9 11,1,15,,38765,2,0,9 11,1,55,,38766,2,0,9 11,1,15,,38767,2,0,9 11,1,15,,38768,2,0,9 11,1,15,,38769,2,0,9 11,1,55,,38770,2,0,9 11,1,15,,38771,2,0,9 11,1,15,,38772,2,0,9 11,1,15,,38773,2,0,9 11,1,55,,38774,2,0,9 11,1,15,,38775,2,0,9 11,1,15,,38776,2,0,9 11,1,15,,38777,2,0,9 11,1,55,,38778,2,0,9 11,1,15,,38779,2,0,9 11,1,15,,38780,2,0,9 11,1,15,,38781,2,0,9 11,1,55,,38782,2,0,9 11,1,15,,38783,2,0,9 11,1,15,,38784,2,0,9 11,1,15,,38785,2,0,9 11,1,55,,38786,2,0,9 11,1,15,,38787,2,0,9 11,1,15,,38788,2,0,9 11,1,15,,38789,2,0,9 11,1,55,,38790,2,0,9 11,1,15,,38791,2,0,9 11,1,15,,38792,2,0,9 11,1,15,,38793,2,0,9 11,1,55,,38794,2,0,9 11,1,15,,38795,2,0,9 11,1,15,,38796,2,0,9 11,1,15,,38797,2,0,9 11,1,55,,38798,2,0,9 11,1,15,,38799,2,0,9 11,1,15,,38800,2,0,9 11,1,15,,38801,2,0,9 11,1,55,,38802,2,0,9 11,1,15,,38803,2,0,9 11,1,15,,38804,2,0,9 11,1,15,,38805,2,0,9 11,1,55,,38806,2,0,9 11,1,15,,38807,2,0,9 11,1,15,,38808,2,0,9 11,1,15,,38809,2,0,9 11,1,55,,38810,2,0,9 11,1,15,,38811,2,0,9 11,1,15,,38812,2,0,9 11,1,15,,38813,2,0,9 11,1,55,,38814,2,0,9 11,1,15,,38815,2,0,9 11,1,15,,38816,2,0,9 11,1,15,,38817,2,0,9 11,1,55,,38818,2,0,9 11,1,15,,38819,2,0,9 11,1,15,,38820,2,0,9 11,1,15,,38821,2,0,9 11,1
18002201,'022R-Saturday-4-26-09',606,,38856,2,0,9 11,1,15,,38857,2,0,9 11,1,15,,38858,2,0,9 11,1,15,,38859,2,0,9 11,1,55,,38860,2,0,9 11,1,15,,38861,2,0,9 11,1,15,,38862,2,0,9 11,1,15,,38863,2,0,9 11,1,55,,38864,2,0,9 11,1,15,,38865,2,0,9 11,1,15,,38866,2,0,9 11,1,15,,38867,2,0,9 11,1,55,,38868,2,0,9 11,1,15,,38869,2,0,9 11,1,15,,38870,2,0,9 11,1,15,,38871,2,0,9 11,1,55,,38872,2,0,9 11,1,15,,38873,2,0,9 11,1,15,,38874,2,0,9 11,1,15,,38875,2,0,9 11,1,55,,38876,2,0,9 11,1,15,,38877,2,0,9 11,1,15,,38878,2,0,9 11,1,15,,38879,2,0,9 11,1,55,,38880,2,0,9 11,1,15,,38881,2,0,9 11,1,15,,38882,2,0,9 11,1,15,,38883,2,0,9 11,1,55,,38884,2,0,9 11,1,15,,38885,2,0,9 11,1,15,,38886,2,0,9 11,1,15,,38887,2,0,9 11,1,55,,38888,2,0,9 11,1,15,,38889,2,0,9 11,1,15,,38890,2,0,9 11,1,15,,38891,2,0,9 11,1,55,,38892,2,0,9 11,1,15,,38893,2,0,9 11,1,15,,38894,2,0,9 11,1,15,,38895,2,0,9 11,1,50,,38898,2,0,12 13,1,15,,38897,2,0,12 13,1,15,,38896,2,0,12 13,1,12,,38822,2,0,12 13,1,15,,38823,2,0,12 13,1,55,,38824,2,0,12 13,1,15,,38825,2,0,12 13,1,15,,38826,2,0,12 13,1,15,,38827,2,0,12 13,1,55,,38828,2,0,12 13,1,15,,38829,2,0,12 13,1,15,,38830,2,0,12 13,1,15,,38831,2,0,12 13,1,55,,38832,2,0,12 13,1,15,,38833,2,0,12 13,1,15,,38834,2,0,12 13,1,15,,38835,2,0,12 13,1,55,,38836,2,0,12 13,1,15,,38837,2,0,12 13,1,15,,38838,2,0,12 13,1,15,,38839,2,0,12 13,1,55,,38840,2,0,12 13,1,15,,38841,2,0,12 13,1,15,,38842,2,0,12 13,1,15,,38843,2,0,12 13,1,55,,38844,2,0,12 13,1,15,,38845,2,0,12 13,1,15,,38846,2,0,12 13,1,15,,38847,2,0,12 13,1,55,,38848,2,0,12 13,1,15,,38849,2,0,12 13,1,15,,38850,2,0,12 13,1,15,,38851,2,0,12 13,1,55,,38852,2,0,12 13,1,15,,38853,2,0,12 13,1,15,,38854,2,0,12 13,1,15,,38855,2,0,12 13,1
18002201,'022R-Sunday-1-26-09',613,,34145,2,0,12 13,1,15,,34146,2,0,12 13,1,15,,34147,2,0,12 13,1,15,,34148,2,0,12 13,1,55,,34149,2,0,12 13,1,15,,34150,2,0,12 13,1,15,,34151,2,0,12 13,1,15,,34152,2,0,12 13,1,55,,34153,2,0,12 13,1,15,,34154,2,0,12 13,1,15,,34155,2,0,12 13,1,15,,34156,2,0,12 13,1,55,,34157,2,0,12 13,1,15,,34158,2,0,12 13,1,15,,34159,2,0,12 13,1,15,,34160,2,0,12 13,1,55,,34161,2,0,12 13,1,15,,34162,2,0,12 13,1,15,,34163,2,0,12 13,1,15,,34164,2,0,12 13,1,55,,34165,2,0,12 13,1,15,,34166,2,0,12 13,1,15,,34167,2,0,12 13,1,15,,34168,2,0,12 13,1,55,,34169,2,0,12 13,1,15,,34170,2,0,12 13,1,15,,34171,2,0,12 13,1,15,,34172,2,0,12 13,1,55,,34173,2,0,12 13,1,15,,34174,2,0,12 13,1,15,,34175,2,0,12 13,1,15,,34176,2,0,12 13,1,55,,34177,2,0,12 13,1,15,,34178,2,0,12 13,1,15,,34179,2,0,12 13,1,15,,34180,2,0,12 13,1,55,,34181,2,0,12 13,1,15,,34182,2,0,12 13,1,15,,34183,2,0,12 13,1,15,,34184,2,0,12 13,1,55,,34185,2,0,12 13,1,15,,34186,2,0,12 13,1,15,,34187,2,0,12 13,1,15,,34188,2,0,12 13,1,55,,34189,2,0,12 13,1,15,,34190,2,0,12 13,1,15,,34191,2,0,12 13,1,15,,34192,2,0,12 13,1,55,,34193,2,0,12 13,1,15,,34194,2,0,12 13,1,15,,34195,2,0,12 13,1,15,,34196,2,0,12 13,1,55,,34197,2,0,12 13,1,15,,34198,2,0,12 13,1,15,,34199,2,0,12 13,1,15,,34200,2,0,12 13,1,55,,34201,2,0,12 13,1,15,,34202,2,0,12 13,1,15,,34203,2,0,12 13,1,15,,34204,2,0,12 13,1,55,,34205,2,0,12 13,1,15,,34206,2,0,12 13,1,15,,34207,2,0,12 13,1,15,,34208,2,0,12 13,1,55,,34209,2,0,12 13,1,15,,34210,2,0,12 13,1,15,,34211,2,0,12 13,1,15,,34212,2,0,12 13,1,55,,34213,2,0,12 13,1,15,,34214,2,0,12 13,1,15,,34215,2,0,12 13,1,15,,34216,2,0,12 13,1
18002201,'022R-Sunday-2-26-09',616,,38903,2,,,1,15,,38904,2,,,1,15,,38905,2,,,1,55,,38906,2,,,1,15,,38907,2,,,1,15,,38908,2,,,1,15,,38909,2,,,1,55,,38910,2,,,1,15,,38911,2,,,1,15,,38912,2,,,1,15,,38913,2,,,1,55,,38914,2,,,1,15,,38915,2,,,1,15,,38916,2,,,1,15,,38917,2,,,1,55,,38918,2,,,1,15,,38919,2,,,1,15,,38920,2,,,1,15,,38921,2,,,1,55,,38922,2,,,1,15,,38923,2,,,1,15,,38924,2,,,1,15,,38925,2,,,1,55,,38926,2,,,1,15,,38927,2,,,1,15,,38928,2,,,1,15,,38929,2,,,1,55,,38930,2,,,1,15,,38931,2,,,1,15,,38932,2,,,1,15,,38933,2,,,1,55,,38934,2,,,1,15,,38935,2,,,1,15,,38936,2,,,1,15,,38937,2,,,1,55,,38938,2,,,1,15,,38939,2,,,1,15,,38940,2,,,1,15,,38941,2,,,1,55,,38942,2,,,1,15,,38943,2,,,1,15,,38944,2,,,1,15,,38945,2,,,1,55,,38946,2,,,1,15,,38947,2,,,1,15,,38948,2,,,1,15,,38949,2,,,1,55,,38950,2,,,1,15,,38951,2,,,1,15,,38952,2,,,1,15,,38953,2,,,1,55,,38954,2,,,1,15,,38955,2,,,1,15,,38956,2,,,1,15,,38957,2,,,1,55,,38958,2,,,1,15,,38959,2,,,1,15,,38960,2,,,1,15,,38961,2,,,1,55,,38962,2,,,1,15,,38963,2,,,1,15,,38964,2,,,1,15,,38965,2,,,1,55,,38966,2,,,1,15,,38967,2,,,1,15,,38968,2,,,1,15,,38969,2,,,1,55,,38970,2,,,1,15,,38971,2,,,1,15,,38902,2,,,1,15,,38899,2,,,1
18002201,'022R-Sunday-3-26-09',623,,38972,2,0,9 11,1,15,,38973,2,0,9 11,1,15,,38974,2,0,9 11,1,55,,38975,2,0,9 11,1,15,,38976,2,0,9 11,1,15,,38977,2,0,9 11,1,15,,38978,2,0,9 11,1,55,,38979,2,0,9 11,1,15,,38980,2,0,9 11,1,15,,38981,2,0,9 11,1,15,,38982,2,0,9 11,1,55,,38983,2,0,9 11,1,15,,38984,2,0,9 11,1,15,,38985,2,0,9 11,1,15,,38986,2,0,9 11,1,55,,38987,2,0,9 11,1,15,,38988,2,0,9 11,1,15,,38989,2,0,9 11,1,15,,38990,2,0,9 11,1,55,,38991,2,0,9 11,1,15,,38992,2,0,9 11,1,15,,38993,2,0,9 11,1,15,,38994,2,0,9 11,1,55,,38995,2,0,9 11,1,15,,38996,2,0,9 11,1,15,,38997,2,0,9 11,1,15,,38998,2,0,9 11,1,55,,38999,2,0,9 11,1,15,,39000,2,0,9 11,1,15,,39001,2,0,9 11,1,15,,39002,2,0,9 11,1,55,,39003,2,0,9 11,1,15,,39004,2,0,9 11,1,15,,39005,2,0,9 11,1,15,,39006,2,0,9 11,1,55,,39007,2,0,9 11,1,15,,39008,2,0,9 11,1,15,,39009,2,0,9 11,1,15,,39010,2,0,9 11,1,55,,39011,2,0,9 11,1,15,,39012,2,0,9 11,1,15,,39013,2,0,9 11,1,15,,39014,2,0,9 11,1,55,,39015,2,0,9 11,1,15,,39016,2,0,9 11,1,15,,39017,2,0,9 11,1,15,,39018,2,0,9 11,1,55,,39019,2,0,9 11,1,15,,39020,2,0,9 11,1,15,,39021,2,0,9 11,1,15,,39022,2,0,9 11,1,55,,39023,2,0,9 11,1,15,,39024,2,0,9 11,1,15,,39025,2,0,9 11,1,15,,39026,2,0,9 11,1,55,,39027,2,0,9 11,1,15,,39028,2,0,9 11,1,15,,39029,2,0,9 11,1,15,,39030,2,0,9 11,1,55,,39031,2,0,9 11,1,15,,39032,2,0,9 11,1,15,,39033,2,0,9 11,1,15,,39034,2,0,9 11,1,55,,39035,2,0,9 11,1,15,,39036,2,0,9 11,1,15,,39037,2,0,9 11,1,15,,39038,2,0,9 11,1,55,,39039,2,0,9 11,1,15,,39040,2,0,9 11,1,15,,39041,2,0,9 11,1,15,,39042,2,0,9 11,1,55,,39043,2,0,9 11,1
18002201,'022R-Sunday-5-26-09',623,,39044,2,0,9 11,1,15,,39045,2,0,9 11,1,15,,39046,2,0,9 11,1,55,,39047,2,0,9 11,1,15,,39048,2,0,9 11,1,15,,39049,2,0,9 11,1,15,,39050,2,0,9 11,1,55,,39051,2,0,9 11,1,15,,39052,2,0,9 11,1,15,,39053,2,0,9 11,1,15,,39054,2,0,9 11,1,55,,39055,2,0,9 11,1,15,,39056,2,0,9 11,1,15,,39057,2,0,9 11,1,15,,39058,2,0,9 11,1,55,,39059,2,0,9 11,1,15,,39060,2,0,9 11,1,15,,39061,2,0,9 11,1,15,,39062,2,0,9 11,1,55,,39063,2,0,9 11,1,15,,39064,2,0,9 11,1,15,,39065,2,0,9 11,1,15,,39066,2,0,9 11,1,55,,39067,2,0,9 11,1,15,,39068,2,0,9 11,1,15,,39069,2,0,9 11,1,15,,39070,2,0,9 11,1,55,,39071,2,0,9 11,1,15,,39072,2,0,9 11,1,15,,39073,2,0,9 11,1,15,,39074,2,0,9 11,1,55,,39075,2,0,9 11,1,15,,39076,2,0,9 11,1,15,,39077,2,0,9 11,1,15,,39078,2,0,9 11,1,55,,39079,2,0,9 11,1,15,,39080,2,0,9 11,1,15,,39081,2,0,9 11,1,15,,39082,2,0,9 11,1,55,,39083,2,0,9 11,1,15,,39084,2,0,9 11,1,15,,39085,2,0,9 11,1,15,,39086,2,0,9 11,1,55,,39087,2,0,9 11,1,15,,39088,2,0,9 11,1,15,,39089,2,0,9 11,1,15,,39090,2,0,9 11,1,55,,39091,2,0,9 11,1,15,,39092,2,0,9 11,1,15,,39093,2,0,9 11,1,15,,39094,2,0,9 11,1,55,,39095,2,0,9 11,1,15,,39096,2,0,9 11,1,15,,39097,2,0,9 11,1,15,,39098,2,0,9 11,1,55,,39099,2,0,9 11,1,15,,39100,2,0,9 11,1,15,,39101,2,0,9 11,1,15,,39102,2,0,9 11,1,55,,39103,2,0,9 11,1,15,,39104,2,0,9 11,1,15,,39105,2,0,9 11,1,15,,39106,2,0,9 11,1,55,,39107,2,0,9 11,1,15,,39108,2,0,9 11,1,15,,39109,2,0,9 11,1,15,,39110,2,0,9 11,1,55,,39111,2,0,9 11,1,15,,39112,2,0,9 11,1,15,,39113,2,0,9 11,1,15,,39114,2,0,9 11,1,55,,39115,2,0,9 11,1
18002201,'022R-Sunday-6-26-09',616,,39140,2,0,9 11,1,15,,39141,2,0,9 11,1,15,,39142,2,0,9 11,1,55,,39143,2,0,9 11,1,15,,39144,2,0,9 11,1,15,,39145,2,0,9 11,1,15,,39146,2,0,9 11,1,55,,39147,2,0,9 11,1,15,,39148,2,0,9 11,1,15,,39149,2,0,9 11,1,15,,39150,2,0,9 11,1,55,,39151,2,0,9 11,1,15,,39152,2,0,9 11,1,15,,39153,2,0,9 11,1,15,,39154,2,0,9 11,1,55,,39155,2,0,9 11,1,15,,39156,2,0,9 11,1,15,,39157,2,0,9 11,1,15,,39158,2,0,9 11,1,55,,39159,2,0,9 11,1,15,,39160,2,0,9 11,1,15,,39161,2,0,9 11,1,15,,39162,2,0,9 11,1,55,,39163,2,0,9 11,1,15,,39164,2,0,9 11,1,15,,39165,2,0,9 11,1,15,,39166,2,0,9 11,1,55,,39167,2,0,9 11,1,15,,39168,2,0,9 11,1,15,,39169,2,0,9 11,1,15,,39170,2,0,9 11,1,55,,39171,2,0,9 11,1,15,,39172,2,0,9 11,1,15,,39173,2,0,9 11,1,15,,39174,2,0,9 11,1,55,,39175,2,0,9 11,1,15,,39176,2,0,9 11,1,15,,39177,2,0,9 11,1,15,,39178,2,0,9 11,1,55,,39179,2,0,9 11,1,15,,39180,2,0,9 11,1,15,,39181,2,0,9 11,1,15,,39182,2,0,9 11,1,55,,39183,2,0,9 11,1,15,,39184,2,0,9 11,1,15,,39185,2,0,9 11,1,15,,39186,2,0,9 11,1,55,,39187,2,0,9 11,1,12,,39116,2,0,12 13,1,15,,39117,2,0,12 13,1,15,,39118,2,0,12 13,1,15,,39119,2,0,12 13,1,55,,39120,2,0,12 13,1,15,,39121,2,0,12 13,1,15,,39122,2,0,12 13,1,15,,39123,2,0,12 13,1,55,,39124,2,0,12 13,1,15,,39125,2,0,12 13,1,15,,39126,2,0,12 13,1,15,,39127,2,0,12 13,1,55,,39128,2,0,12 13,1,15,,39129,2,0,12 13,1,15,,39130,2,0,12 13,1,15,,39131,2,0,12 13,1,55,,39132,2,0,12 13,1,15,,39133,2,0,12 13,1,15,,39134,2,0,12 13,1,15,,39135,2,0,12 13,1,55,,39136,2,0,12 13,1,15,,39137,2,0,12 13,1,15,,39138,2,0,12 13,1,15,,39139,2,0,12 13,1
