18002201,'022R-Weekday-1-26-09',557,,33824,1,0,12 13,1,52,,33825,1,0,12 13,1,12,,33826,1,0,12 13,1,12,,33827,1,0,12 13,1,12,,33828,1,0,12 13,1,12,,33829,1,0,12 13,1,52,,33830,1,0,12 13,1,12,,33831,1,0,12 13,1,12,,33832,1,0,12 13,1,12,,33833,1,0,12 13,1,12,,33834,1,0,12 13,1,52,,33835,1,0,12 13,1,12,,33836,1,0,12 13,1,12,,33837,1,0,12 13,1,12,,33838,1,0,12 13,1,12,,33839,1,0,12 13,1,52,,33840,1,0,12 13,1,18,,33841,1,0,12 13,1,20,,33842,1,0,12 13,1,55,,33843,1,0,12 13,1,15,,33844,1,0,12 13,1,15,,33845,1,0,12 13,1,15,,33846,1,0,12 13,1,55,,33847,1,0,12 13,1,15,,33848,1,0,12 13,1,15,,33849,1,0,12 13,1,15,,33850,1,0,12 13,1,55,,33851,1,0,12 13,1,15,,33852,1,0,12 13,1,15,,33853,1,0,12 13,1,15,,33854,1,0,12 13,1,55,,33855,1,0,12 13,1,15,,33856,1,0,12 13,1,15,,33857,1,0,12 13,1,13,,33858,1,0,12 13,1,12,,33859,1,0,12 13,1,52,,33860,1,0,12 13,1,12,,33861,1,0,12 13,1,12,,33862,1,0,12 13,1,12,,33863,1,0,12 13,1,12,,33864,1,0,12 13,1,52,,33865,1,0,12 13,1,12,,33866,1,0,12 13,1,12,,33867,1,0,12 13,1,12,,33868,1,0,12 13,1,12,,33869,1,0,12 13,1,52,,33870,1,0,12 13,1,12,,33871,1,0,12 13,1,12,,33872,1,0,12 13,1,12,,33873,1,0,12 13,1,12,,33874,1,0,12 13,1,52,,33875,1,0,12 13,1,12,,33876,1,0,12 13,1,12,,33877,1,0,12 13,1,12,,33878,1,0,12 13,1,12,,33879,1,0,12 13,1,52,,33880,1,0,12 13,1,17,,33881,1,0,12 13,1,15,,33882,1,0,12 13,1,15,,33883,1,0,12 13,1,55,,33884,1,0,12 13,1,15,,33885,1,0,12 13,1,15,,33886,1,0,12 13,1,15,,33887,1,0,12 13,1,55,,33888,1,0,12 13,1,15,,33889,1,0,12 13,1,15,,33890,1,0,12 13,1,15,,33891,1,0,12 13,1,55,,33892,1,0,12 13,1,15,,33893,1,0,12 13,1,15,,33894,1,0,12 13,1,15,,33895,1,0,12 13,1,55,,33896,1,0,12 13,1,15,,33897,1,0,12 13,1,15,,33898,1,0,12 13,1,15,,33899,1,0,12 13,1,55,,33823,1,0,12 13,1,15,,33822,1,0,12 13,1,15,,33821,1,0,12 13,1,15,,33820,1,0,12 13,1,55,,33819,1,0,12 13,1,15,,33818,1,0,12 13,1,15,,33817,1,0,12 13,1,15,,33816,1,0,12 13,1
18002201,'022R-Weekday-2-26-09',557,,33908,1,0,12 13,1,52,,33909,1,0,12 13,1,12,,33910,1,0,12 13,1,12,,33911,1,0,12 13,1,12,,33912,1,0,12 13,1,12,,33913,1,0,12 13,1,52,,33914,1,0,12 13,1,12,,33915,1,0,12 13,1,12,,33916,1,0,12 13,1,12,,33917,1,0,12 13,1,12,,33918,1,0,12 13,1,52,,33919,1,0,12 13,1,12,,33920,1,0,12 13,1,12,,33921,1,0,12 13,1,12,,33922,1,0,12 13,1,12,,33923,1,0,12 13,1,52,,33924,1,0,12 13,1,18,,33925,1,0,12 13,1,20,,33926,1,0,12 13,1,55,,33927,1,0,12 13,1,15,,33928,1,0,12 13,1,15,,33929,1,0,12 13,1,15,,33930,1,0,12 13,1,55,,33931,1,0,12 13,1,15,,33932,1,0,12 13,1,15,,33933,1,0,12 13,1,15,,33934,1,0,12 13,1,55,,33935,1,0,12 13,1,15,,33936,1,0,12 13,1,15,,33937,1,0,12 13,1,15,,33938,1,0,12 13,1,55,,33939,1,0,12 13,1,15,,33940,1,0,12 13,1,15,,33941,1,0,12 13,1,13,,33942,1,0,12 13,1,12,,33943,1,0,12 13,1,52,,33944,1,0,12 13,1,12,,33945,1,0,12 13,1,12,,33946,1,0,12 13,1,12,,33947,1,0,12 13,1,12,,33948,1,0,12 13,1,52,,33949,1,0,12 13,1,12,,33950,1,0,12 13,1,12,,33951,1,0,12 13,1,12,,33952,1,0,12 13,1,12,,33953,1,0,12 13,1,52,,33954,1,0,12 13,1,12,,33955,1,0,12 13,1,12,,33956,1,0,12 13,1,12,,33957,1,0,12 13,1,12,,33958,1,0,12 13,1,52,,33959,1,0,12 13,1,12,,33960,1,0,12 13,1,12,,33961,1,0,12 13,1,12,,33962,1,0,12 13,1,12,,33963,1,0,12 13,1,52,,33964,1,0,12 13,1,17,,33965,1,0,12 13,1,15,,33966,1,0,12 13,1,15,,33967,1,0,12 13,1,55,,33968,1,0,12 13,1,15,,33969,1,0,12 13,1,15,,33970,1,0,12 13,1,15,,33971,1,0,12 13,1,55,,33972,1,0,12 13,1,15,,33973,1,0,12 13,1,15,,33974,1,0,12 13,1,15,,33975,1,0,12 13,1,55,,33976,1,0,12 13,1,15,,33977,1,0,12 13,1,15,,33978,1,0,12 13,1,15,,33979,1,0,12 13,1,55,,33980,1,0,12 13,1,15,,33981,1,0,12 13,1,15,,33982,1,0,12 13,1,15,,33983,1,0,12 13,1,55,,33907,1,0,12 13,1,15,,33906,1,0,12 13,1,15,,33905,1,0,12 13,1,15,,33904,1,0,12 13,1,55,,33903,1,0,12 13,1,15,,33902,1,0,12 13,1,15,,33901,1,0,12 13,1,15,,33900,1,0,12 13,1
18002201,'022R-Weekday-3-26-09',557,,38338,1,0,12 13,1,52,,38339,1,0,12 13,1,12,,38340,1,0,12 13,1,12,,38341,1,0,12 13,1,12,,38342,1,0,12 13,1,12,,38343,1,0,12 13,1,52,,38344,1,0,12 13,1,12,,38345,1,0,12 13,1,12,,38346,1,0,12 13,1,12,,38347,1,0,12 13,1,12,,38348,1,0,12 13,1,52,,38349,1,0,12 13,1,12,,38350,1,0,12 13,1,12,,38351,1,0,12 13,1,12,,38352,1,0,12 13,1,12,,38353,1,0,12 13,1,52,,38354,1,0,12 13,1,18,,38355,1,0,12 13,1,20,,38356,1,0,12 13,1,55,,38357,1,0,12 13,1,15,,38358,1,0,12 13,1,15,,38359,1,0,12 13,1,15,,38360,1,0,12 13,1,55,,38361,1,0,12 13,1,15,,38362,1,0,12 13,1,15,,38363,1,0,12 13,1,15,,38364,1,0,12 13,1,55,,38365,1,0,12 13,1,15,,38366,1,0,12 13,1,15,,38367,1,0,12 13,1,15,,38368,1,0,12 13,1,55,,38369,1,0,12 13,1,15,,38370,1,0,12 13,1,15,,38371,1,0,12 13,1,13,,38372,1,0,12 13,1,12,,38373,1,0,12 13,1,52,,38374,1,0,12 13,1,12,,38375,1,0,12 13,1,12,,38376,1,0,12 13,1,12,,38377,1,0,12 13,1,12,,38378,1,0,12 13,1,52,,38379,1,0,12 13,1,12,,38380,1,0,12 13,1,12,,38381,1,0,12 13,1,12,,38382,1,0,12 13,1,12,,38383,1,0,12 13,1,52,,38384,1,0,12 13,1,12,,38385,1,0,12 13,1,12,,38386,1,0,12 13,1,12,,38387,1,0,12 13,1,12,,38388,1,0,12 13,1,52,,38389,1,0,12 13,1,12,,38390,1,0,12 13,1,12,,38391,1,0,12 13,1,12,,38392,1,0,12 13,1,12,,38393,1,0,12 13,1,52,,38394,1,0,12 13,1,17,,38395,1,0,12 13,1,15,,38396,1,0,12 13,1,15,,38397,1,0,12 13,1,55,,38398,1,0,12 13,1,15,,38399,1,0,12 13,1,15,,38400,1,0,12 13,1,15,,38401,1,0,12 13,1,55,,38402,1,0,12 13,1,15,,38403,1,0,12 13,1,15,,38404,1,0,12 13,1,15,,38405,1,0,12 13,1,55,,38406,1,0,12 13,1,15,,38407,1,0,12 13,1,15,,38408,1,0,12 13,1,15,,38409,1,0,12 13,1,55,,38410,1,0,12 13,1,15,,38411,1,0,12 13,1,15,,38412,1,0,12 13,1,15,,38413,1,0,12 13,1,55,,38337,1,0,12 13,1,15,,38336,1,0,12 13,1,15,,38335,1,0,12 13,1,15,,38334,1,0,12 13,1,55,,38333,1,0,12 13,1,15,,38332,1,0,12 13,1,15,,38331,1,0,12 13,1,15,,38330,1,0,12 13,1
18002201,'022R-Weekday-4-26-09',557,,33992,1,0,12 13,1,52,,33993,1,0,12 13,1,12,,33994,1,0,12 13,1,12,,33995,1,0,12 13,1,12,,33996,1,0,12 13,1,12,,33997,1,0,12 13,1,52,,33998,1,0,12 13,1,12,,33999,1,0,12 13,1,12,,34000,1,0,12 13,1,12,,34001,1,0,12 13,1,12,,34002,1,0,12 13,1,52,,34003,1,0,12 13,1,12,,34004,1,0,12 13,1,12,,34005,1,0,12 13,1,12,,34006,1,0,12 13,1,12,,34007,1,0,12 13,1,52,,34008,1,0,12 13,1,18,,34009,1,0,12 13,1,20,,34010,1,0,12 13,1,55,,34011,1,0,12 13,1,15,,34012,1,0,12 13,1,15,,34013,1,0,12 13,1,15,,34014,1,0,12 13,1,55,,34015,1,0,12 13,1,15,,34016,1,0,12 13,1,15,,34017,1,0,12 13,1,15,,34018,1,0,12 13,1,55,,34019,1,0,12 13,1,15,,34020,1,0,12 13,1,15,,34021,1,0,12 13,1,15,,34022,1,0,12 13,1,55,,34023,1,0,12 13,1,15,,34024,1,0,12 13,1,15,,34025,1,0,12 13,1,13,,34026,1,0,12 13,1,12,,34027,1,0,12 13,1,52,,34028,1,0,12 13,1,12,,34029,1,0,12 13,1,12,,34030,1,0,12 13,1,12,,34031,1,0,12 13,1,12,,34032,1,0,12 13,1,52,,34033,1,0,12 13,1,12,,34034,1,0,12 13,1,12,,34035,1,0,12 13,1,12,,34036,1,0,12 13,1,12,,34037,1,0,12 13,1,52,,34038,1,0,12 13,1,12,,34039,1,0,12 13,1,12,,34040,1,0,12 13,1,12,,34041,1,0,12 13,1,12,,34042,1,0,12 13,1,52,,34043,1,0,12 13,1,12,,34044,1,0,12 13,1,12,,34045,1,0,12 13,1,12,,34046,1,0,12 13,1,12,,34047,1,0,12 13,1,52,,34048,1,0,12 13,1,17,,34049,1,0,12 13,1,15,,34050,1,0,12 13,1,15,,34051,1,0,12 13,1,55,,34052,1,0,12 13,1,15,,34053,1,0,12 13,1,15,,34054,1,0,12 13,1,15,,34055,1,0,12 13,1,55,,34056,1,0,12 13,1,15,,34057,1,0,12 13,1,15,,34058,1,0,12 13,1,15,,34059,1,0,12 13,1,55,,34060,1,0,12 13,1,15,,34061,1,0,12 13,1,15,,34062,1,0,12 13,1,15,,34063,1,0,12 13,1,55,,34064,1,0,12 13,1,15,,34065,1,0,12 13,1,15,,34066,1,0,12 13,1,15,,34067,1,0,12 13,1,55,,33991,1,0,12 13,1,15,,33990,1,0,12 13,1,15,,33989,1,0,12 13,1,15,,33988,1,0,12 13,1,55,,33987,1,0,12 13,1,15,,33986,1,0,12 13,1,15,,33985,1,0,12 13,1,15,,33984,1,0,12 13,1
18002201,'022R-Weekday-5-26-09',557,,38422,1,0,12 13,1,52,,38423,1,0,12 13,1,12,,38424,1,0,12 13,1,12,,38425,1,0,12 13,1,12,,38426,1,0,12 13,1,12,,38427,1,0,12 13,1,52,,38428,1,0,12 13,1,12,,38429,1,0,12 13,1,12,,38430,1,0,12 13,1,12,,38431,1,0,12 13,1,12,,38432,1,0,12 13,1,52,,38433,1,0,12 13,1,12,,38434,1,0,12 13,1,12,,38435,1,0,12 13,1,12,,38436,1,0,12 13,1,12,,38437,1,0,12 13,1,52,,38438,1,0,12 13,1,18,,38439,1,0,12 13,1,20,,38440,1,0,12 13,1,55,,38441,1,0,12 13,1,15,,38442,1,0,12 13,1,15,,38443,1,0,12 13,1,15,,38444,1,0,12 13,1,55,,38445,1,0,12 13,1,15,,38446,1,0,12 13,1,15,,38447,1,0,12 13,1,15,,38448,1,0,12 13,1,55,,38449,1,0,12 13,1,15,,38450,1,0,12 13,1,15,,38451,1,0,12 13,1,15,,38452,1,0,12 13,1,55,,38453,1,0,12 13,1,15,,38454,1,0,12 13,1,15,,38455,1,0,12 13,1,13,,38456,1,0,12 13,1,12,,38457,1,0,12 13,1,52,,38458,1,0,12 13,1,12,,38459,1,0,12 13,1,12,,38460,1,0,12 13,1,12,,38461,1,0,12 13,1,12,,38462,1,0,12 13,1,52,,38463,1,0,12 13,1,12,,38464,1,0,12 13,1,12,,38465,1,0,12 13,1,12,,38466,1,0,12 13,1,12,,38467,1,0,12 13,1,52,,38468,1,0,12 13,1,12,,38469,1,0,12 13,1,12,,38470,1,0,12 13,1,12,,38471,1,0,12 13,1,12,,38472,1,0,12 13,1,52,,38473,1,0,12 13,1,12,,38474,1,0,12 13,1,12,,38475,1,0,12 13,1,12,,38476,1,0,12 13,1,12,,38477,1,0,12 13,1,52,,38478,1,0,12 13,1,17,,38479,1,0,12 13,1,15,,38480,1,0,12 13,1,15,,38481,1,0,12 13,1,55,,38482,1,0,12 13,1,15,,38483,1,0,12 13,1,15,,38484,1,0,12 13,1,15,,38485,1,0,12 13,1,55,,38486,1,0,12 13,1,15,,38487,1,0,12 13,1,15,,38488,1,0,12 13,1,15,,38489,1,0,12 13,1,55,,38490,1,0,12 13,1,15,,38491,1,0,12 13,1,15,,38492,1,0,12 13,1,15,,38493,1,0,12 13,1,55,,38494,1,0,12 13,1,15,,38495,1,0,12 13,1,15,,38496,1,0,12 13,1,15,,38497,1,0,12 13,1,55,,38421,1,0,12 13,1,15,,38420,1,0,12 13,1,15,,38419,1,0,12 13,1,15,,38418,1,0,12 13,1,55,,38417,1,0,12 13,1,15,,38416,1,0,12 13,1,15,,38415,1,0,12 13,1,15,,38414,1,0,12 13,1
18002201,'022R-Weekday-6-26-09',557,,38506,1,0,12 13,1,52,,38507,1,0,12 13,1,12,,38508,1,0,12 13,1,12,,38509,1,0,12 13,1,12,,38510,1,0,12 13,1,12,,38511,1,0,12 13,1,52,,38512,1,0,12 13,1,12,,38513,1,0,12 13,1,12,,38514,1,0,12 13,1,12,,38515,1,0,12 13,1,12,,38516,1,0,12 13,1,52,,38517,1,0,12 13,1,12,,38518,1,0,12 13,1,12,,38519,1,0,12 13,1,12,,38520,1,0,12 13,1,12,,38521,1,0,12 13,1,52,,38522,1,0,12 13,1,18,,38523,1,0,12 13,1,20,,38524,1,0,12 13,1,55,,38525,1,0,12 13,1,15,,38526,1,0,12 13,1,15,,38527,1,0,12 13,1,15,,38528,1,0,12 13,1,55,,38529,1,0,12 13,1,15,,38530,1,0,12 13,1,15,,38531,1,0,12 13,1,15,,38532,1,0,12 13,1,55,,38533,1,0,12 13,1,15,,38534,1,0,12 13,1,15,,38535,1,0,12 13,1,15,,38536,1,0,12 13,1,55,,38537,1,0,12 13,1,15,,38538,1,0,12 13,1,15,,38539,1,0,12 13,1,13,,38540,1,0,12 13,1,12,,38541,1,0,12 13,1,52,,38542,1,0,12 13,1,12,,38543,1,0,12 13,1,12,,38544,1,0,12 13,1,12,,38545,1,0,12 13,1,12,,38546,1,0,12 13,1,52,,38547,1,0,12 13,1,12,,38548,1,0,12 13,1,12,,38549,1,0,12 13,1,12,,38550,1,0,12 13,1,12,,38551,1,0,12 13,1,52,,38552,1,0,12 13,1,12,,38553,1,0,12 13,1,12,,38554,1,0,12 13,1,12,,38555,1,0,12 13,1,12,,38556,1,0,12 13,1,52,,38557,1,0,12 13,1,12,,38558,1,0,12 13,1,12,,38559,1,0,12 13,1,12,,38560,1,0,12 13,1,12,,38561,1,0,12 13,1,52,,38562,1,0,12 13,1,17,,38563,1,0,12 13,1,15,,38564,1,0,12 13,1,15,,38565,1,0,12 13,1,55,,38566,1,0,12 13,1,15,,38567,1,0,12 13,1,15,,38568,1,0,12 13,1,15,,38569,1,0,12 13,1,55,,38570,1,0,12 13,1,15,,38571,1,0,12 13,1,15,,38572,1,0,12 13,1,15,,38573,1,0,12 13,1,55,,38574,1,0,12 13,1,15,,38575,1,0,12 13,1,15,,38576,1,0,12 13,1,15,,38577,1,0,12 13,1,55,,38578,1,0,12 13,1,15,,38579,1,0,12 13,1,15,,38580,1,0,12 13,1,15,,38581,1,0,12 13,1,55,,38505,1,0,12 13,1,15,,38504,1,0,12 13,1,15,,38503,1,0,12 13,1,15,,38502,1,0,12 13,1,55,,38501,1,0,12 13,1,15,,38500,1,0,12 13,1,15,,38499,1,0,12 13,1,15,,38498,1,0,12 13,1
18002201,'022R-Weekday-7-26-09',557,,38590,1,0,12 13,1,52,,38591,1,0,12 13,1,12,,38592,1,0,12 13,1,12,,38593,1,0,12 13,1,12,,38594,1,0,12 13,1,12,,38595,1,0,12 13,1,52,,38596,1,0,12 13,1,12,,38597,1,0,12 13,1,12,,38598,1,0,12 13,1,12,,38599,1,0,12 13,1,12,,38600,1,0,12 13,1,52,,38601,1,0,12 13,1,12,,38602,1,0,12 13,1,12,,38603,1,0,12 13,1,12,,38604,1,0,12 13,1,12,,38605,1,0,12 13,1,52,,38606,1,0,12 13,1,18,,38607,1,0,12 13,1,20,,38608,1,0,12 13,1,55,,38609,1,0,12 13,1,15,,38610,1,0,12 13,1,15,,38611,1,0,12 13,1,15,,38612,1,0,12 13,1,55,,38613,1,0,12 13,1,15,,38614,1,0,12 13,1,15,,38615,1,0,12 13,1,15,,38616,1,0,12 13,1,55,,38617,1,0,12 13,1,15,,38618,1,0,12 13,1,15,,38619,1,0,12 13,1,15,,38620,1,0,12 13,1,55,,38621,1,0,12 13,1,15,,38622,1,0,12 13,1,15,,38623,1,0,12 13,1,13,,38624,1,0,12 13,1,12,,38625,1,0,12 13,1,52,,38626,1,0,12 13,1,12,,38627,1,0,12 13,1,12,,38628,1,0,12 13,1,12,,38629,1,0,12 13,1,12,,38630,1,0,12 13,1,52,,38631,1,0,12 13,1,12,,38632,1,0,12 13,1,12,,38633,1,0,12 13,1,12,,38634,1,0,12 13,1,12,,38635,1,0,12 13,1,52,,38636,1,0,12 13,1,12,,38637,1,0,12 13,1,12,,38638,1,0,12 13,1,12,,38639,1,0,12 13,1,12,,38640,1,0,12 13,1,52,,38641,1,0,12 13,1,12,,38642,1,0,12 13,1,12,,38643,1,0,12 13,1,12,,38644,1,0,12 13,1,12,,38645,1,0,12 13,1,52,,38646,1,0,12 13,1,17,,38647,1,0,12 13,1,15,,38648,1,0,12 13,1,15,,38649,1,0,12 13,1,55,,38650,1,0,12 13,1,15,,38651,1,0,12 13,1,15,,38652,1,0,12 13,1,15,,38653,1,0,12 13,1,55,,38654,1,0,12 13,1,15,,38655,1,0,12 13,1,15,,38656,1,0,12 13,1,15,,38657,1,0,12 13,1,55,,38658,1,0,12 13,1,15,,38659,1,0,12 13,1,15,,38660,1,0,12 13,1,15,,38661,1,0,12 13,1,55,,38662,1,0,12 13,1,15,,38663,1,0,12 13,1,15,,38664,1,0,12 13,1,15,,38665,1,0,12 13,1,55,,38589,1,0,12 13,1,15,,38588,1,0,12 13,1,15,,38587,1,0,12 13,1,15,,38586,1,0,12 13,1,55,,38585,1,0,12 13,1,15,,38584,1,0,12 13,1,15,,38583,1,0,12 13,1,15,,38582,1,0,12 13,1
18002201,'022R-Saturday-1-26-09',555,,34068,1,0,12 13,1,55,,34069,1,0,12 13,1,15,,34070,1,0,12 13,1,15,,34071,1,0,12 13,1,15,,34072,1,0,12 13,1,55,,34073,1,0,12 13,1,15,,34074,1,0,12 13,1,15,,34075,1,0,12 13,1,15,,34076,1,0,12 13,1,55,,34077,1,0,12 13,1,15,,34078,1,0,12 13,1,15,,34079,1,0,12 13,1,15,,34080,1,0,12 13,1,55,,34081,1,0,12 13,1,15,,34082,1,0,12 13,1,15,,34083,1,0,12 13,1,15,,34084,1,0,12 13,1,55,,34085,1,0,12 13,1,15,,34086,1,0,12 13,1,15,,34087,1,0,12 13,1,15,,34088,1,0,12 13,1,55,,34089,1,0,12 13,1,15,,34090,1,0,12 13,1,15,,34091,1,0,12 13,1,15,,34092,1,0,12 13,1,55,,34093,1,0,12 13,1,15,,34094,1,0,12 13,1,15,,34095,1,0,12 13,1,15,,34096,1,0,12 13,1,55,,34097,1,0,12 13,1,15,,34098,1,0,12 13,1,15,,34099,1,0,12 13,1,15,,34100,1,0,12 13,1,55,,34101,1,0,12 13,1,15,,34102,1,0,12 13,1,15,,34103,1,0,12 13,1,15,,34104,1,0,12 13,1,55,,34105,1,0,12 13,1,15,,34106,1,0,12 13,1,15,,34107,1,0,12 13,1,15,,34108,1,0,12 13,1,55,,34109,1,0,12 13,1,15,,34110,1,0,12 13,1,15,,34111,1,0,12 13,1,15,,34112,1,0,12 13,1,55,,34113,1,0,12 13,1,15,,34114,1,0,12 13,1,15,,34115,1,0,12 13,1,15,,34116,1,0,12 13,1,55,,34117,1,0,12 13,1,15,,34118,1,0,12 13,1,15,,34119,1,0,12 13,1,15,,34120,1,0,12 13,1,55,,34121,1,0,12 13,1,15,,34122,1,0,12 13,1,15,,34123,1,0,12 13,1,15,,34124,1,0,12 13,1,55,,34125,1,0,12 13,1,15,,34126,1,0,12 13,1,15,,34127,1,0,12 13,1,15,,34128,1,0,12 13,1,55,,34129,1,0,12 13,1,15,,34130,1,0,12 13,1,15,,34131,1,0,12 13,1,15,,34132,1,0,12 13,1,55,,34133,1,0,12 13,1,15,,34134,1,0,12 13,1,15,,34135,1,0,12 13,1,15,,34136,1,0,12 13,1,55,,34137,1,0,12 13,1,15,,34138,1,0,12 13,1,15,,34139,1,0,12 13,1,15,,34140,1,0,12 13,1,55,,34141,1,0,12 13,1,15,,34142,1,0,12 13,1,15,,34143,1,0,12 13,1,15,,34144,1,0,12 13,1
18002201,'022R-Saturday-2-26-09',543,,38666,1,,,1,15,,38667,1,,,1,55,,38668,1,,,1,15,,38669,1,,,1,15,,38670,1,,,1,15,,38671,1,,,1,55,,38672,1,,,1,15,,38673,1,,,1,15,,38674,1,,,1,15,,38675,1,,,1,55,,38676,1,,,1,15,,38677,1,,,1,15,,38678,1,,,1,15,,38679,1,,,1,55,,38680,1,,,1,15,,38681,1,,,1,15,,38682,1,,,1,15,,38683,1,,,1,55,,38684,1,,,1,15,,38685,1,,,1,15,,38686,1,,,1,15,,38687,1,,,1,55,,38688,1,,,1,15,,38689,1,,,1,15,,38690,1,,,1,15,,38691,1,,,1,55,,38692,1,,,1,15,,38693,1,,,1,15,,38694,1,,,1,15,,38695,1,,,1,55,,38696,1,,,1,15,,38697,1,,,1,15,,38698,1,,,1,15,,38699,1,,,1,55,,38700,1,,,1,15,,38701,1,,,1,15,,38702,1,,,1,15,,38703,1,,,1,55,,38704,1,,,1,15,,38705,1,,,1,15,,38706,1,,,1,15,,38707,1,,,1,55,,38708,1,,,1,15,,38709,1,,,1,15,,38710,1,,,1,15,,38711,1,,,1,55,,38712,1,,,1,15,,38713,1,,,1,15,,38714,1,,,1,15,,38715,1,,,1,55,,38716,1,,,1,15,,38717,1,,,1,15,,38718,1,,,1,15,,38719,1,,,1,55,,38720,1,,,1,15,,38721,1,,,1,15,,38722,1,,,1,15,,38723,1,,,1,55,,38724,1,,,1,15,,38725,1,,,1,15,,38726,1,,,1,15,,38727,1,,,1,55,,38728,1,,,1,15,,38729,1,,,1,15,,38730,1,,,1,15,,38731,1,,,1,55,,38732,1,,,1,15,,38733,1,,,1,15,,38734,1,,,1,15,,38735,1,,,1,55,,38736,1,,,1,15,,38737,1,,,1,15,,38738,1,,,1,15,,38739,1,,,1,55,,38740,1,,,1,15,,38741,1,,,1,15,,38742,1,,,1
18002201,'022R-Saturday-3-26-09',550,,38745,1,0,9 11,1,55,,38746,1,0,9 11,1,15,,38747,1,0,9 11,1,15,,38748,1,0,9 11,1,15,,38749,1,0,9 11,1,55,,38750,1,0,9 11,1,15,,38751,1,0,9 11,1,15,,38752,1,0,9 11,1,15,,38753,1,0,9 11,1,55,,38754,1,0,9 11,1,15,,38755,1,0,9 11,1,15,,38756,1,0,9 11,1,15,,38757,1,0,9 11,1,55,,38758,1,0,9 11,1,15,,38759,1,0,9 11,1,15,,38760,1,0,9 11,1,15,,38761,1,0,9 11,1,55,,38762,1,0,9 11,1,15,,38763,1,0,9 11,1,15,,38764,1,0,9 11,1,15,,38765,1,0,9 11,1,55,,38766,1,0,9 11,1,15,,38767,1,0,9 11,1,15,,38768,1,0,9 11,1,15,,38769,1,0,9 11,1,55,,38770,1,0,9 11,1,15,,38771,1,0,9 11,1,15,,38772,1,0,9 11,1,15,,38773,1,0,9 11,1,55,,38774,1,0,9 11,1,15,,38775,1,0,9 11,1,15,,38776,1,0,9 11,1,15,,38777,1,0,9 11,1,55,,38778,1,0,9 11,1,15,,38779,1,0,9 11,1,15,,38780,1,0,9 11,1,15,,38781,1,0,9 11,1,55,,38782,1,0,9 11,1,15,,38783,1,0,9 11,1,15,,38784,1,0,9 11,1,15,,38785,1,0,9 11,1,55,,38786,1,0,9 11,1,15,,38787,1,0,9 11,1,15,,38788,1,0,9 11,1,15,,38789,1,0,9 11,1,55,,38790,1,0,9 11,1,15,,38791,1,0,9 11,1,15,,38792,1,0,9 11,1,15,,38793,1,0,9 11,1,55,,38794,1,0,9 11,1,15,,38795,1,0,9 11,1,15,,38796,1,0,9 11,1,15,,38797,1,0,9 11,1,55,,38798,1,0,9 11,1,15,,38799,1,0,9 11,1,15,,38800,1,0,9 11,1,15,,38801,1,0,9 11,1,55,,38802,1,0,9 11,1,15,,38803,1,0,9 11,1,15,,38804,1,0,9 11,1,15,,38805,1,0,9 11,1,55,,38806,1,0,9 11,1,15,,38807,1,0,9 11,1,15,,38808,1,0,9 11,1,15,,38809,1,0,9 11,1,55,,38810,1,0,9 11,1,15,,38811,1,0,9 11,1,15,,38812,1,0,9 11,1,15,,38813,1,0,9 11,1,55,,38814,1,0,9 11,1,15,,38815,1,0,9 11,1,15,,38816,1,0,9 11,1,15,,38817,1,0,9 11,1,55,,38818,1,0,9 11,1,15,,38819,1,0,9 11,1,15,,38820,1,0,9 11,1,15,,38821,1,0,9 11,1
18002201,'022R-Saturday-4-26-09',603,,38856,1,0,9 11,1,15,,38857,1,0,9 11,1,15,,38858,1,0,9 11,1,15,,38859,1,0,9 11,1,55,,38860,1,0,9 11,1,15,,38861,1,0,9 11,1,15,,38862,1,0,9 11,1,15,,38863,1,0,9 11,1,55,,38864,1,0,9 11,1,15,,38865,1,0,9 11,1,15,,38866,1,0,9 11,1,15,,38867,1,0,9 11,1,55,,38868,1,0,9 11,1,15,,38869,1,0,9 11,1,15,,38870,1,0,9 11,1,15,,38871,1,0,9 11,1,55,,38872,1,0,9 11,1,15,,38873,1,0,9 11,1,15,,38874,1,0,9 11,1,15,,38875,1,0,9 11,1,55,,38876,1,0,9 11,1,15,,38877,1,0,9 11,1,15,,38878,1,0,9 11,1,15,,38879,1,0,9 11,1,55,,38880,1,0,9 11,1,15,,38881,1,0,9 11,1,15,,38882,1,0,9 11,1,15,,38883,1,0,9 11,1,55,,38884,1,0,9 11,1,15,,38885,1,0,9 11,1,15,,38886,1,0,9 11,1,15,,38887,1,0,9 11,1,55,,38888,1,0,9 11,1,15,,38889,1,0,9 11,1,15,,38890,1,0,9 11,1,15,,38891,1,0,9 11,1,55,,38892,1,0,9 11,1,15,,38893,1,0,9 11,1,15,,38894,1,0,9 11,1,15,,38895,1,0,9 11,1,10,,38898,1,0,12 13,1,55,,38897,1,0,12 13,1,15,,38896,1,0,12 13,1,12,,38822,1,0,12 13,1,15,,38823,1,0,12 13,1,55,,38824,1,0,12 13,1,15,,38825,1,0,12 13,1,15,,38826,1,0,12 13,1,15,,38827,1,0,12 13,1,55,,38828,1,0,12 13,1,15,,38829,1,0,12 13,1,15,,38830,1,0,12 13,1,15,,38831,1,0,12 13,1,55,,38832,1,0,12 13,1,15,,38833,1,0,12 13,1,15,,38834,1,0,12 13,1,15,,38835,1,0,12 13,1,55,,38836,1,0,12 13,1,15,,38837,1,0,12 13,1,15,,38838,1,0,12 13,1,15,,38839,1,0,12 13,1,55,,38840,1,0,12 13,1,15,,38841,1,0,12 13,1,15,,38842,1,0,12 13,1,15,,38843,1,0,12 13,1,55,,38844,1,0,12 13,1,15,,38845,1,0,12 13,1,15,,38846,1,0,12 13,1,15,,38847,1,0,12 13,1,55,,38848,1,0,12 13,1,15,,38849,1,0,12 13,1,15,,38850,1,0,12 13,1,15,,38851,1,0,12 13,1,55,,38852,1,0,12 13,1,15,,38853,1,0,12 13,1,15,,38854,1,0,12 13,1,15,,38855,1,0,12 13,1
18002201,'022R-Sunday-1-26-09',610,,34145,1,0,12 13,1,15,,34146,1,0,12 13,1,15,,34147,1,0,12 13,1,15,,34148,1,0,12 13,1,55,,34149,1,0,12 13,1,15,,34150,1,0,12 13,1,15,,34151,1,0,12 13,1,15,,34152,1,0,12 13,1,55,,34153,1,0,12 13,1,15,,34154,1,0,12 13,1,15,,34155,1,0,12 13,1,15,,34156,1,0,12 13,1,55,,34157,1,0,12 13,1,15,,34158,1,0,12 13,1,15,,34159,1,0,12 13,1,15,,34160,1,0,12 13,1,55,,34161,1,0,12 13,1,15,,34162,1,0,12 13,1,15,,34163,1,0,12 13,1,15,,34164,1,0,12 13,1,55,,34165,1,0,12 13,1,15,,34166,1,0,12 13,1,15,,34167,1,0,12 13,1,15,,34168,1,0,12 13,1,55,,34169,1,0,12 13,1,15,,34170,1,0,12 13,1,15,,34171,1,0,12 13,1,15,,34172,1,0,12 13,1,55,,34173,1,0,12 13,1,15,,34174,1,0,12 13,1,15,,34175,1,0,12 13,1,15,,34176,1,0,12 13,1,55,,34177,1,0,12 13,1,15,,34178,1,0,12 13,1,15,,34179,1,0,12 13,1,15,,34180,1,0,12 13,1,55,,34181,1,0,12 13,1,15,,34182,1,0,12 13,1,15,,34183,1,0,12 13,1,15,,34184,1,0,12 13,1,55,,34185,1,0,12 13,1,15,,34186,1,0,12 13,1,15,,34187,1,0,12 13,1,15,,34188,1,0,12 13,1,55,,34189,1,0,12 13,1,15,,34190,1,0,12 13,1,15,,34191,1,0,12 13,1,15,,34192,1,0,12 13,1,55,,34193,1,0,12 13,1,15,,34194,1,0,12 13,1,15,,34195,1,0,12 13,1,15,,34196,1,0,12 13,1,55,,34197,1,0,12 13,1,15,,34198,1,0,12 13,1,15,,34199,1,0,12 13,1,15,,34200,1,0,12 13,1,55,,34201,1,0,12 13,1,15,,34202,1,0,12 13,1,15,,34203,1,0,12 13,1,15,,34204,1,0,12 13,1,55,,34205,1,0,12 13,1,15,,34206,1,0,12 13,1,15,,34207,1,0,12 13,1,15,,34208,1,0,12 13,1,55,,34209,1,0,12 13,1,15,,34210,1,0,12 13,1,15,,34211,1,0,12 13,1,15,,34212,1,0,12 13,1,55,,34213,1,0,12 13,1,15,,34214,1,0,12 13,1,15,,34215,1,0,12 13,1,15,,34216,1,0,12 13,1
18002201,'022R-Sunday-2-26-09',613,,38903,1,,,1,15,,38904,1,,,1,15,,38905,1,,,1,15,,38906,1,,,1,55,,38907,1,,,1,15,,38908,1,,,1,15,,38909,1,,,1,15,,38910,1,,,1,55,,38911,1,,,1,15,,38912,1,,,1,15,,38913,1,,,1,15,,38914,1,,,1,55,,38915,1,,,1,15,,38916,1,,,1,15,,38917,1,,,1,15,,38918,1,,,1,55,,38919,1,,,1,15,,38920,1,,,1,15,,38921,1,,,1,15,,38922,1,,,1,55,,38923,1,,,1,15,,38924,1,,,1,15,,38925,1,,,1,15,,38926,1,,,1,55,,38927,1,,,1,15,,38928,1,,,1,15,,38929,1,,,1,15,,38930,1,,,1,55,,38931,1,,,1,15,,38932,1,,,1,15,,38933,1,,,1,15,,38934,1,,,1,55,,38935,1,,,1,15,,38936,1,,,1,15,,38937,1,,,1,15,,38938,1,,,1,55,,38939,1,,,1,15,,38940,1,,,1,15,,38941,1,,,1,15,,38942,1,,,1,55,,38943,1,,,1,15,,38944,1,,,1,15,,38945,1,,,1,15,,38946,1,,,1,55,,38947,1,,,1,15,,38948,1,,,1,15,,38949,1,,,1,15,,38950,1,,,1,55,,38951,1,,,1,15,,38952,1,,,1,15,,38953,1,,,1,15,,38954,1,,,1,55,,38955,1,,,1,15,,38956,1,,,1,15,,38957,1,,,1,15,,38958,1,,,1,55,,38959,1,,,1,15,,38960,1,,,1,15,,38961,1,,,1,15,,38962,1,,,1,55,,38963,1,,,1,15,,38964,1,,,1,15,,38965,1,,,1,15,,38966,1,,,1,55,,38967,1,,,1,15,,38968,1,,,1,15,,38969,1,,,1,15,,38970,1,,,1,55,,38971,1,,,1,15,,38902,1,,,1,15,,38899,1,,,1
18002201,'022R-Sunday-3-26-09',620,,38972,1,0,9 11,1,15,,38973,1,0,9 11,1,15,,38974,1,0,9 11,1,55,,38975,1,0,9 11,1,15,,38976,1,0,9 11,1,15,,38977,1,0,9 11,1,15,,38978,1,0,9 11,1,55,,38979,1,0,9 11,1,15,,38980,1,0,9 11,1,15,,38981,1,0,9 11,1,15,,38982,1,0,9 11,1,55,,38983,1,0,9 11,1,15,,38984,1,0,9 11,1,15,,38985,1,0,9 11,1,15,,38986,1,0,9 11,1,55,,38987,1,0,9 11,1,15,,38988,1,0,9 11,1,15,,38989,1,0,9 11,1,15,,38990,1,0,9 11,1,55,,38991,1,0,9 11,1,15,,38992,1,0,9 11,1,15,,38993,1,0,9 11,1,15,,38994,1,0,9 11,1,55,,38995,1,0,9 11,1,15,,38996,1,0,9 11,1,15,,38997,1,0,9 11,1,15,,38998,1,0,9 11,1,55,,38999,1,0,9 11,1,15,,39000,1,0,9 11,1,15,,39001,1,0,9 11,1,15,,39002,1,0,9 11,1,55,,39003,1,0,9 11,1,15,,39004,1,0,9 11,1,15,,39005,1,0,9 11,1,15,,39006,1,0,9 11,1,55,,39007,1,0,9 11,1,15,,39008,1,0,9 11,1,15,,39009,1,0,9 11,1,15,,39010,1,0,9 11,1,55,,39011,1,0,9 11,1,15,,39012,1,0,9 11,1,15,,39013,1,0,9 11,1,15,,39014,1,0,9 11,1,55,,39015,1,0,9 11,1,15,,39016,1,0,9 11,1,15,,39017,1,0,9 11,1,15,,39018,1,0,9 11,1,55,,39019,1,0,9 11,1,15,,39020,1,0,9 11,1,15,,39021,1,0,9 11,1,15,,39022,1,0,9 11,1,55,,39023,1,0,9 11,1,15,,39024,1,0,9 11,1,15,,39025,1,0,9 11,1,15,,39026,1,0,9 11,1,55,,39027,1,0,9 11,1,15,,39028,1,0,9 11,1,15,,39029,1,0,9 11,1,15,,39030,1,0,9 11,1,55,,39031,1,0,9 11,1,15,,39032,1,0,9 11,1,15,,39033,1,0,9 11,1,15,,39034,1,0,9 11,1,55,,39035,1,0,9 11,1,15,,39036,1,0,9 11,1,15,,39037,1,0,9 11,1,15,,39038,1,0,9 11,1,55,,39039,1,0,9 11,1,15,,39040,1,0,9 11,1,15,,39041,1,0,9 11,1,15,,39042,1,0,9 11,1,55,,39043,1,0,9 11,1
18002201,'022R-Sunday-5-26-09',620,,39044,1,0,9 11,1,15,,39045,1,0,9 11,1,15,,39046,1,0,9 11,1,55,,39047,1,0,9 11,1,15,,39048,1,0,9 11,1,15,,39049,1,0,9 11,1,15,,39050,1,0,9 11,1,55,,39051,1,0,9 11,1,15,,39052,1,0,9 11,1,15,,39053,1,0,9 11,1,15,,39054,1,0,9 11,1,55,,39055,1,0,9 11,1,15,,39056,1,0,9 11,1,15,,39057,1,0,9 11,1,15,,39058,1,0,9 11,1,55,,39059,1,0,9 11,1,15,,39060,1,0,9 11,1,15,,39061,1,0,9 11,1,15,,39062,1,0,9 11,1,55,,39063,1,0,9 11,1,15,,39064,1,0,9 11,1,15,,39065,1,0,9 11,1,15,,39066,1,0,9 11,1,55,,39067,1,0,9 11,1,15,,39068,1,0,9 11,1,15,,39069,1,0,9 11,1,15,,39070,1,0,9 11,1,55,,39071,1,0,9 11,1,15,,39072,1,0,9 11,1,15,,39073,1,0,9 11,1,15,,39074,1,0,9 11,1,55,,39075,1,0,9 11,1,15,,39076,1,0,9 11,1,15,,39077,1,0,9 11,1,15,,39078,1,0,9 11,1,55,,39079,1,0,9 11,1,15,,39080,1,0,9 11,1,15,,39081,1,0,9 11,1,15,,39082,1,0,9 11,1,55,,39083,1,0,9 11,1,15,,39084,1,0,9 11,1,15,,39085,1,0,9 11,1,15,,39086,1,0,9 11,1,55,,39087,1,0,9 11,1,15,,39088,1,0,9 11,1,15,,39089,1,0,9 11,1,15,,39090,1,0,9 11,1,55,,39091,1,0,9 11,1,15,,39092,1,0,9 11,1,15,,39093,1,0,9 11,1,15,,39094,1,0,9 11,1,55,,39095,1,0,9 11,1,15,,39096,1,0,9 11,1,15,,39097,1,0,9 11,1,15,,39098,1,0,9 11,1,55,,39099,1,0,9 11,1,15,,39100,1,0,9 11,1,15,,39101,1,0,9 11,1,15,,39102,1,0,9 11,1,55,,39103,1,0,9 11,1,15,,39104,1,0,9 11,1,15,,39105,1,0,9 11,1,15,,39106,1,0,9 11,1,55,,39107,1,0,9 11,1,15,,39108,1,0,9 11,1,15,,39109,1,0,9 11,1,15,,39110,1,0,9 11,1,55,,39111,1,0,9 11,1,15,,39112,1,0,9 11,1,15,,39113,1,0,9 11,1,15,,39114,1,0,9 11,1,55,,39115,1,0,9 11,1
18002201,'022R-Sunday-6-26-09',613,,39140,1,0,9 11,1,15,,39141,1,0,9 11,1,15,,39142,1,0,9 11,1,15,,39143,1,0,9 11,1,55,,39144,1,0,9 11,1,15,,39145,1,0,9 11,1,15,,39146,1,0,9 11,1,15,,39147,1,0,9 11,1,55,,39148,1,0,9 11,1,15,,39149,1,0,9 11,1,15,,39150,1,0,9 11,1,15,,39151,1,0,9 11,1,55,,39152,1,0,9 11,1,15,,39153,1,0,9 11,1,15,,39154,1,0,9 11,1,15,,39155,1,0,9 11,1,55,,39156,1,0,9 11,1,15,,39157,1,0,9 11,1,15,,39158,1,0,9 11,1,15,,39159,1,0,9 11,1,55,,39160,1,0,9 11,1,15,,39161,1,0,9 11,1,15,,39162,1,0,9 11,1,15,,39163,1,0,9 11,1,55,,39164,1,0,9 11,1,15,,39165,1,0,9 11,1,15,,39166,1,0,9 11,1,15,,39167,1,0,9 11,1,55,,39168,1,0,9 11,1,15,,39169,1,0,9 11,1,15,,39170,1,0,9 11,1,15,,39171,1,0,9 11,1,55,,39172,1,0,9 11,1,15,,39173,1,0,9 11,1,15,,39174,1,0,9 11,1,15,,39175,1,0,9 11,1,55,,39176,1,0,9 11,1,15,,39177,1,0,9 11,1,15,,39178,1,0,9 11,1,15,,39179,1,0,9 11,1,55,,39180,1,0,9 11,1,15,,39181,1,0,9 11,1,15,,39182,1,0,9 11,1,15,,39183,1,0,9 11,1,55,,39184,1,0,9 11,1,15,,39185,1,0,9 11,1,15,,39186,1,0,9 11,1,15,,39187,1,0,9 11,1,52,,39116,1,0,12 13,1,15,,39117,1,0,12 13,1,15,,39118,1,0,12 13,1,15,,39119,1,0,12 13,1,55,,39120,1,0,12 13,1,15,,39121,1,0,12 13,1,15,,39122,1,0,12 13,1,15,,39123,1,0,12 13,1,55,,39124,1,0,12 13,1,15,,39125,1,0,12 13,1,15,,39126,1,0,12 13,1,15,,39127,1,0,12 13,1,55,,39128,1,0,12 13,1,15,,39129,1,0,12 13,1,15,,39130,1,0,12 13,1,15,,39131,1,0,12 13,1,55,,39132,1,0,12 13,1,15,,39133,1,0,12 13,1,15,,39134,1,0,12 13,1,15,,39135,1,0,12 13,1,55,,39136,1,0,12 13,1,15,,39137,1,0,12 13,1,15,,39138,1,0,12 13,1,15,,39139,1,0,12 13,1
