18002101,'021R-Weekday-1-26-09',537,,32849,14,,,1,12,,32851,14,,,1,52,,32852,14,,,1,6,,32983,14,,,1,6,,32850,14,,,1,6,,32881,14,,,1,6,,32882,14,,,1,6,,32883,14,,,1,6,,32884,14,,,1,6,,32880,14,,,1,6,,32879,14,,,1,6,,32878,14,,,1,46,,32877,14,,,1,6,,32876,14,,,1,6,,32875,14,,,1,6,,32874,14,,,1,6,,32873,14,,,1,6,,32872,14,,,1,6,,32871,14,,,1,6,,32870,14,,,1,6,,32869,14,,,1,6,,32868,14,,,1,46,,32867,14,,,1,6,,32866,14,,,1,6,,32865,14,,,1,6,,32864,14,,,1,6,,32863,14,,,1,6,,32862,14,,,1,6,,32861,14,,,1,6,,32860,14,,,1,6,,32859,14,,,1,6,,32858,14,,,1,46,,32857,14,,,1,6,,32856,14,,,1,6,,32855,14,,,1,6,,32854,14,,,1,10,,32885,14,,,1,10,,32886,14,,,1,10,,32887,14,,,1,10,,32888,14,,,1,50,,32889,14,,,1,10,,32890,14,,,1,10,,32891,14,,,1,10,,32892,14,,,1,10,,32893,14,,,1,10,,32894,14,,,1,50,,32895,14,,,1,10,,32896,14,,,1,10,,32897,14,,,1,10,,32898,14,,,1,10,,32899,14,,,1,10,,32900,14,,,1,50,,32901,14,,,1,10,,32902,14,,,1,10,,32903,14,,,1,10,,32904,14,,,1,10,,32905,14,,,1,10,,32906,14,,,1,50,,32907,14,,,1,10,,32908,14,,,1,10,,32909,14,,,1,10,,32910,14,,,1,10,,32911,14,,,1,10,,32912,14,,,1,50,,32913,14,,,1,10,,32914,14,,,1,6,,32915,14,,,1,6,,32916,14,,,1,6,,32917,14,,,1,6,,32918,14,,,1,6,,32919,14,,,1,6,,32920,14,,,1,46,,32921,14,,,1,6,,32922,14,,,1,6,,32923,14,,,1,6,,32924,14,,,1,6,,32925,14,,,1,6,,32926,14,,,1,6,,32927,14,,,1,6,,32928,14,,,1,6,,32929,14,,,1,6,,32930,14,,,1,46,,32931,14,,,1,6,,32932,14,,,1,6,,32933,14,,,1,6,,32934,14,,,1,6,,32935,14,,,1,6,,32936,14,,,1,6,,32937,14,,,1,6,,32938,14,,,1,6,,32939,14,,,1,6,,32940,14,,,1,46,,32941,14,,,1,6,,32942,14,,,1,6,,32943,14,,,1,6,,32944,14,,,1,6,,32945,14,,,1,6,,32946,14,,,1,6,,32947,14,,,1,6,,32948,14,,,1,6,,32949,14,,,1,6,,32950,14,,,1,46,,32951,14,,,1,6,,32952,14,,,1,6,,32953,14,,,1,6,,32954,14,,,1,6,,32955,14,,,1,9,,32956,14,,,1,15,,32957,14,,,1,55,,32958,14,,,1,15,,32959,14,,,1,15,,32960,14,,,1,15,,32961,14,,,1,55,,32962,14,,,1,15,,32963,14,,,1,15,,32964,14,,,1,15,,32965,14,,,1,55,,32966,14,,,1,15,,32967,14,,,1,15,,32968,14,,,1,15,,32969,14,,,1,55,,32970,14,,,1,15,,32971,14,,,1,15,,32972,14,,,1,15,,32973,14,,,1,55,,32974,14,,,1,15,,32975,14,,,1,15,,32976,14,,,1,15,,32977,14,,,1,55,,32978,14,,,1,15,,32979,14,,,1,15,,32980,14,,,1,15,,32981,14,,,1,55,,32982,14,,,1,15,,32853,14,,,1
18002101,'021R-Weekday-2-26-09',537,,32984,14,,,1,12,,32986,14,,,1,52,,32987,14,,,1,6,,33118,14,,,1,6,,32985,14,,,1,6,,33016,14,,,1,6,,33017,14,,,1,6,,33018,14,,,1,6,,33019,14,,,1,6,,33015,14,,,1,6,,33014,14,,,1,6,,33013,14,,,1,46,,33012,14,,,1,6,,33011,14,,,1,6,,33010,14,,,1,6,,33009,14,,,1,6,,33008,14,,,1,6,,33007,14,,,1,6,,33006,14,,,1,6,,33005,14,,,1,6,,33004,14,,,1,6,,33003,14,,,1,46,,33002,14,,,1,6,,33001,14,,,1,6,,33000,14,,,1,6,,32999,14,,,1,6,,32998,14,,,1,6,,32997,14,,,1,6,,32996,14,,,1,6,,32995,14,,,1,6,,32994,14,,,1,6,,32993,14,,,1,46,,32992,14,,,1,6,,32991,14,,,1,6,,32990,14,,,1,6,,32989,14,,,1,10,,33020,14,,,1,10,,33021,14,,,1,10,,33022,14,,,1,10,,33023,14,,,1,50,,33024,14,,,1,10,,33025,14,,,1,10,,33026,14,,,1,10,,33027,14,,,1,10,,33028,14,,,1,10,,33029,14,,,1,50,,33030,14,,,1,10,,33031,14,,,1,10,,33032,14,,,1,10,,33033,14,,,1,10,,33034,14,,,1,10,,33035,14,,,1,50,,33036,14,,,1,10,,33037,14,,,1,10,,33038,14,,,1,10,,33039,14,,,1,10,,33040,14,,,1,10,,33041,14,,,1,50,,33042,14,,,1,10,,33043,14,,,1,10,,33044,14,,,1,10,,33045,14,,,1,10,,33046,14,,,1,10,,33047,14,,,1,50,,33048,14,,,1,10,,33049,14,,,1,6,,33050,14,,,1,6,,33051,14,,,1,6,,33052,14,,,1,6,,33053,14,,,1,6,,33054,14,,,1,6,,33055,14,,,1,46,,33056,14,,,1,6,,33057,14,,,1,6,,33058,14,,,1,6,,33059,14,,,1,6,,33060,14,,,1,6,,33061,14,,,1,6,,33062,14,,,1,6,,33063,14,,,1,6,,33064,14,,,1,6,,33065,14,,,1,46,,33066,14,,,1,6,,33067,14,,,1,6,,33068,14,,,1,6,,33069,14,,,1,6,,33070,14,,,1,6,,33071,14,,,1,6,,33072,14,,,1,6,,33073,14,,,1,6,,33074,14,,,1,6,,33075,14,,,1,46,,33076,14,,,1,6,,33077,14,,,1,6,,33078,14,,,1,6,,33079,14,,,1,6,,33080,14,,,1,6,,33081,14,,,1,6,,33082,14,,,1,6,,33083,14,,,1,6,,33084,14,,,1,6,,33085,14,,,1,46,,33086,14,,,1,6,,33087,14,,,1,6,,33088,14,,,1,6,,33089,14,,,1,6,,33090,14,,,1,9,,33091,14,,,1,15,,33092,14,,,1,55,,33093,14,,,1,15,,33094,14,,,1,15,,33095,14,,,1,15,,33096,14,,,1,55,,33097,14,,,1,15,,33098,14,,,1,15,,33099,14,,,1,15,,33100,14,,,1,55,,33101,14,,,1,15,,33102,14,,,1,15,,33103,14,,,1,15,,33104,14,,,1,55,,33105,14,,,1,15,,33106,14,,,1,15,,33107,14,,,1,15,,33108,14,,,1,55,,33109,14,,,1,15,,33110,14,,,1,15,,33111,14,,,1,15,,33112,14,,,1,55,,33113,14,,,1,15,,33114,14,,,1,15,,33115,14,,,1,15,,33116,14,,,1,55,,33117,14,,,1,15,,32988,14,,,1
18002101,'021R-Weekday-3-26-09',537,,36689,14,,,1,12,,36691,14,,,1,52,,36692,14,,,1,6,,36823,14,,,1,6,,36690,14,,,1,6,,36721,14,,,1,6,,36722,14,,,1,6,,36723,14,,,1,6,,36724,14,,,1,6,,36720,14,,,1,6,,36719,14,,,1,6,,36718,14,,,1,46,,36717,14,,,1,6,,36716,14,,,1,6,,36715,14,,,1,6,,36714,14,,,1,6,,36713,14,,,1,6,,36712,14,,,1,6,,36711,14,,,1,6,,36710,14,,,1,6,,36709,14,,,1,6,,36708,14,,,1,46,,36707,14,,,1,6,,36706,14,,,1,6,,36705,14,,,1,6,,36704,14,,,1,6,,36703,14,,,1,6,,36702,14,,,1,6,,36701,14,,,1,6,,36700,14,,,1,6,,36699,14,,,1,6,,36698,14,,,1,46,,36697,14,,,1,6,,36696,14,,,1,6,,36695,14,,,1,6,,36694,14,,,1,10,,36725,14,,,1,10,,36726,14,,,1,10,,36727,14,,,1,10,,36728,14,,,1,50,,36729,14,,,1,10,,36730,14,,,1,10,,36731,14,,,1,10,,36732,14,,,1,10,,36733,14,,,1,10,,36734,14,,,1,50,,36735,14,,,1,10,,36736,14,,,1,10,,36737,14,,,1,10,,36738,14,,,1,10,,36739,14,,,1,10,,36740,14,,,1,50,,36741,14,,,1,10,,36742,14,,,1,10,,36743,14,,,1,10,,36744,14,,,1,10,,36745,14,,,1,10,,36746,14,,,1,50,,36747,14,,,1,10,,36748,14,,,1,10,,36749,14,,,1,10,,36750,14,,,1,10,,36751,14,,,1,10,,36752,14,,,1,50,,36753,14,,,1,10,,36754,14,,,1,6,,36755,14,,,1,6,,36756,14,,,1,6,,36757,14,,,1,6,,36758,14,,,1,6,,36759,14,,,1,6,,36760,14,,,1,46,,36761,14,,,1,6,,36762,14,,,1,6,,36763,14,,,1,6,,36764,14,,,1,6,,36765,14,,,1,6,,36766,14,,,1,6,,36767,14,,,1,6,,36768,14,,,1,6,,36769,14,,,1,6,,36770,14,,,1,46,,36771,14,,,1,6,,36772,14,,,1,6,,36773,14,,,1,6,,36774,14,,,1,6,,36775,14,,,1,6,,36776,14,,,1,6,,36777,14,,,1,6,,36778,14,,,1,6,,36779,14,,,1,6,,36780,14,,,1,46,,36781,14,,,1,6,,36782,14,,,1,6,,36783,14,,,1,6,,36784,14,,,1,6,,36785,14,,,1,6,,36786,14,,,1,6,,36787,14,,,1,6,,36788,14,,,1,6,,36789,14,,,1,6,,36790,14,,,1,46,,36791,14,,,1,6,,36792,14,,,1,6,,36793,14,,,1,6,,36794,14,,,1,6,,36795,14,,,1,9,,36796,14,,,1,15,,36797,14,,,1,55,,36798,14,,,1,15,,36799,14,,,1,15,,36800,14,,,1,15,,36801,14,,,1,55,,36802,14,,,1,15,,36803,14,,,1,15,,36804,14,,,1,15,,36805,14,,,1,55,,36806,14,,,1,15,,36807,14,,,1,15,,36808,14,,,1,15,,36809,14,,,1,55,,36810,14,,,1,15,,36811,14,,,1,15,,36812,14,,,1,15,,36813,14,,,1,55,,36814,14,,,1,15,,36815,14,,,1,15,,36816,14,,,1,15,,36817,14,,,1,55,,36818,14,,,1,15,,36819,14,,,1,15,,36820,14,,,1,15,,36821,14,,,1,55,,36822,14,,,1,15,,36693,14,,,1
18002101,'021R-Weekday-4-26-09',537,,33119,14,,,1,12,,33121,14,,,1,52,,33122,14,,,1,6,,33253,14,,,1,6,,33120,14,,,1,6,,33151,14,,,1,6,,33152,14,,,1,6,,33153,14,,,1,6,,33154,14,,,1,6,,33150,14,,,1,6,,33149,14,,,1,6,,33148,14,,,1,46,,33147,14,,,1,6,,33146,14,,,1,6,,33145,14,,,1,6,,33144,14,,,1,6,,33143,14,,,1,6,,33142,14,,,1,6,,33141,14,,,1,6,,33140,14,,,1,6,,33139,14,,,1,6,,33138,14,,,1,46,,33137,14,,,1,6,,33136,14,,,1,6,,33135,14,,,1,6,,33134,14,,,1,6,,33133,14,,,1,6,,33132,14,,,1,6,,33131,14,,,1,6,,33130,14,,,1,6,,33129,14,,,1,6,,33128,14,,,1,46,,33127,14,,,1,6,,33126,14,,,1,6,,33125,14,,,1,6,,33124,14,,,1,10,,33155,14,,,1,10,,33156,14,,,1,10,,33157,14,,,1,10,,33158,14,,,1,50,,33159,14,,,1,10,,33160,14,,,1,10,,33161,14,,,1,10,,33162,14,,,1,10,,33163,14,,,1,10,,33164,14,,,1,50,,33165,14,,,1,10,,33166,14,,,1,10,,33167,14,,,1,10,,33168,14,,,1,10,,33169,14,,,1,10,,33170,14,,,1,50,,33171,14,,,1,10,,33172,14,,,1,10,,33173,14,,,1,10,,33174,14,,,1,10,,33175,14,,,1,10,,33176,14,,,1,50,,33177,14,,,1,10,,33178,14,,,1,10,,33179,14,,,1,10,,33180,14,,,1,10,,33181,14,,,1,10,,33182,14,,,1,50,,33183,14,,,1,10,,33184,14,,,1,6,,33185,14,,,1,6,,33186,14,,,1,6,,33187,14,,,1,6,,33188,14,,,1,6,,33189,14,,,1,6,,33190,14,,,1,46,,33191,14,,,1,6,,33192,14,,,1,6,,33193,14,,,1,6,,33194,14,,,1,6,,33195,14,,,1,6,,33196,14,,,1,6,,33197,14,,,1,6,,33198,14,,,1,6,,33199,14,,,1,6,,33200,14,,,1,46,,33201,14,,,1,6,,33202,14,,,1,6,,33203,14,,,1,6,,33204,14,,,1,6,,33205,14,,,1,6,,33206,14,,,1,6,,33207,14,,,1,6,,33208,14,,,1,6,,33209,14,,,1,6,,33210,14,,,1,46,,33211,14,,,1,6,,33212,14,,,1,6,,33213,14,,,1,6,,33214,14,,,1,6,,33215,14,,,1,6,,33216,14,,,1,6,,33217,14,,,1,6,,33218,14,,,1,6,,33219,14,,,1,6,,33220,14,,,1,46,,33221,14,,,1,6,,33222,14,,,1,6,,33223,14,,,1,6,,33224,14,,,1,6,,33225,14,,,1,9,,33226,14,,,1,15,,33227,14,,,1,55,,33228,14,,,1,15,,33229,14,,,1,15,,33230,14,,,1,15,,33231,14,,,1,55,,33232,14,,,1,15,,33233,14,,,1,15,,33234,14,,,1,15,,33235,14,,,1,55,,33236,14,,,1,15,,33237,14,,,1,15,,33238,14,,,1,15,,33239,14,,,1,55,,33240,14,,,1,15,,33241,14,,,1,15,,33242,14,,,1,15,,33243,14,,,1,55,,33244,14,,,1,15,,33245,14,,,1,15,,33246,14,,,1,15,,33247,14,,,1,55,,33248,14,,,1,15,,33249,14,,,1,15,,33250,14,,,1,15,,33251,14,,,1,55,,33252,14,,,1,15,,33123,14,,,1
18002101,'021R-Weekday-5-26-09',537,,36824,14,,,1,12,,36826,14,,,1,52,,36827,14,,,1,6,,36958,14,,,1,6,,36825,14,,,1,6,,36856,14,,,1,6,,36857,14,,,1,6,,36858,14,,,1,6,,36859,14,,,1,6,,36855,14,,,1,6,,36854,14,,,1,6,,36853,14,,,1,46,,36852,14,,,1,6,,36851,14,,,1,6,,36850,14,,,1,6,,36849,14,,,1,6,,36848,14,,,1,6,,36847,14,,,1,6,,36846,14,,,1,6,,36845,14,,,1,6,,36844,14,,,1,6,,36843,14,,,1,46,,36842,14,,,1,6,,36841,14,,,1,6,,36840,14,,,1,6,,36839,14,,,1,6,,36838,14,,,1,6,,36837,14,,,1,6,,36836,14,,,1,6,,36835,14,,,1,6,,36834,14,,,1,6,,36833,14,,,1,46,,36832,14,,,1,6,,36831,14,,,1,6,,36830,14,,,1,6,,36829,14,,,1,10,,36860,14,,,1,10,,36861,14,,,1,10,,36862,14,,,1,10,,36863,14,,,1,50,,36864,14,,,1,10,,36865,14,,,1,10,,36866,14,,,1,10,,36867,14,,,1,10,,36868,14,,,1,10,,36869,14,,,1,50,,36870,14,,,1,10,,36871,14,,,1,10,,36872,14,,,1,10,,36873,14,,,1,10,,36874,14,,,1,10,,36875,14,,,1,50,,36876,14,,,1,10,,36877,14,,,1,10,,36878,14,,,1,10,,36879,14,,,1,10,,36880,14,,,1,10,,36881,14,,,1,50,,36882,14,,,1,10,,36883,14,,,1,10,,36884,14,,,1,10,,36885,14,,,1,10,,36886,14,,,1,10,,36887,14,,,1,50,,36888,14,,,1,10,,36889,14,,,1,6,,36890,14,,,1,6,,36891,14,,,1,6,,36892,14,,,1,6,,36893,14,,,1,6,,36894,14,,,1,6,,36895,14,,,1,46,,36896,14,,,1,6,,36897,14,,,1,6,,36898,14,,,1,6,,36899,14,,,1,6,,36900,14,,,1,6,,36901,14,,,1,6,,36902,14,,,1,6,,36903,14,,,1,6,,36904,14,,,1,6,,36905,14,,,1,46,,36906,14,,,1,6,,36907,14,,,1,6,,36908,14,,,1,6,,36909,14,,,1,6,,36910,14,,,1,6,,36911,14,,,1,6,,36912,14,,,1,6,,36913,14,,,1,6,,36914,14,,,1,6,,36915,14,,,1,46,,36916,14,,,1,6,,36917,14,,,1,6,,36918,14,,,1,6,,36919,14,,,1,6,,36920,14,,,1,6,,36921,14,,,1,6,,36922,14,,,1,6,,36923,14,,,1,6,,36924,14,,,1,6,,36925,14,,,1,46,,36926,14,,,1,6,,36927,14,,,1,6,,36928,14,,,1,6,,36929,14,,,1,6,,36930,14,,,1,9,,36931,14,,,1,15,,36932,14,,,1,55,,36933,14,,,1,15,,36934,14,,,1,15,,36935,14,,,1,15,,36936,14,,,1,55,,36937,14,,,1,15,,36938,14,,,1,15,,36939,14,,,1,15,,36940,14,,,1,55,,36941,14,,,1,15,,36942,14,,,1,15,,36943,14,,,1,15,,36944,14,,,1,55,,36945,14,,,1,15,,36946,14,,,1,15,,36947,14,,,1,15,,36948,14,,,1,55,,36949,14,,,1,15,,36950,14,,,1,15,,36951,14,,,1,15,,36952,14,,,1,55,,36953,14,,,1,15,,36954,14,,,1,15,,36955,14,,,1,15,,36956,14,,,1,55,,36957,14,,,1,15,,36828,14,,,1
18002101,'021R-Weekday-6-26-09',537,,36959,14,,,1,12,,36961,14,,,1,52,,36962,14,,,1,6,,37093,14,,,1,6,,36960,14,,,1,6,,36991,14,,,1,6,,36992,14,,,1,6,,36993,14,,,1,6,,36994,14,,,1,6,,36990,14,,,1,6,,36989,14,,,1,6,,36988,14,,,1,46,,36987,14,,,1,6,,36986,14,,,1,6,,36985,14,,,1,6,,36984,14,,,1,6,,36983,14,,,1,6,,36982,14,,,1,6,,36981,14,,,1,6,,36980,14,,,1,6,,36979,14,,,1,6,,36978,14,,,1,46,,36977,14,,,1,6,,36976,14,,,1,6,,36975,14,,,1,6,,36974,14,,,1,6,,36973,14,,,1,6,,36972,14,,,1,6,,36971,14,,,1,6,,36970,14,,,1,6,,36969,14,,,1,6,,36968,14,,,1,46,,36967,14,,,1,6,,36966,14,,,1,6,,36965,14,,,1,6,,36964,14,,,1,10,,36995,14,,,1,10,,36996,14,,,1,10,,36997,14,,,1,10,,36998,14,,,1,50,,36999,14,,,1,10,,37000,14,,,1,10,,37001,14,,,1,10,,37002,14,,,1,10,,37003,14,,,1,10,,37004,14,,,1,50,,37005,14,,,1,10,,37006,14,,,1,10,,37007,14,,,1,10,,37008,14,,,1,10,,37009,14,,,1,10,,37010,14,,,1,50,,37011,14,,,1,10,,37012,14,,,1,10,,37013,14,,,1,10,,37014,14,,,1,10,,37015,14,,,1,10,,37016,14,,,1,50,,37017,14,,,1,10,,37018,14,,,1,10,,37019,14,,,1,10,,37020,14,,,1,10,,37021,14,,,1,10,,37022,14,,,1,50,,37023,14,,,1,10,,37024,14,,,1,6,,37025,14,,,1,6,,37026,14,,,1,6,,37027,14,,,1,6,,37028,14,,,1,6,,37029,14,,,1,6,,37030,14,,,1,46,,37031,14,,,1,6,,37032,14,,,1,6,,37033,14,,,1,6,,37034,14,,,1,6,,37035,14,,,1,6,,37036,14,,,1,6,,37037,14,,,1,6,,37038,14,,,1,6,,37039,14,,,1,6,,37040,14,,,1,46,,37041,14,,,1,6,,37042,14,,,1,6,,37043,14,,,1,6,,37044,14,,,1,6,,37045,14,,,1,6,,37046,14,,,1,6,,37047,14,,,1,6,,37048,14,,,1,6,,37049,14,,,1,6,,37050,14,,,1,46,,37051,14,,,1,6,,37052,14,,,1,6,,37053,14,,,1,6,,37054,14,,,1,6,,37055,14,,,1,6,,37056,14,,,1,6,,37057,14,,,1,6,,37058,14,,,1,6,,37059,14,,,1,6,,37060,14,,,1,46,,37061,14,,,1,6,,37062,14,,,1,6,,37063,14,,,1,6,,37064,14,,,1,6,,37065,14,,,1,9,,37066,14,,,1,15,,37067,14,,,1,55,,37068,14,,,1,15,,37069,14,,,1,15,,37070,14,,,1,15,,37071,14,,,1,55,,37072,14,,,1,15,,37073,14,,,1,15,,37074,14,,,1,15,,37075,14,,,1,55,,37076,14,,,1,15,,37077,14,,,1,15,,37078,14,,,1,15,,37079,14,,,1,55,,37080,14,,,1,15,,37081,14,,,1,15,,37082,14,,,1,15,,37083,14,,,1,55,,37084,14,,,1,15,,37085,14,,,1,15,,37086,14,,,1,15,,37087,14,,,1,55,,37088,14,,,1,15,,37089,14,,,1,15,,37090,14,,,1,15,,37091,14,,,1,55,,37092,14,,,1,15,,36963,14,,,1
18002101,'021R-Weekday-7-26-09',537,,37094,14,,,1,12,,37096,14,,,1,52,,37097,14,,,1,6,,37228,14,,,1,6,,37095,14,,,1,6,,37126,14,,,1,6,,37127,14,,,1,6,,37128,14,,,1,6,,37129,14,,,1,6,,37125,14,,,1,6,,37124,14,,,1,6,,37123,14,,,1,46,,37122,14,,,1,6,,37121,14,,,1,6,,37120,14,,,1,6,,37119,14,,,1,6,,37118,14,,,1,6,,37117,14,,,1,6,,37116,14,,,1,6,,37115,14,,,1,6,,37114,14,,,1,6,,37113,14,,,1,46,,37112,14,,,1,6,,37111,14,,,1,6,,37110,14,,,1,6,,37109,14,,,1,6,,37108,14,,,1,6,,37107,14,,,1,6,,37106,14,,,1,6,,37105,14,,,1,6,,37104,14,,,1,6,,37103,14,,,1,46,,37102,14,,,1,6,,37101,14,,,1,6,,37100,14,,,1,6,,37099,14,,,1,10,,37130,14,,,1,10,,37131,14,,,1,10,,37132,14,,,1,10,,37133,14,,,1,50,,37134,14,,,1,10,,37135,14,,,1,10,,37136,14,,,1,10,,37137,14,,,1,10,,37138,14,,,1,10,,37139,14,,,1,50,,37140,14,,,1,10,,37141,14,,,1,10,,37142,14,,,1,10,,37143,14,,,1,10,,37144,14,,,1,10,,37145,14,,,1,50,,37146,14,,,1,10,,37147,14,,,1,10,,37148,14,,,1,10,,37149,14,,,1,10,,37150,14,,,1,10,,37151,14,,,1,50,,37152,14,,,1,10,,37153,14,,,1,10,,37154,14,,,1,10,,37155,14,,,1,10,,37156,14,,,1,10,,37157,14,,,1,50,,37158,14,,,1,10,,37159,14,,,1,6,,37160,14,,,1,6,,37161,14,,,1,6,,37162,14,,,1,6,,37163,14,,,1,6,,37164,14,,,1,6,,37165,14,,,1,46,,37166,14,,,1,6,,37167,14,,,1,6,,37168,14,,,1,6,,37169,14,,,1,6,,37170,14,,,1,6,,37171,14,,,1,6,,37172,14,,,1,6,,37173,14,,,1,6,,37174,14,,,1,6,,37175,14,,,1,46,,37176,14,,,1,6,,37177,14,,,1,6,,37178,14,,,1,6,,37179,14,,,1,6,,37180,14,,,1,6,,37181,14,,,1,6,,37182,14,,,1,6,,37183,14,,,1,6,,37184,14,,,1,6,,37185,14,,,1,46,,37186,14,,,1,6,,37187,14,,,1,6,,37188,14,,,1,6,,37189,14,,,1,6,,37190,14,,,1,6,,37191,14,,,1,6,,37192,14,,,1,6,,37193,14,,,1,6,,37194,14,,,1,6,,37195,14,,,1,46,,37196,14,,,1,6,,37197,14,,,1,6,,37198,14,,,1,6,,37199,14,,,1,6,,37200,14,,,1,9,,37201,14,,,1,15,,37202,14,,,1,55,,37203,14,,,1,15,,37204,14,,,1,15,,37205,14,,,1,15,,37206,14,,,1,55,,37207,14,,,1,15,,37208,14,,,1,15,,37209,14,,,1,15,,37210,14,,,1,55,,37211,14,,,1,15,,37212,14,,,1,15,,37213,14,,,1,15,,37214,14,,,1,55,,37215,14,,,1,15,,37216,14,,,1,15,,37217,14,,,1,15,,37218,14,,,1,55,,37219,14,,,1,15,,37220,14,,,1,15,,37221,14,,,1,15,,37222,14,,,1,55,,37223,14,,,1,15,,37224,14,,,1,15,,37225,14,,,1,15,,37226,14,,,1,55,,37227,14,,,1,15,,37098,14,,,1
18002101,'021R-Saturday-1-26-09',534,,33254,14,,,1,15,,33255,14,,,1,55,,33256,14,,,1,15,,33257,14,,,1,15,,33258,14,,,1,15,,33259,14,,,1,55,,33260,14,,,1,15,,33261,14,,,1,15,,33262,14,,,1,15,,33263,14,,,1,55,,33264,14,,,1,15,,33265,14,,,1,15,,33266,14,,,1,15,,33267,14,,,1,55,,33268,14,,,1,15,,33269,14,,,1,15,,33270,14,,,1,15,,33271,14,,,1,55,,33272,14,,,1,15,,33273,14,,,1,15,,33274,14,,,1,15,,33275,14,,,1,55,,33276,14,,,1,15,,33277,14,,,1,15,,33278,14,,,1,15,,33279,14,,,1,55,,33280,14,,,1,15,,33281,14,,,1,15,,33282,14,,,1,15,,33283,14,,,1,55,,33284,14,,,1,15,,33285,14,,,1,15,,33286,14,,,1,15,,33287,14,,,1,55,,33288,14,,,1,15,,33289,14,,,1,15,,33290,14,,,1,15,,33291,14,,,1,55,,33292,14,,,1,15,,33293,14,,,1,15,,33294,14,,,1,15,,33295,14,,,1,55,,33296,14,,,1,15,,33297,14,,,1,15,,33298,14,,,1,15,,33299,14,,,1,55,,33300,14,,,1,15,,33301,14,,,1,15,,33302,14,,,1,15,,33303,14,,,1,55,,33304,14,,,1,15,,33305,14,,,1,15,,33306,14,,,1,15,,33307,14,,,1,55,,33308,14,,,1,15,,33309,14,,,1,15,,33310,14,,,1,15,,33311,14,,,1,55,,33312,14,,,1,15,,33313,14,,,1,15,,33314,14,,,1,15,,33315,14,,,1,55,,33316,14,,,1,15,,33317,14,,,1,15,,33318,14,,,1,15,,33319,14,,,1,55,,33320,14,,,1,15,,33321,14,,,1,15,,33322,14,,,1,15,,33323,14,,,1,55,,33324,14,,,1,15,,33325,14,,,1,15,,33326,14,,,1,15,,33327,14,,,1,55,,33328,14,,,1,15,,33329,14,,,1,15,,33330,14,,,1,15,,33331,14,,,1,55,,33332,14,,,1,15,,33333,14,,,1
18002101,'021R-Saturday-2-26-09',536,,37229,14,,,1,15,,37230,14,,,1,55,,37231,14,,,1,15,,37232,14,,,1,15,,37233,14,,,1,15,,37234,14,,,1,55,,37235,14,,,1,15,,37236,14,,,1,15,,37237,14,,,1,15,,37238,14,,,1,55,,37239,14,,,1,15,,37240,14,,,1,15,,37241,14,,,1,15,,37242,14,,,1,55,,37243,14,,,1,15,,37244,14,,,1,15,,37245,14,,,1,15,,37246,14,,,1,55,,37247,14,,,1,15,,37248,14,,,1,15,,37249,14,,,1,15,,37250,14,,,1,55,,37251,14,,,1,15,,37252,14,,,1,15,,37253,14,,,1,15,,37254,14,,,1,55,,37255,14,,,1,15,,37256,14,,,1,15,,37257,14,,,1,15,,37258,14,,,1,55,,37259,14,,,1,15,,37260,14,,,1,15,,37261,14,,,1,15,,37262,14,,,1,55,,37263,14,,,1,15,,37264,14,,,1,15,,37265,14,,,1,15,,37266,14,,,1,55,,37267,14,,,1,15,,37268,14,,,1,15,,37269,14,,,1,15,,37270,14,,,1,55,,37271,14,,,1,15,,37272,14,,,1,15,,37273,14,,,1,15,,37274,14,,,1,55,,37275,14,,,1,15,,37276,14,,,1,15,,37277,14,,,1,15,,37278,14,,,1,55,,37279,14,,,1,15,,37280,14,,,1,15,,37281,14,,,1,15,,37282,14,,,1,55,,37283,14,,,1,15,,37284,14,,,1,15,,37285,14,,,1,15,,37286,14,,,1,55,,37287,14,,,1,15,,37288,14,,,1,15,,37289,14,,,1,15,,37290,14,,,1,55,,37291,14,,,1,15,,37292,14,,,1,15,,37293,14,,,1,15,,37294,14,,,1,55,,37295,14,,,1,15,,37296,14,,,1,15,,37297,14,,,1,15,,37298,14,,,1,55,,37299,14,,,1,15,,37300,14,,,1,15,,37301,14,,,1,15,,37302,14,,,1,55,,37303,14,,,1,15,,37304,14,,,1,15,,37305,14,,,1,15,,37306,14,,,1,55,,37307,14,,,1,15,,37308,14,,,1
18002101,'021R-Sunday-1-26-09',534,,33334,14,,,1,15,,33335,14,,,1,55,,33336,14,,,1,15,,33337,14,,,1,15,,33338,14,,,1,15,,33339,14,,,1,55,,33340,14,,,1,15,,33341,14,,,1,15,,33342,14,,,1,15,,33343,14,,,1,55,,33344,14,,,1,15,,33345,14,,,1,15,,33346,14,,,1,15,,33347,14,,,1,55,,33348,14,,,1,15,,33349,14,,,1,15,,33350,14,,,1,15,,33351,14,,,1,55,,33352,14,,,1,15,,33353,14,,,1,15,,33354,14,,,1,15,,33355,14,,,1,55,,33356,14,,,1,15,,33357,14,,,1,15,,33358,14,,,1,15,,33359,14,,,1,55,,33360,14,,,1,15,,33361,14,,,1,15,,33362,14,,,1,15,,33363,14,,,1,55,,33364,14,,,1,15,,33365,14,,,1,15,,33366,14,,,1,15,,33367,14,,,1,55,,33368,14,,,1,15,,33369,14,,,1,15,,33370,14,,,1,15,,33371,14,,,1,55,,33372,14,,,1,15,,33373,14,,,1,15,,33374,14,,,1,15,,33375,14,,,1,55,,33376,14,,,1,15,,33377,14,,,1,15,,33378,14,,,1,15,,33379,14,,,1,55,,33380,14,,,1,15,,33381,14,,,1,15,,33382,14,,,1,15,,33383,14,,,1,55,,33384,14,,,1,15,,33385,14,,,1,15,,33386,14,,,1,15,,33387,14,,,1,55,,33388,14,,,1,15,,33389,14,,,1,15,,33390,14,,,1,15,,33391,14,,,1,55,,33392,14,,,1,15,,33393,14,,,1,15,,33394,14,,,1,15,,33395,14,,,1,55,,33396,14,,,1,15,,33397,14,,,1,15,,33398,14,,,1,15,,33399,14,,,1,55,,33400,14,,,1,15,,33401,14,,,1,15,,33402,14,,,1,15,,33403,14,,,1,55,,33404,14,,,1,15,,33405,14,,,1,15,,33406,14,,,1,15,,33407,14,,,1,55,,33408,14,,,1,15,,33409,14,,,1,15,,33410,14,,,1
18002101,'021R-Sunday-2-26-09',536,,37309,14,,,1,15,,37310,14,,,1,55,,37311,14,,,1,15,,37312,14,,,1,15,,37313,14,,,1,15,,37314,14,,,1,55,,37315,14,,,1,15,,37316,14,,,1,15,,37317,14,,,1,15,,37318,14,,,1,55,,37319,14,,,1,15,,37320,14,,,1,15,,37321,14,,,1,15,,37322,14,,,1,55,,37323,14,,,1,15,,37324,14,,,1,15,,37325,14,,,1,15,,37326,14,,,1,55,,37327,14,,,1,15,,37328,14,,,1,15,,37329,14,,,1,15,,37330,14,,,1,55,,37331,14,,,1,15,,37332,14,,,1,15,,37333,14,,,1,15,,37334,14,,,1,55,,37335,14,,,1,15,,37336,14,,,1,15,,37337,14,,,1,15,,37338,14,,,1,55,,37339,14,,,1,15,,37340,14,,,1,15,,37341,14,,,1,15,,37342,14,,,1,55,,37343,14,,,1,15,,37344,14,,,1,15,,37345,14,,,1,15,,37346,14,,,1,55,,37347,14,,,1,15,,37348,14,,,1,15,,37349,14,,,1,15,,37350,14,,,1,55,,37351,14,,,1,15,,37352,14,,,1,15,,37353,14,,,1,15,,37354,14,,,1,55,,37355,14,,,1,15,,37356,14,,,1,15,,37357,14,,,1,15,,37358,14,,,1,55,,37359,14,,,1,15,,37360,14,,,1,15,,37361,14,,,1,15,,37362,14,,,1,55,,37363,14,,,1,15,,37364,14,,,1,15,,37365,14,,,1,15,,37366,14,,,1,55,,37367,14,,,1,15,,37368,14,,,1,15,,37369,14,,,1,15,,37370,14,,,1,55,,37371,14,,,1,15,,37372,14,,,1,15,,37373,14,,,1,15,,37374,14,,,1,55,,37375,14,,,1,15,,37376,14,,,1,15,,37377,14,,,1,15,,37378,14,,,1,55,,37379,14,,,1,15,,37380,14,,,1,15,,37381,14,,,1,15,,37382,14,,,1,55,,37383,14,,,1,15,,37384,14,,,1,15,,37385,14,,,1
18002101,'021R-Sunday-4-26-09',536,,37386,14,,,1,15,,37387,14,,,1,55,,37388,14,,,1,15,,37389,14,,,1,15,,37390,14,,,1,15,,37391,14,,,1,55,,37392,14,,,1,15,,37393,14,,,1,15,,37394,14,,,1,15,,37395,14,,,1,55,,37396,14,,,1,15,,37397,14,,,1,15,,37398,14,,,1,15,,37399,14,,,1,55,,37400,14,,,1,15,,37401,14,,,1,15,,37402,14,,,1,15,,37403,14,,,1,55,,37404,14,,,1,15,,37405,14,,,1,15,,37406,14,,,1,15,,37407,14,,,1,55,,37408,14,,,1,15,,37409,14,,,1,15,,37410,14,,,1,15,,37411,14,,,1,55,,37412,14,,,1,15,,37413,14,,,1,15,,37414,14,,,1,15,,37415,14,,,1,55,,37416,14,,,1,15,,37417,14,,,1,15,,37418,14,,,1,15,,37419,14,,,1,55,,37420,14,,,1,15,,37421,14,,,1,15,,37422,14,,,1,15,,37423,14,,,1,55,,37424,14,,,1,15,,37425,14,,,1,15,,37426,14,,,1,15,,37427,14,,,1,55,,37428,14,,,1,15,,37429,14,,,1,15,,37430,14,,,1,15,,37431,14,,,1,55,,37432,14,,,1,15,,37433,14,,,1,15,,37434,14,,,1,15,,37435,14,,,1,55,,37436,14,,,1,15,,37437,14,,,1,15,,37438,14,,,1,15,,37439,14,,,1,55,,37440,14,,,1,15,,37441,14,,,1,15,,37442,14,,,1,15,,37443,14,,,1,55,,37444,14,,,1,15,,37445,14,,,1,15,,37446,14,,,1,15,,37447,14,,,1,55,,37448,14,,,1,15,,37449,14,,,1,15,,37450,14,,,1,15,,37451,14,,,1,55,,37452,14,,,1,15,,37453,14,,,1,15,,37454,14,,,1,15,,37455,14,,,1,55,,37456,14,,,1,15,,37457,14,,,1,15,,37458,14,,,1,15,,37459,14,,,1,55,,37460,14,,,1,15,,37461,14,,,1,15,,37462,14,,,1
18002201,'022R-Saturday-2-26-09',533,,38744,8,,,1,15,,38743,8,,,1,55,,38666,11,,,1,15,,38667,11,,,1,15,,38668,11,,,1,15,,38669,11,,,1,55,,38670,11,,,1,15,,38671,11,,,1,15,,38672,11,,,1,15,,38673,11,,,1,55,,38674,11,,,1,15,,38675,11,,,1,15,,38676,11,,,1,15,,38677,11,,,1,55,,38678,11,,,1,15,,38679,11,,,1,15,,38680,11,,,1,15,,38681,11,,,1,55,,38682,11,,,1,15,,38683,11,,,1,15,,38684,11,,,1,15,,38685,11,,,1,55,,38686,11,,,1,15,,38687,11,,,1,15,,38688,11,,,1,15,,38689,11,,,1,55,,38690,11,,,1,15,,38691,11,,,1,15,,38692,11,,,1,15,,38693,11,,,1,55,,38694,11,,,1,15,,38695,11,,,1,15,,38696,11,,,1,15,,38697,11,,,1,55,,38698,11,,,1,15,,38699,11,,,1,15,,38700,11,,,1,15,,38701,11,,,1,55,,38702,11,,,1,15,,38703,11,,,1,15,,38704,11,,,1,15,,38705,11,,,1,55,,38706,11,,,1,15,,38707,11,,,1,15,,38708,11,,,1,15,,38709,11,,,1,55,,38710,11,,,1,15,,38711,11,,,1,15,,38712,11,,,1,15,,38713,11,,,1,55,,38714,11,,,1,15,,38715,11,,,1,15,,38716,11,,,1,15,,38717,11,,,1,55,,38718,11,,,1,15,,38719,11,,,1,15,,38720,11,,,1,15,,38721,11,,,1,55,,38722,11,,,1,15,,38723,11,,,1,15,,38724,11,,,1,15,,38725,11,,,1,55,,38726,11,,,1,15,,38727,11,,,1,15,,38728,11,,,1,15,,38729,11,,,1,55,,38730,11,,,1,15,,38731,11,,,1,15,,38732,11,,,1,15,,38733,11,,,1,55,,38734,11,,,1,15,,38735,11,,,1,15,,38736,11,,,1,15,,38737,11,,,1,55,,38738,11,,,1,15,,38739,11,,,1,15,,38740,11,,,1,15,,38741,11,,,1,55,,38742,11,,,1
18002201,'022R-Sunday-2-26-09',603,,38901,8,,,1,15,,38900,8,,,1,15,,38903,11,,,1,15,,38904,11,,,1,55,,38905,11,,,1,15,,38906,11,,,1,15,,38907,11,,,1,15,,38908,11,,,1,55,,38909,11,,,1,15,,38910,11,,,1,15,,38911,11,,,1,15,,38912,11,,,1,55,,38913,11,,,1,15,,38914,11,,,1,15,,38915,11,,,1,15,,38916,11,,,1,55,,38917,11,,,1,15,,38918,11,,,1,15,,38919,11,,,1,15,,38920,11,,,1,55,,38921,11,,,1,15,,38922,11,,,1,15,,38923,11,,,1,15,,38924,11,,,1,55,,38925,11,,,1,15,,38926,11,,,1,15,,38927,11,,,1,15,,38928,11,,,1,55,,38929,11,,,1,15,,38930,11,,,1,15,,38931,11,,,1,15,,38932,11,,,1,55,,38933,11,,,1,15,,38934,11,,,1,15,,38935,11,,,1,15,,38936,11,,,1,55,,38937,11,,,1,15,,38938,11,,,1,15,,38939,11,,,1,15,,38940,11,,,1,55,,38941,11,,,1,15,,38942,11,,,1,15,,38943,11,,,1,15,,38944,11,,,1,55,,38945,11,,,1,15,,38946,11,,,1,15,,38947,11,,,1,15,,38948,11,,,1,55,,38949,11,,,1,15,,38950,11,,,1,15,,38951,11,,,1,15,,38952,11,,,1,55,,38953,11,,,1,15,,38954,11,,,1,15,,38955,11,,,1,15,,38956,11,,,1,55,,38957,11,,,1,15,,38958,11,,,1,15,,38959,11,,,1,15,,38960,11,,,1,55,,38961,11,,,1,15,,38962,11,,,1,15,,38963,11,,,1,15,,38964,11,,,1,55,,38965,11,,,1,15,,38966,11,,,1,15,,38967,11,,,1,15,,38968,11,,,1,55,,38969,11,,,1,15,,38970,11,,,1,15,,38971,11,,,1,15,,38902,11,,,1,55,,38899,11,,,1
