18002300,'20260913-Sunday-1-26-09',512,,34217,2,,,1,15,,34233,2,,,1,15,,34249,2,,,1,15,,34265,2,,,1,55,,34281,2,,,1,15,,34218,2,,,1,15,,34234,2,,,1,15,,34250,2,,,1,55,,34266,2,,,1,15,,34282,2,,,1,15,,34219,2,,,1,15,,34235,2,,,1,55,,34251,2,,,1,15,,34267,2,,,1,15,,34283,2,,,1,15,,34220,2,,,1,55,,34236,2,,,1,15,,34252,2,,,1,15,,34268,2,,,1,15,,34284,2,,,1,55,,34221,2,,,1,15,,34237,2,,,1,15,,34253,2,,,1,15,,34269,2,,,1,55,,34285,2,,,1,15,,34222,2,,,1,15,,34238,2,,,1,15,,34254,2,,,1,55,,34270,2,,,1,15,,34286,2,,,1,15,,34223,2,,,1,15,,34239,2,,,1,55,,34255,2,,,1,15,,34271,2,,,1,15,,34287,2,,,1,15,,34224,2,,,1,55,,34240,2,,,1,15,,34256,2,,,1,15,,34272,2,,,1,15,,34288,2,,,1,55,,34225,2,,,1,15,,34241,2,,,1,15,,34257,2,,,1,15,,34273,2,,,1,55,,34289,2,,,1,15,,34226,2,,,1,15,,34242,2,,,1,15,,34258,2,,,1,55,,34274,2,,,1,15,,34290,2,,,1,15,,34227,2,,,1,15,,34243,2,,,1,55,,34259,2,,,1,15,,34275,2,,,1,15,,34291,2,,,1,15,,34228,2,,,1,55,,34244,2,,,1,15,,34260,2,,,1,15,,34276,2,,,1,15,,34292,2,,,1,55,,34229,2,,,1,15,,34245,2,,,1,15,,34261,2,,,1,15,,34277,2,,,1,55,,34293,2,,,1,15,,34230,2,,,1,15,,34246,2,,,1,15,,34262,2,,,1,55,,34278,2,,,1,15,,34294,2,,,1,15,,34231,2,,,1,15,,34247,2,,,1,55,,34263,2,,,1,15,,34279,2,,,1,15,,34295,2,,,1,15,,34232,2,,,1,55,,34248,2,,,1,15,,34264,2,,,1,15,,34280,2,,,1
18002300,'20260914-Weekday-1-26-09',502,,34296,2,,,1,10,,34320,2,,,1,10,,34308,2,,,1,10,,34332,2,,,1,10,,34373,2,,,1,10,,34343,2,,,1,48,,34360,2,,,1,5,,34390,2,,,1,5,,34297,2,,,1,5,,34402,2,,,1,5,,34321,2,,,1,5,,34410,2,,,1,5,,34309,2,,,1,5,,34434,2,,,1,5,,34333,2,,,1,5,,34418,2,,,1,5,,34374,2,,,1,5,,34451,2,,,1,45,,34344,2,,,1,5,,34361,2,,,1,5,,34391,2,,,1,5,,34298,2,,,1,5,,34403,2,,,1,5,,34322,2,,,1,5,,34411,2,,,1,5,,34310,2,,,1,5,,34435,2,,,1,5,,34334,2,,,1,5,,34419,2,,,1,5,,34375,2,,,1,45,,34452,2,,,1,5,,34345,2,,,1,5,,34362,2,,,1,5,,34392,2,,,1,5,,34299,2,,,1,5,,34404,2,,,1,5,,34323,2,,,1,5,,34412,2,,,1,5,,34311,2,,,1,5,,34436,2,,,1,5,,34335,2,,,1,5,,34420,2,,,1,45,,34376,2,,,1,5,,34453,2,,,1,5,,34346,2,,,1,5,,34363,2,,,1,5,,34393,2,,,1,5,,34300,2,,,1,5,,34405,2,,,1,5,,34324,2,,,1,5,,34413,2,,,1,5,,34312,2,,,1,5,,34437,2,,,1,5,,34336,2,,,1,45,,34421,2,,,1,7,,34377,2,,,1,10,,34347,2,,,1,10,,34394,2,,,1,10,,34301,2,,,1,10,,34325,2,,,1,10,,34438,2,,,1,50,,34422,2,,,1,10,,34378,2,,,1,10,,34348,2,,,1,10,,34395,2,,,1,10,,34302,2,,,1,10,,34326,2,,,1,50,,34439,2,,,1,10,,34423,2,,,1,10,,34379,2,,,1,10,,34349,2,,,1,10,,34396,2,,,1,10,,34303,2,,,1,50,,34327,2,,,1,10,,34440,2,,,1,10,,34424,2,,,1,10,,34380,2,,,1,10,,34350,2,,,1,10,,34397,2,,,1,50,,34304,2,,,1,10,,34328,2,,,1,10,,34441,2,,,1,8,,34414,2,,,1,5,,34313,2,,,1,5,,34381,2,,,1,5,,34454,2,,,1,5,,34351,2,,,1,45,,34364,2,,,1,5,,34398,2,,,1,5,,34425,2,,,1,5,,34406,2,,,1,5,,34305,2,,,1,5,,34337,2,,,1,5,,34329,2,,,1,5,,34442,2,,,1,5,,34415,2,,,1,5,,34314,2,,,1,5,,34382,2,,,1,5,,34455,2,,,1,45,,34352,2,,,1,5,,34365,2,,,1,5,,34399,2,,,1,5,,34426,2,,,1,5,,34407,2,,,1,5,,34306,2,,,1,5,,34338,2,,,1,5,,34330,2,,,1,5,,34443,2,,,1,5,,34416,2,,,1,5,,34315,2,,,1,5,,34383,2,,,1,45,,34456,2,,,1,5,,34353,2,,,1,5,,34366,2,,,1,5,,34400,2,,,1,5,,34427,2,,,1,5,,34408,2,,,1,5,,34307,2,,,1,5,,34339,2,,,1,5,,34331,2,,,1,5,,34444,2,,,1,5,,34417,2,,,1,5,,34316,2,,,1,45,,34384,2,,,1,5,,34457,2,,,1,5,,34354,2,,,1,5,,34367,2,,,1,5,,34401,2,,,1,5,,34428,2,,,1,5,,34409,2,,,1,12,,34340,2,,,1,10,,34445,2,,,1,50,,34317,2,,,1,10,,34385,2,,,1,10,,34355,2,,,1,10,,34368,2,,,1,10,,34429,2,,,1,10,,34341,2,,,1,50,,34446,2,,,1,10,,34318,2,,,1,10,,34386,2,,,1,10,,34356,2,,,1,10,,34369,2,,,1,10,,34430,2,,,1,50,,34342,2,,,1,10,,34447,2,,,1,10,,34319,2,,,1,10,,34387,2,,,1,15,,34357,2,,,1,55,,34370,2,,,1,15,,34431,2,,,1,15,,34448,2,,,1,15,,34388,2,,,1,55,,34358,2,,,1,15,,34371,2,,,1,15,,34432,2,,,1,15,,34449,2,,,1,55,,34389,2,,,1,15,,34359,2,,,1,15,,34372,2,,,1,15,,34433,2,,,1,55,,34450,2,,,1
18002300,'20260914-Weekday-2-26-09',502,,34458,2,,,1,10,,34482,2,,,1,10,,34470,2,,,1,10,,34494,2,,,1,10,,34535,2,,,1,10,,34505,2,,,1,48,,34522,2,,,1,5,,34552,2,,,1,5,,34459,2,,,1,5,,34564,2,,,1,5,,34483,2,,,1,5,,34572,2,,,1,5,,34471,2,,,1,5,,34596,2,,,1,5,,34495,2,,,1,5,,34580,2,,,1,5,,34536,2,,,1,5,,34613,2,,,1,45,,34506,2,,,1,5,,34523,2,,,1,5,,34553,2,,,1,5,,34460,2,,,1,5,,34565,2,,,1,5,,34484,2,,,1,5,,34573,2,,,1,5,,34472,2,,,1,5,,34597,2,,,1,5,,34496,2,,,1,5,,34581,2,,,1,5,,34537,2,,,1,45,,34614,2,,,1,5,,34507,2,,,1,5,,34524,2,,,1,5,,34554,2,,,1,5,,34461,2,,,1,5,,34566,2,,,1,5,,34485,2,,,1,5,,34574,2,,,1,5,,34473,2,,,1,5,,34598,2,,,1,5,,34497,2,,,1,5,,34582,2,,,1,45,,34538,2,,,1,5,,34615,2,,,1,5,,34508,2,,,1,5,,34525,2,,,1,5,,34555,2,,,1,5,,34462,2,,,1,5,,34567,2,,,1,5,,34486,2,,,1,5,,34575,2,,,1,5,,34474,2,,,1,5,,34599,2,,,1,5,,34498,2,,,1,45,,34583,2,,,1,7,,34539,2,,,1,10,,34509,2,,,1,10,,34556,2,,,1,10,,34463,2,,,1,10,,34487,2,,,1,10,,34600,2,,,1,50,,34584,2,,,1,10,,34540,2,,,1,10,,34510,2,,,1,10,,34557,2,,,1,10,,34464,2,,,1,10,,34488,2,,,1,50,,34601,2,,,1,10,,34585,2,,,1,10,,34541,2,,,1,10,,34511,2,,,1,10,,34558,2,,,1,10,,34465,2,,,1,50,,34489,2,,,1,10,,34602,2,,,1,10,,34586,2,,,1,10,,34542,2,,,1,10,,34512,2,,,1,10,,34559,2,,,1,50,,34466,2,,,1,10,,34490,2,,,1,10,,34603,2,,,1,8,,34576,2,,,1,5,,34475,2,,,1,5,,34543,2,,,1,5,,34616,2,,,1,5,,34513,2,,,1,45,,34526,2,,,1,5,,34560,2,,,1,5,,34587,2,,,1,5,,34568,2,,,1,5,,34467,2,,,1,5,,34499,2,,,1,5,,34491,2,,,1,5,,34604,2,,,1,5,,34577,2,,,1,5,,34476,2,,,1,5,,34544,2,,,1,5,,34617,2,,,1,45,,34514,2,,,1,5,,34527,2,,,1,5,,34561,2,,,1,5,,34588,2,,,1,5,,34569,2,,,1,5,,34468,2,,,1,5,,34500,2,,,1,5,,34492,2,,,1,5,,34605,2,,,1,5,,34578,2,,,1,5,,34477,2,,,1,5,,34545,2,,,1,45,,34618,2,,,1,5,,34515,2,,,1,5,,34528,2,,,1,5,,34562,2,,,1,5,,34589,2,,,1,5,,34570,2,,,1,5,,34469,2,,,1,5,,34501,2,,,1,5,,34493,2,,,1,5,,34606,2,,,1,5,,34579,2,,,1,5,,34478,2,,,1,45,,34546,2,,,1,5,,34619,2,,,1,5,,34516,2,,,1,5,,34529,2,,,1,5,,34563,2,,,1,5,,34590,2,,,1,5,,34571,2,,,1,12,,34502,2,,,1,10,,34607,2,,,1,50,,34479,2,,,1,10,,34547,2,,,1,10,,34517,2,,,1,10,,34530,2,,,1,10,,34591,2,,,1,10,,34503,2,,,1,50,,34608,2,,,1,10,,34480,2,,,1,10,,34548,2,,,1,10,,34518,2,,,1,10,,34531,2,,,1,10,,34592,2,,,1,50,,34504,2,,,1,10,,34609,2,,,1,10,,34481,2,,,1,10,,34549,2,,,1,15,,34519,2,,,1,55,,34532,2,,,1,15,,34593,2,,,1,15,,34610,2,,,1,15,,34550,2,,,1,55,,34520,2,,,1,15,,34533,2,,,1,15,,34594,2,,,1,15,,34611,2,,,1,55,,34551,2,,,1,15,,34521,2,,,1,15,,34534,2,,,1,15,,34595,2,,,1,55,,34612,2,,,1
18002300,'20260914-Weekday-3-26-09',502,,39188,2,,,1,10,,39212,2,,,1,10,,39200,2,,,1,10,,39224,2,,,1,10,,39265,2,,,1,10,,39235,2,,,1,48,,39252,2,,,1,5,,39282,2,,,1,5,,39189,2,,,1,5,,39294,2,,,1,5,,39213,2,,,1,5,,39302,2,,,1,5,,39201,2,,,1,5,,39326,2,,,1,5,,39225,2,,,1,5,,39310,2,,,1,5,,39266,2,,,1,5,,39343,2,,,1,45,,39236,2,,,1,5,,39253,2,,,1,5,,39283,2,,,1,5,,39190,2,,,1,5,,39295,2,,,1,5,,39214,2,,,1,5,,39303,2,,,1,5,,39202,2,,,1,5,,39327,2,,,1,5,,39226,2,,,1,5,,39311,2,,,1,5,,39267,2,,,1,45,,39344,2,,,1,5,,39237,2,,,1,5,,39254,2,,,1,5,,39284,2,,,1,5,,39191,2,,,1,5,,39296,2,,,1,5,,39215,2,,,1,5,,39304,2,,,1,5,,39203,2,,,1,5,,39328,2,,,1,5,,39227,2,,,1,5,,39312,2,,,1,45,,39268,2,,,1,5,,39345,2,,,1,5,,39238,2,,,1,5,,39255,2,,,1,5,,39285,2,,,1,5,,39192,2,,,1,5,,39297,2,,,1,5,,39216,2,,,1,5,,39305,2,,,1,5,,39204,2,,,1,5,,39329,2,,,1,5,,39228,2,,,1,45,,39313,2,,,1,7,,39269,2,,,1,10,,39239,2,,,1,10,,39286,2,,,1,10,,39193,2,,,1,10,,39217,2,,,1,10,,39330,2,,,1,50,,39314,2,,,1,10,,39270,2,,,1,10,,39240,2,,,1,10,,39287,2,,,1,10,,39194,2,,,1,10,,39218,2,,,1,50,,39331,2,,,1,10,,39315,2,,,1,10,,39271,2,,,1,10,,39241,2,,,1,10,,39288,2,,,1,10,,39195,2,,,1,50,,39219,2,,,1,10,,39332,2,,,1,10,,39316,2,,,1,10,,39272,2,,,1,10,,39242,2,,,1,10,,39289,2,,,1,50,,39196,2,,,1,10,,39220,2,,,1,10,,39333,2,,,1,8,,39306,2,,,1,5,,39205,2,,,1,5,,39273,2,,,1,5,,39346,2,,,1,5,,39243,2,,,1,45,,39256,2,,,1,5,,39290,2,,,1,5,,39317,2,,,1,5,,39298,2,,,1,5,,39197,2,,,1,5,,39229,2,,,1,5,,39221,2,,,1,5,,39334,2,,,1,5,,39307,2,,,1,5,,39206,2,,,1,5,,39274,2,,,1,5,,39347,2,,,1,45,,39244,2,,,1,5,,39257,2,,,1,5,,39291,2,,,1,5,,39318,2,,,1,5,,39299,2,,,1,5,,39198,2,,,1,5,,39230,2,,,1,5,,39222,2,,,1,5,,39335,2,,,1,5,,39308,2,,,1,5,,39207,2,,,1,5,,39275,2,,,1,45,,39348,2,,,1,5,,39245,2,,,1,5,,39258,2,,,1,5,,39292,2,,,1,5,,39319,2,,,1,5,,39300,2,,,1,5,,39199,2,,,1,5,,39231,2,,,1,5,,39223,2,,,1,5,,39336,2,,,1,5,,39309,2,,,1,5,,39208,2,,,1,45,,39276,2,,,1,5,,39349,2,,,1,5,,39246,2,,,1,5,,39259,2,,,1,5,,39293,2,,,1,5,,39320,2,,,1,5,,39301,2,,,1,12,,39232,2,,,1,10,,39337,2,,,1,50,,39209,2,,,1,10,,39277,2,,,1,10,,39247,2,,,1,10,,39260,2,,,1,10,,39321,2,,,1,10,,39233,2,,,1,50,,39338,2,,,1,10,,39210,2,,,1,10,,39278,2,,,1,10,,39248,2,,,1,10,,39261,2,,,1,10,,39322,2,,,1,50,,39234,2,,,1,10,,39339,2,,,1,10,,39211,2,,,1,10,,39279,2,,,1,15,,39249,2,,,1,55,,39262,2,,,1,15,,39323,2,,,1,15,,39340,2,,,1,15,,39280,2,,,1,55,,39250,2,,,1,15,,39263,2,,,1,15,,39324,2,,,1,15,,39341,2,,,1,55,,39281,2,,,1,15,,39251,2,,,1,15,,39264,2,,,1,15,,39325,2,,,1,55,,39342,2,,,1
18002300,'20260914-Weekday-4-26-09',502,,34620,2,,,1,10,,34644,2,,,1,10,,34632,2,,,1,10,,34656,2,,,1,10,,34697,2,,,1,10,,34667,2,,,1,48,,34684,2,,,1,5,,34714,2,,,1,5,,34621,2,,,1,5,,34726,2,,,1,5,,34645,2,,,1,5,,34734,2,,,1,5,,34633,2,,,1,5,,34758,2,,,1,5,,34657,2,,,1,5,,34742,2,,,1,5,,34698,2,,,1,5,,34775,2,,,1,45,,34668,2,,,1,5,,34685,2,,,1,5,,34715,2,,,1,5,,34622,2,,,1,5,,34727,2,,,1,5,,34646,2,,,1,5,,34735,2,,,1,5,,34634,2,,,1,5,,34759,2,,,1,5,,34658,2,,,1,5,,34743,2,,,1,5,,34699,2,,,1,45,,34776,2,,,1,5,,34669,2,,,1,5,,34686,2,,,1,5,,34716,2,,,1,5,,34623,2,,,1,5,,34728,2,,,1,5,,34647,2,,,1,5,,34736,2,,,1,5,,34635,2,,,1,5,,34760,2,,,1,5,,34659,2,,,1,5,,34744,2,,,1,45,,34700,2,,,1,5,,34777,2,,,1,5,,34670,2,,,1,5,,34687,2,,,1,5,,34717,2,,,1,5,,34624,2,,,1,5,,34729,2,,,1,5,,34648,2,,,1,5,,34737,2,,,1,5,,34636,2,,,1,5,,34761,2,,,1,5,,34660,2,,,1,45,,34745,2,,,1,7,,34701,2,,,1,10,,34671,2,,,1,10,,34718,2,,,1,10,,34625,2,,,1,10,,34649,2,,,1,10,,34762,2,,,1,50,,34746,2,,,1,10,,34702,2,,,1,10,,34672,2,,,1,10,,34719,2,,,1,10,,34626,2,,,1,10,,34650,2,,,1,50,,34763,2,,,1,10,,34747,2,,,1,10,,34703,2,,,1,10,,34673,2,,,1,10,,34720,2,,,1,10,,34627,2,,,1,50,,34651,2,,,1,10,,34764,2,,,1,10,,34748,2,,,1,10,,34704,2,,,1,10,,34674,2,,,1,10,,34721,2,,,1,50,,34628,2,,,1,10,,34652,2,,,1,10,,34765,2,,,1,8,,34738,2,,,1,5,,34637,2,,,1,5,,34705,2,,,1,5,,34778,2,,,1,5,,34675,2,,,1,45,,34688,2,,,1,5,,34722,2,,,1,5,,34749,2,,,1,5,,34730,2,,,1,5,,34629,2,,,1,5,,34661,2,,,1,5,,34653,2,,,1,5,,34766,2,,,1,5,,34739,2,,,1,5,,34638,2,,,1,5,,34706,2,,,1,5,,34779,2,,,1,45,,34676,2,,,1,5,,34689,2,,,1,5,,34723,2,,,1,5,,34750,2,,,1,5,,34731,2,,,1,5,,34630,2,,,1,5,,34662,2,,,1,5,,34654,2,,,1,5,,34767,2,,,1,5,,34740,2,,,1,5,,34639,2,,,1,5,,34707,2,,,1,45,,34780,2,,,1,5,,34677,2,,,1,5,,34690,2,,,1,5,,34724,2,,,1,5,,34751,2,,,1,5,,34732,2,,,1,5,,34631,2,,,1,5,,34663,2,,,1,5,,34655,2,,,1,5,,34768,2,,,1,5,,34741,2,,,1,5,,34640,2,,,1,45,,34708,2,,,1,5,,34781,2,,,1,5,,34678,2,,,1,5,,34691,2,,,1,5,,34725,2,,,1,5,,34752,2,,,1,5,,34733,2,,,1,12,,34664,2,,,1,10,,34769,2,,,1,50,,34641,2,,,1,10,,34709,2,,,1,10,,34679,2,,,1,10,,34692,2,,,1,10,,34753,2,,,1,10,,34665,2,,,1,50,,34770,2,,,1,10,,34642,2,,,1,10,,34710,2,,,1,10,,34680,2,,,1,10,,34693,2,,,1,10,,34754,2,,,1,50,,34666,2,,,1,10,,34771,2,,,1,10,,34643,2,,,1,10,,34711,2,,,1,15,,34681,2,,,1,55,,34694,2,,,1,15,,34755,2,,,1,15,,34772,2,,,1,15,,34712,2,,,1,55,,34682,2,,,1,15,,34695,2,,,1,15,,34756,2,,,1,15,,34773,2,,,1,55,,34713,2,,,1,15,,34683,2,,,1,15,,34696,2,,,1,15,,34757,2,,,1,55,,34774,2,,,1
18002300,'20260914-Weekday-5-26-09',502,,39350,2,,,1,10,,39374,2,,,1,10,,39362,2,,,1,10,,39386,2,,,1,10,,39427,2,,,1,10,,39397,2,,,1,48,,39414,2,,,1,5,,39444,2,,,1,5,,39351,2,,,1,5,,39456,2,,,1,5,,39375,2,,,1,5,,39464,2,,,1,5,,39363,2,,,1,5,,39488,2,,,1,5,,39387,2,,,1,5,,39472,2,,,1,5,,39428,2,,,1,5,,39505,2,,,1,45,,39398,2,,,1,5,,39415,2,,,1,5,,39445,2,,,1,5,,39352,2,,,1,5,,39457,2,,,1,5,,39376,2,,,1,5,,39465,2,,,1,5,,39364,2,,,1,5,,39489,2,,,1,5,,39388,2,,,1,5,,39473,2,,,1,5,,39429,2,,,1,45,,39506,2,,,1,5,,39399,2,,,1,5,,39416,2,,,1,5,,39446,2,,,1,5,,39353,2,,,1,5,,39458,2,,,1,5,,39377,2,,,1,5,,39466,2,,,1,5,,39365,2,,,1,5,,39490,2,,,1,5,,39389,2,,,1,5,,39474,2,,,1,45,,39430,2,,,1,5,,39507,2,,,1,5,,39400,2,,,1,5,,39417,2,,,1,5,,39447,2,,,1,5,,39354,2,,,1,5,,39459,2,,,1,5,,39378,2,,,1,5,,39467,2,,,1,5,,39366,2,,,1,5,,39491,2,,,1,5,,39390,2,,,1,45,,39475,2,,,1,7,,39431,2,,,1,10,,39401,2,,,1,10,,39448,2,,,1,10,,39355,2,,,1,10,,39379,2,,,1,10,,39492,2,,,1,50,,39476,2,,,1,10,,39432,2,,,1,10,,39402,2,,,1,10,,39449,2,,,1,10,,39356,2,,,1,10,,39380,2,,,1,50,,39493,2,,,1,10,,39477,2,,,1,10,,39433,2,,,1,10,,39403,2,,,1,10,,39450,2,,,1,10,,39357,2,,,1,50,,39381,2,,,1,10,,39494,2,,,1,10,,39478,2,,,1,10,,39434,2,,,1,10,,39404,2,,,1,10,,39451,2,,,1,50,,39358,2,,,1,10,,39382,2,,,1,10,,39495,2,,,1,8,,39468,2,,,1,5,,39367,2,,,1,5,,39435,2,,,1,5,,39508,2,,,1,5,,39405,2,,,1,45,,39418,2,,,1,5,,39452,2,,,1,5,,39479,2,,,1,5,,39460,2,,,1,5,,39359,2,,,1,5,,39391,2,,,1,5,,39383,2,,,1,5,,39496,2,,,1,5,,39469,2,,,1,5,,39368,2,,,1,5,,39436,2,,,1,5,,39509,2,,,1,45,,39406,2,,,1,5,,39419,2,,,1,5,,39453,2,,,1,5,,39480,2,,,1,5,,39461,2,,,1,5,,39360,2,,,1,5,,39392,2,,,1,5,,39384,2,,,1,5,,39497,2,,,1,5,,39470,2,,,1,5,,39369,2,,,1,5,,39437,2,,,1,45,,39510,2,,,1,5,,39407,2,,,1,5,,39420,2,,,1,5,,39454,2,,,1,5,,39481,2,,,1,5,,39462,2,,,1,5,,39361,2,,,1,5,,39393,2,,,1,5,,39385,2,,,1,5,,39498,2,,,1,5,,39471,2,,,1,5,,39370,2,,,1,45,,39438,2,,,1,5,,39511,2,,,1,5,,39408,2,,,1,5,,39421,2,,,1,5,,39455,2,,,1,5,,39482,2,,,1,5,,39463,2,,,1,12,,39394,2,,,1,10,,39499,2,,,1,50,,39371,2,,,1,10,,39439,2,,,1,10,,39409,2,,,1,10,,39422,2,,,1,10,,39483,2,,,1,10,,39395,2,,,1,50,,39500,2,,,1,10,,39372,2,,,1,10,,39440,2,,,1,10,,39410,2,,,1,10,,39423,2,,,1,10,,39484,2,,,1,50,,39396,2,,,1,10,,39501,2,,,1,10,,39373,2,,,1,10,,39441,2,,,1,15,,39411,2,,,1,55,,39424,2,,,1,15,,39485,2,,,1,15,,39502,2,,,1,15,,39442,2,,,1,55,,39412,2,,,1,15,,39425,2,,,1,15,,39486,2,,,1,15,,39503,2,,,1,55,,39443,2,,,1,15,,39413,2,,,1,15,,39426,2,,,1,15,,39487,2,,,1,55,,39504,2,,,1
18002300,'20260914-Weekday-6-26-09',502,,39512,2,,,1,10,,39536,2,,,1,10,,39524,2,,,1,10,,39548,2,,,1,10,,39589,2,,,1,10,,39559,2,,,1,48,,39576,2,,,1,5,,39606,2,,,1,5,,39513,2,,,1,5,,39618,2,,,1,5,,39537,2,,,1,5,,39626,2,,,1,5,,39525,2,,,1,5,,39650,2,,,1,5,,39549,2,,,1,5,,39634,2,,,1,5,,39590,2,,,1,5,,39667,2,,,1,45,,39560,2,,,1,5,,39577,2,,,1,5,,39607,2,,,1,5,,39514,2,,,1,5,,39619,2,,,1,5,,39538,2,,,1,5,,39627,2,,,1,5,,39526,2,,,1,5,,39651,2,,,1,5,,39550,2,,,1,5,,39635,2,,,1,5,,39591,2,,,1,45,,39668,2,,,1,5,,39561,2,,,1,5,,39578,2,,,1,5,,39608,2,,,1,5,,39515,2,,,1,5,,39620,2,,,1,5,,39539,2,,,1,5,,39628,2,,,1,5,,39527,2,,,1,5,,39652,2,,,1,5,,39551,2,,,1,5,,39636,2,,,1,45,,39592,2,,,1,5,,39669,2,,,1,5,,39562,2,,,1,5,,39579,2,,,1,5,,39609,2,,,1,5,,39516,2,,,1,5,,39621,2,,,1,5,,39540,2,,,1,5,,39629,2,,,1,5,,39528,2,,,1,5,,39653,2,,,1,5,,39552,2,,,1,45,,39637,2,,,1,7,,39593,2,,,1,10,,39563,2,,,1,10,,39610,2,,,1,10,,39517,2,,,1,10,,39541,2,,,1,10,,39654,2,,,1,50,,39638,2,,,1,10,,39594,2,,,1,10,,39564,2,,,1,10,,39611,2,,,1,10,,39518,2,,,1,10,,39542,2,,,1,50,,39655,2,,,1,10,,39639,2,,,1,10,,39595,2,,,1,10,,39565,2,,,1,10,,39612,2,,,1,10,,39519,2,,,1,50,,39543,2,,,1,10,,39656,2,,,1,10,,39640,2,,,1,10,,39596,2,,,1,10,,39566,2,,,1,10,,39613,2,,,1,50,,39520,2,,,1,10,,39544,2,,,1,10,,39657,2,,,1,8,,39630,2,,,1,5,,39529,2,,,1,5,,39597,2,,,1,5,,39670,2,,,1,5,,39567,2,,,1,45,,39580,2,,,1,5,,39614,2,,,1,5,,39641,2,,,1,5,,39622,2,,,1,5,,39521,2,,,1,5,,39553,2,,,1,5,,39545,2,,,1,5,,39658,2,,,1,5,,39631,2,,,1,5,,39530,2,,,1,5,,39598,2,,,1,5,,39671,2,,,1,45,,39568,2,,,1,5,,39581,2,,,1,5,,39615,2,,,1,5,,39642,2,,,1,5,,39623,2,,,1,5,,39522,2,,,1,5,,39554,2,,,1,5,,39546,2,,,1,5,,39659,2,,,1,5,,39632,2,,,1,5,,39531,2,,,1,5,,39599,2,,,1,45,,39672,2,,,1,5,,39569,2,,,1,5,,39582,2,,,1,5,,39616,2,,,1,5,,39643,2,,,1,5,,39624,2,,,1,5,,39523,2,,,1,5,,39555,2,,,1,5,,39547,2,,,1,5,,39660,2,,,1,5,,39633,2,,,1,5,,39532,2,,,1,45,,39600,2,,,1,5,,39673,2,,,1,5,,39570,2,,,1,5,,39583,2,,,1,5,,39617,2,,,1,5,,39644,2,,,1,5,,39625,2,,,1,12,,39556,2,,,1,10,,39661,2,,,1,50,,39533,2,,,1,10,,39601,2,,,1,10,,39571,2,,,1,10,,39584,2,,,1,10,,39645,2,,,1,10,,39557,2,,,1,50,,39662,2,,,1,10,,39534,2,,,1,10,,39602,2,,,1,10,,39572,2,,,1,10,,39585,2,,,1,10,,39646,2,,,1,50,,39558,2,,,1,10,,39663,2,,,1,10,,39535,2,,,1,10,,39603,2,,,1,15,,39573,2,,,1,55,,39586,2,,,1,15,,39647,2,,,1,15,,39664,2,,,1,15,,39604,2,,,1,55,,39574,2,,,1,15,,39587,2,,,1,15,,39648,2,,,1,15,,39665,2,,,1,55,,39605,2,,,1,15,,39575,2,,,1,15,,39588,2,,,1,15,,39649,2,,,1,55,,39666,2,,,1
18002300,'20260914-Weekday-7-26-09',502,,39674,2,,,1,10,,39698,2,,,1,10,,39686,2,,,1,10,,39710,2,,,1,10,,39751,2,,,1,10,,39721,2,,,1,48,,39738,2,,,1,5,,39768,2,,,1,5,,39675,2,,,1,5,,39780,2,,,1,5,,39699,2,,,1,5,,39788,2,,,1,5,,39687,2,,,1,5,,39812,2,,,1,5,,39711,2,,,1,5,,39796,2,,,1,5,,39752,2,,,1,5,,39829,2,,,1,45,,39722,2,,,1,5,,39739,2,,,1,5,,39769,2,,,1,5,,39676,2,,,1,5,,39781,2,,,1,5,,39700,2,,,1,5,,39789,2,,,1,5,,39688,2,,,1,5,,39813,2,,,1,5,,39712,2,,,1,5,,39797,2,,,1,5,,39753,2,,,1,45,,39830,2,,,1,5,,39723,2,,,1,5,,39740,2,,,1,5,,39770,2,,,1,5,,39677,2,,,1,5,,39782,2,,,1,5,,39701,2,,,1,5,,39790,2,,,1,5,,39689,2,,,1,5,,39814,2,,,1,5,,39713,2,,,1,5,,39798,2,,,1,45,,39754,2,,,1,5,,39831,2,,,1,5,,39724,2,,,1,5,,39741,2,,,1,5,,39771,2,,,1,5,,39678,2,,,1,5,,39783,2,,,1,5,,39702,2,,,1,5,,39791,2,,,1,5,,39690,2,,,1,5,,39815,2,,,1,5,,39714,2,,,1,45,,39799,2,,,1,7,,39755,2,,,1,10,,39725,2,,,1,10,,39772,2,,,1,10,,39679,2,,,1,10,,39703,2,,,1,10,,39816,2,,,1,50,,39800,2,,,1,10,,39756,2,,,1,10,,39726,2,,,1,10,,39773,2,,,1,10,,39680,2,,,1,10,,39704,2,,,1,50,,39817,2,,,1,10,,39801,2,,,1,10,,39757,2,,,1,10,,39727,2,,,1,10,,39774,2,,,1,10,,39681,2,,,1,50,,39705,2,,,1,10,,39818,2,,,1,10,,39802,2,,,1,10,,39758,2,,,1,10,,39728,2,,,1,10,,39775,2,,,1,50,,39682,2,,,1,10,,39706,2,,,1,10,,39819,2,,,1,8,,39792,2,,,1,5,,39691,2,,,1,5,,39759,2,,,1,5,,39832,2,,,1,5,,39729,2,,,1,45,,39742,2,,,1,5,,39776,2,,,1,5,,39803,2,,,1,5,,39784,2,,,1,5,,39683,2,,,1,5,,39715,2,,,1,5,,39707,2,,,1,5,,39820,2,,,1,5,,39793,2,,,1,5,,39692,2,,,1,5,,39760,2,,,1,5,,39833,2,,,1,45,,39730,2,,,1,5,,39743,2,,,1,5,,39777,2,,,1,5,,39804,2,,,1,5,,39785,2,,,1,5,,39684,2,,,1,5,,39716,2,,,1,5,,39708,2,,,1,5,,39821,2,,,1,5,,39794,2,,,1,5,,39693,2,,,1,5,,39761,2,,,1,45,,39834,2,,,1,5,,39731,2,,,1,5,,39744,2,,,1,5,,39778,2,,,1,5,,39805,2,,,1,5,,39786,2,,,1,5,,39685,2,,,1,5,,39717,2,,,1,5,,39709,2,,,1,5,,39822,2,,,1,5,,39795,2,,,1,5,,39694,2,,,1,45,,39762,2,,,1,5,,39835,2,,,1,5,,39732,2,,,1,5,,39745,2,,,1,5,,39779,2,,,1,5,,39806,2,,,1,5,,39787,2,,,1,12,,39718,2,,,1,10,,39823,2,,,1,50,,39695,2,,,1,10,,39763,2,,,1,10,,39733,2,,,1,10,,39746,2,,,1,10,,39807,2,,,1,10,,39719,2,,,1,50,,39824,2,,,1,10,,39696,2,,,1,10,,39764,2,,,1,10,,39734,2,,,1,10,,39747,2,,,1,10,,39808,2,,,1,50,,39720,2,,,1,10,,39825,2,,,1,10,,39697,2,,,1,10,,39765,2,,,1,15,,39735,2,,,1,55,,39748,2,,,1,15,,39809,2,,,1,15,,39826,2,,,1,15,,39766,2,,,1,55,,39736,2,,,1,15,,39749,2,,,1,15,,39810,2,,,1,15,,39827,2,,,1,55,,39767,2,,,1,15,,39737,2,,,1,15,,39750,2,,,1,15,,39811,2,,,1,55,,39828,2,,,1
18002300,'20260917-Holiday1-1-26-09',502,,34782,2,,,1,10,,34809,2,,,1,10,,34794,2,,,1,10,,34821,2,,,1,10,,34865,2,,,1,10,,34835,2,,,1,48,,34852,2,,,1,5,,34883,2,,,1,5,,34783,2,,,1,5,,34895,2,,,1,5,,34810,2,,,1,5,,34903,2,,,1,5,,34795,2,,,1,5,,34927,2,,,1,5,,34822,2,,,1,5,,34911,2,,,1,5,,34866,2,,,1,5,,34944,2,,,1,45,,34836,2,,,1,5,,34853,2,,,1,5,,34884,2,,,1,5,,34784,2,,,1,5,,34896,2,,,1,5,,34811,2,,,1,5,,34904,2,,,1,5,,34796,2,,,1,5,,34928,2,,,1,5,,34823,2,,,1,5,,34912,2,,,1,5,,34867,2,,,1,45,,34945,2,,,1,5,,34837,2,,,1,5,,34854,2,,,1,5,,34885,2,,,1,5,,34785,2,,,1,5,,34897,2,,,1,5,,34812,2,,,1,5,,34905,2,,,1,5,,34797,2,,,1,5,,34929,2,,,1,5,,34824,2,,,1,5,,34913,2,,,1,45,,34868,2,,,1,5,,34946,2,,,1,5,,34838,2,,,1,5,,34855,2,,,1,5,,34886,2,,,1,5,,34786,2,,,1,5,,34898,2,,,1,5,,34813,2,,,1,5,,34906,2,,,1,5,,34798,2,,,1,5,,34930,2,,,1,5,,34825,2,,,1,45,,34914,2,,,1,7,,34869,2,,,1,10,,34839,2,,,1,10,,34887,2,,,1,10,,34787,2,,,1,10,,34814,2,,,1,10,,34931,2,,,1,50,,34915,2,,,1,10,,34870,2,,,1,10,,34840,2,,,1,10,,34888,2,,,1,10,,34788,2,,,1,10,,34815,2,,,1,50,,34932,2,,,1,10,,34916,2,,,1,10,,34871,2,,,1,10,,34841,2,,,1,10,,34889,2,,,1,10,,34789,2,,,1,50,,34816,2,,,1,10,,34933,2,,,1,10,,34917,2,,,1,10,,34872,2,,,1,10,,34842,2,,,1,10,,34890,2,,,1,50,,34790,2,,,1,10,,34817,2,,,1,10,,34934,2,,,1,8,,34907,2,,,1,5,,34799,2,,,1,5,,34873,2,,,1,5,,34947,2,,,1,5,,34843,2,,,1,45,,34856,2,,,1,5,,34891,2,,,1,5,,34918,2,,,1,5,,34899,2,,,1,5,,34791,2,,,1,5,,34826,2,,,1,5,,34818,2,,,1,5,,34935,2,,,1,5,,34908,2,,,1,5,,34800,2,,,1,5,,34874,2,,,1,5,,34948,2,,,1,45,,34844,2,,,1,5,,34857,2,,,1,5,,34892,2,,,1,5,,34919,2,,,1,5,,34900,2,,,1,5,,34792,2,,,1,5,,34827,2,,,1,5,,34819,2,,,1,5,,34936,2,,,1,5,,34909,2,,,1,5,,34801,2,,,1,5,,34875,2,,,1,45,,34949,2,,,1,5,,34845,2,,,1,5,,34858,2,,,1,5,,34893,2,,,1,5,,34920,2,,,1,5,,34901,2,,,1,5,,34793,2,,,1,5,,34828,2,,,1,5,,34820,2,,,1,5,,34937,2,,,1,5,,34910,2,,,1,5,,34802,2,,,1,45,,34876,2,,,1,5,,34950,2,,,1,5,,34846,2,,,1,5,,34859,2,,,1,5,,34894,2,,,1,5,,34921,2,,,1,5,,34902,2,,,1,12,,34829,2,,,1,10,,34938,2,,,1,50,,34803,2,,,1,10,,34877,2,,,1,10,,34847,2,,,1,10,,34860,2,,,1,10,,34922,2,,,1,10,,34830,2,,,1,50,,34939,2,,,1,10,,34804,2,,,1,10,,34878,2,,,1,10,,34848,2,,,1,10,,34861,2,,,1,10,,34923,2,,,1,50,,34831,2,,,1,10,,34940,2,,,1,10,,34805,2,,,1,10,,34879,2,,,1,10,,34849,2,,,1,10,,34862,2,,,1,50,,34924,2,,,1,10,,34832,2,,,1,10,,34941,2,,,1,10,,34806,2,,,1,10,,34880,2,,,1,10,,34850,2,,,1,50,,34863,2,,,1,10,,34925,2,,,1,10,,34833,2,,,1,10,,34942,2,,,1,10,,34807,2,,,1,10,,34881,2,,,1,50,,34851,2,,,1,10,,34864,2,,,1,10,,34926,2,,,1,10,,34834,2,,,1,10,,34943,2,,,1,10,,34808,2,,,1,50,,34882,2,,,1
18002300,'20260919-Saturday-1-26-09',512,,34951,2,,,1,10,,34968,2,,,1,10,,34985,2,,,1,10,,34997,2,,,1,10,,35014,2,,,1,50,,35031,2,,,1,10,,35047,2,,,1,10,,34952,2,,,1,10,,34969,2,,,1,10,,34986,2,,,1,10,,34998,2,,,1,50,,35015,2,,,1,10,,35032,2,,,1,10,,35048,2,,,1,10,,34953,2,,,1,10,,34970,2,,,1,10,,34987,2,,,1,50,,34999,2,,,1,10,,35016,2,,,1,10,,35033,2,,,1,10,,35049,2,,,1,10,,34954,2,,,1,10,,34971,2,,,1,50,,34988,2,,,1,10,,35000,2,,,1,10,,35017,2,,,1,10,,35034,2,,,1,10,,35050,2,,,1,10,,34955,2,,,1,50,,34972,2,,,1,10,,34989,2,,,1,10,,35001,2,,,1,10,,35018,2,,,1,10,,35035,2,,,1,10,,35051,2,,,1,50,,34956,2,,,1,10,,34973,2,,,1,10,,34990,2,,,1,10,,35002,2,,,1,10,,35019,2,,,1,10,,35036,2,,,1,50,,35052,2,,,1,10,,34957,2,,,1,10,,34974,2,,,1,10,,34991,2,,,1,10,,35003,2,,,1,10,,35020,2,,,1,50,,35037,2,,,1,10,,35053,2,,,1,10,,34958,2,,,1,10,,34975,2,,,1,10,,34992,2,,,1,10,,35004,2,,,1,50,,35021,2,,,1,10,,35038,2,,,1,10,,35054,2,,,1,10,,34959,2,,,1,10,,34976,2,,,1,10,,34993,2,,,1,50,,35005,2,,,1,10,,35022,2,,,1,10,,35039,2,,,1,10,,35055,2,,,1,10,,34960,2,,,1,10,,34977,2,,,1,50,,34994,2,,,1,10,,35006,2,,,1,10,,35023,2,,,1,10,,35040,2,,,1,10,,35056,2,,,1,10,,34961,2,,,1,50,,34978,2,,,1,10,,34995,2,,,1,10,,35007,2,,,1,10,,35024,2,,,1,10,,35041,2,,,1,10,,35057,2,,,1,50,,34962,2,,,1,10,,34979,2,,,1,10,,34996,2,,,1,10,,35008,2,,,1,15,,35025,2,,,1,55,,35042,2,,,1,15,,34963,2,,,1,15,,34980,2,,,1,15,,35009,2,,,1,55,,35026,2,,,1,15,,35043,2,,,1,15,,34964,2,,,1,15,,34981,2,,,1,55,,35010,2,,,1,15,,35027,2,,,1,15,,35044,2,,,1,15,,34965,2,,,1,55,,34982,2,,,1,15,,35011,2,,,1,15,,35028,2,,,1,15,,35045,2,,,1,55,,34966,2,,,1,15,,34983,2,,,1,15,,35012,2,,,1,15,,35029,2,,,1,55,,35046,2,,,1,15,,34967,2,,,1,15,,34984,2,,,1,15,,35013,2,,,1,55,,35030,2,,,1
