18002100,'021R-Weekday-1-26-09',510,,32280,1,,,1,12,,32281,1,,,1,12,,32282,1,,,1,12,,32283,1,,,1,12,,32284,1,,,1,52,,32285,1,,,1,12,,32286,1,,,1,6,,32287,1,,,1,6,,32288,1,,,1,6,,32289,1,,,1,6,,32290,1,,,1,6,,32291,1,,,1,6,,32292,1,,,1,46,,32293,1,,,1,6,,32294,1,,,1,6,,32295,1,,,1,6,,32296,1,,,1,6,,32297,1,,,1,6,,32298,1,,,1,6,,32299,1,,,1,6,,32300,1,,,1,6,,32301,1,,,1,6,,32302,1,,,1,46,,32303,1,,,1,6,,32304,1,,,1,6,,32305,1,,,1,6,,32306,1,,,1,6,,32307,1,,,1,6,,32308,1,,,1,6,,32309,1,,,1,6,,32310,1,,,1,6,,32311,1,,,1,6,,32312,1,,,1,46,,32313,1,,,1,6,,32314,1,,,1,6,,32315,1,,,1,6,,32316,1,,,1,6,,32317,1,,,1,6,,32318,1,,,1,6,,32319,1,,,1,10,,32320,1,,,1,50,,32321,1,,,1,10,,32322,1,,,1,10,,32323,1,,,1,10,,32324,1,,,1,10,,32325,1,,,1,10,,32326,1,,,1,50,,32327,1,,,1,10,,32328,1,,,1,10,,32329,1,,,1,10,,32330,1,,,1,10,,32331,1,,,1,10,,32332,1,,,1,50,,32333,1,,,1,10,,32334,1,,,1,10,,32335,1,,,1,10,,32336,1,,,1,10,,32337,1,,,1,10,,32338,1,,,1,50,,32339,1,,,1,10,,32340,1,,,1,10,,32341,1,,,1,10,,32342,1,,,1,10,,32343,1,,,1,10,,32344,1,,,1,50,,32345,1,,,1,10,,32346,1,,,1,10,,32347,1,,,1,10,,32348,1,,,1,10,,32349,1,,,1,6,,32350,1,,,1,6,,32351,1,,,1,6,,32352,1,,,1,46,,32353,1,,,1,6,,32354,1,,,1,6,,32355,1,,,1,6,,32356,1,,,1,6,,32357,1,,,1,6,,32358,1,,,1,6,,32359,1,,,1,6,,32360,1,,,1,6,,32361,1,,,1,6,,32362,1,,,1,46,,32363,1,,,1,6,,32364,1,,,1,6,,32365,1,,,1,6,,32366,1,,,1,6,,32367,1,,,1,6,,32368,1,,,1,6,,32369,1,,,1,6,,32370,1,,,1,6,,32371,1,,,1,6,,32372,1,,,1,46,,32373,1,,,1,6,,32374,1,,,1,6,,32375,1,,,1,6,,32376,1,,,1,6,,32377,1,,,1,6,,32378,1,,,1,6,,32379,1,,,1,6,,32380,1,,,1,6,,32381,1,,,1,6,,32382,1,,,1,46,,32383,1,,,1,6,,32384,1,,,1,6,,32385,1,,,1,6,,32386,1,,,1,6,,32387,1,,,1,6,,32388,1,,,1,6,,32389,1,,,1,6,,32390,1,,,1,9,,32415,1,,,1,55,,32391,1,,,1,15,,32392,1,,,1,15,,32393,1,,,1,15,,32394,1,,,1,55,,32395,1,,,1,15,,32396,1,,,1,15,,32397,1,,,1,15,,32398,1,,,1,55,,32399,1,,,1,15,,32400,1,,,1,15,,32401,1,,,1,15,,32402,1,,,1,55,,32403,1,,,1,15,,32404,1,,,1,15,,32405,1,,,1,15,,32406,1,,,1,55,,32407,1,,,1,15,,32408,1,,,1,15,,32409,1,,,1,15,,32410,1,,,1,55,,32411,1,,,1,15,,32412,1,,,1,15,,32413,1,,,1,15,,32414,1,,,1,55,,32416,1,,,1
18002100,'021R-Weekday-2-26-09',510,,32417,1,,,1,12,,32418,1,,,1,12,,32419,1,,,1,12,,32420,1,,,1,12,,32421,1,,,1,52,,32422,1,,,1,12,,32423,1,,,1,6,,32424,1,,,1,6,,32425,1,,,1,6,,32426,1,,,1,6,,32427,1,,,1,6,,32428,1,,,1,6,,32429,1,,,1,46,,32430,1,,,1,6,,32431,1,,,1,6,,32432,1,,,1,6,,32433,1,,,1,6,,32434,1,,,1,6,,32435,1,,,1,6,,32436,1,,,1,6,,32437,1,,,1,6,,32438,1,,,1,6,,32439,1,,,1,46,,32440,1,,,1,6,,32441,1,,,1,6,,32442,1,,,1,6,,32443,1,,,1,6,,32444,1,,,1,6,,32445,1,,,1,6,,32446,1,,,1,6,,32447,1,,,1,6,,32448,1,,,1,6,,32449,1,,,1,46,,32450,1,,,1,6,,32451,1,,,1,6,,32452,1,,,1,6,,32453,1,,,1,6,,32454,1,,,1,6,,32455,1,,,1,6,,32456,1,,,1,10,,32457,1,,,1,50,,32458,1,,,1,10,,32459,1,,,1,10,,32460,1,,,1,10,,32461,1,,,1,10,,32462,1,,,1,10,,32463,1,,,1,50,,32464,1,,,1,10,,32465,1,,,1,10,,32466,1,,,1,10,,32467,1,,,1,10,,32468,1,,,1,10,,32469,1,,,1,50,,32470,1,,,1,10,,32471,1,,,1,10,,32472,1,,,1,10,,32473,1,,,1,10,,32474,1,,,1,10,,32475,1,,,1,50,,32476,1,,,1,10,,32477,1,,,1,10,,32478,1,,,1,10,,32479,1,,,1,10,,32480,1,,,1,10,,32481,1,,,1,50,,32482,1,,,1,10,,32483,1,,,1,10,,32484,1,,,1,10,,32485,1,,,1,10,,32486,1,,,1,6,,32487,1,,,1,6,,32488,1,,,1,6,,32489,1,,,1,46,,32490,1,,,1,6,,32491,1,,,1,6,,32492,1,,,1,6,,32493,1,,,1,6,,32494,1,,,1,6,,32495,1,,,1,6,,32496,1,,,1,6,,32497,1,,,1,6,,32498,1,,,1,6,,32499,1,,,1,46,,32500,1,,,1,6,,32501,1,,,1,6,,32502,1,,,1,6,,32503,1,,,1,6,,32504,1,,,1,6,,32505,1,,,1,6,,32506,1,,,1,6,,32507,1,,,1,6,,32508,1,,,1,6,,32509,1,,,1,46,,32510,1,,,1,6,,32511,1,,,1,6,,32512,1,,,1,6,,32513,1,,,1,6,,32514,1,,,1,6,,32515,1,,,1,6,,32516,1,,,1,6,,32517,1,,,1,6,,32518,1,,,1,6,,32519,1,,,1,46,,32520,1,,,1,6,,32521,1,,,1,6,,32522,1,,,1,6,,32523,1,,,1,6,,32524,1,,,1,6,,32525,1,,,1,6,,32526,1,,,1,6,,32527,1,,,1,9,,32552,1,,,1,55,,32528,1,,,1,15,,32529,1,,,1,15,,32530,1,,,1,15,,32531,1,,,1,55,,32532,1,,,1,15,,32533,1,,,1,15,,32534,1,,,1,15,,32535,1,,,1,55,,32536,1,,,1,15,,32537,1,,,1,15,,32538,1,,,1,15,,32539,1,,,1,55,,32540,1,,,1,15,,32541,1,,,1,15,,32542,1,,,1,15,,32543,1,,,1,55,,32544,1,,,1,15,,32545,1,,,1,15,,32546,1,,,1,15,,32547,1,,,1,55,,32548,1,,,1,15,,32549,1,,,1,15,,32550,1,,,1,15,,32551,1,,,1,55,,32553,1,,,1
18002100,'021R-Weekday-3-26-09',510,,35906,1,,,1,12,,35907,1,,,1,12,,35908,1,,,1,12,,35909,1,,,1,12,,35910,1,,,1,52,,35911,1,,,1,12,,35912,1,,,1,6,,35913,1,,,1,6,,35914,1,,,1,6,,35915,1,,,1,6,,35916,1,,,1,6,,35917,1,,,1,6,,35918,1,,,1,46,,35919,1,,,1,6,,35920,1,,,1,6,,35921,1,,,1,6,,35922,1,,,1,6,,35923,1,,,1,6,,35924,1,,,1,6,,35925,1,,,1,6,,35926,1,,,1,6,,35927,1,,,1,6,,35928,1,,,1,46,,35929,1,,,1,6,,35930,1,,,1,6,,35931,1,,,1,6,,35932,1,,,1,6,,35933,1,,,1,6,,35934,1,,,1,6,,35935,1,,,1,6,,35936,1,,,1,6,,35937,1,,,1,6,,35938,1,,,1,46,,35939,1,,,1,6,,35940,1,,,1,6,,35941,1,,,1,6,,35942,1,,,1,6,,35943,1,,,1,6,,35944,1,,,1,6,,35945,1,,,1,10,,35946,1,,,1,50,,35947,1,,,1,10,,35948,1,,,1,10,,35949,1,,,1,10,,35950,1,,,1,10,,35951,1,,,1,10,,35952,1,,,1,50,,35953,1,,,1,10,,35954,1,,,1,10,,35955,1,,,1,10,,35956,1,,,1,10,,35957,1,,,1,10,,35958,1,,,1,50,,35959,1,,,1,10,,35960,1,,,1,10,,35961,1,,,1,10,,35962,1,,,1,10,,35963,1,,,1,10,,35964,1,,,1,50,,35965,1,,,1,10,,35966,1,,,1,10,,35967,1,,,1,10,,35968,1,,,1,10,,35969,1,,,1,10,,35970,1,,,1,50,,35971,1,,,1,10,,35972,1,,,1,10,,35973,1,,,1,10,,35974,1,,,1,10,,35975,1,,,1,6,,35976,1,,,1,6,,35977,1,,,1,6,,35978,1,,,1,46,,35979,1,,,1,6,,35980,1,,,1,6,,35981,1,,,1,6,,35982,1,,,1,6,,35983,1,,,1,6,,35984,1,,,1,6,,35985,1,,,1,6,,35986,1,,,1,6,,35987,1,,,1,6,,35988,1,,,1,46,,35989,1,,,1,6,,35990,1,,,1,6,,35991,1,,,1,6,,35992,1,,,1,6,,35993,1,,,1,6,,35994,1,,,1,6,,35995,1,,,1,6,,35996,1,,,1,6,,35997,1,,,1,6,,35998,1,,,1,46,,35999,1,,,1,6,,36000,1,,,1,6,,36001,1,,,1,6,,36002,1,,,1,6,,36003,1,,,1,6,,36004,1,,,1,6,,36005,1,,,1,6,,36006,1,,,1,6,,36007,1,,,1,6,,36008,1,,,1,46,,36009,1,,,1,6,,36010,1,,,1,6,,36011,1,,,1,6,,36012,1,,,1,6,,36013,1,,,1,6,,36014,1,,,1,6,,36015,1,,,1,6,,36016,1,,,1,9,,36041,1,,,1,55,,36017,1,,,1,15,,36018,1,,,1,15,,36019,1,,,1,15,,36020,1,,,1,55,,36021,1,,,1,15,,36022,1,,,1,15,,36023,1,,,1,15,,36024,1,,,1,55,,36025,1,,,1,15,,36026,1,,,1,15,,36027,1,,,1,15,,36028,1,,,1,55,,36029,1,,,1,15,,36030,1,,,1,15,,36031,1,,,1,15,,36032,1,,,1,55,,36033,1,,,1,15,,36034,1,,,1,15,,36035,1,,,1,15,,36036,1,,,1,55,,36037,1,,,1,15,,36038,1,,,1,15,,36039,1,,,1,15,,36040,1,,,1,55,,36042,1,,,1
18002100,'021R-Weekday-4-26-09',510,,32554,1,,,1,12,,32555,1,,,1,12,,32556,1,,,1,12,,32557,1,,,1,12,,32558,1,,,1,52,,32559,1,,,1,12,,32560,1,,,1,6,,32561,1,,,1,6,,32562,1,,,1,6,,32563,1,,,1,6,,32564,1,,,1,6,,32565,1,,,1,6,,32566,1,,,1,46,,32567,1,,,1,6,,32568,1,,,1,6,,32569,1,,,1,6,,32570,1,,,1,6,,32571,1,,,1,6,,32572,1,,,1,6,,32573,1,,,1,6,,32574,1,,,1,6,,32575,1,,,1,6,,32576,1,,,1,46,,32577,1,,,1,6,,32578,1,,,1,6,,32579,1,,,1,6,,32580,1,,,1,6,,32581,1,,,1,6,,32582,1,,,1,6,,32583,1,,,1,6,,32584,1,,,1,6,,32585,1,,,1,6,,32586,1,,,1,46,,32587,1,,,1,6,,32588,1,,,1,6,,32589,1,,,1,6,,32590,1,,,1,6,,32591,1,,,1,6,,32592,1,,,1,6,,32593,1,,,1,10,,32594,1,,,1,50,,32595,1,,,1,10,,32596,1,,,1,10,,32597,1,,,1,10,,32598,1,,,1,10,,32599,1,,,1,10,,32600,1,,,1,50,,32601,1,,,1,10,,32602,1,,,1,10,,32603,1,,,1,10,,32604,1,,,1,10,,32605,1,,,1,10,,32606,1,,,1,50,,32607,1,,,1,10,,32608,1,,,1,10,,32609,1,,,1,10,,32610,1,,,1,10,,32611,1,,,1,10,,32612,1,,,1,50,,32613,1,,,1,10,,32614,1,,,1,10,,32615,1,,,1,10,,32616,1,,,1,10,,32617,1,,,1,10,,32618,1,,,1,50,,32619,1,,,1,10,,32620,1,,,1,10,,32621,1,,,1,10,,32622,1,,,1,10,,32623,1,,,1,6,,32624,1,,,1,6,,32625,1,,,1,6,,32626,1,,,1,46,,32627,1,,,1,6,,32628,1,,,1,6,,32629,1,,,1,6,,32630,1,,,1,6,,32631,1,,,1,6,,32632,1,,,1,6,,32633,1,,,1,6,,32634,1,,,1,6,,32635,1,,,1,6,,32636,1,,,1,46,,32637,1,,,1,6,,32638,1,,,1,6,,32639,1,,,1,6,,32640,1,,,1,6,,32641,1,,,1,6,,32642,1,,,1,6,,32643,1,,,1,6,,32644,1,,,1,6,,32645,1,,,1,6,,32646,1,,,1,46,,32647,1,,,1,6,,32648,1,,,1,6,,32649,1,,,1,6,,32650,1,,,1,6,,32651,1,,,1,6,,32652,1,,,1,6,,32653,1,,,1,6,,32654,1,,,1,6,,32655,1,,,1,6,,32656,1,,,1,46,,32657,1,,,1,6,,32658,1,,,1,6,,32659,1,,,1,6,,32660,1,,,1,6,,32661,1,,,1,6,,32662,1,,,1,6,,32663,1,,,1,6,,32664,1,,,1,9,,32689,1,,,1,55,,32665,1,,,1,15,,32666,1,,,1,15,,32667,1,,,1,15,,32668,1,,,1,55,,32669,1,,,1,15,,32670,1,,,1,15,,32671,1,,,1,15,,32672,1,,,1,55,,32673,1,,,1,15,,32674,1,,,1,15,,32675,1,,,1,15,,32676,1,,,1,55,,32677,1,,,1,15,,32678,1,,,1,15,,32679,1,,,1,15,,32680,1,,,1,55,,32681,1,,,1,15,,32682,1,,,1,15,,32683,1,,,1,15,,32684,1,,,1,55,,32685,1,,,1,15,,32686,1,,,1,15,,32687,1,,,1,15,,32688,1,,,1,55,,32690,1,,,1
18002100,'021R-Weekday-5-26-09',510,,36043,1,,,1,12,,36044,1,,,1,12,,36045,1,,,1,12,,36046,1,,,1,12,,36047,1,,,1,52,,36048,1,,,1,12,,36049,1,,,1,6,,36050,1,,,1,6,,36051,1,,,1,6,,36052,1,,,1,6,,36053,1,,,1,6,,36054,1,,,1,6,,36055,1,,,1,46,,36056,1,,,1,6,,36057,1,,,1,6,,36058,1,,,1,6,,36059,1,,,1,6,,36060,1,,,1,6,,36061,1,,,1,6,,36062,1,,,1,6,,36063,1,,,1,6,,36064,1,,,1,6,,36065,1,,,1,46,,36066,1,,,1,6,,36067,1,,,1,6,,36068,1,,,1,6,,36069,1,,,1,6,,36070,1,,,1,6,,36071,1,,,1,6,,36072,1,,,1,6,,36073,1,,,1,6,,36074,1,,,1,6,,36075,1,,,1,46,,36076,1,,,1,6,,36077,1,,,1,6,,36078,1,,,1,6,,36079,1,,,1,6,,36080,1,,,1,6,,36081,1,,,1,6,,36082,1,,,1,10,,36083,1,,,1,50,,36084,1,,,1,10,,36085,1,,,1,10,,36086,1,,,1,10,,36087,1,,,1,10,,36088,1,,,1,10,,36089,1,,,1,50,,36090,1,,,1,10,,36091,1,,,1,10,,36092,1,,,1,10,,36093,1,,,1,10,,36094,1,,,1,10,,36095,1,,,1,50,,36096,1,,,1,10,,36097,1,,,1,10,,36098,1,,,1,10,,36099,1,,,1,10,,36100,1,,,1,10,,36101,1,,,1,50,,36102,1,,,1,10,,36103,1,,,1,10,,36104,1,,,1,10,,36105,1,,,1,10,,36106,1,,,1,10,,36107,1,,,1,50,,36108,1,,,1,10,,36109,1,,,1,10,,36110,1,,,1,10,,36111,1,,,1,10,,36112,1,,,1,6,,36113,1,,,1,6,,36114,1,,,1,6,,36115,1,,,1,46,,36116,1,,,1,6,,36117,1,,,1,6,,36118,1,,,1,6,,36119,1,,,1,6,,36120,1,,,1,6,,36121,1,,,1,6,,36122,1,,,1,6,,36123,1,,,1,6,,36124,1,,,1,6,,36125,1,,,1,46,,36126,1,,,1,6,,36127,1,,,1,6,,36128,1,,,1,6,,36129,1,,,1,6,,36130,1,,,1,6,,36131,1,,,1,6,,36132,1,,,1,6,,36133,1,,,1,6,,36134,1,,,1,6,,36135,1,,,1,46,,36136,1,,,1,6,,36137,1,,,1,6,,36138,1,,,1,6,,36139,1,,,1,6,,36140,1,,,1,6,,36141,1,,,1,6,,36142,1,,,1,6,,36143,1,,,1,6,,36144,1,,,1,6,,36145,1,,,1,46,,36146,1,,,1,6,,36147,1,,,1,6,,36148,1,,,1,6,,36149,1,,,1,6,,36150,1,,,1,6,,36151,1,,,1,6,,36152,1,,,1,6,,36153,1,,,1,9,,36178,1,,,1,55,,36154,1,,,1,15,,36155,1,,,1,15,,36156,1,,,1,15,,36157,1,,,1,55,,36158,1,,,1,15,,36159,1,,,1,15,,36160,1,,,1,15,,36161,1,,,1,55,,36162,1,,,1,15,,36163,1,,,1,15,,36164,1,,,1,15,,36165,1,,,1,55,,36166,1,,,1,15,,36167,1,,,1,15,,36168,1,,,1,15,,36169,1,,,1,55,,36170,1,,,1,15,,36171,1,,,1,15,,36172,1,,,1,15,,36173,1,,,1,55,,36174,1,,,1,15,,36175,1,,,1,15,,36176,1,,,1,15,,36177,1,,,1,55,,36179,1,,,1
18002100,'021R-Weekday-6-26-09',510,,36180,1,,,1,12,,36181,1,,,1,12,,36182,1,,,1,12,,36183,1,,,1,12,,36184,1,,,1,52,,36185,1,,,1,12,,36186,1,,,1,6,,36187,1,,,1,6,,36188,1,,,1,6,,36189,1,,,1,6,,36190,1,,,1,6,,36191,1,,,1,6,,36192,1,,,1,46,,36193,1,,,1,6,,36194,1,,,1,6,,36195,1,,,1,6,,36196,1,,,1,6,,36197,1,,,1,6,,36198,1,,,1,6,,36199,1,,,1,6,,36200,1,,,1,6,,36201,1,,,1,6,,36202,1,,,1,46,,36203,1,,,1,6,,36204,1,,,1,6,,36205,1,,,1,6,,36206,1,,,1,6,,36207,1,,,1,6,,36208,1,,,1,6,,36209,1,,,1,6,,36210,1,,,1,6,,36211,1,,,1,6,,36212,1,,,1,46,,36213,1,,,1,6,,36214,1,,,1,6,,36215,1,,,1,6,,36216,1,,,1,6,,36217,1,,,1,6,,36218,1,,,1,6,,36219,1,,,1,10,,36220,1,,,1,50,,36221,1,,,1,10,,36222,1,,,1,10,,36223,1,,,1,10,,36224,1,,,1,10,,36225,1,,,1,10,,36226,1,,,1,50,,36227,1,,,1,10,,36228,1,,,1,10,,36229,1,,,1,10,,36230,1,,,1,10,,36231,1,,,1,10,,36232,1,,,1,50,,36233,1,,,1,10,,36234,1,,,1,10,,36235,1,,,1,10,,36236,1,,,1,10,,36237,1,,,1,10,,36238,1,,,1,50,,36239,1,,,1,10,,36240,1,,,1,10,,36241,1,,,1,10,,36242,1,,,1,10,,36243,1,,,1,10,,36244,1,,,1,50,,36245,1,,,1,10,,36246,1,,,1,10,,36247,1,,,1,10,,36248,1,,,1,10,,36249,1,,,1,6,,36250,1,,,1,6,,36251,1,,,1,6,,36252,1,,,1,46,,36253,1,,,1,6,,36254,1,,,1,6,,36255,1,,,1,6,,36256,1,,,1,6,,36257,1,,,1,6,,36258,1,,,1,6,,36259,1,,,1,6,,36260,1,,,1,6,,36261,1,,,1,6,,36262,1,,,1,46,,36263,1,,,1,6,,36264,1,,,1,6,,36265,1,,,1,6,,36266,1,,,1,6,,36267,1,,,1,6,,36268,1,,,1,6,,36269,1,,,1,6,,36270,1,,,1,6,,36271,1,,,1,6,,36272,1,,,1,46,,36273,1,,,1,6,,36274,1,,,1,6,,36275,1,,,1,6,,36276,1,,,1,6,,36277,1,,,1,6,,36278,1,,,1,6,,36279,1,,,1,6,,36280,1,,,1,6,,36281,1,,,1,6,,36282,1,,,1,46,,36283,1,,,1,6,,36284,1,,,1,6,,36285,1,,,1,6,,36286,1,,,1,6,,36287,1,,,1,6,,36288,1,,,1,6,,36289,1,,,1,6,,36290,1,,,1,9,,36315,1,,,1,55,,36291,1,,,1,15,,36292,1,,,1,15,,36293,1,,,1,15,,36294,1,,,1,55,,36295,1,,,1,15,,36296,1,,,1,15,,36297,1,,,1,15,,36298,1,,,1,55,,36299,1,,,1,15,,36300,1,,,1,15,,36301,1,,,1,15,,36302,1,,,1,55,,36303,1,,,1,15,,36304,1,,,1,15,,36305,1,,,1,15,,36306,1,,,1,55,,36307,1,,,1,15,,36308,1,,,1,15,,36309,1,,,1,15,,36310,1,,,1,55,,36311,1,,,1,15,,36312,1,,,1,15,,36313,1,,,1,15,,36314,1,,,1,55,,36316,1,,,1
18002100,'021R-Weekday-7-26-09',510,,36317,1,,,1,12,,36318,1,,,1,12,,36319,1,,,1,12,,36320,1,,,1,12,,36321,1,,,1,52,,36322,1,,,1,12,,36323,1,,,1,6,,36324,1,,,1,6,,36325,1,,,1,6,,36326,1,,,1,6,,36327,1,,,1,6,,36328,1,,,1,6,,36329,1,,,1,46,,36330,1,,,1,6,,36331,1,,,1,6,,36332,1,,,1,6,,36333,1,,,1,6,,36334,1,,,1,6,,36335,1,,,1,6,,36336,1,,,1,6,,36337,1,,,1,6,,36338,1,,,1,6,,36339,1,,,1,46,,36340,1,,,1,6,,36341,1,,,1,6,,36342,1,,,1,6,,36343,1,,,1,6,,36344,1,,,1,6,,36345,1,,,1,6,,36346,1,,,1,6,,36347,1,,,1,6,,36348,1,,,1,6,,36349,1,,,1,46,,36350,1,,,1,6,,36351,1,,,1,6,,36352,1,,,1,6,,36353,1,,,1,6,,36354,1,,,1,6,,36355,1,,,1,6,,36356,1,,,1,10,,36357,1,,,1,50,,36358,1,,,1,10,,36359,1,,,1,10,,36360,1,,,1,10,,36361,1,,,1,10,,36362,1,,,1,10,,36363,1,,,1,50,,36364,1,,,1,10,,36365,1,,,1,10,,36366,1,,,1,10,,36367,1,,,1,10,,36368,1,,,1,10,,36369,1,,,1,50,,36370,1,,,1,10,,36371,1,,,1,10,,36372,1,,,1,10,,36373,1,,,1,10,,36374,1,,,1,10,,36375,1,,,1,50,,36376,1,,,1,10,,36377,1,,,1,10,,36378,1,,,1,10,,36379,1,,,1,10,,36380,1,,,1,10,,36381,1,,,1,50,,36382,1,,,1,10,,36383,1,,,1,10,,36384,1,,,1,10,,36385,1,,,1,10,,36386,1,,,1,6,,36387,1,,,1,6,,36388,1,,,1,6,,36389,1,,,1,46,,36390,1,,,1,6,,36391,1,,,1,6,,36392,1,,,1,6,,36393,1,,,1,6,,36394,1,,,1,6,,36395,1,,,1,6,,36396,1,,,1,6,,36397,1,,,1,6,,36398,1,,,1,6,,36399,1,,,1,46,,36400,1,,,1,6,,36401,1,,,1,6,,36402,1,,,1,6,,36403,1,,,1,6,,36404,1,,,1,6,,36405,1,,,1,6,,36406,1,,,1,6,,36407,1,,,1,6,,36408,1,,,1,6,,36409,1,,,1,46,,36410,1,,,1,6,,36411,1,,,1,6,,36412,1,,,1,6,,36413,1,,,1,6,,36414,1,,,1,6,,36415,1,,,1,6,,36416,1,,,1,6,,36417,1,,,1,6,,36418,1,,,1,6,,36419,1,,,1,46,,36420,1,,,1,6,,36421,1,,,1,6,,36422,1,,,1,6,,36423,1,,,1,6,,36424,1,,,1,6,,36425,1,,,1,6,,36426,1,,,1,6,,36427,1,,,1,9,,36452,1,,,1,55,,36428,1,,,1,15,,36429,1,,,1,15,,36430,1,,,1,15,,36431,1,,,1,55,,36432,1,,,1,15,,36433,1,,,1,15,,36434,1,,,1,15,,36435,1,,,1,55,,36436,1,,,1,15,,36437,1,,,1,15,,36438,1,,,1,15,,36439,1,,,1,55,,36440,1,,,1,15,,36441,1,,,1,15,,36442,1,,,1,15,,36443,1,,,1,55,,36444,1,,,1,15,,36445,1,,,1,15,,36446,1,,,1,15,,36447,1,,,1,55,,36448,1,,,1,15,,36449,1,,,1,15,,36450,1,,,1,15,,36451,1,,,1,55,,36453,1,,,1
18002100,'021R-Saturday-1-26-09',510,,32691,1,,,1,15,,32692,1,,,1,15,,32693,1,,,1,15,,32694,1,,,1,55,,32695,1,,,1,15,,32696,1,,,1,15,,32697,1,,,1,15,,32698,1,,,1,55,,32699,1,,,1,15,,32700,1,,,1,15,,32701,1,,,1,15,,32702,1,,,1,55,,32703,1,,,1,15,,32704,1,,,1,15,,32705,1,,,1,15,,32706,1,,,1,55,,32707,1,,,1,15,,32708,1,,,1,15,,32709,1,,,1,15,,32710,1,,,1,55,,32711,1,,,1,15,,32712,1,,,1,15,,32713,1,,,1,15,,32714,1,,,1,55,,32715,1,,,1,15,,32716,1,,,1,15,,32717,1,,,1,15,,32718,1,,,1,55,,32719,1,,,1,15,,32720,1,,,1,15,,32721,1,,,1,15,,32722,1,,,1,55,,32723,1,,,1,15,,32724,1,,,1,15,,32725,1,,,1,15,,32726,1,,,1,55,,32727,1,,,1,15,,32728,1,,,1,15,,32729,1,,,1,15,,32730,1,,,1,55,,32731,1,,,1,15,,32732,1,,,1,15,,32733,1,,,1,15,,32734,1,,,1,55,,32735,1,,,1,15,,32736,1,,,1,15,,32737,1,,,1,15,,32738,1,,,1,55,,32739,1,,,1,15,,32740,1,,,1,15,,32741,1,,,1,15,,32742,1,,,1,55,,32743,1,,,1,15,,32744,1,,,1,15,,32745,1,,,1,15,,32746,1,,,1,55,,32747,1,,,1,15,,32748,1,,,1,15,,32749,1,,,1,15,,32750,1,,,1,55,,32751,1,,,1,15,,32752,1,,,1,15,,32753,1,,,1,15,,32754,1,,,1,55,,32755,1,,,1,15,,32756,1,,,1,15,,32757,1,,,1,15,,32758,1,,,1,55,,32759,1,,,1,15,,32760,1,,,1,15,,32761,1,,,1,15,,32762,1,,,1,55,,32763,1,,,1,15,,32764,1,,,1,15,,32765,1,,,1,15,,32766,1,,,1,55,,32767,1,,,1,15,,32768,1,,,1,15,,32769,1,,,1,15,,32770,1,,,1,55,,32771,1,,,1
18002100,'021R-Saturday-2-26-09',510,,36454,1,,,1,15,,36455,1,,,1,15,,36456,1,,,1,15,,36457,1,,,1,55,,36458,1,,,1,15,,36459,1,,,1,15,,36460,1,,,1,15,,36461,1,,,1,55,,36462,1,,,1,15,,36463,1,,,1,15,,36464,1,,,1,15,,36465,1,,,1,55,,36466,1,,,1,15,,36467,1,,,1,15,,36468,1,,,1,15,,36469,1,,,1,55,,36470,1,,,1,15,,36471,1,,,1,15,,36472,1,,,1,15,,36473,1,,,1,55,,36474,1,,,1,15,,36475,1,,,1,15,,36476,1,,,1,15,,36477,1,,,1,55,,36478,1,,,1,15,,36479,1,,,1,15,,36480,1,,,1,15,,36481,1,,,1,55,,36482,1,,,1,15,,36483,1,,,1,15,,36484,1,,,1,15,,36485,1,,,1,55,,36486,1,,,1,15,,36487,1,,,1,15,,36488,1,,,1,15,,36489,1,,,1,55,,36490,1,,,1,15,,36491,1,,,1,15,,36492,1,,,1,15,,36493,1,,,1,55,,36494,1,,,1,15,,36495,1,,,1,15,,36496,1,,,1,15,,36497,1,,,1,55,,36498,1,,,1,15,,36499,1,,,1,15,,36500,1,,,1,15,,36501,1,,,1,55,,36502,1,,,1,15,,36503,1,,,1,15,,36504,1,,,1,15,,36505,1,,,1,55,,36506,1,,,1,15,,36507,1,,,1,15,,36508,1,,,1,15,,36509,1,,,1,55,,36510,1,,,1,15,,36511,1,,,1,15,,36512,1,,,1,15,,36513,1,,,1,55,,36514,1,,,1,15,,36515,1,,,1,15,,36516,1,,,1,15,,36517,1,,,1,55,,36518,1,,,1,15,,36519,1,,,1,15,,36520,1,,,1,15,,36521,1,,,1,55,,36522,1,,,1,15,,36523,1,,,1,15,,36524,1,,,1,15,,36525,1,,,1,55,,36526,1,,,1,15,,36527,1,,,1,15,,36528,1,,,1,15,,36529,1,,,1,55,,36530,1,,,1,15,,36531,1,,,1,15,,36532,1,,,1,15,,36533,1,,,1,55,,36534,1,,,1
18002100,'021R-Sunday-1-26-09',540,,32772,1,,,1,15,,32773,1,,,1,55,,32774,1,,,1,15,,32775,1,,,1,15,,32776,1,,,1,15,,32777,1,,,1,55,,32778,1,,,1,15,,32779,1,,,1,15,,32780,1,,,1,15,,32781,1,,,1,55,,32782,1,,,1,15,,32783,1,,,1,15,,32784,1,,,1,15,,32785,1,,,1,55,,32786,1,,,1,15,,32787,1,,,1,15,,32788,1,,,1,15,,32789,1,,,1,55,,32790,1,,,1,15,,32791,1,,,1,15,,32792,1,,,1,15,,32793,1,,,1,55,,32794,1,,,1,15,,32795,1,,,1,15,,32796,1,,,1,15,,32797,1,,,1,55,,32798,1,,,1,15,,32799,1,,,1,15,,32800,1,,,1,15,,32801,1,,,1,55,,32802,1,,,1,15,,32803,1,,,1,15,,32804,1,,,1,15,,32805,1,,,1,55,,32806,1,,,1,15,,32807,1,,,1,15,,32808,1,,,1,15,,32809,1,,,1,55,,32810,1,,,1,15,,32811,1,,,1,15,,32812,1,,,1,15,,32813,1,,,1,55,,32814,1,,,1,15,,32815,1,,,1,15,,32816,1,,,1,15,,32817,1,,,1,55,,32818,1,,,1,15,,32819,1,,,1,15,,32820,1,,,1,15,,32821,1,,,1,55,,32822,1,,,1,15,,32823,1,,,1,15,,32824,1,,,1,15,,32825,1,,,1,55,,32826,1,,,1,15,,32827,1,,,1,15,,32828,1,,,1,15,,32829,1,,,1,55,,32830,1,,,1,15,,32831,1,,,1,15,,32832,1,,,1,15,,32833,1,,,1,55,,32834,1,,,1,15,,32835,1,,,1,15,,32836,1,,,1,15,,32837,1,,,1,55,,32838,1,,,1,15,,32839,1,,,1,15,,32840,1,,,1,15,,32841,1,,,1,55,,32842,1,,,1,15,,32843,1,,,1,15,,32844,1,,,1,15,,32845,1,,,1,55,,32846,1,,,1,15,,32847,1,,,1,15,,32848,1,,,1
18002100,'021R-Sunday-2-26-09',540,,36535,1,,,1,15,,36536,1,,,1,55,,36537,1,,,1,15,,36538,1,,,1,15,,36539,1,,,1,15,,36540,1,,,1,55,,36541,1,,,1,15,,36542,1,,,1,15,,36543,1,,,1,15,,36544,1,,,1,55,,36545,1,,,1,15,,36546,1,,,1,15,,36547,1,,,1,15,,36548,1,,,1,55,,36549,1,,,1,15,,36550,1,,,1,15,,36551,1,,,1,15,,36552,1,,,1,55,,36553,1,,,1,15,,36554,1,,,1,15,,36555,1,,,1,15,,36556,1,,,1,55,,36557,1,,,1,15,,36558,1,,,1,15,,36559,1,,,1,15,,36560,1,,,1,55,,36561,1,,,1,15,,36562,1,,,1,15,,36563,1,,,1,15,,36564,1,,,1,55,,36565,1,,,1,15,,36566,1,,,1,15,,36567,1,,,1,15,,36568,1,,,1,55,,36569,1,,,1,15,,36570,1,,,1,15,,36571,1,,,1,15,,36572,1,,,1,55,,36573,1,,,1,15,,36574,1,,,1,15,,36575,1,,,1,15,,36576,1,,,1,55,,36577,1,,,1,15,,36578,1,,,1,15,,36579,1,,,1,15,,36580,1,,,1,55,,36581,1,,,1,15,,36582,1,,,1,15,,36583,1,,,1,15,,36584,1,,,1,55,,36585,1,,,1,15,,36586,1,,,1,15,,36587,1,,,1,15,,36588,1,,,1,55,,36589,1,,,1,15,,36590,1,,,1,15,,36591,1,,,1,15,,36592,1,,,1,55,,36593,1,,,1,15,,36594,1,,,1,15,,36595,1,,,1,15,,36596,1,,,1,55,,36597,1,,,1,15,,36598,1,,,1,15,,36599,1,,,1,15,,36600,1,,,1,55,,36601,1,,,1,15,,36602,1,,,1,15,,36603,1,,,1,15,,36604,1,,,1,55,,36605,1,,,1,15,,36606,1,,,1,15,,36607,1,,,1,15,,36608,1,,,1,55,,36609,1,,,1,15,,36610,1,,,1,15,,36611,1,,,1
18002100,'021R-Sunday-4-26-09',540,,36612,1,,,1,15,,36613,1,,,1,55,,36614,1,,,1,15,,36615,1,,,1,15,,36616,1,,,1,15,,36617,1,,,1,55,,36618,1,,,1,15,,36619,1,,,1,15,,36620,1,,,1,15,,36621,1,,,1,55,,36622,1,,,1,15,,36623,1,,,1,15,,36624,1,,,1,15,,36625,1,,,1,55,,36626,1,,,1,15,,36627,1,,,1,15,,36628,1,,,1,15,,36629,1,,,1,55,,36630,1,,,1,15,,36631,1,,,1,15,,36632,1,,,1,15,,36633,1,,,1,55,,36634,1,,,1,15,,36635,1,,,1,15,,36636,1,,,1,15,,36637,1,,,1,55,,36638,1,,,1,15,,36639,1,,,1,15,,36640,1,,,1,15,,36641,1,,,1,55,,36642,1,,,1,15,,36643,1,,,1,15,,36644,1,,,1,15,,36645,1,,,1,55,,36646,1,,,1,15,,36647,1,,,1,15,,36648,1,,,1,15,,36649,1,,,1,55,,36650,1,,,1,15,,36651,1,,,1,15,,36652,1,,,1,15,,36653,1,,,1,55,,36654,1,,,1,15,,36655,1,,,1,15,,36656,1,,,1,15,,36657,1,,,1,55,,36658,1,,,1,15,,36659,1,,,1,15,,36660,1,,,1,15,,36661,1,,,1,55,,36662,1,,,1,15,,36663,1,,,1,15,,36664,1,,,1,15,,36665,1,,,1,55,,36666,1,,,1,15,,36667,1,,,1,15,,36668,1,,,1,15,,36669,1,,,1,55,,36670,1,,,1,15,,36671,1,,,1,15,,36672,1,,,1,15,,36673,1,,,1,55,,36674,1,,,1,15,,36675,1,,,1,15,,36676,1,,,1,15,,36677,1,,,1,55,,36678,1,,,1,15,,36679,1,,,1,15,,36680,1,,,1,15,,36681,1,,,1,55,,36682,1,,,1,15,,36683,1,,,1,15,,36684,1,,,1,15,,36685,1,,,1,55,,36686,1,,,1,15,,36687,1,,,1,15,,36688,1,,,1
18002200,'022R-Saturday-2-26-09',510,,37803,1,,,1,15,,37804,1,,,1,15,,37819,1,,,1,15,,37834,1,,,1,55,,37852,1,,,1,15,,37835,1,,,1,15,,37815,1,,,1,15,,37846,1,,,1,55,,37861,1,,,1,15,,37845,1,,,1,15,,37830,1,,,1,15,,37862,1,,,1,55,,37836,1,,,1,15,,37878,1,,,1,15,,37805,1,,,1,15,,37821,1,,,1,55,,37877,1,,,1,15,,37867,1,,,1,15,,37881,1,,,1,15,,37817,1,,,1,55,,37851,1,,,1,15,,37824,1,,,1,15,,37864,1,,,1,15,,37814,1,,,1,55,,37832,1,,,1,15,,37848,1,,,1,15,,37829,1,,,1,15,,37811,1,,,1,55,,37873,1,,,1,15,,37826,1,,,1,15,,37882,1,,,1,15,,37858,1,,,1,55,,37874,1,,,1,15,,37841,1,,,1,15,,37810,1,,,1,15,,37857,1,,,1,55,,37859,1,,,1,15,,37827,1,,,1,15,,37843,1,,,1,15,,37808,1,,,1,55,,37875,1,,,1,15,,37839,1,,,1,15,,37831,1,,,1,15,,37844,1,,,1,55,,37813,1,,,1,15,,37828,1,,,1,15,,37860,1,,,1,15,,37876,1,,,1,55,,37842,1,,,1,15,,37855,1,,,1,15,,37883,1,,,1,15,,37879,1,,,1,55,,37863,1,,,1,15,,37854,1,,,1,15,,37869,1,,,1,15,,37847,1,,,1,55,,37816,1,,,1,15,,37820,1,,,1,15,,37871,1,,,1,15,,37809,1,,,1,55,,37825,1,,,1,15,,37840,1,,,1,15,,37856,1,,,1,15,,37872,1,,,1,55,,37838,1,,,1,15,,37806,1,,,1,15,,37822,1,,,1,15,,37870,1,,,1,55,,37807,1,,,1,15,,37823,1,,,1,15,,37837,1,,,1,15,,37853,1,,,1,55,,37850,1,,,1,15,,37866,1,,,1,15,,37812,1,,,1,15,,37818,1,,,1,55,,37833,1,,,1,15,,37849,1,,,1,15,,37880,1,,,1,15,,37865,1,,,1,55,,37868,1,,,1
18002200,'022R-Sunday-2-26-09',540,,38109,1,,,1,15,,38110,1,,,1,55,,38111,1,,,1,15,,38112,1,,,1,15,,38080,1,,,1,15,,38095,1,,,1,55,,38041,1,,,1,15,,38052,1,,,1,15,,38067,1,,,1,15,,38064,1,,,1,55,,38081,1,,,1,15,,38066,1,,,1,15,,38094,1,,,1,15,,38093,1,,,1,55,,38096,1,,,1,15,,38048,1,,,1,15,,38106,1,,,1,15,,38091,1,,,1,55,,38079,1,,,1,15,,38057,1,,,1,15,,38063,1,,,1,15,,38108,1,,,1,55,,38050,1,,,1,15,,38078,1,,,1,15,,38076,1,,,1,15,,38045,1,,,1,55,,38105,1,,,1,15,,38047,1,,,1,15,,38083,1,,,1,15,,38071,1,,,1,55,,38055,1,,,1,15,,38102,1,,,1,15,,38089,1,,,1,15,,38068,1,,,1,55,,38061,1,,,1,15,,38103,1,,,1,15,,38042,1,,,1,15,,38088,1,,,1,55,,38046,1,,,1,15,,38092,1,,,1,15,,38070,1,,,1,15,,38086,1,,,1,55,,38040,1,,,1,15,,38085,1,,,1,15,,38062,1,,,1,15,,38098,1,,,1,55,,38099,1,,,1,15,,38044,1,,,1,15,,38053,1,,,1,15,,38058,1,,,1,55,,38060,1,,,1,15,,38059,1,,,1,15,,38056,1,,,1,15,,38100,1,,,1,55,,38073,1,,,1,15,,38075,1,,,1,15,,38090,1,,,1,15,,38104,1,,,1,55,,38043,1,,,1,15,,38039,1,,,1,15,,38077,1,,,1,15,,38074,1,,,1,55,,38107,1,,,1,15,,38049,1,,,1,15,,38101,1,,,1,15,,38082,1,,,1,55,,38087,1,,,1,15,,38097,1,,,1,15,,38051,1,,,1,15,,38038,1,,,1,55,,38054,1,,,1,15,,38069,1,,,1,15,,38072,1,,,1,15,,38065,1,,,1,55,,38084,1,,,1
