18002301,'20260913-Sunday-1-26-09',525,,35104,5,,,1,15,,35120,5,,,1,15,,35058,5,,,1,55,,35074,5,,,1,15,,35089,5,,,1,15,,35105,5,,,1,15,,35121,5,,,1,55,,35059,5,,,1,15,,35075,5,,,1,15,,35090,5,,,1,15,,35106,5,,,1,55,,35122,5,,,1,15,,35060,5,,,1,15,,35076,5,,,1,15,,35091,5,,,1,55,,35107,5,,,1,15,,35123,5,,,1,15,,35061,5,,,1,15,,35077,5,,,1,55,,35092,5,,,1,15,,35108,5,,,1,15,,35124,5,,,1,15,,35062,5,,,1,55,,35078,5,,,1,15,,35093,5,,,1,15,,35109,5,,,1,15,,35125,5,,,1,55,,35063,5,,,1,15,,35079,5,,,1,15,,35094,5,,,1,15,,35110,5,,,1,55,,35126,5,,,1,15,,35064,5,,,1,15,,35080,5,,,1,15,,35095,5,,,1,55,,35111,5,,,1,15,,35127,5,,,1,15,,35065,5,,,1,15,,35081,5,,,1,55,,35096,5,,,1,15,,35112,5,,,1,15,,35128,5,,,1,15,,35066,5,,,1,55,,35082,5,,,1,15,,35097,5,,,1,15,,35113,5,,,1,15,,35129,5,,,1,55,,35067,5,,,1,15,,35083,5,,,1,15,,35098,5,,,1,15,,35114,5,,,1,55,,35130,5,,,1,15,,35068,5,,,1,15,,35084,5,,,1,15,,35099,5,,,1,55,,35115,5,,,1,15,,35131,5,,,1,15,,35069,5,,,1,15,,35085,5,,,1,55,,35100,5,,,1,15,,35116,5,,,1,15,,35132,5,,,1,15,,35070,5,,,1,55,,35086,5,,,1,15,,35101,5,,,1,15,,35117,5,,,1,15,,35133,5,,,1,55,,35071,5,,,1,15,,35087,5,,,1,15,,35102,5,,,1,15,,35118,5,,,1,55,,35134,5,,,1,15,,35072,5,,,1,15,,35088,5,,,1,15,,35103,5,,,1,55,,35119,5,,,1,15,,35135,5,,,1,15,,35073,5,,,1
18002301,'20260914-Weekday-1-26-09',524,,35182,5,,,1,10,,35200,5,,,1,10,,35136,5,,,1,10,,35159,5,,,1,50,,35148,5,,,1,5,,35275,5,,,1,5,,35171,5,,,1,5,,35259,5,,,1,5,,35215,5,,,1,5,,35292,5,,,1,5,,35183,5,,,1,5,,35201,5,,,1,5,,35232,5,,,1,5,,35137,5,,,1,5,,35243,5,,,1,5,,35160,5,,,1,45,,35251,5,,,1,5,,35149,5,,,1,5,,35276,5,,,1,5,,35172,5,,,1,5,,35260,5,,,1,5,,35216,5,,,1,5,,35293,5,,,1,5,,35184,5,,,1,5,,35202,5,,,1,5,,35233,5,,,1,5,,35138,5,,,1,5,,35244,5,,,1,45,,35161,5,,,1,5,,35252,5,,,1,5,,35150,5,,,1,5,,35277,5,,,1,5,,35173,5,,,1,5,,35261,5,,,1,5,,35217,5,,,1,5,,35294,5,,,1,5,,35185,5,,,1,5,,35203,5,,,1,5,,35234,5,,,1,5,,35139,5,,,1,45,,35245,5,,,1,5,,35162,5,,,1,5,,35253,5,,,1,5,,35151,5,,,1,5,,35278,5,,,1,5,,35174,5,,,1,5,,35262,5,,,1,5,,35218,5,,,1,5,,35295,5,,,1,5,,35186,5,,,1,5,,35204,5,,,1,5,,35235,5,,,1,45,,35140,5,,,1,6,,35246,5,,,1,10,,35163,5,,,1,10,,35279,5,,,1,10,,35263,5,,,1,10,,35219,5,,,1,50,,35187,5,,,1,10,,35236,5,,,1,10,,35141,5,,,1,10,,35164,5,,,1,10,,35280,5,,,1,10,,35264,5,,,1,50,,35220,5,,,1,10,,35188,5,,,1,10,,35237,5,,,1,10,,35142,5,,,1,10,,35165,5,,,1,10,,35281,5,,,1,50,,35265,5,,,1,10,,35221,5,,,1,10,,35189,5,,,1,10,,35238,5,,,1,10,,35143,5,,,1,10,,35166,5,,,1,50,,35282,5,,,1,9,,35254,5,,,1,5,,35152,5,,,1,5,,35222,5,,,1,5,,35296,5,,,1,5,,35190,5,,,1,5,,35205,5,,,1,5,,35239,5,,,1,5,,35266,5,,,1,5,,35247,5,,,1,5,,35144,5,,,1,5,,35175,5,,,1,45,,35167,5,,,1,5,,35283,5,,,1,5,,35255,5,,,1,5,,35153,5,,,1,5,,35223,5,,,1,5,,35297,5,,,1,5,,35191,5,,,1,5,,35206,5,,,1,5,,35240,5,,,1,5,,35267,5,,,1,5,,35248,5,,,1,5,,35145,5,,,1,45,,35176,5,,,1,5,,35168,5,,,1,5,,35284,5,,,1,5,,35256,5,,,1,5,,35154,5,,,1,5,,35224,5,,,1,5,,35298,5,,,1,5,,35192,5,,,1,5,,35207,5,,,1,5,,35241,5,,,1,5,,35268,5,,,1,5,,35249,5,,,1,45,,35146,5,,,1,5,,35177,5,,,1,5,,35169,5,,,1,5,,35285,5,,,1,5,,35257,5,,,1,5,,35155,5,,,1,5,,35225,5,,,1,5,,35299,5,,,1,5,,35193,5,,,1,5,,35208,5,,,1,5,,35242,5,,,1,5,,35269,5,,,1,45,,35250,5,,,1,5,,35147,5,,,1,5,,35178,5,,,1,5,,35170,5,,,1,5,,35286,5,,,1,5,,35258,5,,,1,6,,35156,5,,,1,10,,35226,5,,,1,10,,35194,5,,,1,50,,35209,5,,,1,10,,35270,5,,,1,10,,35179,5,,,1,10,,35287,5,,,1,10,,35157,5,,,1,10,,35227,5,,,1,50,,35195,5,,,1,10,,35210,5,,,1,10,,35271,5,,,1,10,,35180,5,,,1,10,,35288,5,,,1,10,,35158,5,,,1,50,,35228,5,,,1,10,,35196,5,,,1,10,,35211,5,,,1,10,,35272,5,,,1,10,,35181,5,,,1,55,,35289,5,,,1,15,,35229,5,,,1,15,,35197,5,,,1,15,,35212,5,,,1,55,,35273,5,,,1,15,,35290,5,,,1,15,,35230,5,,,1,15,,35198,5,,,1,55,,35213,5,,,1,15,,35274,5,,,1,15,,35291,5,,,1,15,,35231,5,,,1,55,,35199,5,,,1,15,,35214,5,,,1
18002301,'20260914-Weekday-2-26-09',524,,35346,5,,,1,10,,35364,5,,,1,10,,35300,5,,,1,10,,35323,5,,,1,50,,35312,5,,,1,5,,35439,5,,,1,5,,35335,5,,,1,5,,35423,5,,,1,5,,35379,5,,,1,5,,35456,5,,,1,5,,35347,5,,,1,5,,35365,5,,,1,5,,35396,5,,,1,5,,35301,5,,,1,5,,35407,5,,,1,5,,35324,5,,,1,45,,35415,5,,,1,5,,35313,5,,,1,5,,35440,5,,,1,5,,35336,5,,,1,5,,35424,5,,,1,5,,35380,5,,,1,5,,35457,5,,,1,5,,35348,5,,,1,5,,35366,5,,,1,5,,35397,5,,,1,5,,35302,5,,,1,5,,35408,5,,,1,45,,35325,5,,,1,5,,35416,5,,,1,5,,35314,5,,,1,5,,35441,5,,,1,5,,35337,5,,,1,5,,35425,5,,,1,5,,35381,5,,,1,5,,35458,5,,,1,5,,35349,5,,,1,5,,35367,5,,,1,5,,35398,5,,,1,5,,35303,5,,,1,45,,35409,5,,,1,5,,35326,5,,,1,5,,35417,5,,,1,5,,35315,5,,,1,5,,35442,5,,,1,5,,35338,5,,,1,5,,35426,5,,,1,5,,35382,5,,,1,5,,35459,5,,,1,5,,35350,5,,,1,5,,35368,5,,,1,5,,35399,5,,,1,45,,35304,5,,,1,6,,35410,5,,,1,10,,35327,5,,,1,10,,35443,5,,,1,10,,35427,5,,,1,10,,35383,5,,,1,50,,35351,5,,,1,10,,35400,5,,,1,10,,35305,5,,,1,10,,35328,5,,,1,10,,35444,5,,,1,10,,35428,5,,,1,50,,35384,5,,,1,10,,35352,5,,,1,10,,35401,5,,,1,10,,35306,5,,,1,10,,35329,5,,,1,10,,35445,5,,,1,50,,35429,5,,,1,10,,35385,5,,,1,10,,35353,5,,,1,10,,35402,5,,,1,10,,35307,5,,,1,10,,35330,5,,,1,50,,35446,5,,,1,9,,35418,5,,,1,5,,35316,5,,,1,5,,35386,5,,,1,5,,35460,5,,,1,5,,35354,5,,,1,5,,35369,5,,,1,5,,35403,5,,,1,5,,35430,5,,,1,5,,35411,5,,,1,5,,35308,5,,,1,5,,35339,5,,,1,45,,35331,5,,,1,5,,35447,5,,,1,5,,35419,5,,,1,5,,35317,5,,,1,5,,35387,5,,,1,5,,35461,5,,,1,5,,35355,5,,,1,5,,35370,5,,,1,5,,35404,5,,,1,5,,35431,5,,,1,5,,35412,5,,,1,5,,35309,5,,,1,45,,35340,5,,,1,5,,35332,5,,,1,5,,35448,5,,,1,5,,35420,5,,,1,5,,35318,5,,,1,5,,35388,5,,,1,5,,35462,5,,,1,5,,35356,5,,,1,5,,35371,5,,,1,5,,35405,5,,,1,5,,35432,5,,,1,5,,35413,5,,,1,45,,35310,5,,,1,5,,35341,5,,,1,5,,35333,5,,,1,5,,35449,5,,,1,5,,35421,5,,,1,5,,35319,5,,,1,5,,35389,5,,,1,5,,35463,5,,,1,5,,35357,5,,,1,5,,35372,5,,,1,5,,35406,5,,,1,5,,35433,5,,,1,45,,35414,5,,,1,5,,35311,5,,,1,5,,35342,5,,,1,5,,35334,5,,,1,5,,35450,5,,,1,5,,35422,5,,,1,6,,35320,5,,,1,10,,35390,5,,,1,10,,35358,5,,,1,50,,35373,5,,,1,10,,35434,5,,,1,10,,35343,5,,,1,10,,35451,5,,,1,10,,35321,5,,,1,10,,35391,5,,,1,50,,35359,5,,,1,10,,35374,5,,,1,10,,35435,5,,,1,10,,35344,5,,,1,10,,35452,5,,,1,10,,35322,5,,,1,50,,35392,5,,,1,10,,35360,5,,,1,10,,35375,5,,,1,10,,35436,5,,,1,10,,35345,5,,,1,55,,35453,5,,,1,15,,35393,5,,,1,15,,35361,5,,,1,15,,35376,5,,,1,55,,35437,5,,,1,15,,35454,5,,,1,15,,35394,5,,,1,15,,35362,5,,,1,55,,35377,5,,,1,15,,35438,5,,,1,15,,35455,5,,,1,15,,35395,5,,,1,55,,35363,5,,,1,15,,35378,5,,,1
18002301,'20260914-Weekday-3-26-09',524,,39882,5,,,1,10,,39900,5,,,1,10,,39836,5,,,1,10,,39859,5,,,1,50,,39848,5,,,1,5,,39975,5,,,1,5,,39871,5,,,1,5,,39959,5,,,1,5,,39915,5,,,1,5,,39992,5,,,1,5,,39883,5,,,1,5,,39901,5,,,1,5,,39932,5,,,1,5,,39837,5,,,1,5,,39943,5,,,1,5,,39860,5,,,1,45,,39951,5,,,1,5,,39849,5,,,1,5,,39976,5,,,1,5,,39872,5,,,1,5,,39960,5,,,1,5,,39916,5,,,1,5,,39993,5,,,1,5,,39884,5,,,1,5,,39902,5,,,1,5,,39933,5,,,1,5,,39838,5,,,1,5,,39944,5,,,1,45,,39861,5,,,1,5,,39952,5,,,1,5,,39850,5,,,1,5,,39977,5,,,1,5,,39873,5,,,1,5,,39961,5,,,1,5,,39917,5,,,1,5,,39994,5,,,1,5,,39885,5,,,1,5,,39903,5,,,1,5,,39934,5,,,1,5,,39839,5,,,1,45,,39945,5,,,1,5,,39862,5,,,1,5,,39953,5,,,1,5,,39851,5,,,1,5,,39978,5,,,1,5,,39874,5,,,1,5,,39962,5,,,1,5,,39918,5,,,1,5,,39995,5,,,1,5,,39886,5,,,1,5,,39904,5,,,1,5,,39935,5,,,1,45,,39840,5,,,1,6,,39946,5,,,1,10,,39863,5,,,1,10,,39979,5,,,1,10,,39963,5,,,1,10,,39919,5,,,1,50,,39887,5,,,1,10,,39936,5,,,1,10,,39841,5,,,1,10,,39864,5,,,1,10,,39980,5,,,1,10,,39964,5,,,1,50,,39920,5,,,1,10,,39888,5,,,1,10,,39937,5,,,1,10,,39842,5,,,1,10,,39865,5,,,1,10,,39981,5,,,1,50,,39965,5,,,1,10,,39921,5,,,1,10,,39889,5,,,1,10,,39938,5,,,1,10,,39843,5,,,1,10,,39866,5,,,1,50,,39982,5,,,1,9,,39954,5,,,1,5,,39852,5,,,1,5,,39922,5,,,1,5,,39996,5,,,1,5,,39890,5,,,1,5,,39905,5,,,1,5,,39939,5,,,1,5,,39966,5,,,1,5,,39947,5,,,1,5,,39844,5,,,1,5,,39875,5,,,1,45,,39867,5,,,1,5,,39983,5,,,1,5,,39955,5,,,1,5,,39853,5,,,1,5,,39923,5,,,1,5,,39997,5,,,1,5,,39891,5,,,1,5,,39906,5,,,1,5,,39940,5,,,1,5,,39967,5,,,1,5,,39948,5,,,1,5,,39845,5,,,1,45,,39876,5,,,1,5,,39868,5,,,1,5,,39984,5,,,1,5,,39956,5,,,1,5,,39854,5,,,1,5,,39924,5,,,1,5,,39998,5,,,1,5,,39892,5,,,1,5,,39907,5,,,1,5,,39941,5,,,1,5,,39968,5,,,1,5,,39949,5,,,1,45,,39846,5,,,1,5,,39877,5,,,1,5,,39869,5,,,1,5,,39985,5,,,1,5,,39957,5,,,1,5,,39855,5,,,1,5,,39925,5,,,1,5,,39999,5,,,1,5,,39893,5,,,1,5,,39908,5,,,1,5,,39942,5,,,1,5,,39969,5,,,1,45,,39950,5,,,1,5,,39847,5,,,1,5,,39878,5,,,1,5,,39870,5,,,1,5,,39986,5,,,1,5,,39958,5,,,1,6,,39856,5,,,1,10,,39926,5,,,1,10,,39894,5,,,1,50,,39909,5,,,1,10,,39970,5,,,1,10,,39879,5,,,1,10,,39987,5,,,1,10,,39857,5,,,1,10,,39927,5,,,1,50,,39895,5,,,1,10,,39910,5,,,1,10,,39971,5,,,1,10,,39880,5,,,1,10,,39988,5,,,1,10,,39858,5,,,1,50,,39928,5,,,1,10,,39896,5,,,1,10,,39911,5,,,1,10,,39972,5,,,1,10,,39881,5,,,1,55,,39989,5,,,1,15,,39929,5,,,1,15,,39897,5,,,1,15,,39912,5,,,1,55,,39973,5,,,1,15,,39990,5,,,1,15,,39930,5,,,1,15,,39898,5,,,1,55,,39913,5,,,1,15,,39974,5,,,1,15,,39991,5,,,1,15,,39931,5,,,1,55,,39899,5,,,1,15,,39914,5,,,1
18002301,'20260914-Weekday-4-26-09',524,,35510,5,,,1,10,,35528,5,,,1,10,,35464,5,,,1,10,,35487,5,,,1,50,,35476,5,,,1,5,,35603,5,,,1,5,,35499,5,,,1,5,,35587,5,,,1,5,,35543,5,,,1,5,,35620,5,,,1,5,,35511,5,,,1,5,,35529,5,,,1,5,,35560,5,,,1,5,,35465,5,,,1,5,,35571,5,,,1,5,,35488,5,,,1,45,,35579,5,,,1,5,,35477,5,,,1,5,,35604,5,,,1,5,,35500,5,,,1,5,,35588,5,,,1,5,,35544,5,,,1,5,,35621,5,,,1,5,,35512,5,,,1,5,,35530,5,,,1,5,,35561,5,,,1,5,,35466,5,,,1,5,,35572,5,,,1,45,,35489,5,,,1,5,,35580,5,,,1,5,,35478,5,,,1,5,,35605,5,,,1,5,,35501,5,,,1,5,,35589,5,,,1,5,,35545,5,,,1,5,,35622,5,,,1,5,,35513,5,,,1,5,,35531,5,,,1,5,,35562,5,,,1,5,,35467,5,,,1,45,,35573,5,,,1,5,,35490,5,,,1,5,,35581,5,,,1,5,,35479,5,,,1,5,,35606,5,,,1,5,,35502,5,,,1,5,,35590,5,,,1,5,,35546,5,,,1,5,,35623,5,,,1,5,,35514,5,,,1,5,,35532,5,,,1,5,,35563,5,,,1,45,,35468,5,,,1,6,,35574,5,,,1,10,,35491,5,,,1,10,,35607,5,,,1,10,,35591,5,,,1,10,,35547,5,,,1,50,,35515,5,,,1,10,,35564,5,,,1,10,,35469,5,,,1,10,,35492,5,,,1,10,,35608,5,,,1,10,,35592,5,,,1,50,,35548,5,,,1,10,,35516,5,,,1,10,,35565,5,,,1,10,,35470,5,,,1,10,,35493,5,,,1,10,,35609,5,,,1,50,,35593,5,,,1,10,,35549,5,,,1,10,,35517,5,,,1,10,,35566,5,,,1,10,,35471,5,,,1,10,,35494,5,,,1,50,,35610,5,,,1,9,,35582,5,,,1,5,,35480,5,,,1,5,,35550,5,,,1,5,,35624,5,,,1,5,,35518,5,,,1,5,,35533,5,,,1,5,,35567,5,,,1,5,,35594,5,,,1,5,,35575,5,,,1,5,,35472,5,,,1,5,,35503,5,,,1,45,,35495,5,,,1,5,,35611,5,,,1,5,,35583,5,,,1,5,,35481,5,,,1,5,,35551,5,,,1,5,,35625,5,,,1,5,,35519,5,,,1,5,,35534,5,,,1,5,,35568,5,,,1,5,,35595,5,,,1,5,,35576,5,,,1,5,,35473,5,,,1,45,,35504,5,,,1,5,,35496,5,,,1,5,,35612,5,,,1,5,,35584,5,,,1,5,,35482,5,,,1,5,,35552,5,,,1,5,,35626,5,,,1,5,,35520,5,,,1,5,,35535,5,,,1,5,,35569,5,,,1,5,,35596,5,,,1,5,,35577,5,,,1,45,,35474,5,,,1,5,,35505,5,,,1,5,,35497,5,,,1,5,,35613,5,,,1,5,,35585,5,,,1,5,,35483,5,,,1,5,,35553,5,,,1,5,,35627,5,,,1,5,,35521,5,,,1,5,,35536,5,,,1,5,,35570,5,,,1,5,,35597,5,,,1,45,,35578,5,,,1,5,,35475,5,,,1,5,,35506,5,,,1,5,,35498,5,,,1,5,,35614,5,,,1,5,,35586,5,,,1,6,,35484,5,,,1,10,,35554,5,,,1,10,,35522,5,,,1,50,,35537,5,,,1,10,,35598,5,,,1,10,,35507,5,,,1,10,,35615,5,,,1,10,,35485,5,,,1,10,,35555,5,,,1,50,,35523,5,,,1,10,,35538,5,,,1,10,,35599,5,,,1,10,,35508,5,,,1,10,,35616,5,,,1,10,,35486,5,,,1,50,,35556,5,,,1,10,,35524,5,,,1,10,,35539,5,,,1,10,,35600,5,,,1,10,,35509,5,,,1,55,,35617,5,,,1,15,,35557,5,,,1,15,,35525,5,,,1,15,,35540,5,,,1,55,,35601,5,,,1,15,,35618,5,,,1,15,,35558,5,,,1,15,,35526,5,,,1,55,,35541,5,,,1,15,,35602,5,,,1,15,,35619,5,,,1,15,,35559,5,,,1,55,,35527,5,,,1,15,,35542,5,,,1
18002301,'20260914-Weekday-5-26-09',524,,40046,5,,,1,10,,40064,5,,,1,10,,40000,5,,,1,10,,40023,5,,,1,50,,40012,5,,,1,5,,40139,5,,,1,5,,40035,5,,,1,5,,40123,5,,,1,5,,40079,5,,,1,5,,40156,5,,,1,5,,40047,5,,,1,5,,40065,5,,,1,5,,40096,5,,,1,5,,40001,5,,,1,5,,40107,5,,,1,5,,40024,5,,,1,45,,40115,5,,,1,5,,40013,5,,,1,5,,40140,5,,,1,5,,40036,5,,,1,5,,40124,5,,,1,5,,40080,5,,,1,5,,40157,5,,,1,5,,40048,5,,,1,5,,40066,5,,,1,5,,40097,5,,,1,5,,40002,5,,,1,5,,40108,5,,,1,45,,40025,5,,,1,5,,40116,5,,,1,5,,40014,5,,,1,5,,40141,5,,,1,5,,40037,5,,,1,5,,40125,5,,,1,5,,40081,5,,,1,5,,40158,5,,,1,5,,40049,5,,,1,5,,40067,5,,,1,5,,40098,5,,,1,5,,40003,5,,,1,45,,40109,5,,,1,5,,40026,5,,,1,5,,40117,5,,,1,5,,40015,5,,,1,5,,40142,5,,,1,5,,40038,5,,,1,5,,40126,5,,,1,5,,40082,5,,,1,5,,40159,5,,,1,5,,40050,5,,,1,5,,40068,5,,,1,5,,40099,5,,,1,45,,40004,5,,,1,6,,40110,5,,,1,10,,40027,5,,,1,10,,40143,5,,,1,10,,40127,5,,,1,10,,40083,5,,,1,50,,40051,5,,,1,10,,40100,5,,,1,10,,40005,5,,,1,10,,40028,5,,,1,10,,40144,5,,,1,10,,40128,5,,,1,50,,40084,5,,,1,10,,40052,5,,,1,10,,40101,5,,,1,10,,40006,5,,,1,10,,40029,5,,,1,10,,40145,5,,,1,50,,40129,5,,,1,10,,40085,5,,,1,10,,40053,5,,,1,10,,40102,5,,,1,10,,40007,5,,,1,10,,40030,5,,,1,50,,40146,5,,,1,9,,40118,5,,,1,5,,40016,5,,,1,5,,40086,5,,,1,5,,40160,5,,,1,5,,40054,5,,,1,5,,40069,5,,,1,5,,40103,5,,,1,5,,40130,5,,,1,5,,40111,5,,,1,5,,40008,5,,,1,5,,40039,5,,,1,45,,40031,5,,,1,5,,40147,5,,,1,5,,40119,5,,,1,5,,40017,5,,,1,5,,40087,5,,,1,5,,40161,5,,,1,5,,40055,5,,,1,5,,40070,5,,,1,5,,40104,5,,,1,5,,40131,5,,,1,5,,40112,5,,,1,5,,40009,5,,,1,45,,40040,5,,,1,5,,40032,5,,,1,5,,40148,5,,,1,5,,40120,5,,,1,5,,40018,5,,,1,5,,40088,5,,,1,5,,40162,5,,,1,5,,40056,5,,,1,5,,40071,5,,,1,5,,40105,5,,,1,5,,40132,5,,,1,5,,40113,5,,,1,45,,40010,5,,,1,5,,40041,5,,,1,5,,40033,5,,,1,5,,40149,5,,,1,5,,40121,5,,,1,5,,40019,5,,,1,5,,40089,5,,,1,5,,40163,5,,,1,5,,40057,5,,,1,5,,40072,5,,,1,5,,40106,5,,,1,5,,40133,5,,,1,45,,40114,5,,,1,5,,40011,5,,,1,5,,40042,5,,,1,5,,40034,5,,,1,5,,40150,5,,,1,5,,40122,5,,,1,6,,40020,5,,,1,10,,40090,5,,,1,10,,40058,5,,,1,50,,40073,5,,,1,10,,40134,5,,,1,10,,40043,5,,,1,10,,40151,5,,,1,10,,40021,5,,,1,10,,40091,5,,,1,50,,40059,5,,,1,10,,40074,5,,,1,10,,40135,5,,,1,10,,40044,5,,,1,10,,40152,5,,,1,10,,40022,5,,,1,50,,40092,5,,,1,10,,40060,5,,,1,10,,40075,5,,,1,10,,40136,5,,,1,10,,40045,5,,,1,55,,40153,5,,,1,15,,40093,5,,,1,15,,40061,5,,,1,15,,40076,5,,,1,55,,40137,5,,,1,15,,40154,5,,,1,15,,40094,5,,,1,15,,40062,5,,,1,55,,40077,5,,,1,15,,40138,5,,,1,15,,40155,5,,,1,15,,40095,5,,,1,55,,40063,5,,,1,15,,40078,5,,,1
18002301,'20260914-Weekday-6-26-09',524,,40210,5,,,1,10,,40228,5,,,1,10,,40164,5,,,1,10,,40187,5,,,1,50,,40176,5,,,1,5,,40303,5,,,1,5,,40199,5,,,1,5,,40287,5,,,1,5,,40243,5,,,1,5,,40320,5,,,1,5,,40211,5,,,1,5,,40229,5,,,1,5,,40260,5,,,1,5,,40165,5,,,1,5,,40271,5,,,1,5,,40188,5,,,1,45,,40279,5,,,1,5,,40177,5,,,1,5,,40304,5,,,1,5,,40200,5,,,1,5,,40288,5,,,1,5,,40244,5,,,1,5,,40321,5,,,1,5,,40212,5,,,1,5,,40230,5,,,1,5,,40261,5,,,1,5,,40166,5,,,1,5,,40272,5,,,1,45,,40189,5,,,1,5,,40280,5,,,1,5,,40178,5,,,1,5,,40305,5,,,1,5,,40201,5,,,1,5,,40289,5,,,1,5,,40245,5,,,1,5,,40322,5,,,1,5,,40213,5,,,1,5,,40231,5,,,1,5,,40262,5,,,1,5,,40167,5,,,1,45,,40273,5,,,1,5,,40190,5,,,1,5,,40281,5,,,1,5,,40179,5,,,1,5,,40306,5,,,1,5,,40202,5,,,1,5,,40290,5,,,1,5,,40246,5,,,1,5,,40323,5,,,1,5,,40214,5,,,1,5,,40232,5,,,1,5,,40263,5,,,1,45,,40168,5,,,1,6,,40274,5,,,1,10,,40191,5,,,1,10,,40307,5,,,1,10,,40291,5,,,1,10,,40247,5,,,1,50,,40215,5,,,1,10,,40264,5,,,1,10,,40169,5,,,1,10,,40192,5,,,1,10,,40308,5,,,1,10,,40292,5,,,1,50,,40248,5,,,1,10,,40216,5,,,1,10,,40265,5,,,1,10,,40170,5,,,1,10,,40193,5,,,1,10,,40309,5,,,1,50,,40293,5,,,1,10,,40249,5,,,1,10,,40217,5,,,1,10,,40266,5,,,1,10,,40171,5,,,1,10,,40194,5,,,1,50,,40310,5,,,1,9,,40282,5,,,1,5,,40180,5,,,1,5,,40250,5,,,1,5,,40324,5,,,1,5,,40218,5,,,1,5,,40233,5,,,1,5,,40267,5,,,1,5,,40294,5,,,1,5,,40275,5,,,1,5,,40172,5,,,1,5,,40203,5,,,1,45,,40195,5,,,1,5,,40311,5,,,1,5,,40283,5,,,1,5,,40181,5,,,1,5,,40251,5,,,1,5,,40325,5,,,1,5,,40219,5,,,1,5,,40234,5,,,1,5,,40268,5,,,1,5,,40295,5,,,1,5,,40276,5,,,1,5,,40173,5,,,1,45,,40204,5,,,1,5,,40196,5,,,1,5,,40312,5,,,1,5,,40284,5,,,1,5,,40182,5,,,1,5,,40252,5,,,1,5,,40326,5,,,1,5,,40220,5,,,1,5,,40235,5,,,1,5,,40269,5,,,1,5,,40296,5,,,1,5,,40277,5,,,1,45,,40174,5,,,1,5,,40205,5,,,1,5,,40197,5,,,1,5,,40313,5,,,1,5,,40285,5,,,1,5,,40183,5,,,1,5,,40253,5,,,1,5,,40327,5,,,1,5,,40221,5,,,1,5,,40236,5,,,1,5,,40270,5,,,1,5,,40297,5,,,1,45,,40278,5,,,1,5,,40175,5,,,1,5,,40206,5,,,1,5,,40198,5,,,1,5,,40314,5,,,1,5,,40286,5,,,1,6,,40184,5,,,1,10,,40254,5,,,1,10,,40222,5,,,1,50,,40237,5,,,1,10,,40298,5,,,1,10,,40207,5,,,1,10,,40315,5,,,1,10,,40185,5,,,1,10,,40255,5,,,1,50,,40223,5,,,1,10,,40238,5,,,1,10,,40299,5,,,1,10,,40208,5,,,1,10,,40316,5,,,1,10,,40186,5,,,1,50,,40256,5,,,1,10,,40224,5,,,1,10,,40239,5,,,1,10,,40300,5,,,1,10,,40209,5,,,1,55,,40317,5,,,1,15,,40257,5,,,1,15,,40225,5,,,1,15,,40240,5,,,1,55,,40301,5,,,1,15,,40318,5,,,1,15,,40258,5,,,1,15,,40226,5,,,1,55,,40241,5,,,1,15,,40302,5,,,1,15,,40319,5,,,1,15,,40259,5,,,1,55,,40227,5,,,1,15,,40242,5,,,1
18002301,'20260914-Weekday-7-26-09',524,,40374,5,,,1,10,,40392,5,,,1,10,,40328,5,,,1,10,,40351,5,,,1,50,,40340,5,,,1,5,,40467,5,,,1,5,,40363,5,,,1,5,,40451,5,,,1,5,,40407,5,,,1,5,,40484,5,,,1,5,,40375,5,,,1,5,,40393,5,,,1,5,,40424,5,,,1,5,,40329,5,,,1,5,,40435,5,,,1,5,,40352,5,,,1,45,,40443,5,,,1,5,,40341,5,,,1,5,,40468,5,,,1,5,,40364,5,,,1,5,,40452,5,,,1,5,,40408,5,,,1,5,,40485,5,,,1,5,,40376,5,,,1,5,,40394,5,,,1,5,,40425,5,,,1,5,,40330,5,,,1,5,,40436,5,,,1,45,,40353,5,,,1,5,,40444,5,,,1,5,,40342,5,,,1,5,,40469,5,,,1,5,,40365,5,,,1,5,,40453,5,,,1,5,,40409,5,,,1,5,,40486,5,,,1,5,,40377,5,,,1,5,,40395,5,,,1,5,,40426,5,,,1,5,,40331,5,,,1,45,,40437,5,,,1,5,,40354,5,,,1,5,,40445,5,,,1,5,,40343,5,,,1,5,,40470,5,,,1,5,,40366,5,,,1,5,,40454,5,,,1,5,,40410,5,,,1,5,,40487,5,,,1,5,,40378,5,,,1,5,,40396,5,,,1,5,,40427,5,,,1,45,,40332,5,,,1,6,,40438,5,,,1,10,,40355,5,,,1,10,,40471,5,,,1,10,,40455,5,,,1,10,,40411,5,,,1,50,,40379,5,,,1,10,,40428,5,,,1,10,,40333,5,,,1,10,,40356,5,,,1,10,,40472,5,,,1,10,,40456,5,,,1,50,,40412,5,,,1,10,,40380,5,,,1,10,,40429,5,,,1,10,,40334,5,,,1,10,,40357,5,,,1,10,,40473,5,,,1,50,,40457,5,,,1,10,,40413,5,,,1,10,,40381,5,,,1,10,,40430,5,,,1,10,,40335,5,,,1,10,,40358,5,,,1,50,,40474,5,,,1,9,,40446,5,,,1,5,,40344,5,,,1,5,,40414,5,,,1,5,,40488,5,,,1,5,,40382,5,,,1,5,,40397,5,,,1,5,,40431,5,,,1,5,,40458,5,,,1,5,,40439,5,,,1,5,,40336,5,,,1,5,,40367,5,,,1,45,,40359,5,,,1,5,,40475,5,,,1,5,,40447,5,,,1,5,,40345,5,,,1,5,,40415,5,,,1,5,,40489,5,,,1,5,,40383,5,,,1,5,,40398,5,,,1,5,,40432,5,,,1,5,,40459,5,,,1,5,,40440,5,,,1,5,,40337,5,,,1,45,,40368,5,,,1,5,,40360,5,,,1,5,,40476,5,,,1,5,,40448,5,,,1,5,,40346,5,,,1,5,,40416,5,,,1,5,,40490,5,,,1,5,,40384,5,,,1,5,,40399,5,,,1,5,,40433,5,,,1,5,,40460,5,,,1,5,,40441,5,,,1,45,,40338,5,,,1,5,,40369,5,,,1,5,,40361,5,,,1,5,,40477,5,,,1,5,,40449,5,,,1,5,,40347,5,,,1,5,,40417,5,,,1,5,,40491,5,,,1,5,,40385,5,,,1,5,,40400,5,,,1,5,,40434,5,,,1,5,,40461,5,,,1,45,,40442,5,,,1,5,,40339,5,,,1,5,,40370,5,,,1,5,,40362,5,,,1,5,,40478,5,,,1,5,,40450,5,,,1,6,,40348,5,,,1,10,,40418,5,,,1,10,,40386,5,,,1,50,,40401,5,,,1,10,,40462,5,,,1,10,,40371,5,,,1,10,,40479,5,,,1,10,,40349,5,,,1,10,,40419,5,,,1,50,,40387,5,,,1,10,,40402,5,,,1,10,,40463,5,,,1,10,,40372,5,,,1,10,,40480,5,,,1,10,,40350,5,,,1,50,,40420,5,,,1,10,,40388,5,,,1,10,,40403,5,,,1,10,,40464,5,,,1,10,,40373,5,,,1,55,,40481,5,,,1,15,,40421,5,,,1,15,,40389,5,,,1,15,,40404,5,,,1,55,,40465,5,,,1,15,,40482,5,,,1,15,,40422,5,,,1,15,,40390,5,,,1,55,,40405,5,,,1,15,,40466,5,,,1,15,,40483,5,,,1,15,,40423,5,,,1,55,,40391,5,,,1,15,,40406,5,,,1
18002301,'20260917-Holiday1-1-26-09',524,,35680,5,,,1,10,,35698,5,,,1,10,,35628,5,,,1,10,,35654,5,,,1,50,,35640,5,,,1,5,,35774,5,,,1,5,,35666,5,,,1,5,,35757,5,,,1,5,,35713,5,,,1,5,,35791,5,,,1,5,,35681,5,,,1,5,,35699,5,,,1,5,,35730,5,,,1,5,,35629,5,,,1,5,,35741,5,,,1,5,,35655,5,,,1,45,,35749,5,,,1,5,,35641,5,,,1,5,,35775,5,,,1,5,,35667,5,,,1,5,,35758,5,,,1,5,,35714,5,,,1,5,,35792,5,,,1,5,,35682,5,,,1,5,,35700,5,,,1,5,,35731,5,,,1,5,,35630,5,,,1,5,,35742,5,,,1,45,,35656,5,,,1,5,,35750,5,,,1,5,,35642,5,,,1,5,,35776,5,,,1,5,,35668,5,,,1,5,,35759,5,,,1,5,,35715,5,,,1,5,,35793,5,,,1,5,,35683,5,,,1,5,,35701,5,,,1,5,,35732,5,,,1,5,,35631,5,,,1,45,,35743,5,,,1,5,,35657,5,,,1,5,,35751,5,,,1,5,,35643,5,,,1,5,,35777,5,,,1,5,,35669,5,,,1,5,,35760,5,,,1,5,,35716,5,,,1,5,,35794,5,,,1,5,,35684,5,,,1,5,,35702,5,,,1,5,,35733,5,,,1,45,,35632,5,,,1,6,,35744,5,,,1,10,,35658,5,,,1,10,,35778,5,,,1,10,,35761,5,,,1,10,,35717,5,,,1,50,,35685,5,,,1,10,,35734,5,,,1,10,,35633,5,,,1,10,,35659,5,,,1,10,,35779,5,,,1,10,,35762,5,,,1,50,,35718,5,,,1,10,,35686,5,,,1,10,,35735,5,,,1,10,,35634,5,,,1,10,,35660,5,,,1,10,,35780,5,,,1,50,,35763,5,,,1,10,,35719,5,,,1,10,,35687,5,,,1,10,,35736,5,,,1,10,,35635,5,,,1,10,,35661,5,,,1,50,,35781,5,,,1,9,,35752,5,,,1,5,,35644,5,,,1,5,,35720,5,,,1,5,,35795,5,,,1,5,,35688,5,,,1,5,,35703,5,,,1,5,,35737,5,,,1,5,,35764,5,,,1,5,,35745,5,,,1,5,,35636,5,,,1,5,,35670,5,,,1,45,,35662,5,,,1,5,,35782,5,,,1,5,,35753,5,,,1,5,,35645,5,,,1,5,,35721,5,,,1,5,,35796,5,,,1,5,,35689,5,,,1,5,,35704,5,,,1,5,,35738,5,,,1,5,,35765,5,,,1,5,,35746,5,,,1,5,,35637,5,,,1,45,,35671,5,,,1,5,,35663,5,,,1,5,,35783,5,,,1,5,,35754,5,,,1,5,,35646,5,,,1,5,,35722,5,,,1,5,,35797,5,,,1,5,,35690,5,,,1,5,,35705,5,,,1,5,,35739,5,,,1,5,,35766,5,,,1,5,,35747,5,,,1,45,,35638,5,,,1,5,,35672,5,,,1,5,,35664,5,,,1,5,,35784,5,,,1,5,,35755,5,,,1,5,,35647,5,,,1,5,,35723,5,,,1,5,,35798,5,,,1,5,,35691,5,,,1,5,,35706,5,,,1,5,,35740,5,,,1,5,,35767,5,,,1,45,,35748,5,,,1,5,,35639,5,,,1,5,,35673,5,,,1,5,,35665,5,,,1,5,,35785,5,,,1,5,,35756,5,,,1,6,,35648,5,,,1,10,,35724,5,,,1,10,,35692,5,,,1,50,,35707,5,,,1,10,,35768,5,,,1,10,,35674,5,,,1,10,,35786,5,,,1,10,,35649,5,,,1,10,,35725,5,,,1,50,,35693,5,,,1,10,,35708,5,,,1,10,,35769,5,,,1,10,,35675,5,,,1,10,,35787,5,,,1,10,,35650,5,,,1,50,,35726,5,,,1,10,,35694,5,,,1,10,,35709,5,,,1,10,,35770,5,,,1,10,,35676,5,,,1,10,,35788,5,,,1,50,,35651,5,,,1,10,,35727,5,,,1,10,,35695,5,,,1,10,,35710,5,,,1,10,,35771,5,,,1,10,,35677,5,,,1,50,,35789,5,,,1,10,,35652,5,,,1,10,,35728,5,,,1,10,,35696,5,,,1,10,,35711,5,,,1,10,,35772,5,,,1,50,,35678,5,,,1,10,,35790,5,,,1,10,,35653,5,,,1,10,,35729,5,,,1,10,,35697,5,,,1,10,,35712,5,,,1,50,,35773,5,,,1,10,,35679,5,,,1
18002301,'20260919-Saturday-1-26-09',525,,35860,5,,,1,10,,35877,5,,,1,10,,35894,5,,,1,10,,35799,5,,,1,50,,35816,5,,,1,10,,35833,5,,,1,10,,35844,5,,,1,10,,35861,5,,,1,10,,35878,5,,,1,10,,35895,5,,,1,50,,35800,5,,,1,10,,35817,5,,,1,10,,35834,5,,,1,10,,35845,5,,,1,10,,35862,5,,,1,10,,35879,5,,,1,50,,35896,5,,,1,10,,35801,5,,,1,10,,35818,5,,,1,10,,35835,5,,,1,10,,35846,5,,,1,10,,35863,5,,,1,50,,35880,5,,,1,10,,35897,5,,,1,10,,35802,5,,,1,10,,35819,5,,,1,10,,35836,5,,,1,10,,35847,5,,,1,50,,35864,5,,,1,10,,35881,5,,,1,10,,35898,5,,,1,10,,35803,5,,,1,10,,35820,5,,,1,10,,35837,5,,,1,50,,35848,5,,,1,10,,35865,5,,,1,10,,35882,5,,,1,10,,35899,5,,,1,10,,35804,5,,,1,10,,35821,5,,,1,50,,35838,5,,,1,10,,35849,5,,,1,10,,35866,5,,,1,10,,35883,5,,,1,10,,35900,5,,,1,10,,35805,5,,,1,50,,35822,5,,,1,10,,35839,5,,,1,10,,35850,5,,,1,10,,35867,5,,,1,10,,35884,5,,,1,10,,35901,5,,,1,50,,35806,5,,,1,10,,35823,5,,,1,10,,35840,5,,,1,10,,35851,5,,,1,10,,35868,5,,,1,10,,35885,5,,,1,50,,35902,5,,,1,10,,35807,5,,,1,10,,35824,5,,,1,10,,35841,5,,,1,10,,35852,5,,,1,10,,35869,5,,,1,50,,35886,5,,,1,10,,35903,5,,,1,10,,35808,5,,,1,10,,35825,5,,,1,10,,35842,5,,,1,10,,35853,5,,,1,50,,35870,5,,,1,10,,35887,5,,,1,10,,35904,5,,,1,10,,35809,5,,,1,10,,35826,5,,,1,10,,35843,5,,,1,50,,35854,5,,,1,10,,35871,5,,,1,10,,35888,5,,,1,10,,35905,5,,,1,10,,35810,5,,,1,55,,35827,5,,,1,15,,35855,5,,,1,15,,35872,5,,,1,15,,35889,5,,,1,55,,35811,5,,,1,15,,35828,5,,,1,15,,35856,5,,,1,15,,35873,5,,,1,55,,35890,5,,,1,15,,35812,5,,,1,15,,35829,5,,,1,15,,35857,5,,,1,55,,35874,5,,,1,15,,35891,5,,,1,15,,35813,5,,,1,15,,35830,5,,,1,55,,35858,5,,,1,15,,35875,5,,,1,15,,35892,5,,,1,15,,35814,5,,,1,55,,35831,5,,,1,15,,35859,5,,,1,15,,35876,5,,,1,15,,35893,5,,,1,55,,35815,5,,,1,15,,35832,5,,,1
