18002301,'20260913-Sunday-1-26-09',545,,35104,11,,,1,55,,35120,11,,,1,15,,35058,11,,,1,15,,35074,11,,,1,15,,35089,11,,,1,55,,35105,11,,,1,15,,35121,11,,,1,15,,35059,11,,,1,15,,35075,11,,,1,55,,35090,11,,,1,15,,35106,11,,,1,15,,35122,11,,,1,15,,35060,11,,,1,55,,35076,11,,,1,15,,35091,11,,,1,15,,35107,11,,,1,15,,35123,11,,,1,55,,35061,11,,,1,15,,35077,11,,,1,15,,35092,11,,,1,15,,35108,11,,,1,55,,35124,11,,,1,15,,35062,11,,,1,15,,35078,11,,,1,15,,35093,11,,,1,55,,35109,11,,,1,15,,35125,11,,,1,15,,35063,11,,,1,15,,35079,11,,,1,55,,35094,11,,,1,15,,35110,11,,,1,15,,35126,11,,,1,15,,35064,11,,,1,55,,35080,11,,,1,15,,35095,11,,,1,15,,35111,11,,,1,15,,35127,11,,,1,55,,35065,11,,,1,15,,35081,11,,,1,15,,35096,11,,,1,15,,35112,11,,,1,55,,35128,11,,,1,15,,35066,11,,,1,15,,35082,11,,,1,15,,35097,11,,,1,55,,35113,11,,,1,15,,35129,11,,,1,15,,35067,11,,,1,15,,35083,11,,,1,55,,35098,11,,,1,15,,35114,11,,,1,15,,35130,11,,,1,15,,35068,11,,,1,55,,35084,11,,,1,15,,35099,11,,,1,15,,35115,11,,,1,15,,35131,11,,,1,55,,35069,11,,,1,15,,35085,11,,,1,15,,35100,11,,,1,15,,35116,11,,,1,55,,35132,11,,,1,15,,35070,11,,,1,15,,35086,11,,,1,15,,35101,11,,,1,55,,35117,11,,,1,15,,35133,11,,,1,15,,35071,11,,,1,15,,35087,11,,,1,55,,35102,11,,,1,15,,35118,11,,,1,15,,35134,11,,,1,15,,35072,11,,,1,55,,35088,11,,,1,15,,35103,11,,,1,15,,35119,11,,,1,15,,35135,11,,,1,55,,35073,11,,,1
18002301,'20260914-Weekday-1-26-09',542,,35182,11,,,1,10,,35200,11,,,1,50,,35136,11,,,1,10,,35159,11,,,1,10,,35148,11,,,1,5,,35275,11,,,1,5,,35171,11,,,1,5,,35259,11,,,1,5,,35215,11,,,1,5,,35292,11,,,1,5,,35183,11,,,1,5,,35201,11,,,1,45,,35232,11,,,1,5,,35137,11,,,1,5,,35243,11,,,1,5,,35160,11,,,1,5,,35251,11,,,1,5,,35149,11,,,1,5,,35276,11,,,1,5,,35172,11,,,1,5,,35260,11,,,1,5,,35216,11,,,1,5,,35293,11,,,1,5,,35184,11,,,1,45,,35202,11,,,1,5,,35233,11,,,1,5,,35138,11,,,1,5,,35244,11,,,1,5,,35161,11,,,1,5,,35252,11,,,1,5,,35150,11,,,1,5,,35277,11,,,1,5,,35173,11,,,1,5,,35261,11,,,1,5,,35217,11,,,1,5,,35294,11,,,1,45,,35185,11,,,1,5,,35203,11,,,1,5,,35234,11,,,1,5,,35139,11,,,1,5,,35245,11,,,1,5,,35162,11,,,1,5,,35253,11,,,1,5,,35151,11,,,1,5,,35278,11,,,1,5,,35174,11,,,1,5,,35262,11,,,1,5,,35218,11,,,1,46,,35295,11,,,1,5,,35186,11,,,1,6,,35204,11,,,1,5,,35235,11,,,1,5,,35140,11,,,1,6,,35246,11,,,1,10,,35163,11,,,1,10,,35279,11,,,1,50,,35263,11,,,1,10,,35219,11,,,1,10,,35187,11,,,1,10,,35236,11,,,1,10,,35141,11,,,1,10,,35164,11,,,1,50,,35280,11,,,1,10,,35264,11,,,1,10,,35220,11,,,1,10,,35188,11,,,1,10,,35237,11,,,1,10,,35142,11,,,1,50,,35165,11,,,1,10,,35281,11,,,1,10,,35265,11,,,1,10,,35221,11,,,1,10,,35189,11,,,1,10,,35238,11,,,1,9,,35143,11,,,1,49,,35166,11,,,1,10,,35282,11,,,1,9,,35254,11,,,1,5,,35152,11,,,1,5,,35222,11,,,1,5,,35296,11,,,1,5,,35190,11,,,1,5,,35205,11,,,1,5,,35239,11,,,1,45,,35266,11,,,1,5,,35247,11,,,1,5,,35144,11,,,1,5,,35175,11,,,1,5,,35167,11,,,1,5,,35283,11,,,1,5,,35255,11,,,1,5,,35153,11,,,1,5,,35223,11,,,1,5,,35297,11,,,1,5,,35191,11,,,1,5,,35206,11,,,1,45,,35240,11,,,1,5,,35267,11,,,1,5,,35248,11,,,1,5,,35145,11,,,1,5,,35176,11,,,1,5,,35168,11,,,1,5,,35284,11,,,1,5,,35256,11,,,1,5,,35154,11,,,1,5,,35224,11,,,1,5,,35298,11,,,1,5,,35192,11,,,1,45,,35207,11,,,1,5,,35241,11,,,1,5,,35268,11,,,1,5,,35249,11,,,1,5,,35146,11,,,1,5,,35177,11,,,1,5,,35169,11,,,1,5,,35285,11,,,1,5,,35257,11,,,1,5,,35155,11,,,1,5,,35225,11,,,1,5,,35299,11,,,1,45,,35193,11,,,1,5,,35208,11,,,1,5,,35242,11,,,1,5,,35269,11,,,1,5,,35250,11,,,1,5,,35147,11,,,1,6,,35178,11,,,1,4,,35170,11,,,1,7,,35286,11,,,1,5,,35258,11,,,1,6,,35156,11,,,1,50,,35226,11,,,1,10,,35194,11,,,1,10,,35209,11,,,1,10,,35270,11,,,1,10,,35179,11,,,1,10,,35287,11,,,1,50,,35157,11,,,1,10,,35227,11,,,1,10,,35195,11,,,1,10,,35210,11,,,1,10,,35271,11,,,1,10,,35180,11,,,1,50,,35288,11,,,1,10,,35158,11,,,1,10,,35228,11,,,1,10,,35196,11,,,1,10,,35211,11,,,1,10,,35272,11,,,1,50,,35181,11,,,1,15,,35289,11,,,1,15,,35229,11,,,1,15,,35197,11,,,1,55,,35212,11,,,1,15,,35273,11,,,1,15,,35290,11,,,1,15,,35230,11,,,1,55,,35198,11,,,1,15,,35213,11,,,1,15,,35274,11,,,1,15,,35291,11,,,1,55,,35231,11,,,1,15,,35199,11,,,1,15,,35214,11,,,1
18002301,'20260914-Weekday-2-26-09',542,,35346,11,,,1,10,,35364,11,,,1,50,,35300,11,,,1,10,,35323,11,,,1,10,,35312,11,,,1,5,,35439,11,,,1,5,,35335,11,,,1,5,,35423,11,,,1,5,,35379,11,,,1,5,,35456,11,,,1,5,,35347,11,,,1,5,,35365,11,,,1,45,,35396,11,,,1,5,,35301,11,,,1,5,,35407,11,,,1,5,,35324,11,,,1,5,,35415,11,,,1,5,,35313,11,,,1,5,,35440,11,,,1,5,,35336,11,,,1,5,,35424,11,,,1,5,,35380,11,,,1,5,,35457,11,,,1,5,,35348,11,,,1,45,,35366,11,,,1,5,,35397,11,,,1,5,,35302,11,,,1,5,,35408,11,,,1,5,,35325,11,,,1,5,,35416,11,,,1,5,,35314,11,,,1,5,,35441,11,,,1,5,,35337,11,,,1,5,,35425,11,,,1,5,,35381,11,,,1,5,,35458,11,,,1,45,,35349,11,,,1,5,,35367,11,,,1,5,,35398,11,,,1,5,,35303,11,,,1,5,,35409,11,,,1,5,,35326,11,,,1,5,,35417,11,,,1,5,,35315,11,,,1,5,,35442,11,,,1,5,,35338,11,,,1,5,,35426,11,,,1,5,,35382,11,,,1,46,,35459,11,,,1,5,,35350,11,,,1,6,,35368,11,,,1,5,,35399,11,,,1,5,,35304,11,,,1,6,,35410,11,,,1,10,,35327,11,,,1,10,,35443,11,,,1,50,,35427,11,,,1,10,,35383,11,,,1,10,,35351,11,,,1,10,,35400,11,,,1,10,,35305,11,,,1,10,,35328,11,,,1,50,,35444,11,,,1,10,,35428,11,,,1,10,,35384,11,,,1,10,,35352,11,,,1,10,,35401,11,,,1,10,,35306,11,,,1,50,,35329,11,,,1,10,,35445,11,,,1,10,,35429,11,,,1,10,,35385,11,,,1,10,,35353,11,,,1,10,,35402,11,,,1,9,,35307,11,,,1,49,,35330,11,,,1,10,,35446,11,,,1,9,,35418,11,,,1,5,,35316,11,,,1,5,,35386,11,,,1,5,,35460,11,,,1,5,,35354,11,,,1,5,,35369,11,,,1,5,,35403,11,,,1,45,,35430,11,,,1,5,,35411,11,,,1,5,,35308,11,,,1,5,,35339,11,,,1,5,,35331,11,,,1,5,,35447,11,,,1,5,,35419,11,,,1,5,,35317,11,,,1,5,,35387,11,,,1,5,,35461,11,,,1,5,,35355,11,,,1,5,,35370,11,,,1,45,,35404,11,,,1,5,,35431,11,,,1,5,,35412,11,,,1,5,,35309,11,,,1,5,,35340,11,,,1,5,,35332,11,,,1,5,,35448,11,,,1,5,,35420,11,,,1,5,,35318,11,,,1,5,,35388,11,,,1,5,,35462,11,,,1,5,,35356,11,,,1,45,,35371,11,,,1,5,,35405,11,,,1,5,,35432,11,,,1,5,,35413,11,,,1,5,,35310,11,,,1,5,,35341,11,,,1,5,,35333,11,,,1,5,,35449,11,,,1,5,,35421,11,,,1,5,,35319,11,,,1,5,,35389,11,,,1,5,,35463,11,,,1,45,,35357,11,,,1,5,,35372,11,,,1,5,,35406,11,,,1,5,,35433,11,,,1,5,,35414,11,,,1,5,,35311,11,,,1,6,,35342,11,,,1,4,,35334,11,,,1,7,,35450,11,,,1,5,,35422,11,,,1,6,,35320,11,,,1,50,,35390,11,,,1,10,,35358,11,,,1,10,,35373,11,,,1,10,,35434,11,,,1,10,,35343,11,,,1,10,,35451,11,,,1,50,,35321,11,,,1,10,,35391,11,,,1,10,,35359,11,,,1,10,,35374,11,,,1,10,,35435,11,,,1,10,,35344,11,,,1,50,,35452,11,,,1,10,,35322,11,,,1,10,,35392,11,,,1,10,,35360,11,,,1,10,,35375,11,,,1,10,,35436,11,,,1,50,,35345,11,,,1,15,,35453,11,,,1,15,,35393,11,,,1,15,,35361,11,,,1,55,,35376,11,,,1,15,,35437,11,,,1,15,,35454,11,,,1,15,,35394,11,,,1,55,,35362,11,,,1,15,,35377,11,,,1,15,,35438,11,,,1,15,,35455,11,,,1,55,,35395,11,,,1,15,,35363,11,,,1,15,,35378,11,,,1
18002301,'20260914-Weekday-3-26-09',542,,39882,11,,,1,10,,39900,11,,,1,50,,39836,11,,,1,10,,39859,11,,,1,10,,39848,11,,,1,5,,39975,11,,,1,5,,39871,11,,,1,5,,39959,11,,,1,5,,39915,11,,,1,5,,39992,11,,,1,5,,39883,11,,,1,5,,39901,11,,,1,45,,39932,11,,,1,5,,39837,11,,,1,5,,39943,11,,,1,5,,39860,11,,,1,5,,39951,11,,,1,5,,39849,11,,,1,5,,39976,11,,,1,5,,39872,11,,,1,5,,39960,11,,,1,5,,39916,11,,,1,5,,39993,11,,,1,5,,39884,11,,,1,45,,39902,11,,,1,5,,39933,11,,,1,5,,39838,11,,,1,5,,39944,11,,,1,5,,39861,11,,,1,5,,39952,11,,,1,5,,39850,11,,,1,5,,39977,11,,,1,5,,39873,11,,,1,5,,39961,11,,,1,5,,39917,11,,,1,5,,39994,11,,,1,45,,39885,11,,,1,5,,39903,11,,,1,5,,39934,11,,,1,5,,39839,11,,,1,5,,39945,11,,,1,5,,39862,11,,,1,5,,39953,11,,,1,5,,39851,11,,,1,5,,39978,11,,,1,5,,39874,11,,,1,5,,39962,11,,,1,5,,39918,11,,,1,46,,39995,11,,,1,5,,39886,11,,,1,6,,39904,11,,,1,5,,39935,11,,,1,5,,39840,11,,,1,6,,39946,11,,,1,10,,39863,11,,,1,10,,39979,11,,,1,50,,39963,11,,,1,10,,39919,11,,,1,10,,39887,11,,,1,10,,39936,11,,,1,10,,39841,11,,,1,10,,39864,11,,,1,50,,39980,11,,,1,10,,39964,11,,,1,10,,39920,11,,,1,10,,39888,11,,,1,10,,39937,11,,,1,10,,39842,11,,,1,50,,39865,11,,,1,10,,39981,11,,,1,10,,39965,11,,,1,10,,39921,11,,,1,10,,39889,11,,,1,10,,39938,11,,,1,9,,39843,11,,,1,49,,39866,11,,,1,10,,39982,11,,,1,9,,39954,11,,,1,5,,39852,11,,,1,5,,39922,11,,,1,5,,39996,11,,,1,5,,39890,11,,,1,5,,39905,11,,,1,5,,39939,11,,,1,45,,39966,11,,,1,5,,39947,11,,,1,5,,39844,11,,,1,5,,39875,11,,,1,5,,39867,11,,,1,5,,39983,11,,,1,5,,39955,11,,,1,5,,39853,11,,,1,5,,39923,11,,,1,5,,39997,11,,,1,5,,39891,11,,,1,5,,39906,11,,,1,45,,39940,11,,,1,5,,39967,11,,,1,5,,39948,11,,,1,5,,39845,11,,,1,5,,39876,11,,,1,5,,39868,11,,,1,5,,39984,11,,,1,5,,39956,11,,,1,5,,39854,11,,,1,5,,39924,11,,,1,5,,39998,11,,,1,5,,39892,11,,,1,45,,39907,11,,,1,5,,39941,11,,,1,5,,39968,11,,,1,5,,39949,11,,,1,5,,39846,11,,,1,5,,39877,11,,,1,5,,39869,11,,,1,5,,39985,11,,,1,5,,39957,11,,,1,5,,39855,11,,,1,5,,39925,11,,,1,5,,39999,11,,,1,45,,39893,11,,,1,5,,39908,11,,,1,5,,39942,11,,,1,5,,39969,11,,,1,5,,39950,11,,,1,5,,39847,11,,,1,6,,39878,11,,,1,4,,39870,11,,,1,7,,39986,11,,,1,5,,39958,11,,,1,6,,39856,11,,,1,50,,39926,11,,,1,10,,39894,11,,,1,10,,39909,11,,,1,10,,39970,11,,,1,10,,39879,11,,,1,10,,39987,11,,,1,50,,39857,11,,,1,10,,39927,11,,,1,10,,39895,11,,,1,10,,39910,11,,,1,10,,39971,11,,,1,10,,39880,11,,,1,50,,39988,11,,,1,10,,39858,11,,,1,10,,39928,11,,,1,10,,39896,11,,,1,10,,39911,11,,,1,10,,39972,11,,,1,50,,39881,11,,,1,15,,39989,11,,,1,15,,39929,11,,,1,15,,39897,11,,,1,55,,39912,11,,,1,15,,39973,11,,,1,15,,39990,11,,,1,15,,39930,11,,,1,55,,39898,11,,,1,15,,39913,11,,,1,15,,39974,11,,,1,15,,39991,11,,,1,55,,39931,11,,,1,15,,39899,11,,,1,15,,39914,11,,,1
18002301,'20260914-Weekday-4-26-09',542,,35510,11,,,1,10,,35528,11,,,1,50,,35464,11,,,1,10,,35487,11,,,1,10,,35476,11,,,1,5,,35603,11,,,1,5,,35499,11,,,1,5,,35587,11,,,1,5,,35543,11,,,1,5,,35620,11,,,1,5,,35511,11,,,1,5,,35529,11,,,1,45,,35560,11,,,1,5,,35465,11,,,1,5,,35571,11,,,1,5,,35488,11,,,1,5,,35579,11,,,1,5,,35477,11,,,1,5,,35604,11,,,1,5,,35500,11,,,1,5,,35588,11,,,1,5,,35544,11,,,1,5,,35621,11,,,1,5,,35512,11,,,1,45,,35530,11,,,1,5,,35561,11,,,1,5,,35466,11,,,1,5,,35572,11,,,1,5,,35489,11,,,1,5,,35580,11,,,1,5,,35478,11,,,1,5,,35605,11,,,1,5,,35501,11,,,1,5,,35589,11,,,1,5,,35545,11,,,1,5,,35622,11,,,1,45,,35513,11,,,1,5,,35531,11,,,1,5,,35562,11,,,1,5,,35467,11,,,1,5,,35573,11,,,1,5,,35490,11,,,1,5,,35581,11,,,1,5,,35479,11,,,1,5,,35606,11,,,1,5,,35502,11,,,1,5,,35590,11,,,1,5,,35546,11,,,1,46,,35623,11,,,1,5,,35514,11,,,1,6,,35532,11,,,1,5,,35563,11,,,1,5,,35468,11,,,1,6,,35574,11,,,1,10,,35491,11,,,1,10,,35607,11,,,1,50,,35591,11,,,1,10,,35547,11,,,1,10,,35515,11,,,1,10,,35564,11,,,1,10,,35469,11,,,1,10,,35492,11,,,1,50,,35608,11,,,1,10,,35592,11,,,1,10,,35548,11,,,1,10,,35516,11,,,1,10,,35565,11,,,1,10,,35470,11,,,1,50,,35493,11,,,1,10,,35609,11,,,1,10,,35593,11,,,1,10,,35549,11,,,1,10,,35517,11,,,1,10,,35566,11,,,1,9,,35471,11,,,1,49,,35494,11,,,1,10,,35610,11,,,1,9,,35582,11,,,1,5,,35480,11,,,1,5,,35550,11,,,1,5,,35624,11,,,1,5,,35518,11,,,1,5,,35533,11,,,1,5,,35567,11,,,1,45,,35594,11,,,1,5,,35575,11,,,1,5,,35472,11,,,1,5,,35503,11,,,1,5,,35495,11,,,1,5,,35611,11,,,1,5,,35583,11,,,1,5,,35481,11,,,1,5,,35551,11,,,1,5,,35625,11,,,1,5,,35519,11,,,1,5,,35534,11,,,1,45,,35568,11,,,1,5,,35595,11,,,1,5,,35576,11,,,1,5,,35473,11,,,1,5,,35504,11,,,1,5,,35496,11,,,1,5,,35612,11,,,1,5,,35584,11,,,1,5,,35482,11,,,1,5,,35552,11,,,1,5,,35626,11,,,1,5,,35520,11,,,1,45,,35535,11,,,1,5,,35569,11,,,1,5,,35596,11,,,1,5,,35577,11,,,1,5,,35474,11,,,1,5,,35505,11,,,1,5,,35497,11,,,1,5,,35613,11,,,1,5,,35585,11,,,1,5,,35483,11,,,1,5,,35553,11,,,1,5,,35627,11,,,1,45,,35521,11,,,1,5,,35536,11,,,1,5,,35570,11,,,1,5,,35597,11,,,1,5,,35578,11,,,1,5,,35475,11,,,1,6,,35506,11,,,1,4,,35498,11,,,1,7,,35614,11,,,1,5,,35586,11,,,1,6,,35484,11,,,1,50,,35554,11,,,1,10,,35522,11,,,1,10,,35537,11,,,1,10,,35598,11,,,1,10,,35507,11,,,1,10,,35615,11,,,1,50,,35485,11,,,1,10,,35555,11,,,1,10,,35523,11,,,1,10,,35538,11,,,1,10,,35599,11,,,1,10,,35508,11,,,1,50,,35616,11,,,1,10,,35486,11,,,1,10,,35556,11,,,1,10,,35524,11,,,1,10,,35539,11,,,1,10,,35600,11,,,1,50,,35509,11,,,1,15,,35617,11,,,1,15,,35557,11,,,1,15,,35525,11,,,1,55,,35540,11,,,1,15,,35601,11,,,1,15,,35618,11,,,1,15,,35558,11,,,1,55,,35526,11,,,1,15,,35541,11,,,1,15,,35602,11,,,1,15,,35619,11,,,1,55,,35559,11,,,1,15,,35527,11,,,1,15,,35542,11,,,1
18002301,'20260914-Weekday-5-26-09',542,,40046,11,,,1,10,,40064,11,,,1,50,,40000,11,,,1,10,,40023,11,,,1,10,,40012,11,,,1,5,,40139,11,,,1,5,,40035,11,,,1,5,,40123,11,,,1,5,,40079,11,,,1,5,,40156,11,,,1,5,,40047,11,,,1,5,,40065,11,,,1,45,,40096,11,,,1,5,,40001,11,,,1,5,,40107,11,,,1,5,,40024,11,,,1,5,,40115,11,,,1,5,,40013,11,,,1,5,,40140,11,,,1,5,,40036,11,,,1,5,,40124,11,,,1,5,,40080,11,,,1,5,,40157,11,,,1,5,,40048,11,,,1,45,,40066,11,,,1,5,,40097,11,,,1,5,,40002,11,,,1,5,,40108,11,,,1,5,,40025,11,,,1,5,,40116,11,,,1,5,,40014,11,,,1,5,,40141,11,,,1,5,,40037,11,,,1,5,,40125,11,,,1,5,,40081,11,,,1,5,,40158,11,,,1,45,,40049,11,,,1,5,,40067,11,,,1,5,,40098,11,,,1,5,,40003,11,,,1,5,,40109,11,,,1,5,,40026,11,,,1,5,,40117,11,,,1,5,,40015,11,,,1,5,,40142,11,,,1,5,,40038,11,,,1,5,,40126,11,,,1,5,,40082,11,,,1,46,,40159,11,,,1,5,,40050,11,,,1,6,,40068,11,,,1,5,,40099,11,,,1,5,,40004,11,,,1,6,,40110,11,,,1,10,,40027,11,,,1,10,,40143,11,,,1,50,,40127,11,,,1,10,,40083,11,,,1,10,,40051,11,,,1,10,,40100,11,,,1,10,,40005,11,,,1,10,,40028,11,,,1,50,,40144,11,,,1,10,,40128,11,,,1,10,,40084,11,,,1,10,,40052,11,,,1,10,,40101,11,,,1,10,,40006,11,,,1,50,,40029,11,,,1,10,,40145,11,,,1,10,,40129,11,,,1,10,,40085,11,,,1,10,,40053,11,,,1,10,,40102,11,,,1,9,,40007,11,,,1,49,,40030,11,,,1,10,,40146,11,,,1,9,,40118,11,,,1,5,,40016,11,,,1,5,,40086,11,,,1,5,,40160,11,,,1,5,,40054,11,,,1,5,,40069,11,,,1,5,,40103,11,,,1,45,,40130,11,,,1,5,,40111,11,,,1,5,,40008,11,,,1,5,,40039,11,,,1,5,,40031,11,,,1,5,,40147,11,,,1,5,,40119,11,,,1,5,,40017,11,,,1,5,,40087,11,,,1,5,,40161,11,,,1,5,,40055,11,,,1,5,,40070,11,,,1,45,,40104,11,,,1,5,,40131,11,,,1,5,,40112,11,,,1,5,,40009,11,,,1,5,,40040,11,,,1,5,,40032,11,,,1,5,,40148,11,,,1,5,,40120,11,,,1,5,,40018,11,,,1,5,,40088,11,,,1,5,,40162,11,,,1,5,,40056,11,,,1,45,,40071,11,,,1,5,,40105,11,,,1,5,,40132,11,,,1,5,,40113,11,,,1,5,,40010,11,,,1,5,,40041,11,,,1,5,,40033,11,,,1,5,,40149,11,,,1,5,,40121,11,,,1,5,,40019,11,,,1,5,,40089,11,,,1,5,,40163,11,,,1,45,,40057,11,,,1,5,,40072,11,,,1,5,,40106,11,,,1,5,,40133,11,,,1,5,,40114,11,,,1,5,,40011,11,,,1,6,,40042,11,,,1,4,,40034,11,,,1,7,,40150,11,,,1,5,,40122,11,,,1,6,,40020,11,,,1,50,,40090,11,,,1,10,,40058,11,,,1,10,,40073,11,,,1,10,,40134,11,,,1,10,,40043,11,,,1,10,,40151,11,,,1,50,,40021,11,,,1,10,,40091,11,,,1,10,,40059,11,,,1,10,,40074,11,,,1,10,,40135,11,,,1,10,,40044,11,,,1,50,,40152,11,,,1,10,,40022,11,,,1,10,,40092,11,,,1,10,,40060,11,,,1,10,,40075,11,,,1,10,,40136,11,,,1,50,,40045,11,,,1,15,,40153,11,,,1,15,,40093,11,,,1,15,,40061,11,,,1,55,,40076,11,,,1,15,,40137,11,,,1,15,,40154,11,,,1,15,,40094,11,,,1,55,,40062,11,,,1,15,,40077,11,,,1,15,,40138,11,,,1,15,,40155,11,,,1,55,,40095,11,,,1,15,,40063,11,,,1,15,,40078,11,,,1
18002301,'20260914-Weekday-6-26-09',542,,40210,11,,,1,10,,40228,11,,,1,50,,40164,11,,,1,10,,40187,11,,,1,10,,40176,11,,,1,5,,40303,11,,,1,5,,40199,11,,,1,5,,40287,11,,,1,5,,40243,11,,,1,5,,40320,11,,,1,5,,40211,11,,,1,5,,40229,11,,,1,45,,40260,11,,,1,5,,40165,11,,,1,5,,40271,11,,,1,5,,40188,11,,,1,5,,40279,11,,,1,5,,40177,11,,,1,5,,40304,11,,,1,5,,40200,11,,,1,5,,40288,11,,,1,5,,40244,11,,,1,5,,40321,11,,,1,5,,40212,11,,,1,45,,40230,11,,,1,5,,40261,11,,,1,5,,40166,11,,,1,5,,40272,11,,,1,5,,40189,11,,,1,5,,40280,11,,,1,5,,40178,11,,,1,5,,40305,11,,,1,5,,40201,11,,,1,5,,40289,11,,,1,5,,40245,11,,,1,5,,40322,11,,,1,45,,40213,11,,,1,5,,40231,11,,,1,5,,40262,11,,,1,5,,40167,11,,,1,5,,40273,11,,,1,5,,40190,11,,,1,5,,40281,11,,,1,5,,40179,11,,,1,5,,40306,11,,,1,5,,40202,11,,,1,5,,40290,11,,,1,5,,40246,11,,,1,46,,40323,11,,,1,5,,40214,11,,,1,6,,40232,11,,,1,5,,40263,11,,,1,5,,40168,11,,,1,6,,40274,11,,,1,10,,40191,11,,,1,10,,40307,11,,,1,50,,40291,11,,,1,10,,40247,11,,,1,10,,40215,11,,,1,10,,40264,11,,,1,10,,40169,11,,,1,10,,40192,11,,,1,50,,40308,11,,,1,10,,40292,11,,,1,10,,40248,11,,,1,10,,40216,11,,,1,10,,40265,11,,,1,10,,40170,11,,,1,50,,40193,11,,,1,10,,40309,11,,,1,10,,40293,11,,,1,10,,40249,11,,,1,10,,40217,11,,,1,10,,40266,11,,,1,9,,40171,11,,,1,49,,40194,11,,,1,10,,40310,11,,,1,9,,40282,11,,,1,5,,40180,11,,,1,5,,40250,11,,,1,5,,40324,11,,,1,5,,40218,11,,,1,5,,40233,11,,,1,5,,40267,11,,,1,45,,40294,11,,,1,5,,40275,11,,,1,5,,40172,11,,,1,5,,40203,11,,,1,5,,40195,11,,,1,5,,40311,11,,,1,5,,40283,11,,,1,5,,40181,11,,,1,5,,40251,11,,,1,5,,40325,11,,,1,5,,40219,11,,,1,5,,40234,11,,,1,45,,40268,11,,,1,5,,40295,11,,,1,5,,40276,11,,,1,5,,40173,11,,,1,5,,40204,11,,,1,5,,40196,11,,,1,5,,40312,11,,,1,5,,40284,11,,,1,5,,40182,11,,,1,5,,40252,11,,,1,5,,40326,11,,,1,5,,40220,11,,,1,45,,40235,11,,,1,5,,40269,11,,,1,5,,40296,11,,,1,5,,40277,11,,,1,5,,40174,11,,,1,5,,40205,11,,,1,5,,40197,11,,,1,5,,40313,11,,,1,5,,40285,11,,,1,5,,40183,11,,,1,5,,40253,11,,,1,5,,40327,11,,,1,45,,40221,11,,,1,5,,40236,11,,,1,5,,40270,11,,,1,5,,40297,11,,,1,5,,40278,11,,,1,5,,40175,11,,,1,6,,40206,11,,,1,4,,40198,11,,,1,7,,40314,11,,,1,5,,40286,11,,,1,6,,40184,11,,,1,50,,40254,11,,,1,10,,40222,11,,,1,10,,40237,11,,,1,10,,40298,11,,,1,10,,40207,11,,,1,10,,40315,11,,,1,50,,40185,11,,,1,10,,40255,11,,,1,10,,40223,11,,,1,10,,40238,11,,,1,10,,40299,11,,,1,10,,40208,11,,,1,50,,40316,11,,,1,10,,40186,11,,,1,10,,40256,11,,,1,10,,40224,11,,,1,10,,40239,11,,,1,10,,40300,11,,,1,50,,40209,11,,,1,15,,40317,11,,,1,15,,40257,11,,,1,15,,40225,11,,,1,55,,40240,11,,,1,15,,40301,11,,,1,15,,40318,11,,,1,15,,40258,11,,,1,55,,40226,11,,,1,15,,40241,11,,,1,15,,40302,11,,,1,15,,40319,11,,,1,55,,40259,11,,,1,15,,40227,11,,,1,15,,40242,11,,,1
18002301,'20260914-Weekday-7-26-09',542,,40374,11,,,1,10,,40392,11,,,1,50,,40328,11,,,1,10,,40351,11,,,1,10,,40340,11,,,1,5,,40467,11,,,1,5,,40363,11,,,1,5,,40451,11,,,1,5,,40407,11,,,1,5,,40484,11,,,1,5,,40375,11,,,1,5,,40393,11,,,1,45,,40424,11,,,1,5,,40329,11,,,1,5,,40435,11,,,1,5,,40352,11,,,1,5,,40443,11,,,1,5,,40341,11,,,1,5,,40468,11,,,1,5,,40364,11,,,1,5,,40452,11,,,1,5,,40408,11,,,1,5,,40485,11,,,1,5,,40376,11,,,1,45,,40394,11,,,1,5,,40425,11,,,1,5,,40330,11,,,1,5,,40436,11,,,1,5,,40353,11,,,1,5,,40444,11,,,1,5,,40342,11,,,1,5,,40469,11,,,1,5,,40365,11,,,1,5,,40453,11,,,1,5,,40409,11,,,1,5,,40486,11,,,1,45,,40377,11,,,1,5,,40395,11,,,1,5,,40426,11,,,1,5,,40331,11,,,1,5,,40437,11,,,1,5,,40354,11,,,1,5,,40445,11,,,1,5,,40343,11,,,1,5,,40470,11,,,1,5,,40366,11,,,1,5,,40454,11,,,1,5,,40410,11,,,1,46,,40487,11,,,1,5,,40378,11,,,1,6,,40396,11,,,1,5,,40427,11,,,1,5,,40332,11,,,1,6,,40438,11,,,1,10,,40355,11,,,1,10,,40471,11,,,1,50,,40455,11,,,1,10,,40411,11,,,1,10,,40379,11,,,1,10,,40428,11,,,1,10,,40333,11,,,1,10,,40356,11,,,1,50,,40472,11,,,1,10,,40456,11,,,1,10,,40412,11,,,1,10,,40380,11,,,1,10,,40429,11,,,1,10,,40334,11,,,1,50,,40357,11,,,1,10,,40473,11,,,1,10,,40457,11,,,1,10,,40413,11,,,1,10,,40381,11,,,1,10,,40430,11,,,1,9,,40335,11,,,1,49,,40358,11,,,1,10,,40474,11,,,1,9,,40446,11,,,1,5,,40344,11,,,1,5,,40414,11,,,1,5,,40488,11,,,1,5,,40382,11,,,1,5,,40397,11,,,1,5,,40431,11,,,1,45,,40458,11,,,1,5,,40439,11,,,1,5,,40336,11,,,1,5,,40367,11,,,1,5,,40359,11,,,1,5,,40475,11,,,1,5,,40447,11,,,1,5,,40345,11,,,1,5,,40415,11,,,1,5,,40489,11,,,1,5,,40383,11,,,1,5,,40398,11,,,1,45,,40432,11,,,1,5,,40459,11,,,1,5,,40440,11,,,1,5,,40337,11,,,1,5,,40368,11,,,1,5,,40360,11,,,1,5,,40476,11,,,1,5,,40448,11,,,1,5,,40346,11,,,1,5,,40416,11,,,1,5,,40490,11,,,1,5,,40384,11,,,1,45,,40399,11,,,1,5,,40433,11,,,1,5,,40460,11,,,1,5,,40441,11,,,1,5,,40338,11,,,1,5,,40369,11,,,1,5,,40361,11,,,1,5,,40477,11,,,1,5,,40449,11,,,1,5,,40347,11,,,1,5,,40417,11,,,1,5,,40491,11,,,1,45,,40385,11,,,1,5,,40400,11,,,1,5,,40434,11,,,1,5,,40461,11,,,1,5,,40442,11,,,1,5,,40339,11,,,1,6,,40370,11,,,1,4,,40362,11,,,1,7,,40478,11,,,1,5,,40450,11,,,1,6,,40348,11,,,1,50,,40418,11,,,1,10,,40386,11,,,1,10,,40401,11,,,1,10,,40462,11,,,1,10,,40371,11,,,1,10,,40479,11,,,1,50,,40349,11,,,1,10,,40419,11,,,1,10,,40387,11,,,1,10,,40402,11,,,1,10,,40463,11,,,1,10,,40372,11,,,1,50,,40480,11,,,1,10,,40350,11,,,1,10,,40420,11,,,1,10,,40388,11,,,1,10,,40403,11,,,1,10,,40464,11,,,1,50,,40373,11,,,1,15,,40481,11,,,1,15,,40421,11,,,1,15,,40389,11,,,1,55,,40404,11,,,1,15,,40465,11,,,1,15,,40482,11,,,1,15,,40422,11,,,1,55,,40390,11,,,1,15,,40405,11,,,1,15,,40466,11,,,1,15,,40483,11,,,1,55,,40423,11,,,1,15,,40391,11,,,1,15,,40406,11,,,1
18002301,'20260917-Holiday1-1-26-09',542,,35680,11,,,1,10,,35698,11,,,1,50,,35628,11,,,1,10,,35654,11,,,1,10,,35640,11,,,1,5,,35774,11,,,1,5,,35666,11,,,1,5,,35757,11,,,1,5,,35713,11,,,1,5,,35791,11,,,1,5,,35681,11,,,1,5,,35699,11,,,1,45,,35730,11,,,1,5,,35629,11,,,1,5,,35741,11,,,1,5,,35655,11,,,1,5,,35749,11,,,1,5,,35641,11,,,1,5,,35775,11,,,1,5,,35667,11,,,1,5,,35758,11,,,1,5,,35714,11,,,1,5,,35792,11,,,1,5,,35682,11,,,1,45,,35700,11,,,1,5,,35731,11,,,1,5,,35630,11,,,1,5,,35742,11,,,1,5,,35656,11,,,1,5,,35750,11,,,1,5,,35642,11,,,1,5,,35776,11,,,1,5,,35668,11,,,1,5,,35759,11,,,1,5,,35715,11,,,1,5,,35793,11,,,1,45,,35683,11,,,1,5,,35701,11,,,1,5,,35732,11,,,1,5,,35631,11,,,1,5,,35743,11,,,1,5,,35657,11,,,1,5,,35751,11,,,1,5,,35643,11,,,1,5,,35777,11,,,1,5,,35669,11,,,1,5,,35760,11,,,1,5,,35716,11,,,1,46,,35794,11,,,1,5,,35684,11,,,1,6,,35702,11,,,1,5,,35733,11,,,1,5,,35632,11,,,1,6,,35744,11,,,1,10,,35658,11,,,1,10,,35778,11,,,1,50,,35761,11,,,1,10,,35717,11,,,1,10,,35685,11,,,1,10,,35734,11,,,1,10,,35633,11,,,1,10,,35659,11,,,1,50,,35779,11,,,1,10,,35762,11,,,1,10,,35718,11,,,1,10,,35686,11,,,1,10,,35735,11,,,1,10,,35634,11,,,1,50,,35660,11,,,1,10,,35780,11,,,1,10,,35763,11,,,1,10,,35719,11,,,1,10,,35687,11,,,1,10,,35736,11,,,1,9,,35635,11,,,1,49,,35661,11,,,1,10,,35781,11,,,1,9,,35752,11,,,1,5,,35644,11,,,1,5,,35720,11,,,1,5,,35795,11,,,1,5,,35688,11,,,1,5,,35703,11,,,1,5,,35737,11,,,1,45,,35764,11,,,1,5,,35745,11,,,1,5,,35636,11,,,1,5,,35670,11,,,1,5,,35662,11,,,1,5,,35782,11,,,1,5,,35753,11,,,1,5,,35645,11,,,1,5,,35721,11,,,1,5,,35796,11,,,1,5,,35689,11,,,1,5,,35704,11,,,1,45,,35738,11,,,1,5,,35765,11,,,1,5,,35746,11,,,1,5,,35637,11,,,1,5,,35671,11,,,1,5,,35663,11,,,1,5,,35783,11,,,1,5,,35754,11,,,1,5,,35646,11,,,1,5,,35722,11,,,1,5,,35797,11,,,1,5,,35690,11,,,1,45,,35705,11,,,1,5,,35739,11,,,1,5,,35766,11,,,1,5,,35747,11,,,1,5,,35638,11,,,1,5,,35672,11,,,1,5,,35664,11,,,1,5,,35784,11,,,1,5,,35755,11,,,1,5,,35647,11,,,1,5,,35723,11,,,1,5,,35798,11,,,1,45,,35691,11,,,1,5,,35706,11,,,1,5,,35740,11,,,1,5,,35767,11,,,1,5,,35748,11,,,1,5,,35639,11,,,1,6,,35673,11,,,1,4,,35665,11,,,1,7,,35785,11,,,1,5,,35756,11,,,1,6,,35648,11,,,1,50,,35724,11,,,1,10,,35692,11,,,1,10,,35707,11,,,1,10,,35768,11,,,1,10,,35674,11,,,1,10,,35786,11,,,1,50,,35649,11,,,1,10,,35725,11,,,1,10,,35693,11,,,1,10,,35708,11,,,1,10,,35769,11,,,1,10,,35675,11,,,1,50,,35787,11,,,1,10,,35650,11,,,1,10,,35726,11,,,1,10,,35694,11,,,1,10,,35709,11,,,1,10,,35770,11,,,1,50,,35676,11,,,1,10,,35788,11,,,1,10,,35651,11,,,1,10,,35727,11,,,1,10,,35695,11,,,1,10,,35710,11,,,1,50,,35771,11,,,1,10,,35677,11,,,1,10,,35789,11,,,1,10,,35652,11,,,1,10,,35728,11,,,1,10,,35696,11,,,1,50,,35711,11,,,1,10,,35772,11,,,1,10,,35678,11,,,1,10,,35790,11,,,1,10,,35653,11,,,1,10,,35729,11,,,1,50,,35697,11,,,1,10,,35712,11,,,1,10,,35773,11,,,1,10,,35679,11,,,1
18002301,'20260919-Saturday-1-26-09',545,,35860,11,,,1,10,,35877,11,,,1,50,,35894,11,,,1,10,,35799,11,,,1,10,,35816,11,,,1,10,,35833,11,,,1,10,,35844,11,,,1,10,,35861,11,,,1,50,,35878,11,,,1,10,,35895,11,,,1,10,,35800,11,,,1,10,,35817,11,,,1,10,,35834,11,,,1,10,,35845,11,,,1,50,,35862,11,,,1,10,,35879,11,,,1,10,,35896,11,,,1,10,,35801,11,,,1,10,,35818,11,,,1,10,,35835,11,,,1,50,,35846,11,,,1,10,,35863,11,,,1,10,,35880,11,,,1,10,,35897,11,,,1,10,,35802,11,,,1,10,,35819,11,,,1,50,,35836,11,,,1,10,,35847,11,,,1,10,,35864,11,,,1,10,,35881,11,,,1,10,,35898,11,,,1,10,,35803,11,,,1,50,,35820,11,,,1,10,,35837,11,,,1,10,,35848,11,,,1,10,,35865,11,,,1,10,,35882,11,,,1,10,,35899,11,,,1,50,,35804,11,,,1,10,,35821,11,,,1,10,,35838,11,,,1,10,,35849,11,,,1,10,,35866,11,,,1,10,,35883,11,,,1,50,,35900,11,,,1,10,,35805,11,,,1,10,,35822,11,,,1,10,,35839,11,,,1,10,,35850,11,,,1,10,,35867,11,,,1,50,,35884,11,,,1,10,,35901,11,,,1,10,,35806,11,,,1,10,,35823,11,,,1,10,,35840,11,,,1,10,,35851,11,,,1,50,,35868,11,,,1,10,,35885,11,,,1,10,,35902,11,,,1,10,,35807,11,,,1,10,,35824,11,,,1,10,,35841,11,,,1,50,,35852,11,,,1,10,,35869,11,,,1,10,,35886,11,,,1,10,,35903,11,,,1,10,,35808,11,,,1,10,,35825,11,,,1,50,,35842,11,,,1,10,,35853,11,,,1,10,,35870,11,,,1,10,,35887,11,,,1,10,,35904,11,,,1,10,,35809,11,,,1,50,,35826,11,,,1,10,,35843,11,,,1,10,,35854,11,,,1,10,,35871,11,,,1,10,,35888,11,,,1,10,,35905,11,,,1,50,,35810,11,,,1,15,,35827,11,,,1,15,,35855,11,,,1,15,,35872,11,,,1,55,,35889,11,,,1,15,,35811,11,,,1,15,,35828,11,,,1,15,,35856,11,,,1,55,,35873,11,,,1,15,,35890,11,,,1,15,,35812,11,,,1,15,,35829,11,,,1,55,,35857,11,,,1,15,,35874,11,,,1,15,,35891,11,,,1,15,,35813,11,,,1,55,,35830,11,,,1,15,,35858,11,,,1,15,,35875,11,,,1,15,,35892,11,,,1,55,,35814,11,,,1,15,,35831,11,,,1,15,,35859,11,,,1,15,,35876,11,,,1,55,,35893,11,,,1,15,,35815,11,,,1,15,,35832,11,,,1
