18002300,'20260913-Sunday-1-26-09',542,,34217,12,4,,1,15,,34233,12,4,,1,55,,34249,12,4,,1,15,,34265,12,4,,1,15,,34281,12,4,,1,15,,34218,12,4,,1,55,,34234,12,4,,1,15,,34250,12,4,,1,15,,34266,12,4,,1,15,,34282,12,4,,1,55,,34219,12,4,,1,15,,34235,12,4,,1,15,,34251,12,4,,1,15,,34267,12,4,,1,55,,34283,12,4,,1,15,,34220,12,4,,1,15,,34236,12,4,,1,15,,34252,12,4,,1,55,,34268,12,4,,1,15,,34284,12,4,,1,15,,34221,12,4,,1,15,,34237,12,4,,1,55,,34253,12,4,,1,15,,34269,12,4,,1,15,,34285,12,4,,1,15,,34222,12,4,,1,55,,34238,12,4,,1,15,,34254,12,4,,1,15,,34270,12,4,,1,15,,34286,12,4,,1,55,,34223,12,4,,1,15,,34239,12,4,,1,15,,34255,12,4,,1,15,,34271,12,4,,1,55,,34287,12,4,,1,15,,34224,12,4,,1,15,,34240,12,4,,1,15,,34256,12,4,,1,55,,34272,12,4,,1,15,,34288,12,4,,1,15,,34225,12,4,,1,15,,34241,12,4,,1,55,,34257,12,4,,1,15,,34273,12,4,,1,15,,34289,12,4,,1,15,,34226,12,4,,1,55,,34242,12,4,,1,15,,34258,12,4,,1,15,,34274,12,4,,1,15,,34290,12,4,,1,55,,34227,12,4,,1,15,,34243,12,4,,1,15,,34259,12,4,,1,15,,34275,12,4,,1,55,,34291,12,4,,1,15,,34228,12,4,,1,15,,34244,12,4,,1,15,,34260,12,4,,1,55,,34276,12,4,,1,15,,34292,12,4,,1,15,,34229,12,4,,1,15,,34245,12,4,,1,55,,34261,12,4,,1,15,,34277,12,4,,1,15,,34293,12,4,,1,15,,34230,12,4,,1,55,,34246,12,4,,1,15,,34262,12,4,,1,15,,34278,12,4,,1,15,,34294,12,4,,1,55,,34231,12,4,,1,15,,34247,12,4,,1,15,,34263,12,4,,1,15,,34279,12,4,,1,55,,34295,12,4,,1,15,,34232,12,4,,1,15,,34248,12,4,,1,15,,34264,12,4,,1,55,,34280,12,4,,1
18002300,'20260914-Weekday-1-26-09',530,,34296,12,4,,1,10,,34320,12,4,,1,10,,34308,12,4,,1,9,,34332,12,4,,1,51,,34373,12,4,,1,10,,34343,12,4,,1,7,,34360,12,4,,1,5,,34390,12,4,,1,5,,34297,12,4,,1,5,,34402,12,4,,1,5,,34321,12,4,,1,5,,34410,12,4,,1,5,,34309,12,4,,1,45,,34434,12,4,,1,5,,34333,12,4,,1,5,,34418,12,4,,1,5,,34374,12,4,,1,5,,34451,12,4,,1,5,,34344,12,4,,1,5,,34361,12,4,,1,5,,34391,12,4,,1,5,,34298,12,4,,1,5,,34403,12,4,,1,5,,34322,12,4,,1,5,,34411,12,4,,1,45,,34310,12,4,,1,5,,34435,12,4,,1,5,,34334,12,4,,1,5,,34419,12,4,,1,5,,34375,12,4,,1,5,,34452,12,4,,1,5,,34345,12,4,,1,5,,34362,12,4,,1,5,,34392,12,4,,1,5,,34299,12,4,,1,5,,34404,12,4,,1,5,,34323,12,4,,1,45,,34412,12,4,,1,5,,34311,12,4,,1,5,,34436,12,4,,1,5,,34335,12,4,,1,5,,34420,12,4,,1,5,,34376,12,4,,1,5,,34453,12,4,,1,5,,34346,12,4,,1,5,,34363,12,4,,1,5,,34393,12,4,,1,5,,34300,12,4,,1,5,,34405,12,4,,1,45,,34324,12,4,,1,6,,34413,12,4,,1,5,,34312,12,4,,1,5,,34437,12,4,,1,6,,34336,12,4,,1,6,,34421,12,4,,1,7,,34377,12,4,,1,10,,34347,12,4,,1,10,,34394,12,4,,1,50,,34301,12,4,,1,10,,34325,12,4,,1,10,,34438,12,4,,1,10,,34422,12,4,,1,10,,34378,12,4,,1,10,,34348,12,4,,1,50,,34395,12,4,,1,10,,34302,12,4,,1,10,,34326,12,4,,1,10,,34439,12,4,,1,10,,34423,12,4,,1,10,,34379,12,4,,1,50,,34349,12,4,,1,10,,34396,12,4,,1,10,,34303,12,4,,1,10,,34327,12,4,,1,10,,34440,12,4,,1,10,,34424,12,4,,1,50,,34380,12,4,,1,10,,34350,12,4,,1,10,,34397,12,4,,1,8,,34304,12,4,,1,10,,34328,12,4,,1,10,,34441,12,4,,1,47,,34414,12,4,,1,5,,34313,12,4,,1,5,,34381,12,4,,1,5,,34454,12,4,,1,5,,34351,12,4,,1,5,,34364,12,4,,1,5,,34398,12,4,,1,5,,34425,12,4,,1,5,,34406,12,4,,1,5,,34305,12,4,,1,5,,34337,12,4,,1,5,,34329,12,4,,1,45,,34442,12,4,,1,5,,34415,12,4,,1,5,,34314,12,4,,1,5,,34382,12,4,,1,5,,34455,12,4,,1,5,,34352,12,4,,1,5,,34365,12,4,,1,5,,34399,12,4,,1,5,,34426,12,4,,1,5,,34407,12,4,,1,5,,34306,12,4,,1,5,,34338,12,4,,1,45,,34330,12,4,,1,5,,34443,12,4,,1,5,,34416,12,4,,1,5,,34315,12,4,,1,5,,34383,12,4,,1,5,,34456,12,4,,1,5,,34353,12,4,,1,5,,34366,12,4,,1,5,,34400,12,4,,1,5,,34427,12,4,,1,5,,34408,12,4,,1,5,,34307,12,4,,1,45,,34339,12,4,,1,5,,34331,12,4,,1,5,,34444,12,4,,1,5,,34417,12,4,,1,5,,34316,12,4,,1,5,,34384,12,4,,1,5,,34457,12,4,,1,5,,34354,12,4,,1,7,,34367,12,4,,1,5,,34401,12,4,,1,4,,34428,12,4,,1,6,,34409,12,4,,1,53,,34340,12,4,,1,10,,34445,12,4,,1,10,,34317,12,4,,1,10,,34385,12,4,,1,10,,34355,12,4,,1,50,,34368,12,4,,1,10,,34429,12,4,,1,10,,34341,12,4,,1,10,,34446,12,4,,1,10,,34318,12,4,,1,10,,34386,12,4,,1,50,,34356,12,4,,1,10,,34369,12,4,,1,10,,34430,12,4,,1,10,,34342,12,4,,1,10,,34447,12,4,,1,10,,34319,12,4,,1,50,,34387,12,4,,1,15,,34357,12,4,,1,15,,34370,12,4,,1,15,,34431,12,4,,1,55,,34448,12,4,,1,15,,34388,12,4,,1,15,,34358,12,4,,1,15,,34371,12,4,,1,55,,34432,12,4,,1,15,,34449,12,4,,1,15,,34389,12,4,,1,15,,34359,12,4,,1,55,,34372,12,4,,1,15,,34433,12,4,,1,15,,34450,12,4,,1
18002300,'20260914-Weekday-2-26-09',530,,34458,12,4,,1,10,,34482,12,4,,1,10,,34470,12,4,,1,9,,34494,12,4,,1,51,,34535,12,4,,1,10,,34505,12,4,,1,7,,34522,12,4,,1,5,,34552,12,4,,1,5,,34459,12,4,,1,5,,34564,12,4,,1,5,,34483,12,4,,1,5,,34572,12,4,,1,5,,34471,12,4,,1,45,,34596,12,4,,1,5,,34495,12,4,,1,5,,34580,12,4,,1,5,,34536,12,4,,1,5,,34613,12,4,,1,5,,34506,12,4,,1,5,,34523,12,4,,1,5,,34553,12,4,,1,5,,34460,12,4,,1,5,,34565,12,4,,1,5,,34484,12,4,,1,5,,34573,12,4,,1,45,,34472,12,4,,1,5,,34597,12,4,,1,5,,34496,12,4,,1,5,,34581,12,4,,1,5,,34537,12,4,,1,5,,34614,12,4,,1,5,,34507,12,4,,1,5,,34524,12,4,,1,5,,34554,12,4,,1,5,,34461,12,4,,1,5,,34566,12,4,,1,5,,34485,12,4,,1,45,,34574,12,4,,1,5,,34473,12,4,,1,5,,34598,12,4,,1,5,,34497,12,4,,1,5,,34582,12,4,,1,5,,34538,12,4,,1,5,,34615,12,4,,1,5,,34508,12,4,,1,5,,34525,12,4,,1,5,,34555,12,4,,1,5,,34462,12,4,,1,5,,34567,12,4,,1,45,,34486,12,4,,1,6,,34575,12,4,,1,5,,34474,12,4,,1,5,,34599,12,4,,1,6,,34498,12,4,,1,6,,34583,12,4,,1,7,,34539,12,4,,1,10,,34509,12,4,,1,10,,34556,12,4,,1,50,,34463,12,4,,1,10,,34487,12,4,,1,10,,34600,12,4,,1,10,,34584,12,4,,1,10,,34540,12,4,,1,10,,34510,12,4,,1,50,,34557,12,4,,1,10,,34464,12,4,,1,10,,34488,12,4,,1,10,,34601,12,4,,1,10,,34585,12,4,,1,10,,34541,12,4,,1,50,,34511,12,4,,1,10,,34558,12,4,,1,10,,34465,12,4,,1,10,,34489,12,4,,1,10,,34602,12,4,,1,10,,34586,12,4,,1,50,,34542,12,4,,1,10,,34512,12,4,,1,10,,34559,12,4,,1,8,,34466,12,4,,1,10,,34490,12,4,,1,10,,34603,12,4,,1,47,,34576,12,4,,1,5,,34475,12,4,,1,5,,34543,12,4,,1,5,,34616,12,4,,1,5,,34513,12,4,,1,5,,34526,12,4,,1,5,,34560,12,4,,1,5,,34587,12,4,,1,5,,34568,12,4,,1,5,,34467,12,4,,1,5,,34499,12,4,,1,5,,34491,12,4,,1,45,,34604,12,4,,1,5,,34577,12,4,,1,5,,34476,12,4,,1,5,,34544,12,4,,1,5,,34617,12,4,,1,5,,34514,12,4,,1,5,,34527,12,4,,1,5,,34561,12,4,,1,5,,34588,12,4,,1,5,,34569,12,4,,1,5,,34468,12,4,,1,5,,34500,12,4,,1,45,,34492,12,4,,1,5,,34605,12,4,,1,5,,34578,12,4,,1,5,,34477,12,4,,1,5,,34545,12,4,,1,5,,34618,12,4,,1,5,,34515,12,4,,1,5,,34528,12,4,,1,5,,34562,12,4,,1,5,,34589,12,4,,1,5,,34570,12,4,,1,5,,34469,12,4,,1,45,,34501,12,4,,1,5,,34493,12,4,,1,5,,34606,12,4,,1,5,,34579,12,4,,1,5,,34478,12,4,,1,5,,34546,12,4,,1,5,,34619,12,4,,1,5,,34516,12,4,,1,7,,34529,12,4,,1,5,,34563,12,4,,1,4,,34590,12,4,,1,6,,34571,12,4,,1,53,,34502,12,4,,1,10,,34607,12,4,,1,10,,34479,12,4,,1,10,,34547,12,4,,1,10,,34517,12,4,,1,50,,34530,12,4,,1,10,,34591,12,4,,1,10,,34503,12,4,,1,10,,34608,12,4,,1,10,,34480,12,4,,1,10,,34548,12,4,,1,50,,34518,12,4,,1,10,,34531,12,4,,1,10,,34592,12,4,,1,10,,34504,12,4,,1,10,,34609,12,4,,1,10,,34481,12,4,,1,50,,34549,12,4,,1,15,,34519,12,4,,1,15,,34532,12,4,,1,15,,34593,12,4,,1,55,,34610,12,4,,1,15,,34550,12,4,,1,15,,34520,12,4,,1,15,,34533,12,4,,1,55,,34594,12,4,,1,15,,34611,12,4,,1,15,,34551,12,4,,1,15,,34521,12,4,,1,55,,34534,12,4,,1,15,,34595,12,4,,1,15,,34612,12,4,,1
18002300,'20260914-Weekday-3-26-09',530,,39188,12,4,,1,10,,39212,12,4,,1,10,,39200,12,4,,1,9,,39224,12,4,,1,51,,39265,12,4,,1,10,,39235,12,4,,1,7,,39252,12,4,,1,5,,39282,12,4,,1,5,,39189,12,4,,1,5,,39294,12,4,,1,5,,39213,12,4,,1,5,,39302,12,4,,1,5,,39201,12,4,,1,45,,39326,12,4,,1,5,,39225,12,4,,1,5,,39310,12,4,,1,5,,39266,12,4,,1,5,,39343,12,4,,1,5,,39236,12,4,,1,5,,39253,12,4,,1,5,,39283,12,4,,1,5,,39190,12,4,,1,5,,39295,12,4,,1,5,,39214,12,4,,1,5,,39303,12,4,,1,45,,39202,12,4,,1,5,,39327,12,4,,1,5,,39226,12,4,,1,5,,39311,12,4,,1,5,,39267,12,4,,1,5,,39344,12,4,,1,5,,39237,12,4,,1,5,,39254,12,4,,1,5,,39284,12,4,,1,5,,39191,12,4,,1,5,,39296,12,4,,1,5,,39215,12,4,,1,45,,39304,12,4,,1,5,,39203,12,4,,1,5,,39328,12,4,,1,5,,39227,12,4,,1,5,,39312,12,4,,1,5,,39268,12,4,,1,5,,39345,12,4,,1,5,,39238,12,4,,1,5,,39255,12,4,,1,5,,39285,12,4,,1,5,,39192,12,4,,1,5,,39297,12,4,,1,45,,39216,12,4,,1,6,,39305,12,4,,1,5,,39204,12,4,,1,5,,39329,12,4,,1,6,,39228,12,4,,1,6,,39313,12,4,,1,7,,39269,12,4,,1,10,,39239,12,4,,1,10,,39286,12,4,,1,50,,39193,12,4,,1,10,,39217,12,4,,1,10,,39330,12,4,,1,10,,39314,12,4,,1,10,,39270,12,4,,1,10,,39240,12,4,,1,50,,39287,12,4,,1,10,,39194,12,4,,1,10,,39218,12,4,,1,10,,39331,12,4,,1,10,,39315,12,4,,1,10,,39271,12,4,,1,50,,39241,12,4,,1,10,,39288,12,4,,1,10,,39195,12,4,,1,10,,39219,12,4,,1,10,,39332,12,4,,1,10,,39316,12,4,,1,50,,39272,12,4,,1,10,,39242,12,4,,1,10,,39289,12,4,,1,8,,39196,12,4,,1,10,,39220,12,4,,1,10,,39333,12,4,,1,47,,39306,12,4,,1,5,,39205,12,4,,1,5,,39273,12,4,,1,5,,39346,12,4,,1,5,,39243,12,4,,1,5,,39256,12,4,,1,5,,39290,12,4,,1,5,,39317,12,4,,1,5,,39298,12,4,,1,5,,39197,12,4,,1,5,,39229,12,4,,1,5,,39221,12,4,,1,45,,39334,12,4,,1,5,,39307,12,4,,1,5,,39206,12,4,,1,5,,39274,12,4,,1,5,,39347,12,4,,1,5,,39244,12,4,,1,5,,39257,12,4,,1,5,,39291,12,4,,1,5,,39318,12,4,,1,5,,39299,12,4,,1,5,,39198,12,4,,1,5,,39230,12,4,,1,45,,39222,12,4,,1,5,,39335,12,4,,1,5,,39308,12,4,,1,5,,39207,12,4,,1,5,,39275,12,4,,1,5,,39348,12,4,,1,5,,39245,12,4,,1,5,,39258,12,4,,1,5,,39292,12,4,,1,5,,39319,12,4,,1,5,,39300,12,4,,1,5,,39199,12,4,,1,45,,39231,12,4,,1,5,,39223,12,4,,1,5,,39336,12,4,,1,5,,39309,12,4,,1,5,,39208,12,4,,1,5,,39276,12,4,,1,5,,39349,12,4,,1,5,,39246,12,4,,1,7,,39259,12,4,,1,5,,39293,12,4,,1,4,,39320,12,4,,1,6,,39301,12,4,,1,53,,39232,12,4,,1,10,,39337,12,4,,1,10,,39209,12,4,,1,10,,39277,12,4,,1,10,,39247,12,4,,1,50,,39260,12,4,,1,10,,39321,12,4,,1,10,,39233,12,4,,1,10,,39338,12,4,,1,10,,39210,12,4,,1,10,,39278,12,4,,1,50,,39248,12,4,,1,10,,39261,12,4,,1,10,,39322,12,4,,1,10,,39234,12,4,,1,10,,39339,12,4,,1,10,,39211,12,4,,1,50,,39279,12,4,,1,15,,39249,12,4,,1,15,,39262,12,4,,1,15,,39323,12,4,,1,55,,39340,12,4,,1,15,,39280,12,4,,1,15,,39250,12,4,,1,15,,39263,12,4,,1,55,,39324,12,4,,1,15,,39341,12,4,,1,15,,39281,12,4,,1,15,,39251,12,4,,1,55,,39264,12,4,,1,15,,39325,12,4,,1,15,,39342,12,4,,1
18002300,'20260914-Weekday-4-26-09',530,,34620,12,4,,1,10,,34644,12,4,,1,10,,34632,12,4,,1,9,,34656,12,4,,1,51,,34697,12,4,,1,10,,34667,12,4,,1,7,,34684,12,4,,1,5,,34714,12,4,,1,5,,34621,12,4,,1,5,,34726,12,4,,1,5,,34645,12,4,,1,5,,34734,12,4,,1,5,,34633,12,4,,1,45,,34758,12,4,,1,5,,34657,12,4,,1,5,,34742,12,4,,1,5,,34698,12,4,,1,5,,34775,12,4,,1,5,,34668,12,4,,1,5,,34685,12,4,,1,5,,34715,12,4,,1,5,,34622,12,4,,1,5,,34727,12,4,,1,5,,34646,12,4,,1,5,,34735,12,4,,1,45,,34634,12,4,,1,5,,34759,12,4,,1,5,,34658,12,4,,1,5,,34743,12,4,,1,5,,34699,12,4,,1,5,,34776,12,4,,1,5,,34669,12,4,,1,5,,34686,12,4,,1,5,,34716,12,4,,1,5,,34623,12,4,,1,5,,34728,12,4,,1,5,,34647,12,4,,1,45,,34736,12,4,,1,5,,34635,12,4,,1,5,,34760,12,4,,1,5,,34659,12,4,,1,5,,34744,12,4,,1,5,,34700,12,4,,1,5,,34777,12,4,,1,5,,34670,12,4,,1,5,,34687,12,4,,1,5,,34717,12,4,,1,5,,34624,12,4,,1,5,,34729,12,4,,1,45,,34648,12,4,,1,6,,34737,12,4,,1,5,,34636,12,4,,1,5,,34761,12,4,,1,6,,34660,12,4,,1,6,,34745,12,4,,1,7,,34701,12,4,,1,10,,34671,12,4,,1,10,,34718,12,4,,1,50,,34625,12,4,,1,10,,34649,12,4,,1,10,,34762,12,4,,1,10,,34746,12,4,,1,10,,34702,12,4,,1,10,,34672,12,4,,1,50,,34719,12,4,,1,10,,34626,12,4,,1,10,,34650,12,4,,1,10,,34763,12,4,,1,10,,34747,12,4,,1,10,,34703,12,4,,1,50,,34673,12,4,,1,10,,34720,12,4,,1,10,,34627,12,4,,1,10,,34651,12,4,,1,10,,34764,12,4,,1,10,,34748,12,4,,1,50,,34704,12,4,,1,10,,34674,12,4,,1,10,,34721,12,4,,1,8,,34628,12,4,,1,10,,34652,12,4,,1,10,,34765,12,4,,1,47,,34738,12,4,,1,5,,34637,12,4,,1,5,,34705,12,4,,1,5,,34778,12,4,,1,5,,34675,12,4,,1,5,,34688,12,4,,1,5,,34722,12,4,,1,5,,34749,12,4,,1,5,,34730,12,4,,1,5,,34629,12,4,,1,5,,34661,12,4,,1,5,,34653,12,4,,1,45,,34766,12,4,,1,5,,34739,12,4,,1,5,,34638,12,4,,1,5,,34706,12,4,,1,5,,34779,12,4,,1,5,,34676,12,4,,1,5,,34689,12,4,,1,5,,34723,12,4,,1,5,,34750,12,4,,1,5,,34731,12,4,,1,5,,34630,12,4,,1,5,,34662,12,4,,1,45,,34654,12,4,,1,5,,34767,12,4,,1,5,,34740,12,4,,1,5,,34639,12,4,,1,5,,34707,12,4,,1,5,,34780,12,4,,1,5,,34677,12,4,,1,5,,34690,12,4,,1,5,,34724,12,4,,1,5,,34751,12,4,,1,5,,34732,12,4,,1,5,,34631,12,4,,1,45,,34663,12,4,,1,5,,34655,12,4,,1,5,,34768,12,4,,1,5,,34741,12,4,,1,5,,34640,12,4,,1,5,,34708,12,4,,1,5,,34781,12,4,,1,5,,34678,12,4,,1,7,,34691,12,4,,1,5,,34725,12,4,,1,4,,34752,12,4,,1,6,,34733,12,4,,1,53,,34664,12,4,,1,10,,34769,12,4,,1,10,,34641,12,4,,1,10,,34709,12,4,,1,10,,34679,12,4,,1,50,,34692,12,4,,1,10,,34753,12,4,,1,10,,34665,12,4,,1,10,,34770,12,4,,1,10,,34642,12,4,,1,10,,34710,12,4,,1,50,,34680,12,4,,1,10,,34693,12,4,,1,10,,34754,12,4,,1,10,,34666,12,4,,1,10,,34771,12,4,,1,10,,34643,12,4,,1,50,,34711,12,4,,1,15,,34681,12,4,,1,15,,34694,12,4,,1,15,,34755,12,4,,1,55,,34772,12,4,,1,15,,34712,12,4,,1,15,,34682,12,4,,1,15,,34695,12,4,,1,55,,34756,12,4,,1,15,,34773,12,4,,1,15,,34713,12,4,,1,15,,34683,12,4,,1,55,,34696,12,4,,1,15,,34757,12,4,,1,15,,34774,12,4,,1
18002300,'20260914-Weekday-5-26-09',530,,39350,12,4,,1,10,,39374,12,4,,1,10,,39362,12,4,,1,9,,39386,12,4,,1,51,,39427,12,4,,1,10,,39397,12,4,,1,7,,39414,12,4,,1,5,,39444,12,4,,1,5,,39351,12,4,,1,5,,39456,12,4,,1,5,,39375,12,4,,1,5,,39464,12,4,,1,5,,39363,12,4,,1,45,,39488,12,4,,1,5,,39387,12,4,,1,5,,39472,12,4,,1,5,,39428,12,4,,1,5,,39505,12,4,,1,5,,39398,12,4,,1,5,,39415,12,4,,1,5,,39445,12,4,,1,5,,39352,12,4,,1,5,,39457,12,4,,1,5,,39376,12,4,,1,5,,39465,12,4,,1,45,,39364,12,4,,1,5,,39489,12,4,,1,5,,39388,12,4,,1,5,,39473,12,4,,1,5,,39429,12,4,,1,5,,39506,12,4,,1,5,,39399,12,4,,1,5,,39416,12,4,,1,5,,39446,12,4,,1,5,,39353,12,4,,1,5,,39458,12,4,,1,5,,39377,12,4,,1,45,,39466,12,4,,1,5,,39365,12,4,,1,5,,39490,12,4,,1,5,,39389,12,4,,1,5,,39474,12,4,,1,5,,39430,12,4,,1,5,,39507,12,4,,1,5,,39400,12,4,,1,5,,39417,12,4,,1,5,,39447,12,4,,1,5,,39354,12,4,,1,5,,39459,12,4,,1,45,,39378,12,4,,1,6,,39467,12,4,,1,5,,39366,12,4,,1,5,,39491,12,4,,1,6,,39390,12,4,,1,6,,39475,12,4,,1,7,,39431,12,4,,1,10,,39401,12,4,,1,10,,39448,12,4,,1,50,,39355,12,4,,1,10,,39379,12,4,,1,10,,39492,12,4,,1,10,,39476,12,4,,1,10,,39432,12,4,,1,10,,39402,12,4,,1,50,,39449,12,4,,1,10,,39356,12,4,,1,10,,39380,12,4,,1,10,,39493,12,4,,1,10,,39477,12,4,,1,10,,39433,12,4,,1,50,,39403,12,4,,1,10,,39450,12,4,,1,10,,39357,12,4,,1,10,,39381,12,4,,1,10,,39494,12,4,,1,10,,39478,12,4,,1,50,,39434,12,4,,1,10,,39404,12,4,,1,10,,39451,12,4,,1,8,,39358,12,4,,1,10,,39382,12,4,,1,10,,39495,12,4,,1,47,,39468,12,4,,1,5,,39367,12,4,,1,5,,39435,12,4,,1,5,,39508,12,4,,1,5,,39405,12,4,,1,5,,39418,12,4,,1,5,,39452,12,4,,1,5,,39479,12,4,,1,5,,39460,12,4,,1,5,,39359,12,4,,1,5,,39391,12,4,,1,5,,39383,12,4,,1,45,,39496,12,4,,1,5,,39469,12,4,,1,5,,39368,12,4,,1,5,,39436,12,4,,1,5,,39509,12,4,,1,5,,39406,12,4,,1,5,,39419,12,4,,1,5,,39453,12,4,,1,5,,39480,12,4,,1,5,,39461,12,4,,1,5,,39360,12,4,,1,5,,39392,12,4,,1,45,,39384,12,4,,1,5,,39497,12,4,,1,5,,39470,12,4,,1,5,,39369,12,4,,1,5,,39437,12,4,,1,5,,39510,12,4,,1,5,,39407,12,4,,1,5,,39420,12,4,,1,5,,39454,12,4,,1,5,,39481,12,4,,1,5,,39462,12,4,,1,5,,39361,12,4,,1,45,,39393,12,4,,1,5,,39385,12,4,,1,5,,39498,12,4,,1,5,,39471,12,4,,1,5,,39370,12,4,,1,5,,39438,12,4,,1,5,,39511,12,4,,1,5,,39408,12,4,,1,7,,39421,12,4,,1,5,,39455,12,4,,1,4,,39482,12,4,,1,6,,39463,12,4,,1,53,,39394,12,4,,1,10,,39499,12,4,,1,10,,39371,12,4,,1,10,,39439,12,4,,1,10,,39409,12,4,,1,50,,39422,12,4,,1,10,,39483,12,4,,1,10,,39395,12,4,,1,10,,39500,12,4,,1,10,,39372,12,4,,1,10,,39440,12,4,,1,50,,39410,12,4,,1,10,,39423,12,4,,1,10,,39484,12,4,,1,10,,39396,12,4,,1,10,,39501,12,4,,1,10,,39373,12,4,,1,50,,39441,12,4,,1,15,,39411,12,4,,1,15,,39424,12,4,,1,15,,39485,12,4,,1,55,,39502,12,4,,1,15,,39442,12,4,,1,15,,39412,12,4,,1,15,,39425,12,4,,1,55,,39486,12,4,,1,15,,39503,12,4,,1,15,,39443,12,4,,1,15,,39413,12,4,,1,55,,39426,12,4,,1,15,,39487,12,4,,1,15,,39504,12,4,,1
18002300,'20260914-Weekday-6-26-09',530,,39512,12,4,,1,10,,39536,12,4,,1,10,,39524,12,4,,1,9,,39548,12,4,,1,51,,39589,12,4,,1,10,,39559,12,4,,1,7,,39576,12,4,,1,5,,39606,12,4,,1,5,,39513,12,4,,1,5,,39618,12,4,,1,5,,39537,12,4,,1,5,,39626,12,4,,1,5,,39525,12,4,,1,45,,39650,12,4,,1,5,,39549,12,4,,1,5,,39634,12,4,,1,5,,39590,12,4,,1,5,,39667,12,4,,1,5,,39560,12,4,,1,5,,39577,12,4,,1,5,,39607,12,4,,1,5,,39514,12,4,,1,5,,39619,12,4,,1,5,,39538,12,4,,1,5,,39627,12,4,,1,45,,39526,12,4,,1,5,,39651,12,4,,1,5,,39550,12,4,,1,5,,39635,12,4,,1,5,,39591,12,4,,1,5,,39668,12,4,,1,5,,39561,12,4,,1,5,,39578,12,4,,1,5,,39608,12,4,,1,5,,39515,12,4,,1,5,,39620,12,4,,1,5,,39539,12,4,,1,45,,39628,12,4,,1,5,,39527,12,4,,1,5,,39652,12,4,,1,5,,39551,12,4,,1,5,,39636,12,4,,1,5,,39592,12,4,,1,5,,39669,12,4,,1,5,,39562,12,4,,1,5,,39579,12,4,,1,5,,39609,12,4,,1,5,,39516,12,4,,1,5,,39621,12,4,,1,45,,39540,12,4,,1,6,,39629,12,4,,1,5,,39528,12,4,,1,5,,39653,12,4,,1,6,,39552,12,4,,1,6,,39637,12,4,,1,7,,39593,12,4,,1,10,,39563,12,4,,1,10,,39610,12,4,,1,50,,39517,12,4,,1,10,,39541,12,4,,1,10,,39654,12,4,,1,10,,39638,12,4,,1,10,,39594,12,4,,1,10,,39564,12,4,,1,50,,39611,12,4,,1,10,,39518,12,4,,1,10,,39542,12,4,,1,10,,39655,12,4,,1,10,,39639,12,4,,1,10,,39595,12,4,,1,50,,39565,12,4,,1,10,,39612,12,4,,1,10,,39519,12,4,,1,10,,39543,12,4,,1,10,,39656,12,4,,1,10,,39640,12,4,,1,50,,39596,12,4,,1,10,,39566,12,4,,1,10,,39613,12,4,,1,8,,39520,12,4,,1,10,,39544,12,4,,1,10,,39657,12,4,,1,47,,39630,12,4,,1,5,,39529,12,4,,1,5,,39597,12,4,,1,5,,39670,12,4,,1,5,,39567,12,4,,1,5,,39580,12,4,,1,5,,39614,12,4,,1,5,,39641,12,4,,1,5,,39622,12,4,,1,5,,39521,12,4,,1,5,,39553,12,4,,1,5,,39545,12,4,,1,45,,39658,12,4,,1,5,,39631,12,4,,1,5,,39530,12,4,,1,5,,39598,12,4,,1,5,,39671,12,4,,1,5,,39568,12,4,,1,5,,39581,12,4,,1,5,,39615,12,4,,1,5,,39642,12,4,,1,5,,39623,12,4,,1,5,,39522,12,4,,1,5,,39554,12,4,,1,45,,39546,12,4,,1,5,,39659,12,4,,1,5,,39632,12,4,,1,5,,39531,12,4,,1,5,,39599,12,4,,1,5,,39672,12,4,,1,5,,39569,12,4,,1,5,,39582,12,4,,1,5,,39616,12,4,,1,5,,39643,12,4,,1,5,,39624,12,4,,1,5,,39523,12,4,,1,45,,39555,12,4,,1,5,,39547,12,4,,1,5,,39660,12,4,,1,5,,39633,12,4,,1,5,,39532,12,4,,1,5,,39600,12,4,,1,5,,39673,12,4,,1,5,,39570,12,4,,1,7,,39583,12,4,,1,5,,39617,12,4,,1,4,,39644,12,4,,1,6,,39625,12,4,,1,53,,39556,12,4,,1,10,,39661,12,4,,1,10,,39533,12,4,,1,10,,39601,12,4,,1,10,,39571,12,4,,1,50,,39584,12,4,,1,10,,39645,12,4,,1,10,,39557,12,4,,1,10,,39662,12,4,,1,10,,39534,12,4,,1,10,,39602,12,4,,1,50,,39572,12,4,,1,10,,39585,12,4,,1,10,,39646,12,4,,1,10,,39558,12,4,,1,10,,39663,12,4,,1,10,,39535,12,4,,1,50,,39603,12,4,,1,15,,39573,12,4,,1,15,,39586,12,4,,1,15,,39647,12,4,,1,55,,39664,12,4,,1,15,,39604,12,4,,1,15,,39574,12,4,,1,15,,39587,12,4,,1,55,,39648,12,4,,1,15,,39665,12,4,,1,15,,39605,12,4,,1,15,,39575,12,4,,1,55,,39588,12,4,,1,15,,39649,12,4,,1,15,,39666,12,4,,1
18002300,'20260914-Weekday-7-26-09',530,,39674,12,4,,1,10,,39698,12,4,,1,10,,39686,12,4,,1,9,,39710,12,4,,1,51,,39751,12,4,,1,10,,39721,12,4,,1,7,,39738,12,4,,1,5,,39768,12,4,,1,5,,39675,12,4,,1,5,,39780,12,4,,1,5,,39699,12,4,,1,5,,39788,12,4,,1,5,,39687,12,4,,1,45,,39812,12,4,,1,5,,39711,12,4,,1,5,,39796,12,4,,1,5,,39752,12,4,,1,5,,39829,12,4,,1,5,,39722,12,4,,1,5,,39739,12,4,,1,5,,39769,12,4,,1,5,,39676,12,4,,1,5,,39781,12,4,,1,5,,39700,12,4,,1,5,,39789,12,4,,1,45,,39688,12,4,,1,5,,39813,12,4,,1,5,,39712,12,4,,1,5,,39797,12,4,,1,5,,39753,12,4,,1,5,,39830,12,4,,1,5,,39723,12,4,,1,5,,39740,12,4,,1,5,,39770,12,4,,1,5,,39677,12,4,,1,5,,39782,12,4,,1,5,,39701,12,4,,1,45,,39790,12,4,,1,5,,39689,12,4,,1,5,,39814,12,4,,1,5,,39713,12,4,,1,5,,39798,12,4,,1,5,,39754,12,4,,1,5,,39831,12,4,,1,5,,39724,12,4,,1,5,,39741,12,4,,1,5,,39771,12,4,,1,5,,39678,12,4,,1,5,,39783,12,4,,1,45,,39702,12,4,,1,6,,39791,12,4,,1,5,,39690,12,4,,1,5,,39815,12,4,,1,6,,39714,12,4,,1,6,,39799,12,4,,1,7,,39755,12,4,,1,10,,39725,12,4,,1,10,,39772,12,4,,1,50,,39679,12,4,,1,10,,39703,12,4,,1,10,,39816,12,4,,1,10,,39800,12,4,,1,10,,39756,12,4,,1,10,,39726,12,4,,1,50,,39773,12,4,,1,10,,39680,12,4,,1,10,,39704,12,4,,1,10,,39817,12,4,,1,10,,39801,12,4,,1,10,,39757,12,4,,1,50,,39727,12,4,,1,10,,39774,12,4,,1,10,,39681,12,4,,1,10,,39705,12,4,,1,10,,39818,12,4,,1,10,,39802,12,4,,1,50,,39758,12,4,,1,10,,39728,12,4,,1,10,,39775,12,4,,1,8,,39682,12,4,,1,10,,39706,12,4,,1,10,,39819,12,4,,1,47,,39792,12,4,,1,5,,39691,12,4,,1,5,,39759,12,4,,1,5,,39832,12,4,,1,5,,39729,12,4,,1,5,,39742,12,4,,1,5,,39776,12,4,,1,5,,39803,12,4,,1,5,,39784,12,4,,1,5,,39683,12,4,,1,5,,39715,12,4,,1,5,,39707,12,4,,1,45,,39820,12,4,,1,5,,39793,12,4,,1,5,,39692,12,4,,1,5,,39760,12,4,,1,5,,39833,12,4,,1,5,,39730,12,4,,1,5,,39743,12,4,,1,5,,39777,12,4,,1,5,,39804,12,4,,1,5,,39785,12,4,,1,5,,39684,12,4,,1,5,,39716,12,4,,1,45,,39708,12,4,,1,5,,39821,12,4,,1,5,,39794,12,4,,1,5,,39693,12,4,,1,5,,39761,12,4,,1,5,,39834,12,4,,1,5,,39731,12,4,,1,5,,39744,12,4,,1,5,,39778,12,4,,1,5,,39805,12,4,,1,5,,39786,12,4,,1,5,,39685,12,4,,1,45,,39717,12,4,,1,5,,39709,12,4,,1,5,,39822,12,4,,1,5,,39795,12,4,,1,5,,39694,12,4,,1,5,,39762,12,4,,1,5,,39835,12,4,,1,5,,39732,12,4,,1,7,,39745,12,4,,1,5,,39779,12,4,,1,4,,39806,12,4,,1,6,,39787,12,4,,1,53,,39718,12,4,,1,10,,39823,12,4,,1,10,,39695,12,4,,1,10,,39763,12,4,,1,10,,39733,12,4,,1,50,,39746,12,4,,1,10,,39807,12,4,,1,10,,39719,12,4,,1,10,,39824,12,4,,1,10,,39696,12,4,,1,10,,39764,12,4,,1,50,,39734,12,4,,1,10,,39747,12,4,,1,10,,39808,12,4,,1,10,,39720,12,4,,1,10,,39825,12,4,,1,10,,39697,12,4,,1,50,,39765,12,4,,1,15,,39735,12,4,,1,15,,39748,12,4,,1,15,,39809,12,4,,1,55,,39826,12,4,,1,15,,39766,12,4,,1,15,,39736,12,4,,1,15,,39749,12,4,,1,55,,39810,12,4,,1,15,,39827,12,4,,1,15,,39767,12,4,,1,15,,39737,12,4,,1,55,,39750,12,4,,1,15,,39811,12,4,,1,15,,39828,12,4,,1
18002300,'20260917-Holiday1-1-26-09',530,,34782,12,4,,1,10,,34809,12,4,,1,10,,34794,12,4,,1,9,,34821,12,4,,1,51,,34865,12,4,,1,10,,34835,12,4,,1,7,,34852,12,4,,1,5,,34883,12,4,,1,5,,34783,12,4,,1,5,,34895,12,4,,1,5,,34810,12,4,,1,5,,34903,12,4,,1,5,,34795,12,4,,1,45,,34927,12,4,,1,5,,34822,12,4,,1,5,,34911,12,4,,1,5,,34866,12,4,,1,5,,34944,12,4,,1,5,,34836,12,4,,1,5,,34853,12,4,,1,5,,34884,12,4,,1,5,,34784,12,4,,1,5,,34896,12,4,,1,5,,34811,12,4,,1,5,,34904,12,4,,1,45,,34796,12,4,,1,5,,34928,12,4,,1,5,,34823,12,4,,1,5,,34912,12,4,,1,5,,34867,12,4,,1,5,,34945,12,4,,1,5,,34837,12,4,,1,5,,34854,12,4,,1,5,,34885,12,4,,1,5,,34785,12,4,,1,5,,34897,12,4,,1,5,,34812,12,4,,1,45,,34905,12,4,,1,5,,34797,12,4,,1,5,,34929,12,4,,1,5,,34824,12,4,,1,5,,34913,12,4,,1,5,,34868,12,4,,1,5,,34946,12,4,,1,5,,34838,12,4,,1,5,,34855,12,4,,1,5,,34886,12,4,,1,5,,34786,12,4,,1,5,,34898,12,4,,1,45,,34813,12,4,,1,6,,34906,12,4,,1,5,,34798,12,4,,1,5,,34930,12,4,,1,6,,34825,12,4,,1,6,,34914,12,4,,1,7,,34869,12,4,,1,10,,34839,12,4,,1,10,,34887,12,4,,1,50,,34787,12,4,,1,10,,34814,12,4,,1,10,,34931,12,4,,1,10,,34915,12,4,,1,10,,34870,12,4,,1,10,,34840,12,4,,1,50,,34888,12,4,,1,10,,34788,12,4,,1,10,,34815,12,4,,1,10,,34932,12,4,,1,10,,34916,12,4,,1,10,,34871,12,4,,1,50,,34841,12,4,,1,10,,34889,12,4,,1,10,,34789,12,4,,1,10,,34816,12,4,,1,10,,34933,12,4,,1,10,,34917,12,4,,1,50,,34872,12,4,,1,10,,34842,12,4,,1,10,,34890,12,4,,1,8,,34790,12,4,,1,10,,34817,12,4,,1,10,,34934,12,4,,1,47,,34907,12,4,,1,5,,34799,12,4,,1,5,,34873,12,4,,1,5,,34947,12,4,,1,5,,34843,12,4,,1,5,,34856,12,4,,1,5,,34891,12,4,,1,5,,34918,12,4,,1,5,,34899,12,4,,1,5,,34791,12,4,,1,5,,34826,12,4,,1,5,,34818,12,4,,1,45,,34935,12,4,,1,5,,34908,12,4,,1,5,,34800,12,4,,1,5,,34874,12,4,,1,5,,34948,12,4,,1,5,,34844,12,4,,1,5,,34857,12,4,,1,5,,34892,12,4,,1,5,,34919,12,4,,1,5,,34900,12,4,,1,5,,34792,12,4,,1,5,,34827,12,4,,1,45,,34819,12,4,,1,5,,34936,12,4,,1,5,,34909,12,4,,1,5,,34801,12,4,,1,5,,34875,12,4,,1,5,,34949,12,4,,1,5,,34845,12,4,,1,5,,34858,12,4,,1,5,,34893,12,4,,1,5,,34920,12,4,,1,5,,34901,12,4,,1,5,,34793,12,4,,1,45,,34828,12,4,,1,5,,34820,12,4,,1,5,,34937,12,4,,1,5,,34910,12,4,,1,5,,34802,12,4,,1,5,,34876,12,4,,1,5,,34950,12,4,,1,5,,34846,12,4,,1,7,,34859,12,4,,1,5,,34894,12,4,,1,4,,34921,12,4,,1,6,,34902,12,4,,1,53,,34829,12,4,,1,10,,34938,12,4,,1,10,,34803,12,4,,1,10,,34877,12,4,,1,10,,34847,12,4,,1,50,,34860,12,4,,1,10,,34922,12,4,,1,10,,34830,12,4,,1,10,,34939,12,4,,1,10,,34804,12,4,,1,10,,34878,12,4,,1,50,,34848,12,4,,1,10,,34861,12,4,,1,10,,34923,12,4,,1,10,,34831,12,4,,1,10,,34940,12,4,,1,10,,34805,12,4,,1,50,,34879,12,4,,1,10,,34849,12,4,,1,10,,34862,12,4,,1,10,,34924,12,4,,1,10,,34832,12,4,,1,10,,34941,12,4,,1,50,,34806,12,4,,1,10,,34880,12,4,,1,10,,34850,12,4,,1,10,,34863,12,4,,1,10,,34925,12,4,,1,10,,34833,12,4,,1,50,,34942,12,4,,1,10,,34807,12,4,,1,10,,34881,12,4,,1,10,,34851,12,4,,1,10,,34864,12,4,,1,10,,34926,12,4,,1,50,,34834,12,4,,1,10,,34943,12,4,,1,10,,34808,12,4,,1,10,,34882,12,4,,1
18002300,'20260919-Saturday-1-26-09',542,,34951,12,4,,1,10,,34968,12,4,,1,50,,34985,12,4,,1,10,,34997,12,4,,1,10,,35014,12,4,,1,10,,35031,12,4,,1,10,,35047,12,4,,1,10,,34952,12,4,,1,50,,34969,12,4,,1,10,,34986,12,4,,1,10,,34998,12,4,,1,10,,35015,12,4,,1,10,,35032,12,4,,1,10,,35048,12,4,,1,50,,34953,12,4,,1,10,,34970,12,4,,1,10,,34987,12,4,,1,10,,34999,12,4,,1,10,,35016,12,4,,1,10,,35033,12,4,,1,50,,35049,12,4,,1,10,,34954,12,4,,1,10,,34971,12,4,,1,10,,34988,12,4,,1,10,,35000,12,4,,1,10,,35017,12,4,,1,50,,35034,12,4,,1,10,,35050,12,4,,1,10,,34955,12,4,,1,10,,34972,12,4,,1,10,,34989,12,4,,1,10,,35001,12,4,,1,50,,35018,12,4,,1,10,,35035,12,4,,1,10,,35051,12,4,,1,10,,34956,12,4,,1,10,,34973,12,4,,1,10,,34990,12,4,,1,50,,35002,12,4,,1,10,,35019,12,4,,1,10,,35036,12,4,,1,10,,35052,12,4,,1,10,,34957,12,4,,1,10,,34974,12,4,,1,50,,34991,12,4,,1,10,,35003,12,4,,1,10,,35020,12,4,,1,10,,35037,12,4,,1,10,,35053,12,4,,1,10,,34958,12,4,,1,50,,34975,12,4,,1,10,,34992,12,4,,1,10,,35004,12,4,,1,10,,35021,12,4,,1,10,,35038,12,4,,1,10,,35054,12,4,,1,50,,34959,12,4,,1,10,,34976,12,4,,1,10,,34993,12,4,,1,10,,35005,12,4,,1,10,,35022,12,4,,1,10,,35039,12,4,,1,50,,35055,12,4,,1,10,,34960,12,4,,1,10,,34977,12,4,,1,10,,34994,12,4,,1,10,,35006,12,4,,1,10,,35023,12,4,,1,50,,35040,12,4,,1,10,,35056,12,4,,1,10,,34961,12,4,,1,10,,34978,12,4,,1,10,,34995,12,4,,1,10,,35007,12,4,,1,50,,35024,12,4,,1,10,,35041,12,4,,1,10,,35057,12,4,,1,10,,34962,12,4,,1,10,,34979,12,4,,1,10,,34996,12,4,,1,50,,35008,12,4,,1,15,,35025,12,4,,1,15,,35042,12,4,,1,15,,34963,12,4,,1,55,,34980,12,4,,1,15,,35009,12,4,,1,15,,35026,12,4,,1,15,,35043,12,4,,1,55,,34964,12,4,,1,15,,34981,12,4,,1,15,,35010,12,4,,1,15,,35027,12,4,,1,55,,35044,12,4,,1,15,,34965,12,4,,1,15,,34982,12,4,,1,15,,35011,12,4,,1,55,,35028,12,4,,1,15,,35045,12,4,,1,15,,34966,12,4,,1,15,,34983,12,4,,1,55,,35012,12,4,,1,15,,35029,12,4,,1,15,,35046,12,4,,1,15,,34967,12,4,,1,55,,34984,12,4,,1,15,,35013,12,4,,1,15,,35030,12,4,,1
