18002100,'021R-Weekday-1-26-09',542,,32280,15,,,1,12,,32281,15,,,1,52,,32282,15,,,1,12,,32283,15,,,1,12,,32284,15,,,1,12,,32285,15,,,1,12,,32286,15,,,1,46,,32287,15,,,1,6,,32288,15,,,1,6,,32289,15,,,1,6,,32290,15,,,1,6,,32291,15,,,1,6,,32292,15,,,1,6,,32293,15,,,1,6,,32294,15,,,1,6,,32295,15,,,1,6,,32296,15,,,1,46,,32297,15,,,1,6,,32298,15,,,1,6,,32299,15,,,1,6,,32300,15,,,1,6,,32301,15,,,1,6,,32302,15,,,1,6,,32303,15,,,1,6,,32304,15,,,1,6,,32305,15,,,1,6,,32306,15,,,1,46,,32307,15,,,1,6,,32308,15,,,1,6,,32309,15,,,1,6,,32310,15,,,1,6,,32311,15,,,1,6,,32312,15,,,1,6,,32313,15,,,1,6,,32314,15,,,1,6,,32315,15,,,1,6,,32316,15,,,1,46,,32317,15,,,1,6,,32318,15,,,1,6,,32319,15,,,1,10,,32320,15,,,1,10,,32321,15,,,1,10,,32322,15,,,1,10,,32323,15,,,1,50,,32324,15,,,1,10,,32325,15,,,1,10,,32326,15,,,1,10,,32327,15,,,1,10,,32328,15,,,1,10,,32329,15,,,1,50,,32330,15,,,1,10,,32331,15,,,1,10,,32332,15,,,1,10,,32333,15,,,1,10,,32334,15,,,1,10,,32335,15,,,1,50,,32336,15,,,1,10,,32337,15,,,1,10,,32338,15,,,1,10,,32339,15,,,1,10,,32340,15,,,1,10,,32341,15,,,1,50,,32342,15,,,1,10,,32343,15,,,1,10,,32344,15,,,1,10,,32345,15,,,1,10,,32346,15,,,1,10,,32347,15,,,1,50,,32348,15,,,1,10,,32349,15,,,1,6,,32350,15,,,1,6,,32351,15,,,1,6,,32352,15,,,1,6,,32353,15,,,1,6,,32354,15,,,1,6,,32355,15,,,1,6,,32356,15,,,1,46,,32357,15,,,1,6,,32358,15,,,1,6,,32359,15,,,1,6,,32360,15,,,1,6,,32361,15,,,1,6,,32362,15,,,1,6,,32363,15,,,1,6,,32364,15,,,1,6,,32365,15,,,1,6,,32366,15,,,1,46,,32367,15,,,1,6,,32368,15,,,1,6,,32369,15,,,1,6,,32370,15,,,1,6,,32371,15,,,1,6,,32372,15,,,1,6,,32373,15,,,1,6,,32374,15,,,1,6,,32375,15,,,1,6,,32376,15,,,1,46,,32377,15,,,1,6,,32378,15,,,1,6,,32379,15,,,1,6,,32380,15,,,1,6,,32381,15,,,1,6,,32382,15,,,1,6,,32383,15,,,1,6,,32384,15,,,1,6,,32385,15,,,1,6,,32386,15,,,1,46,,32387,15,,,1,6,,32388,15,,,1,6,,32389,15,,,1,6,,32390,15,,,1,9,,32415,15,,,1,15,,32391,15,,,1,15,,32392,15,,,1,55,,32393,15,,,1,15,,32394,15,,,1,15,,32395,15,,,1,15,,32396,15,,,1,55,,32397,15,,,1,15,,32398,15,,,1,15,,32399,15,,,1,15,,32400,15,,,1,55,,32401,15,,,1,15,,32402,15,,,1,15,,32403,15,,,1,15,,32404,15,,,1,55,,32405,15,,,1,15,,32406,15,,,1,15,,32407,15,,,1,15,,32408,15,,,1,55,,32409,15,,,1,15,,32410,15,,,1,15,,32411,15,,,1,15,,32412,15,,,1,55,,32413,15,,,1,15,,32414,15,,,1,15,,32416,15,,,1
18002100,'021R-Weekday-2-26-09',542,,32417,15,,,1,12,,32418,15,,,1,52,,32419,15,,,1,12,,32420,15,,,1,12,,32421,15,,,1,12,,32422,15,,,1,12,,32423,15,,,1,46,,32424,15,,,1,6,,32425,15,,,1,6,,32426,15,,,1,6,,32427,15,,,1,6,,32428,15,,,1,6,,32429,15,,,1,6,,32430,15,,,1,6,,32431,15,,,1,6,,32432,15,,,1,6,,32433,15,,,1,46,,32434,15,,,1,6,,32435,15,,,1,6,,32436,15,,,1,6,,32437,15,,,1,6,,32438,15,,,1,6,,32439,15,,,1,6,,32440,15,,,1,6,,32441,15,,,1,6,,32442,15,,,1,6,,32443,15,,,1,46,,32444,15,,,1,6,,32445,15,,,1,6,,32446,15,,,1,6,,32447,15,,,1,6,,32448,15,,,1,6,,32449,15,,,1,6,,32450,15,,,1,6,,32451,15,,,1,6,,32452,15,,,1,6,,32453,15,,,1,46,,32454,15,,,1,6,,32455,15,,,1,6,,32456,15,,,1,10,,32457,15,,,1,10,,32458,15,,,1,10,,32459,15,,,1,10,,32460,15,,,1,50,,32461,15,,,1,10,,32462,15,,,1,10,,32463,15,,,1,10,,32464,15,,,1,10,,32465,15,,,1,10,,32466,15,,,1,50,,32467,15,,,1,10,,32468,15,,,1,10,,32469,15,,,1,10,,32470,15,,,1,10,,32471,15,,,1,10,,32472,15,,,1,50,,32473,15,,,1,10,,32474,15,,,1,10,,32475,15,,,1,10,,32476,15,,,1,10,,32477,15,,,1,10,,32478,15,,,1,50,,32479,15,,,1,10,,32480,15,,,1,10,,32481,15,,,1,10,,32482,15,,,1,10,,32483,15,,,1,10,,32484,15,,,1,50,,32485,15,,,1,10,,32486,15,,,1,6,,32487,15,,,1,6,,32488,15,,,1,6,,32489,15,,,1,6,,32490,15,,,1,6,,32491,15,,,1,6,,32492,15,,,1,6,,32493,15,,,1,46,,32494,15,,,1,6,,32495,15,,,1,6,,32496,15,,,1,6,,32497,15,,,1,6,,32498,15,,,1,6,,32499,15,,,1,6,,32500,15,,,1,6,,32501,15,,,1,6,,32502,15,,,1,6,,32503,15,,,1,46,,32504,15,,,1,6,,32505,15,,,1,6,,32506,15,,,1,6,,32507,15,,,1,6,,32508,15,,,1,6,,32509,15,,,1,6,,32510,15,,,1,6,,32511,15,,,1,6,,32512,15,,,1,6,,32513,15,,,1,46,,32514,15,,,1,6,,32515,15,,,1,6,,32516,15,,,1,6,,32517,15,,,1,6,,32518,15,,,1,6,,32519,15,,,1,6,,32520,15,,,1,6,,32521,15,,,1,6,,32522,15,,,1,6,,32523,15,,,1,46,,32524,15,,,1,6,,32525,15,,,1,6,,32526,15,,,1,6,,32527,15,,,1,9,,32552,15,,,1,15,,32528,15,,,1,15,,32529,15,,,1,55,,32530,15,,,1,15,,32531,15,,,1,15,,32532,15,,,1,15,,32533,15,,,1,55,,32534,15,,,1,15,,32535,15,,,1,15,,32536,15,,,1,15,,32537,15,,,1,55,,32538,15,,,1,15,,32539,15,,,1,15,,32540,15,,,1,15,,32541,15,,,1,55,,32542,15,,,1,15,,32543,15,,,1,15,,32544,15,,,1,15,,32545,15,,,1,55,,32546,15,,,1,15,,32547,15,,,1,15,,32548,15,,,1,15,,32549,15,,,1,55,,32550,15,,,1,15,,32551,15,,,1,15,,32553,15,,,1
18002100,'021R-Weekday-3-26-09',542,,35906,15,,,1,12,,35907,15,,,1,52,,35908,15,,,1,12,,35909,15,,,1,12,,35910,15,,,1,12,,35911,15,,,1,12,,35912,15,,,1,46,,35913,15,,,1,6,,35914,15,,,1,6,,35915,15,,,1,6,,35916,15,,,1,6,,35917,15,,,1,6,,35918,15,,,1,6,,35919,15,,,1,6,,35920,15,,,1,6,,35921,15,,,1,6,,35922,15,,,1,46,,35923,15,,,1,6,,35924,15,,,1,6,,35925,15,,,1,6,,35926,15,,,1,6,,35927,15,,,1,6,,35928,15,,,1,6,,35929,15,,,1,6,,35930,15,,,1,6,,35931,15,,,1,6,,35932,15,,,1,46,,35933,15,,,1,6,,35934,15,,,1,6,,35935,15,,,1,6,,35936,15,,,1,6,,35937,15,,,1,6,,35938,15,,,1,6,,35939,15,,,1,6,,35940,15,,,1,6,,35941,15,,,1,6,,35942,15,,,1,46,,35943,15,,,1,6,,35944,15,,,1,6,,35945,15,,,1,10,,35946,15,,,1,10,,35947,15,,,1,10,,35948,15,,,1,10,,35949,15,,,1,50,,35950,15,,,1,10,,35951,15,,,1,10,,35952,15,,,1,10,,35953,15,,,1,10,,35954,15,,,1,10,,35955,15,,,1,50,,35956,15,,,1,10,,35957,15,,,1,10,,35958,15,,,1,10,,35959,15,,,1,10,,35960,15,,,1,10,,35961,15,,,1,50,,35962,15,,,1,10,,35963,15,,,1,10,,35964,15,,,1,10,,35965,15,,,1,10,,35966,15,,,1,10,,35967,15,,,1,50,,35968,15,,,1,10,,35969,15,,,1,10,,35970,15,,,1,10,,35971,15,,,1,10,,35972,15,,,1,10,,35973,15,,,1,50,,35974,15,,,1,10,,35975,15,,,1,6,,35976,15,,,1,6,,35977,15,,,1,6,,35978,15,,,1,6,,35979,15,,,1,6,,35980,15,,,1,6,,35981,15,,,1,6,,35982,15,,,1,46,,35983,15,,,1,6,,35984,15,,,1,6,,35985,15,,,1,6,,35986,15,,,1,6,,35987,15,,,1,6,,35988,15,,,1,6,,35989,15,,,1,6,,35990,15,,,1,6,,35991,15,,,1,6,,35992,15,,,1,46,,35993,15,,,1,6,,35994,15,,,1,6,,35995,15,,,1,6,,35996,15,,,1,6,,35997,15,,,1,6,,35998,15,,,1,6,,35999,15,,,1,6,,36000,15,,,1,6,,36001,15,,,1,6,,36002,15,,,1,46,,36003,15,,,1,6,,36004,15,,,1,6,,36005,15,,,1,6,,36006,15,,,1,6,,36007,15,,,1,6,,36008,15,,,1,6,,36009,15,,,1,6,,36010,15,,,1,6,,36011,15,,,1,6,,36012,15,,,1,46,,36013,15,,,1,6,,36014,15,,,1,6,,36015,15,,,1,6,,36016,15,,,1,9,,36041,15,,,1,15,,36017,15,,,1,15,,36018,15,,,1,55,,36019,15,,,1,15,,36020,15,,,1,15,,36021,15,,,1,15,,36022,15,,,1,55,,36023,15,,,1,15,,36024,15,,,1,15,,36025,15,,,1,15,,36026,15,,,1,55,,36027,15,,,1,15,,36028,15,,,1,15,,36029,15,,,1,15,,36030,15,,,1,55,,36031,15,,,1,15,,36032,15,,,1,15,,36033,15,,,1,15,,36034,15,,,1,55,,36035,15,,,1,15,,36036,15,,,1,15,,36037,15,,,1,15,,36038,15,,,1,55,,36039,15,,,1,15,,36040,15,,,1,15,,36042,15,,,1
18002100,'021R-Weekday-4-26-09',542,,32554,15,,,1,12,,32555,15,,,1,52,,32556,15,,,1,12,,32557,15,,,1,12,,32558,15,,,1,12,,32559,15,,,1,12,,32560,15,,,1,46,,32561,15,,,1,6,,32562,15,,,1,6,,32563,15,,,1,6,,32564,15,,,1,6,,32565,15,,,1,6,,32566,15,,,1,6,,32567,15,,,1,6,,32568,15,,,1,6,,32569,15,,,1,6,,32570,15,,,1,46,,32571,15,,,1,6,,32572,15,,,1,6,,32573,15,,,1,6,,32574,15,,,1,6,,32575,15,,,1,6,,32576,15,,,1,6,,32577,15,,,1,6,,32578,15,,,1,6,,32579,15,,,1,6,,32580,15,,,1,46,,32581,15,,,1,6,,32582,15,,,1,6,,32583,15,,,1,6,,32584,15,,,1,6,,32585,15,,,1,6,,32586,15,,,1,6,,32587,15,,,1,6,,32588,15,,,1,6,,32589,15,,,1,6,,32590,15,,,1,46,,32591,15,,,1,6,,32592,15,,,1,6,,32593,15,,,1,10,,32594,15,,,1,10,,32595,15,,,1,10,,32596,15,,,1,10,,32597,15,,,1,50,,32598,15,,,1,10,,32599,15,,,1,10,,32600,15,,,1,10,,32601,15,,,1,10,,32602,15,,,1,10,,32603,15,,,1,50,,32604,15,,,1,10,,32605,15,,,1,10,,32606,15,,,1,10,,32607,15,,,1,10,,32608,15,,,1,10,,32609,15,,,1,50,,32610,15,,,1,10,,32611,15,,,1,10,,32612,15,,,1,10,,32613,15,,,1,10,,32614,15,,,1,10,,32615,15,,,1,50,,32616,15,,,1,10,,32617,15,,,1,10,,32618,15,,,1,10,,32619,15,,,1,10,,32620,15,,,1,10,,32621,15,,,1,50,,32622,15,,,1,10,,32623,15,,,1,6,,32624,15,,,1,6,,32625,15,,,1,6,,32626,15,,,1,6,,32627,15,,,1,6,,32628,15,,,1,6,,32629,15,,,1,6,,32630,15,,,1,46,,32631,15,,,1,6,,32632,15,,,1,6,,32633,15,,,1,6,,32634,15,,,1,6,,32635,15,,,1,6,,32636,15,,,1,6,,32637,15,,,1,6,,32638,15,,,1,6,,32639,15,,,1,6,,32640,15,,,1,46,,32641,15,,,1,6,,32642,15,,,1,6,,32643,15,,,1,6,,32644,15,,,1,6,,32645,15,,,1,6,,32646,15,,,1,6,,32647,15,,,1,6,,32648,15,,,1,6,,32649,15,,,1,6,,32650,15,,,1,46,,32651,15,,,1,6,,32652,15,,,1,6,,32653,15,,,1,6,,32654,15,,,1,6,,32655,15,,,1,6,,32656,15,,,1,6,,32657,15,,,1,6,,32658,15,,,1,6,,32659,15,,,1,6,,32660,15,,,1,46,,32661,15,,,1,6,,32662,15,,,1,6,,32663,15,,,1,6,,32664,15,,,1,9,,32689,15,,,1,15,,32665,15,,,1,15,,32666,15,,,1,55,,32667,15,,,1,15,,32668,15,,,1,15,,32669,15,,,1,15,,32670,15,,,1,55,,32671,15,,,1,15,,32672,15,,,1,15,,32673,15,,,1,15,,32674,15,,,1,55,,32675,15,,,1,15,,32676,15,,,1,15,,32677,15,,,1,15,,32678,15,,,1,55,,32679,15,,,1,15,,32680,15,,,1,15,,32681,15,,,1,15,,32682,15,,,1,55,,32683,15,,,1,15,,32684,15,,,1,15,,32685,15,,,1,15,,32686,15,,,1,55,,32687,15,,,1,15,,32688,15,,,1,15,,32690,15,,,1
18002100,'021R-Weekday-5-26-09',542,,36043,15,,,1,12,,36044,15,,,1,52,,36045,15,,,1,12,,36046,15,,,1,12,,36047,15,,,1,12,,36048,15,,,1,12,,36049,15,,,1,46,,36050,15,,,1,6,,36051,15,,,1,6,,36052,15,,,1,6,,36053,15,,,1,6,,36054,15,,,1,6,,36055,15,,,1,6,,36056,15,,,1,6,,36057,15,,,1,6,,36058,15,,,1,6,,36059,15,,,1,46,,36060,15,,,1,6,,36061,15,,,1,6,,36062,15,,,1,6,,36063,15,,,1,6,,36064,15,,,1,6,,36065,15,,,1,6,,36066,15,,,1,6,,36067,15,,,1,6,,36068,15,,,1,6,,36069,15,,,1,46,,36070,15,,,1,6,,36071,15,,,1,6,,36072,15,,,1,6,,36073,15,,,1,6,,36074,15,,,1,6,,36075,15,,,1,6,,36076,15,,,1,6,,36077,15,,,1,6,,36078,15,,,1,6,,36079,15,,,1,46,,36080,15,,,1,6,,36081,15,,,1,6,,36082,15,,,1,10,,36083,15,,,1,10,,36084,15,,,1,10,,36085,15,,,1,10,,36086,15,,,1,50,,36087,15,,,1,10,,36088,15,,,1,10,,36089,15,,,1,10,,36090,15,,,1,10,,36091,15,,,1,10,,36092,15,,,1,50,,36093,15,,,1,10,,36094,15,,,1,10,,36095,15,,,1,10,,36096,15,,,1,10,,36097,15,,,1,10,,36098,15,,,1,50,,36099,15,,,1,10,,36100,15,,,1,10,,36101,15,,,1,10,,36102,15,,,1,10,,36103,15,,,1,10,,36104,15,,,1,50,,36105,15,,,1,10,,36106,15,,,1,10,,36107,15,,,1,10,,36108,15,,,1,10,,36109,15,,,1,10,,36110,15,,,1,50,,36111,15,,,1,10,,36112,15,,,1,6,,36113,15,,,1,6,,36114,15,,,1,6,,36115,15,,,1,6,,36116,15,,,1,6,,36117,15,,,1,6,,36118,15,,,1,6,,36119,15,,,1,46,,36120,15,,,1,6,,36121,15,,,1,6,,36122,15,,,1,6,,36123,15,,,1,6,,36124,15,,,1,6,,36125,15,,,1,6,,36126,15,,,1,6,,36127,15,,,1,6,,36128,15,,,1,6,,36129,15,,,1,46,,36130,15,,,1,6,,36131,15,,,1,6,,36132,15,,,1,6,,36133,15,,,1,6,,36134,15,,,1,6,,36135,15,,,1,6,,36136,15,,,1,6,,36137,15,,,1,6,,36138,15,,,1,6,,36139,15,,,1,46,,36140,15,,,1,6,,36141,15,,,1,6,,36142,15,,,1,6,,36143,15,,,1,6,,36144,15,,,1,6,,36145,15,,,1,6,,36146,15,,,1,6,,36147,15,,,1,6,,36148,15,,,1,6,,36149,15,,,1,46,,36150,15,,,1,6,,36151,15,,,1,6,,36152,15,,,1,6,,36153,15,,,1,9,,36178,15,,,1,15,,36154,15,,,1,15,,36155,15,,,1,55,,36156,15,,,1,15,,36157,15,,,1,15,,36158,15,,,1,15,,36159,15,,,1,55,,36160,15,,,1,15,,36161,15,,,1,15,,36162,15,,,1,15,,36163,15,,,1,55,,36164,15,,,1,15,,36165,15,,,1,15,,36166,15,,,1,15,,36167,15,,,1,55,,36168,15,,,1,15,,36169,15,,,1,15,,36170,15,,,1,15,,36171,15,,,1,55,,36172,15,,,1,15,,36173,15,,,1,15,,36174,15,,,1,15,,36175,15,,,1,55,,36176,15,,,1,15,,36177,15,,,1,15,,36179,15,,,1
18002100,'021R-Weekday-6-26-09',542,,36180,15,,,1,12,,36181,15,,,1,52,,36182,15,,,1,12,,36183,15,,,1,12,,36184,15,,,1,12,,36185,15,,,1,12,,36186,15,,,1,46,,36187,15,,,1,6,,36188,15,,,1,6,,36189,15,,,1,6,,36190,15,,,1,6,,36191,15,,,1,6,,36192,15,,,1,6,,36193,15,,,1,6,,36194,15,,,1,6,,36195,15,,,1,6,,36196,15,,,1,46,,36197,15,,,1,6,,36198,15,,,1,6,,36199,15,,,1,6,,36200,15,,,1,6,,36201,15,,,1,6,,36202,15,,,1,6,,36203,15,,,1,6,,36204,15,,,1,6,,36205,15,,,1,6,,36206,15,,,1,46,,36207,15,,,1,6,,36208,15,,,1,6,,36209,15,,,1,6,,36210,15,,,1,6,,36211,15,,,1,6,,36212,15,,,1,6,,36213,15,,,1,6,,36214,15,,,1,6,,36215,15,,,1,6,,36216,15,,,1,46,,36217,15,,,1,6,,36218,15,,,1,6,,36219,15,,,1,10,,36220,15,,,1,10,,36221,15,,,1,10,,36222,15,,,1,10,,36223,15,,,1,50,,36224,15,,,1,10,,36225,15,,,1,10,,36226,15,,,1,10,,36227,15,,,1,10,,36228,15,,,1,10,,36229,15,,,1,50,,36230,15,,,1,10,,36231,15,,,1,10,,36232,15,,,1,10,,36233,15,,,1,10,,36234,15,,,1,10,,36235,15,,,1,50,,36236,15,,,1,10,,36237,15,,,1,10,,36238,15,,,1,10,,36239,15,,,1,10,,36240,15,,,1,10,,36241,15,,,1,50,,36242,15,,,1,10,,36243,15,,,1,10,,36244,15,,,1,10,,36245,15,,,1,10,,36246,15,,,1,10,,36247,15,,,1,50,,36248,15,,,1,10,,36249,15,,,1,6,,36250,15,,,1,6,,36251,15,,,1,6,,36252,15,,,1,6,,36253,15,,,1,6,,36254,15,,,1,6,,36255,15,,,1,6,,36256,15,,,1,46,,36257,15,,,1,6,,36258,15,,,1,6,,36259,15,,,1,6,,36260,15,,,1,6,,36261,15,,,1,6,,36262,15,,,1,6,,36263,15,,,1,6,,36264,15,,,1,6,,36265,15,,,1,6,,36266,15,,,1,46,,36267,15,,,1,6,,36268,15,,,1,6,,36269,15,,,1,6,,36270,15,,,1,6,,36271,15,,,1,6,,36272,15,,,1,6,,36273,15,,,1,6,,36274,15,,,1,6,,36275,15,,,1,6,,36276,15,,,1,46,,36277,15,,,1,6,,36278,15,,,1,6,,36279,15,,,1,6,,36280,15,,,1,6,,36281,15,,,1,6,,36282,15,,,1,6,,36283,15,,,1,6,,36284,15,,,1,6,,36285,15,,,1,6,,36286,15,,,1,46,,36287,15,,,1,6,,36288,15,,,1,6,,36289,15,,,1,6,,36290,15,,,1,9,,36315,15,,,1,15,,36291,15,,,1,15,,36292,15,,,1,55,,36293,15,,,1,15,,36294,15,,,1,15,,36295,15,,,1,15,,36296,15,,,1,55,,36297,15,,,1,15,,36298,15,,,1,15,,36299,15,,,1,15,,36300,15,,,1,55,,36301,15,,,1,15,,36302,15,,,1,15,,36303,15,,,1,15,,36304,15,,,1,55,,36305,15,,,1,15,,36306,15,,,1,15,,36307,15,,,1,15,,36308,15,,,1,55,,36309,15,,,1,15,,36310,15,,,1,15,,36311,15,,,1,15,,36312,15,,,1,55,,36313,15,,,1,15,,36314,15,,,1,15,,36316,15,,,1
18002100,'021R-Weekday-7-26-09',542,,36317,15,,,1,12,,36318,15,,,1,52,,36319,15,,,1,12,,36320,15,,,1,12,,36321,15,,,1,12,,36322,15,,,1,12,,36323,15,,,1,46,,36324,15,,,1,6,,36325,15,,,1,6,,36326,15,,,1,6,,36327,15,,,1,6,,36328,15,,,1,6,,36329,15,,,1,6,,36330,15,,,1,6,,36331,15,,,1,6,,36332,15,,,1,6,,36333,15,,,1,46,,36334,15,,,1,6,,36335,15,,,1,6,,36336,15,,,1,6,,36337,15,,,1,6,,36338,15,,,1,6,,36339,15,,,1,6,,36340,15,,,1,6,,36341,15,,,1,6,,36342,15,,,1,6,,36343,15,,,1,46,,36344,15,,,1,6,,36345,15,,,1,6,,36346,15,,,1,6,,36347,15,,,1,6,,36348,15,,,1,6,,36349,15,,,1,6,,36350,15,,,1,6,,36351,15,,,1,6,,36352,15,,,1,6,,36353,15,,,1,46,,36354,15,,,1,6,,36355,15,,,1,6,,36356,15,,,1,10,,36357,15,,,1,10,,36358,15,,,1,10,,36359,15,,,1,10,,36360,15,,,1,50,,36361,15,,,1,10,,36362,15,,,1,10,,36363,15,,,1,10,,36364,15,,,1,10,,36365,15,,,1,10,,36366,15,,,1,50,,36367,15,,,1,10,,36368,15,,,1,10,,36369,15,,,1,10,,36370,15,,,1,10,,36371,15,,,1,10,,36372,15,,,1,50,,36373,15,,,1,10,,36374,15,,,1,10,,36375,15,,,1,10,,36376,15,,,1,10,,36377,15,,,1,10,,36378,15,,,1,50,,36379,15,,,1,10,,36380,15,,,1,10,,36381,15,,,1,10,,36382,15,,,1,10,,36383,15,,,1,10,,36384,15,,,1,50,,36385,15,,,1,10,,36386,15,,,1,6,,36387,15,,,1,6,,36388,15,,,1,6,,36389,15,,,1,6,,36390,15,,,1,6,,36391,15,,,1,6,,36392,15,,,1,6,,36393,15,,,1,46,,36394,15,,,1,6,,36395,15,,,1,6,,36396,15,,,1,6,,36397,15,,,1,6,,36398,15,,,1,6,,36399,15,,,1,6,,36400,15,,,1,6,,36401,15,,,1,6,,36402,15,,,1,6,,36403,15,,,1,46,,36404,15,,,1,6,,36405,15,,,1,6,,36406,15,,,1,6,,36407,15,,,1,6,,36408,15,,,1,6,,36409,15,,,1,6,,36410,15,,,1,6,,36411,15,,,1,6,,36412,15,,,1,6,,36413,15,,,1,46,,36414,15,,,1,6,,36415,15,,,1,6,,36416,15,,,1,6,,36417,15,,,1,6,,36418,15,,,1,6,,36419,15,,,1,6,,36420,15,,,1,6,,36421,15,,,1,6,,36422,15,,,1,6,,36423,15,,,1,46,,36424,15,,,1,6,,36425,15,,,1,6,,36426,15,,,1,6,,36427,15,,,1,9,,36452,15,,,1,15,,36428,15,,,1,15,,36429,15,,,1,55,,36430,15,,,1,15,,36431,15,,,1,15,,36432,15,,,1,15,,36433,15,,,1,55,,36434,15,,,1,15,,36435,15,,,1,15,,36436,15,,,1,15,,36437,15,,,1,55,,36438,15,,,1,15,,36439,15,,,1,15,,36440,15,,,1,15,,36441,15,,,1,55,,36442,15,,,1,15,,36443,15,,,1,15,,36444,15,,,1,15,,36445,15,,,1,55,,36446,15,,,1,15,,36447,15,,,1,15,,36448,15,,,1,15,,36449,15,,,1,55,,36450,15,,,1,15,,36451,15,,,1,15,,36453,15,,,1
18002100,'021R-Saturday-1-26-09',542,,32691,15,,,1,15,,32692,15,,,1,55,,32693,15,,,1,15,,32694,15,,,1,15,,32695,15,,,1,15,,32696,15,,,1,55,,32697,15,,,1,15,,32698,15,,,1,15,,32699,15,,,1,15,,32700,15,,,1,55,,32701,15,,,1,15,,32702,15,,,1,15,,32703,15,,,1,15,,32704,15,,,1,55,,32705,15,,,1,15,,32706,15,,,1,15,,32707,15,,,1,15,,32708,15,,,1,55,,32709,15,,,1,15,,32710,15,,,1,15,,32711,15,,,1,15,,32712,15,,,1,55,,32713,15,,,1,15,,32714,15,,,1,15,,32715,15,,,1,15,,32716,15,,,1,55,,32717,15,,,1,15,,32718,15,,,1,15,,32719,15,,,1,15,,32720,15,,,1,55,,32721,15,,,1,15,,32722,15,,,1,15,,32723,15,,,1,15,,32724,15,,,1,55,,32725,15,,,1,15,,32726,15,,,1,15,,32727,15,,,1,15,,32728,15,,,1,55,,32729,15,,,1,15,,32730,15,,,1,15,,32731,15,,,1,15,,32732,15,,,1,55,,32733,15,,,1,15,,32734,15,,,1,15,,32735,15,,,1,15,,32736,15,,,1,55,,32737,15,,,1,15,,32738,15,,,1,15,,32739,15,,,1,15,,32740,15,,,1,55,,32741,15,,,1,15,,32742,15,,,1,15,,32743,15,,,1,15,,32744,15,,,1,55,,32745,15,,,1,15,,32746,15,,,1,15,,32747,15,,,1,15,,32748,15,,,1,55,,32749,15,,,1,15,,32750,15,,,1,15,,32751,15,,,1,15,,32752,15,,,1,55,,32753,15,,,1,15,,32754,15,,,1,15,,32755,15,,,1,15,,32756,15,,,1,55,,32757,15,,,1,15,,32758,15,,,1,15,,32759,15,,,1,15,,32760,15,,,1,55,,32761,15,,,1,15,,32762,15,,,1,15,,32763,15,,,1,15,,32764,15,,,1,55,,32765,15,,,1,15,,32766,15,,,1,15,,32767,15,,,1,15,,32768,15,,,1,55,,32769,15,,,1,15,,32770,15,,,1,15,,32771,15,,,1
18002100,'021R-Saturday-2-26-09',542,,36454,15,,,1,15,,36455,15,,,1,55,,36456,15,,,1,15,,36457,15,,,1,15,,36458,15,,,1,15,,36459,15,,,1,55,,36460,15,,,1,15,,36461,15,,,1,15,,36462,15,,,1,15,,36463,15,,,1,55,,36464,15,,,1,15,,36465,15,,,1,15,,36466,15,,,1,15,,36467,15,,,1,55,,36468,15,,,1,15,,36469,15,,,1,15,,36470,15,,,1,15,,36471,15,,,1,55,,36472,15,,,1,15,,36473,15,,,1,15,,36474,15,,,1,15,,36475,15,,,1,55,,36476,15,,,1,15,,36477,15,,,1,15,,36478,15,,,1,15,,36479,15,,,1,55,,36480,15,,,1,15,,36481,15,,,1,15,,36482,15,,,1,15,,36483,15,,,1,55,,36484,15,,,1,15,,36485,15,,,1,15,,36486,15,,,1,15,,36487,15,,,1,55,,36488,15,,,1,15,,36489,15,,,1,15,,36490,15,,,1,15,,36491,15,,,1,55,,36492,15,,,1,15,,36493,15,,,1,15,,36494,15,,,1,15,,36495,15,,,1,55,,36496,15,,,1,15,,36497,15,,,1,15,,36498,15,,,1,15,,36499,15,,,1,55,,36500,15,,,1,15,,36501,15,,,1,15,,36502,15,,,1,15,,36503,15,,,1,55,,36504,15,,,1,15,,36505,15,,,1,15,,36506,15,,,1,15,,36507,15,,,1,55,,36508,15,,,1,15,,36509,15,,,1,15,,36510,15,,,1,15,,36511,15,,,1,55,,36512,15,,,1,15,,36513,15,,,1,15,,36514,15,,,1,15,,36515,15,,,1,55,,36516,15,,,1,15,,36517,15,,,1,15,,36518,15,,,1,15,,36519,15,,,1,55,,36520,15,,,1,15,,36521,15,,,1,15,,36522,15,,,1,15,,36523,15,,,1,55,,36524,15,,,1,15,,36525,15,,,1,15,,36526,15,,,1,15,,36527,15,,,1,55,,36528,15,,,1,15,,36529,15,,,1,15,,36530,15,,,1,15,,36531,15,,,1,55,,36532,15,,,1,15,,36533,15,,,1,15,,36534,15,,,1
18002100,'021R-Sunday-1-26-09',612,,32772,15,,,1,15,,32773,15,,,1,15,,32774,15,,,1,15,,32775,15,,,1,55,,32776,15,,,1,15,,32777,15,,,1,15,,32778,15,,,1,15,,32779,15,,,1,55,,32780,15,,,1,15,,32781,15,,,1,15,,32782,15,,,1,15,,32783,15,,,1,55,,32784,15,,,1,15,,32785,15,,,1,15,,32786,15,,,1,15,,32787,15,,,1,55,,32788,15,,,1,15,,32789,15,,,1,15,,32790,15,,,1,15,,32791,15,,,1,55,,32792,15,,,1,15,,32793,15,,,1,15,,32794,15,,,1,15,,32795,15,,,1,55,,32796,15,,,1,15,,32797,15,,,1,15,,32798,15,,,1,15,,32799,15,,,1,55,,32800,15,,,1,15,,32801,15,,,1,15,,32802,15,,,1,15,,32803,15,,,1,55,,32804,15,,,1,15,,32805,15,,,1,15,,32806,15,,,1,15,,32807,15,,,1,55,,32808,15,,,1,15,,32809,15,,,1,15,,32810,15,,,1,15,,32811,15,,,1,55,,32812,15,,,1,15,,32813,15,,,1,15,,32814,15,,,1,15,,32815,15,,,1,55,,32816,15,,,1,15,,32817,15,,,1,15,,32818,15,,,1,15,,32819,15,,,1,55,,32820,15,,,1,15,,32821,15,,,1,15,,32822,15,,,1,15,,32823,15,,,1,55,,32824,15,,,1,15,,32825,15,,,1,15,,32826,15,,,1,15,,32827,15,,,1,55,,32828,15,,,1,15,,32829,15,,,1,15,,32830,15,,,1,15,,32831,15,,,1,55,,32832,15,,,1,15,,32833,15,,,1,15,,32834,15,,,1,15,,32835,15,,,1,55,,32836,15,,,1,15,,32837,15,,,1,15,,32838,15,,,1,15,,32839,15,,,1,55,,32840,15,,,1,15,,32841,15,,,1,15,,32842,15,,,1,15,,32843,15,,,1,55,,32844,15,,,1,15,,32845,15,,,1,15,,32846,15,,,1,15,,32847,15,,,1,55,,32848,15,,,1
18002100,'021R-Sunday-2-26-09',612,,36535,15,,,1,15,,36536,15,,,1,15,,36537,15,,,1,15,,36538,15,,,1,55,,36539,15,,,1,15,,36540,15,,,1,15,,36541,15,,,1,15,,36542,15,,,1,55,,36543,15,,,1,15,,36544,15,,,1,15,,36545,15,,,1,15,,36546,15,,,1,55,,36547,15,,,1,15,,36548,15,,,1,15,,36549,15,,,1,15,,36550,15,,,1,55,,36551,15,,,1,15,,36552,15,,,1,15,,36553,15,,,1,15,,36554,15,,,1,55,,36555,15,,,1,15,,36556,15,,,1,15,,36557,15,,,1,15,,36558,15,,,1,55,,36559,15,,,1,15,,36560,15,,,1,15,,36561,15,,,1,15,,36562,15,,,1,55,,36563,15,,,1,15,,36564,15,,,1,15,,36565,15,,,1,15,,36566,15,,,1,55,,36567,15,,,1,15,,36568,15,,,1,15,,36569,15,,,1,15,,36570,15,,,1,55,,36571,15,,,1,15,,36572,15,,,1,15,,36573,15,,,1,15,,36574,15,,,1,55,,36575,15,,,1,15,,36576,15,,,1,15,,36577,15,,,1,15,,36578,15,,,1,55,,36579,15,,,1,15,,36580,15,,,1,15,,36581,15,,,1,15,,36582,15,,,1,55,,36583,15,,,1,15,,36584,15,,,1,15,,36585,15,,,1,15,,36586,15,,,1,55,,36587,15,,,1,15,,36588,15,,,1,15,,36589,15,,,1,15,,36590,15,,,1,55,,36591,15,,,1,15,,36592,15,,,1,15,,36593,15,,,1,15,,36594,15,,,1,55,,36595,15,,,1,15,,36596,15,,,1,15,,36597,15,,,1,15,,36598,15,,,1,55,,36599,15,,,1,15,,36600,15,,,1,15,,36601,15,,,1,15,,36602,15,,,1,55,,36603,15,,,1,15,,36604,15,,,1,15,,36605,15,,,1,15,,36606,15,,,1,55,,36607,15,,,1,15,,36608,15,,,1,15,,36609,15,,,1,15,,36610,15,,,1,55,,36611,15,,,1
18002100,'021R-Sunday-4-26-09',612,,36612,15,,,1,15,,36613,15,,,1,15,,36614,15,,,1,15,,36615,15,,,1,55,,36616,15,,,1,15,,36617,15,,,1,15,,36618,15,,,1,15,,36619,15,,,1,55,,36620,15,,,1,15,,36621,15,,,1,15,,36622,15,,,1,15,,36623,15,,,1,55,,36624,15,,,1,15,,36625,15,,,1,15,,36626,15,,,1,15,,36627,15,,,1,55,,36628,15,,,1,15,,36629,15,,,1,15,,36630,15,,,1,15,,36631,15,,,1,55,,36632,15,,,1,15,,36633,15,,,1,15,,36634,15,,,1,15,,36635,15,,,1,55,,36636,15,,,1,15,,36637,15,,,1,15,,36638,15,,,1,15,,36639,15,,,1,55,,36640,15,,,1,15,,36641,15,,,1,15,,36642,15,,,1,15,,36643,15,,,1,55,,36644,15,,,1,15,,36645,15,,,1,15,,36646,15,,,1,15,,36647,15,,,1,55,,36648,15,,,1,15,,36649,15,,,1,15,,36650,15,,,1,15,,36651,15,,,1,55,,36652,15,,,1,15,,36653,15,,,1,15,,36654,15,,,1,15,,36655,15,,,1,55,,36656,15,,,1,15,,36657,15,,,1,15,,36658,15,,,1,15,,36659,15,,,1,55,,36660,15,,,1,15,,36661,15,,,1,15,,36662,15,,,1,15,,36663,15,,,1,55,,36664,15,,,1,15,,36665,15,,,1,15,,36666,15,,,1,15,,36667,15,,,1,55,,36668,15,,,1,15,,36669,15,,,1,15,,36670,15,,,1,15,,36671,15,,,1,55,,36672,15,,,1,15,,36673,15,,,1,15,,36674,15,,,1,15,,36675,15,,,1,55,,36676,15,,,1,15,,36677,15,,,1,15,,36678,15,,,1,15,,36679,15,,,1,55,,36680,15,,,1,15,,36681,15,,,1,15,,36682,15,,,1,15,,36683,15,,,1,55,,36684,15,,,1,15,,36685,15,,,1,15,,36686,15,,,1,15,,36687,15,,,1,55,,36688,15,,,1
