18002101,'021R-Weekday-1-26-09',524,,32849,6,,,1,12,,32851,6,,,1,12,,32852,6,,,1,6,,32983,6,,,1,46,,32850,6,,,1,6,,32881,6,,,1,6,,32882,6,,,1,6,,32883,6,,,1,6,,32884,6,,,1,6,,32880,6,,,1,6,,32879,6,,,1,6,,32878,6,,,1,6,,32877,6,,,1,6,,32876,6,,,1,46,,32875,6,,,1,6,,32874,6,,,1,6,,32873,6,,,1,6,,32872,6,,,1,6,,32871,6,,,1,6,,32870,6,,,1,6,,32869,6,,,1,6,,32868,6,,,1,6,,32867,6,,,1,6,,32866,6,,,1,46,,32865,6,,,1,6,,32864,6,,,1,6,,32863,6,,,1,6,,32862,6,,,1,6,,32861,6,,,1,6,,32860,6,,,1,6,,32859,6,,,1,6,,32858,6,,,1,6,,32857,6,,,1,6,,32856,6,,,1,46,,32855,6,,,1,6,,32854,6,,,1,10,,32885,6,,,1,10,,32886,6,,,1,10,,32887,6,,,1,10,,32888,6,,,1,10,,32889,6,,,1,50,,32890,6,,,1,10,,32891,6,,,1,10,,32892,6,,,1,10,,32893,6,,,1,10,,32894,6,,,1,10,,32895,6,,,1,50,,32896,6,,,1,10,,32897,6,,,1,10,,32898,6,,,1,10,,32899,6,,,1,10,,32900,6,,,1,10,,32901,6,,,1,50,,32902,6,,,1,10,,32903,6,,,1,10,,32904,6,,,1,10,,32905,6,,,1,10,,32906,6,,,1,10,,32907,6,,,1,50,,32908,6,,,1,10,,32909,6,,,1,10,,32910,6,,,1,10,,32911,6,,,1,10,,32912,6,,,1,10,,32913,6,,,1,50,,32914,6,,,1,6,,32915,6,,,1,6,,32916,6,,,1,6,,32917,6,,,1,6,,32918,6,,,1,6,,32919,6,,,1,6,,32920,6,,,1,6,,32921,6,,,1,6,,32922,6,,,1,46,,32923,6,,,1,6,,32924,6,,,1,6,,32925,6,,,1,6,,32926,6,,,1,6,,32927,6,,,1,6,,32928,6,,,1,6,,32929,6,,,1,6,,32930,6,,,1,6,,32931,6,,,1,6,,32932,6,,,1,46,,32933,6,,,1,6,,32934,6,,,1,6,,32935,6,,,1,6,,32936,6,,,1,6,,32937,6,,,1,6,,32938,6,,,1,6,,32939,6,,,1,6,,32940,6,,,1,6,,32941,6,,,1,6,,32942,6,,,1,46,,32943,6,,,1,6,,32944,6,,,1,6,,32945,6,,,1,6,,32946,6,,,1,6,,32947,6,,,1,6,,32948,6,,,1,6,,32949,6,,,1,6,,32950,6,,,1,6,,32951,6,,,1,6,,32952,6,,,1,46,,32953,6,,,1,6,,32954,6,,,1,6,,32955,6,,,1,9,,32956,6,,,1,15,,32957,6,,,1,15,,32958,6,,,1,55,,32959,6,,,1,15,,32960,6,,,1,15,,32961,6,,,1,15,,32962,6,,,1,55,,32963,6,,,1,15,,32964,6,,,1,15,,32965,6,,,1,15,,32966,6,,,1,55,,32967,6,,,1,15,,32968,6,,,1,15,,32969,6,,,1,15,,32970,6,,,1,55,,32971,6,,,1,15,,32972,6,,,1,15,,32973,6,,,1,15,,32974,6,,,1,55,,32975,6,,,1,15,,32976,6,,,1,15,,32977,6,,,1,15,,32978,6,,,1,55,,32979,6,,,1,15,,32980,6,,,1,15,,32981,6,,,1,15,,32982,6,,,1,55,,32853,6,,,1
18002101,'021R-Weekday-2-26-09',524,,32984,6,,,1,12,,32986,6,,,1,12,,32987,6,,,1,6,,33118,6,,,1,46,,32985,6,,,1,6,,33016,6,,,1,6,,33017,6,,,1,6,,33018,6,,,1,6,,33019,6,,,1,6,,33015,6,,,1,6,,33014,6,,,1,6,,33013,6,,,1,6,,33012,6,,,1,6,,33011,6,,,1,46,,33010,6,,,1,6,,33009,6,,,1,6,,33008,6,,,1,6,,33007,6,,,1,6,,33006,6,,,1,6,,33005,6,,,1,6,,33004,6,,,1,6,,33003,6,,,1,6,,33002,6,,,1,6,,33001,6,,,1,46,,33000,6,,,1,6,,32999,6,,,1,6,,32998,6,,,1,6,,32997,6,,,1,6,,32996,6,,,1,6,,32995,6,,,1,6,,32994,6,,,1,6,,32993,6,,,1,6,,32992,6,,,1,6,,32991,6,,,1,46,,32990,6,,,1,6,,32989,6,,,1,10,,33020,6,,,1,10,,33021,6,,,1,10,,33022,6,,,1,10,,33023,6,,,1,10,,33024,6,,,1,50,,33025,6,,,1,10,,33026,6,,,1,10,,33027,6,,,1,10,,33028,6,,,1,10,,33029,6,,,1,10,,33030,6,,,1,50,,33031,6,,,1,10,,33032,6,,,1,10,,33033,6,,,1,10,,33034,6,,,1,10,,33035,6,,,1,10,,33036,6,,,1,50,,33037,6,,,1,10,,33038,6,,,1,10,,33039,6,,,1,10,,33040,6,,,1,10,,33041,6,,,1,10,,33042,6,,,1,50,,33043,6,,,1,10,,33044,6,,,1,10,,33045,6,,,1,10,,33046,6,,,1,10,,33047,6,,,1,10,,33048,6,,,1,50,,33049,6,,,1,6,,33050,6,,,1,6,,33051,6,,,1,6,,33052,6,,,1,6,,33053,6,,,1,6,,33054,6,,,1,6,,33055,6,,,1,6,,33056,6,,,1,6,,33057,6,,,1,46,,33058,6,,,1,6,,33059,6,,,1,6,,33060,6,,,1,6,,33061,6,,,1,6,,33062,6,,,1,6,,33063,6,,,1,6,,33064,6,,,1,6,,33065,6,,,1,6,,33066,6,,,1,6,,33067,6,,,1,46,,33068,6,,,1,6,,33069,6,,,1,6,,33070,6,,,1,6,,33071,6,,,1,6,,33072,6,,,1,6,,33073,6,,,1,6,,33074,6,,,1,6,,33075,6,,,1,6,,33076,6,,,1,6,,33077,6,,,1,46,,33078,6,,,1,6,,33079,6,,,1,6,,33080,6,,,1,6,,33081,6,,,1,6,,33082,6,,,1,6,,33083,6,,,1,6,,33084,6,,,1,6,,33085,6,,,1,6,,33086,6,,,1,6,,33087,6,,,1,46,,33088,6,,,1,6,,33089,6,,,1,6,,33090,6,,,1,9,,33091,6,,,1,15,,33092,6,,,1,15,,33093,6,,,1,55,,33094,6,,,1,15,,33095,6,,,1,15,,33096,6,,,1,15,,33097,6,,,1,55,,33098,6,,,1,15,,33099,6,,,1,15,,33100,6,,,1,15,,33101,6,,,1,55,,33102,6,,,1,15,,33103,6,,,1,15,,33104,6,,,1,15,,33105,6,,,1,55,,33106,6,,,1,15,,33107,6,,,1,15,,33108,6,,,1,15,,33109,6,,,1,55,,33110,6,,,1,15,,33111,6,,,1,15,,33112,6,,,1,15,,33113,6,,,1,55,,33114,6,,,1,15,,33115,6,,,1,15,,33116,6,,,1,15,,33117,6,,,1,55,,32988,6,,,1
18002101,'021R-Weekday-3-26-09',524,,36689,6,,,1,12,,36691,6,,,1,12,,36692,6,,,1,6,,36823,6,,,1,46,,36690,6,,,1,6,,36721,6,,,1,6,,36722,6,,,1,6,,36723,6,,,1,6,,36724,6,,,1,6,,36720,6,,,1,6,,36719,6,,,1,6,,36718,6,,,1,6,,36717,6,,,1,6,,36716,6,,,1,46,,36715,6,,,1,6,,36714,6,,,1,6,,36713,6,,,1,6,,36712,6,,,1,6,,36711,6,,,1,6,,36710,6,,,1,6,,36709,6,,,1,6,,36708,6,,,1,6,,36707,6,,,1,6,,36706,6,,,1,46,,36705,6,,,1,6,,36704,6,,,1,6,,36703,6,,,1,6,,36702,6,,,1,6,,36701,6,,,1,6,,36700,6,,,1,6,,36699,6,,,1,6,,36698,6,,,1,6,,36697,6,,,1,6,,36696,6,,,1,46,,36695,6,,,1,6,,36694,6,,,1,10,,36725,6,,,1,10,,36726,6,,,1,10,,36727,6,,,1,10,,36728,6,,,1,10,,36729,6,,,1,50,,36730,6,,,1,10,,36731,6,,,1,10,,36732,6,,,1,10,,36733,6,,,1,10,,36734,6,,,1,10,,36735,6,,,1,50,,36736,6,,,1,10,,36737,6,,,1,10,,36738,6,,,1,10,,36739,6,,,1,10,,36740,6,,,1,10,,36741,6,,,1,50,,36742,6,,,1,10,,36743,6,,,1,10,,36744,6,,,1,10,,36745,6,,,1,10,,36746,6,,,1,10,,36747,6,,,1,50,,36748,6,,,1,10,,36749,6,,,1,10,,36750,6,,,1,10,,36751,6,,,1,10,,36752,6,,,1,10,,36753,6,,,1,50,,36754,6,,,1,6,,36755,6,,,1,6,,36756,6,,,1,6,,36757,6,,,1,6,,36758,6,,,1,6,,36759,6,,,1,6,,36760,6,,,1,6,,36761,6,,,1,6,,36762,6,,,1,46,,36763,6,,,1,6,,36764,6,,,1,6,,36765,6,,,1,6,,36766,6,,,1,6,,36767,6,,,1,6,,36768,6,,,1,6,,36769,6,,,1,6,,36770,6,,,1,6,,36771,6,,,1,6,,36772,6,,,1,46,,36773,6,,,1,6,,36774,6,,,1,6,,36775,6,,,1,6,,36776,6,,,1,6,,36777,6,,,1,6,,36778,6,,,1,6,,36779,6,,,1,6,,36780,6,,,1,6,,36781,6,,,1,6,,36782,6,,,1,46,,36783,6,,,1,6,,36784,6,,,1,6,,36785,6,,,1,6,,36786,6,,,1,6,,36787,6,,,1,6,,36788,6,,,1,6,,36789,6,,,1,6,,36790,6,,,1,6,,36791,6,,,1,6,,36792,6,,,1,46,,36793,6,,,1,6,,36794,6,,,1,6,,36795,6,,,1,9,,36796,6,,,1,15,,36797,6,,,1,15,,36798,6,,,1,55,,36799,6,,,1,15,,36800,6,,,1,15,,36801,6,,,1,15,,36802,6,,,1,55,,36803,6,,,1,15,,36804,6,,,1,15,,36805,6,,,1,15,,36806,6,,,1,55,,36807,6,,,1,15,,36808,6,,,1,15,,36809,6,,,1,15,,36810,6,,,1,55,,36811,6,,,1,15,,36812,6,,,1,15,,36813,6,,,1,15,,36814,6,,,1,55,,36815,6,,,1,15,,36816,6,,,1,15,,36817,6,,,1,15,,36818,6,,,1,55,,36819,6,,,1,15,,36820,6,,,1,15,,36821,6,,,1,15,,36822,6,,,1,55,,36693,6,,,1
18002101,'021R-Weekday-4-26-09',524,,33119,6,,,1,12,,33121,6,,,1,12,,33122,6,,,1,6,,33253,6,,,1,46,,33120,6,,,1,6,,33151,6,,,1,6,,33152,6,,,1,6,,33153,6,,,1,6,,33154,6,,,1,6,,33150,6,,,1,6,,33149,6,,,1,6,,33148,6,,,1,6,,33147,6,,,1,6,,33146,6,,,1,46,,33145,6,,,1,6,,33144,6,,,1,6,,33143,6,,,1,6,,33142,6,,,1,6,,33141,6,,,1,6,,33140,6,,,1,6,,33139,6,,,1,6,,33138,6,,,1,6,,33137,6,,,1,6,,33136,6,,,1,46,,33135,6,,,1,6,,33134,6,,,1,6,,33133,6,,,1,6,,33132,6,,,1,6,,33131,6,,,1,6,,33130,6,,,1,6,,33129,6,,,1,6,,33128,6,,,1,6,,33127,6,,,1,6,,33126,6,,,1,46,,33125,6,,,1,6,,33124,6,,,1,10,,33155,6,,,1,10,,33156,6,,,1,10,,33157,6,,,1,10,,33158,6,,,1,10,,33159,6,,,1,50,,33160,6,,,1,10,,33161,6,,,1,10,,33162,6,,,1,10,,33163,6,,,1,10,,33164,6,,,1,10,,33165,6,,,1,50,,33166,6,,,1,10,,33167,6,,,1,10,,33168,6,,,1,10,,33169,6,,,1,10,,33170,6,,,1,10,,33171,6,,,1,50,,33172,6,,,1,10,,33173,6,,,1,10,,33174,6,,,1,10,,33175,6,,,1,10,,33176,6,,,1,10,,33177,6,,,1,50,,33178,6,,,1,10,,33179,6,,,1,10,,33180,6,,,1,10,,33181,6,,,1,10,,33182,6,,,1,10,,33183,6,,,1,50,,33184,6,,,1,6,,33185,6,,,1,6,,33186,6,,,1,6,,33187,6,,,1,6,,33188,6,,,1,6,,33189,6,,,1,6,,33190,6,,,1,6,,33191,6,,,1,6,,33192,6,,,1,46,,33193,6,,,1,6,,33194,6,,,1,6,,33195,6,,,1,6,,33196,6,,,1,6,,33197,6,,,1,6,,33198,6,,,1,6,,33199,6,,,1,6,,33200,6,,,1,6,,33201,6,,,1,6,,33202,6,,,1,46,,33203,6,,,1,6,,33204,6,,,1,6,,33205,6,,,1,6,,33206,6,,,1,6,,33207,6,,,1,6,,33208,6,,,1,6,,33209,6,,,1,6,,33210,6,,,1,6,,33211,6,,,1,6,,33212,6,,,1,46,,33213,6,,,1,6,,33214,6,,,1,6,,33215,6,,,1,6,,33216,6,,,1,6,,33217,6,,,1,6,,33218,6,,,1,6,,33219,6,,,1,6,,33220,6,,,1,6,,33221,6,,,1,6,,33222,6,,,1,46,,33223,6,,,1,6,,33224,6,,,1,6,,33225,6,,,1,9,,33226,6,,,1,15,,33227,6,,,1,15,,33228,6,,,1,55,,33229,6,,,1,15,,33230,6,,,1,15,,33231,6,,,1,15,,33232,6,,,1,55,,33233,6,,,1,15,,33234,6,,,1,15,,33235,6,,,1,15,,33236,6,,,1,55,,33237,6,,,1,15,,33238,6,,,1,15,,33239,6,,,1,15,,33240,6,,,1,55,,33241,6,,,1,15,,33242,6,,,1,15,,33243,6,,,1,15,,33244,6,,,1,55,,33245,6,,,1,15,,33246,6,,,1,15,,33247,6,,,1,15,,33248,6,,,1,55,,33249,6,,,1,15,,33250,6,,,1,15,,33251,6,,,1,15,,33252,6,,,1,55,,33123,6,,,1
18002101,'021R-Weekday-5-26-09',524,,36824,6,,,1,12,,36826,6,,,1,12,,36827,6,,,1,6,,36958,6,,,1,46,,36825,6,,,1,6,,36856,6,,,1,6,,36857,6,,,1,6,,36858,6,,,1,6,,36859,6,,,1,6,,36855,6,,,1,6,,36854,6,,,1,6,,36853,6,,,1,6,,36852,6,,,1,6,,36851,6,,,1,46,,36850,6,,,1,6,,36849,6,,,1,6,,36848,6,,,1,6,,36847,6,,,1,6,,36846,6,,,1,6,,36845,6,,,1,6,,36844,6,,,1,6,,36843,6,,,1,6,,36842,6,,,1,6,,36841,6,,,1,46,,36840,6,,,1,6,,36839,6,,,1,6,,36838,6,,,1,6,,36837,6,,,1,6,,36836,6,,,1,6,,36835,6,,,1,6,,36834,6,,,1,6,,36833,6,,,1,6,,36832,6,,,1,6,,36831,6,,,1,46,,36830,6,,,1,6,,36829,6,,,1,10,,36860,6,,,1,10,,36861,6,,,1,10,,36862,6,,,1,10,,36863,6,,,1,10,,36864,6,,,1,50,,36865,6,,,1,10,,36866,6,,,1,10,,36867,6,,,1,10,,36868,6,,,1,10,,36869,6,,,1,10,,36870,6,,,1,50,,36871,6,,,1,10,,36872,6,,,1,10,,36873,6,,,1,10,,36874,6,,,1,10,,36875,6,,,1,10,,36876,6,,,1,50,,36877,6,,,1,10,,36878,6,,,1,10,,36879,6,,,1,10,,36880,6,,,1,10,,36881,6,,,1,10,,36882,6,,,1,50,,36883,6,,,1,10,,36884,6,,,1,10,,36885,6,,,1,10,,36886,6,,,1,10,,36887,6,,,1,10,,36888,6,,,1,50,,36889,6,,,1,6,,36890,6,,,1,6,,36891,6,,,1,6,,36892,6,,,1,6,,36893,6,,,1,6,,36894,6,,,1,6,,36895,6,,,1,6,,36896,6,,,1,6,,36897,6,,,1,46,,36898,6,,,1,6,,36899,6,,,1,6,,36900,6,,,1,6,,36901,6,,,1,6,,36902,6,,,1,6,,36903,6,,,1,6,,36904,6,,,1,6,,36905,6,,,1,6,,36906,6,,,1,6,,36907,6,,,1,46,,36908,6,,,1,6,,36909,6,,,1,6,,36910,6,,,1,6,,36911,6,,,1,6,,36912,6,,,1,6,,36913,6,,,1,6,,36914,6,,,1,6,,36915,6,,,1,6,,36916,6,,,1,6,,36917,6,,,1,46,,36918,6,,,1,6,,36919,6,,,1,6,,36920,6,,,1,6,,36921,6,,,1,6,,36922,6,,,1,6,,36923,6,,,1,6,,36924,6,,,1,6,,36925,6,,,1,6,,36926,6,,,1,6,,36927,6,,,1,46,,36928,6,,,1,6,,36929,6,,,1,6,,36930,6,,,1,9,,36931,6,,,1,15,,36932,6,,,1,15,,36933,6,,,1,55,,36934,6,,,1,15,,36935,6,,,1,15,,36936,6,,,1,15,,36937,6,,,1,55,,36938,6,,,1,15,,36939,6,,,1,15,,36940,6,,,1,15,,36941,6,,,1,55,,36942,6,,,1,15,,36943,6,,,1,15,,36944,6,,,1,15,,36945,6,,,1,55,,36946,6,,,1,15,,36947,6,,,1,15,,36948,6,,,1,15,,36949,6,,,1,55,,36950,6,,,1,15,,36951,6,,,1,15,,36952,6,,,1,15,,36953,6,,,1,55,,36954,6,,,1,15,,36955,6,,,1,15,,36956,6,,,1,15,,36957,6,,,1,55,,36828,6,,,1
18002101,'021R-Weekday-6-26-09',524,,36959,6,,,1,12,,36961,6,,,1,12,,36962,6,,,1,6,,37093,6,,,1,46,,36960,6,,,1,6,,36991,6,,,1,6,,36992,6,,,1,6,,36993,6,,,1,6,,36994,6,,,1,6,,36990,6,,,1,6,,36989,6,,,1,6,,36988,6,,,1,6,,36987,6,,,1,6,,36986,6,,,1,46,,36985,6,,,1,6,,36984,6,,,1,6,,36983,6,,,1,6,,36982,6,,,1,6,,36981,6,,,1,6,,36980,6,,,1,6,,36979,6,,,1,6,,36978,6,,,1,6,,36977,6,,,1,6,,36976,6,,,1,46,,36975,6,,,1,6,,36974,6,,,1,6,,36973,6,,,1,6,,36972,6,,,1,6,,36971,6,,,1,6,,36970,6,,,1,6,,36969,6,,,1,6,,36968,6,,,1,6,,36967,6,,,1,6,,36966,6,,,1,46,,36965,6,,,1,6,,36964,6,,,1,10,,36995,6,,,1,10,,36996,6,,,1,10,,36997,6,,,1,10,,36998,6,,,1,10,,36999,6,,,1,50,,37000,6,,,1,10,,37001,6,,,1,10,,37002,6,,,1,10,,37003,6,,,1,10,,37004,6,,,1,10,,37005,6,,,1,50,,37006,6,,,1,10,,37007,6,,,1,10,,37008,6,,,1,10,,37009,6,,,1,10,,37010,6,,,1,10,,37011,6,,,1,50,,37012,6,,,1,10,,37013,6,,,1,10,,37014,6,,,1,10,,37015,6,,,1,10,,37016,6,,,1,10,,37017,6,,,1,50,,37018,6,,,1,10,,37019,6,,,1,10,,37020,6,,,1,10,,37021,6,,,1,10,,37022,6,,,1,10,,37023,6,,,1,50,,37024,6,,,1,6,,37025,6,,,1,6,,37026,6,,,1,6,,37027,6,,,1,6,,37028,6,,,1,6,,37029,6,,,1,6,,37030,6,,,1,6,,37031,6,,,1,6,,37032,6,,,1,46,,37033,6,,,1,6,,37034,6,,,1,6,,37035,6,,,1,6,,37036,6,,,1,6,,37037,6,,,1,6,,37038,6,,,1,6,,37039,6,,,1,6,,37040,6,,,1,6,,37041,6,,,1,6,,37042,6,,,1,46,,37043,6,,,1,6,,37044,6,,,1,6,,37045,6,,,1,6,,37046,6,,,1,6,,37047,6,,,1,6,,37048,6,,,1,6,,37049,6,,,1,6,,37050,6,,,1,6,,37051,6,,,1,6,,37052,6,,,1,46,,37053,6,,,1,6,,37054,6,,,1,6,,37055,6,,,1,6,,37056,6,,,1,6,,37057,6,,,1,6,,37058,6,,,1,6,,37059,6,,,1,6,,37060,6,,,1,6,,37061,6,,,1,6,,37062,6,,,1,46,,37063,6,,,1,6,,37064,6,,,1,6,,37065,6,,,1,9,,37066,6,,,1,15,,37067,6,,,1,15,,37068,6,,,1,55,,37069,6,,,1,15,,37070,6,,,1,15,,37071,6,,,1,15,,37072,6,,,1,55,,37073,6,,,1,15,,37074,6,,,1,15,,37075,6,,,1,15,,37076,6,,,1,55,,37077,6,,,1,15,,37078,6,,,1,15,,37079,6,,,1,15,,37080,6,,,1,55,,37081,6,,,1,15,,37082,6,,,1,15,,37083,6,,,1,15,,37084,6,,,1,55,,37085,6,,,1,15,,37086,6,,,1,15,,37087,6,,,1,15,,37088,6,,,1,55,,37089,6,,,1,15,,37090,6,,,1,15,,37091,6,,,1,15,,37092,6,,,1,55,,36963,6,,,1
18002101,'021R-Weekday-7-26-09',524,,37094,6,,,1,12,,37096,6,,,1,12,,37097,6,,,1,6,,37228,6,,,1,46,,37095,6,,,1,6,,37126,6,,,1,6,,37127,6,,,1,6,,37128,6,,,1,6,,37129,6,,,1,6,,37125,6,,,1,6,,37124,6,,,1,6,,37123,6,,,1,6,,37122,6,,,1,6,,37121,6,,,1,46,,37120,6,,,1,6,,37119,6,,,1,6,,37118,6,,,1,6,,37117,6,,,1,6,,37116,6,,,1,6,,37115,6,,,1,6,,37114,6,,,1,6,,37113,6,,,1,6,,37112,6,,,1,6,,37111,6,,,1,46,,37110,6,,,1,6,,37109,6,,,1,6,,37108,6,,,1,6,,37107,6,,,1,6,,37106,6,,,1,6,,37105,6,,,1,6,,37104,6,,,1,6,,37103,6,,,1,6,,37102,6,,,1,6,,37101,6,,,1,46,,37100,6,,,1,6,,37099,6,,,1,10,,37130,6,,,1,10,,37131,6,,,1,10,,37132,6,,,1,10,,37133,6,,,1,10,,37134,6,,,1,50,,37135,6,,,1,10,,37136,6,,,1,10,,37137,6,,,1,10,,37138,6,,,1,10,,37139,6,,,1,10,,37140,6,,,1,50,,37141,6,,,1,10,,37142,6,,,1,10,,37143,6,,,1,10,,37144,6,,,1,10,,37145,6,,,1,10,,37146,6,,,1,50,,37147,6,,,1,10,,37148,6,,,1,10,,37149,6,,,1,10,,37150,6,,,1,10,,37151,6,,,1,10,,37152,6,,,1,50,,37153,6,,,1,10,,37154,6,,,1,10,,37155,6,,,1,10,,37156,6,,,1,10,,37157,6,,,1,10,,37158,6,,,1,50,,37159,6,,,1,6,,37160,6,,,1,6,,37161,6,,,1,6,,37162,6,,,1,6,,37163,6,,,1,6,,37164,6,,,1,6,,37165,6,,,1,6,,37166,6,,,1,6,,37167,6,,,1,46,,37168,6,,,1,6,,37169,6,,,1,6,,37170,6,,,1,6,,37171,6,,,1,6,,37172,6,,,1,6,,37173,6,,,1,6,,37174,6,,,1,6,,37175,6,,,1,6,,37176,6,,,1,6,,37177,6,,,1,46,,37178,6,,,1,6,,37179,6,,,1,6,,37180,6,,,1,6,,37181,6,,,1,6,,37182,6,,,1,6,,37183,6,,,1,6,,37184,6,,,1,6,,37185,6,,,1,6,,37186,6,,,1,6,,37187,6,,,1,46,,37188,6,,,1,6,,37189,6,,,1,6,,37190,6,,,1,6,,37191,6,,,1,6,,37192,6,,,1,6,,37193,6,,,1,6,,37194,6,,,1,6,,37195,6,,,1,6,,37196,6,,,1,6,,37197,6,,,1,46,,37198,6,,,1,6,,37199,6,,,1,6,,37200,6,,,1,9,,37201,6,,,1,15,,37202,6,,,1,15,,37203,6,,,1,55,,37204,6,,,1,15,,37205,6,,,1,15,,37206,6,,,1,15,,37207,6,,,1,55,,37208,6,,,1,15,,37209,6,,,1,15,,37210,6,,,1,15,,37211,6,,,1,55,,37212,6,,,1,15,,37213,6,,,1,15,,37214,6,,,1,15,,37215,6,,,1,55,,37216,6,,,1,15,,37217,6,,,1,15,,37218,6,,,1,15,,37219,6,,,1,55,,37220,6,,,1,15,,37221,6,,,1,15,,37222,6,,,1,15,,37223,6,,,1,55,,37224,6,,,1,15,,37225,6,,,1,15,,37226,6,,,1,15,,37227,6,,,1,55,,37098,6,,,1
18002101,'021R-Saturday-1-26-09',521,,33254,6,,,1,15,,33255,6,,,1,15,,33256,6,,,1,55,,33257,6,,,1,15,,33258,6,,,1,15,,33259,6,,,1,15,,33260,6,,,1,55,,33261,6,,,1,15,,33262,6,,,1,15,,33263,6,,,1,15,,33264,6,,,1,55,,33265,6,,,1,15,,33266,6,,,1,15,,33267,6,,,1,15,,33268,6,,,1,55,,33269,6,,,1,15,,33270,6,,,1,15,,33271,6,,,1,15,,33272,6,,,1,55,,33273,6,,,1,15,,33274,6,,,1,15,,33275,6,,,1,15,,33276,6,,,1,55,,33277,6,,,1,15,,33278,6,,,1,15,,33279,6,,,1,15,,33280,6,,,1,55,,33281,6,,,1,15,,33282,6,,,1,15,,33283,6,,,1,15,,33284,6,,,1,55,,33285,6,,,1,15,,33286,6,,,1,15,,33287,6,,,1,15,,33288,6,,,1,55,,33289,6,,,1,15,,33290,6,,,1,15,,33291,6,,,1,15,,33292,6,,,1,55,,33293,6,,,1,15,,33294,6,,,1,15,,33295,6,,,1,15,,33296,6,,,1,55,,33297,6,,,1,15,,33298,6,,,1,15,,33299,6,,,1,15,,33300,6,,,1,55,,33301,6,,,1,15,,33302,6,,,1,15,,33303,6,,,1,15,,33304,6,,,1,55,,33305,6,,,1,15,,33306,6,,,1,15,,33307,6,,,1,15,,33308,6,,,1,55,,33309,6,,,1,15,,33310,6,,,1,15,,33311,6,,,1,15,,33312,6,,,1,55,,33313,6,,,1,15,,33314,6,,,1,15,,33315,6,,,1,15,,33316,6,,,1,55,,33317,6,,,1,15,,33318,6,,,1,15,,33319,6,,,1,15,,33320,6,,,1,55,,33321,6,,,1,15,,33322,6,,,1,15,,33323,6,,,1,15,,33324,6,,,1,55,,33325,6,,,1,15,,33326,6,,,1,15,,33327,6,,,1,15,,33328,6,,,1,55,,33329,6,,,1,15,,33330,6,,,1,15,,33331,6,,,1,15,,33332,6,,,1,55,,33333,6,,,1
18002101,'021R-Saturday-2-26-09',523,,37229,6,,,1,15,,37230,6,,,1,15,,37231,6,,,1,55,,37232,6,,,1,15,,37233,6,,,1,15,,37234,6,,,1,15,,37235,6,,,1,55,,37236,6,,,1,15,,37237,6,,,1,15,,37238,6,,,1,15,,37239,6,,,1,55,,37240,6,,,1,15,,37241,6,,,1,15,,37242,6,,,1,15,,37243,6,,,1,55,,37244,6,,,1,15,,37245,6,,,1,15,,37246,6,,,1,15,,37247,6,,,1,55,,37248,6,,,1,15,,37249,6,,,1,15,,37250,6,,,1,15,,37251,6,,,1,55,,37252,6,,,1,15,,37253,6,,,1,15,,37254,6,,,1,15,,37255,6,,,1,55,,37256,6,,,1,15,,37257,6,,,1,15,,37258,6,,,1,15,,37259,6,,,1,55,,37260,6,,,1,15,,37261,6,,,1,15,,37262,6,,,1,15,,37263,6,,,1,55,,37264,6,,,1,15,,37265,6,,,1,15,,37266,6,,,1,15,,37267,6,,,1,55,,37268,6,,,1,15,,37269,6,,,1,15,,37270,6,,,1,15,,37271,6,,,1,55,,37272,6,,,1,15,,37273,6,,,1,15,,37274,6,,,1,15,,37275,6,,,1,55,,37276,6,,,1,15,,37277,6,,,1,15,,37278,6,,,1,15,,37279,6,,,1,55,,37280,6,,,1,15,,37281,6,,,1,15,,37282,6,,,1,15,,37283,6,,,1,55,,37284,6,,,1,15,,37285,6,,,1,15,,37286,6,,,1,15,,37287,6,,,1,55,,37288,6,,,1,15,,37289,6,,,1,15,,37290,6,,,1,15,,37291,6,,,1,55,,37292,6,,,1,15,,37293,6,,,1,15,,37294,6,,,1,15,,37295,6,,,1,55,,37296,6,,,1,15,,37297,6,,,1,15,,37298,6,,,1,15,,37299,6,,,1,55,,37300,6,,,1,15,,37301,6,,,1,15,,37302,6,,,1,15,,37303,6,,,1,55,,37304,6,,,1,15,,37305,6,,,1,15,,37306,6,,,1,15,,37307,6,,,1,55,,37308,6,,,1
18002101,'021R-Sunday-1-26-09',521,,33334,6,,,1,15,,33335,6,,,1,15,,33336,6,,,1,55,,33337,6,,,1,15,,33338,6,,,1,15,,33339,6,,,1,15,,33340,6,,,1,55,,33341,6,,,1,15,,33342,6,,,1,15,,33343,6,,,1,15,,33344,6,,,1,55,,33345,6,,,1,15,,33346,6,,,1,15,,33347,6,,,1,15,,33348,6,,,1,55,,33349,6,,,1,15,,33350,6,,,1,15,,33351,6,,,1,15,,33352,6,,,1,55,,33353,6,,,1,15,,33354,6,,,1,15,,33355,6,,,1,15,,33356,6,,,1,55,,33357,6,,,1,15,,33358,6,,,1,15,,33359,6,,,1,15,,33360,6,,,1,55,,33361,6,,,1,15,,33362,6,,,1,15,,33363,6,,,1,15,,33364,6,,,1,55,,33365,6,,,1,15,,33366,6,,,1,15,,33367,6,,,1,15,,33368,6,,,1,55,,33369,6,,,1,15,,33370,6,,,1,15,,33371,6,,,1,15,,33372,6,,,1,55,,33373,6,,,1,15,,33374,6,,,1,15,,33375,6,,,1,15,,33376,6,,,1,55,,33377,6,,,1,15,,33378,6,,,1,15,,33379,6,,,1,15,,33380,6,,,1,55,,33381,6,,,1,15,,33382,6,,,1,15,,33383,6,,,1,15,,33384,6,,,1,55,,33385,6,,,1,15,,33386,6,,,1,15,,33387,6,,,1,15,,33388,6,,,1,55,,33389,6,,,1,15,,33390,6,,,1,15,,33391,6,,,1,15,,33392,6,,,1,55,,33393,6,,,1,15,,33394,6,,,1,15,,33395,6,,,1,15,,33396,6,,,1,55,,33397,6,,,1,15,,33398,6,,,1,15,,33399,6,,,1,15,,33400,6,,,1,55,,33401,6,,,1,15,,33402,6,,,1,15,,33403,6,,,1,15,,33404,6,,,1,55,,33405,6,,,1,15,,33406,6,,,1,15,,33407,6,,,1,15,,33408,6,,,1,55,,33409,6,,,1,15,,33410,6,,,1
18002101,'021R-Sunday-2-26-09',523,,37309,6,,,1,15,,37310,6,,,1,15,,37311,6,,,1,55,,37312,6,,,1,15,,37313,6,,,1,15,,37314,6,,,1,15,,37315,6,,,1,55,,37316,6,,,1,15,,37317,6,,,1,15,,37318,6,,,1,15,,37319,6,,,1,55,,37320,6,,,1,15,,37321,6,,,1,15,,37322,6,,,1,15,,37323,6,,,1,55,,37324,6,,,1,15,,37325,6,,,1,15,,37326,6,,,1,15,,37327,6,,,1,55,,37328,6,,,1,15,,37329,6,,,1,15,,37330,6,,,1,15,,37331,6,,,1,55,,37332,6,,,1,15,,37333,6,,,1,15,,37334,6,,,1,15,,37335,6,,,1,55,,37336,6,,,1,15,,37337,6,,,1,15,,37338,6,,,1,15,,37339,6,,,1,55,,37340,6,,,1,15,,37341,6,,,1,15,,37342,6,,,1,15,,37343,6,,,1,55,,37344,6,,,1,15,,37345,6,,,1,15,,37346,6,,,1,15,,37347,6,,,1,55,,37348,6,,,1,15,,37349,6,,,1,15,,37350,6,,,1,15,,37351,6,,,1,55,,37352,6,,,1,15,,37353,6,,,1,15,,37354,6,,,1,15,,37355,6,,,1,55,,37356,6,,,1,15,,37357,6,,,1,15,,37358,6,,,1,15,,37359,6,,,1,55,,37360,6,,,1,15,,37361,6,,,1,15,,37362,6,,,1,15,,37363,6,,,1,55,,37364,6,,,1,15,,37365,6,,,1,15,,37366,6,,,1,15,,37367,6,,,1,55,,37368,6,,,1,15,,37369,6,,,1,15,,37370,6,,,1,15,,37371,6,,,1,55,,37372,6,,,1,15,,37373,6,,,1,15,,37374,6,,,1,15,,37375,6,,,1,55,,37376,6,,,1,15,,37377,6,,,1,15,,37378,6,,,1,15,,37379,6,,,1,55,,37380,6,,,1,15,,37381,6,,,1,15,,37382,6,,,1,15,,37383,6,,,1,55,,37384,6,,,1,15,,37385,6,,,1
18002101,'021R-Sunday-4-26-09',523,,37386,6,,,1,15,,37387,6,,,1,15,,37388,6,,,1,55,,37389,6,,,1,15,,37390,6,,,1,15,,37391,6,,,1,15,,37392,6,,,1,55,,37393,6,,,1,15,,37394,6,,,1,15,,37395,6,,,1,15,,37396,6,,,1,55,,37397,6,,,1,15,,37398,6,,,1,15,,37399,6,,,1,15,,37400,6,,,1,55,,37401,6,,,1,15,,37402,6,,,1,15,,37403,6,,,1,15,,37404,6,,,1,55,,37405,6,,,1,15,,37406,6,,,1,15,,37407,6,,,1,15,,37408,6,,,1,55,,37409,6,,,1,15,,37410,6,,,1,15,,37411,6,,,1,15,,37412,6,,,1,55,,37413,6,,,1,15,,37414,6,,,1,15,,37415,6,,,1,15,,37416,6,,,1,55,,37417,6,,,1,15,,37418,6,,,1,15,,37419,6,,,1,15,,37420,6,,,1,55,,37421,6,,,1,15,,37422,6,,,1,15,,37423,6,,,1,15,,37424,6,,,1,55,,37425,6,,,1,15,,37426,6,,,1,15,,37427,6,,,1,15,,37428,6,,,1,55,,37429,6,,,1,15,,37430,6,,,1,15,,37431,6,,,1,15,,37432,6,,,1,55,,37433,6,,,1,15,,37434,6,,,1,15,,37435,6,,,1,15,,37436,6,,,1,55,,37437,6,,,1,15,,37438,6,,,1,15,,37439,6,,,1,15,,37440,6,,,1,55,,37441,6,,,1,15,,37442,6,,,1,15,,37443,6,,,1,15,,37444,6,,,1,55,,37445,6,,,1,15,,37446,6,,,1,15,,37447,6,,,1,15,,37448,6,,,1,55,,37449,6,,,1,15,,37450,6,,,1,15,,37451,6,,,1,15,,37452,6,,,1,55,,37453,6,,,1,15,,37454,6,,,1,15,,37455,6,,,1,15,,37456,6,,,1,55,,37457,6,,,1,15,,37458,6,,,1,15,,37459,6,,,1,15,,37460,6,,,1,55,,37461,6,,,1,15,,37462,6,,,1
