18002300,'20260913-Sunday-1-26-09',535,,34217,9,,,1,15,,34233,9,,,1,55,,34249,9,,,1,15,,34265,9,,,1,15,,34281,9,,,1,15,,34218,9,,,1,55,,34234,9,,,1,15,,34250,9,,,1,15,,34266,9,,,1,15,,34282,9,,,1,55,,34219,9,,,1,15,,34235,9,,,1,15,,34251,9,,,1,15,,34267,9,,,1,55,,34283,9,,,1,15,,34220,9,,,1,15,,34236,9,,,1,15,,34252,9,,,1,55,,34268,9,,,1,15,,34284,9,,,1,15,,34221,9,,,1,15,,34237,9,,,1,55,,34253,9,,,1,15,,34269,9,,,1,15,,34285,9,,,1,15,,34222,9,,,1,55,,34238,9,,,1,15,,34254,9,,,1,15,,34270,9,,,1,15,,34286,9,,,1,55,,34223,9,,,1,15,,34239,9,,,1,15,,34255,9,,,1,15,,34271,9,,,1,55,,34287,9,,,1,15,,34224,9,,,1,15,,34240,9,,,1,15,,34256,9,,,1,55,,34272,9,,,1,15,,34288,9,,,1,15,,34225,9,,,1,15,,34241,9,,,1,55,,34257,9,,,1,15,,34273,9,,,1,15,,34289,9,,,1,15,,34226,9,,,1,55,,34242,9,,,1,15,,34258,9,,,1,15,,34274,9,,,1,15,,34290,9,,,1,55,,34227,9,,,1,15,,34243,9,,,1,15,,34259,9,,,1,15,,34275,9,,,1,55,,34291,9,,,1,15,,34228,9,,,1,15,,34244,9,,,1,15,,34260,9,,,1,55,,34276,9,,,1,15,,34292,9,,,1,15,,34229,9,,,1,15,,34245,9,,,1,55,,34261,9,,,1,15,,34277,9,,,1,15,,34293,9,,,1,15,,34230,9,,,1,55,,34246,9,,,1,15,,34262,9,,,1,15,,34278,9,,,1,15,,34294,9,,,1,55,,34231,9,,,1,15,,34247,9,,,1,15,,34263,9,,,1,15,,34279,9,,,1,55,,34295,9,,,1,15,,34232,9,,,1,15,,34248,9,,,1,15,,34264,9,,,1,55,,34280,9,,,1
18002300,'20260914-Weekday-1-26-09',523,,34296,9,,,1,10,,34320,9,,,1,10,,34308,9,,,1,10,,34332,9,,,1,51,,34373,9,,,1,10,,34343,9,,,1,7,,34360,9,,,1,5,,34390,9,,,1,5,,34297,9,,,1,5,,34402,9,,,1,5,,34321,9,,,1,5,,34410,9,,,1,5,,34309,9,,,1,5,,34434,9,,,1,45,,34333,9,,,1,5,,34418,9,,,1,5,,34374,9,,,1,5,,34451,9,,,1,5,,34344,9,,,1,5,,34361,9,,,1,5,,34391,9,,,1,5,,34298,9,,,1,5,,34403,9,,,1,5,,34322,9,,,1,5,,34411,9,,,1,5,,34310,9,,,1,45,,34435,9,,,1,5,,34334,9,,,1,5,,34419,9,,,1,5,,34375,9,,,1,5,,34452,9,,,1,5,,34345,9,,,1,5,,34362,9,,,1,5,,34392,9,,,1,5,,34299,9,,,1,5,,34404,9,,,1,5,,34323,9,,,1,5,,34412,9,,,1,45,,34311,9,,,1,5,,34436,9,,,1,5,,34335,9,,,1,5,,34420,9,,,1,5,,34376,9,,,1,5,,34453,9,,,1,5,,34346,9,,,1,5,,34363,9,,,1,5,,34393,9,,,1,5,,34300,9,,,1,5,,34405,9,,,1,5,,34324,9,,,1,45,,34413,9,,,1,5,,34312,9,,,1,5,,34437,9,,,1,6,,34336,9,,,1,6,,34421,9,,,1,7,,34377,9,,,1,10,,34347,9,,,1,10,,34394,9,,,1,50,,34301,9,,,1,10,,34325,9,,,1,10,,34438,9,,,1,10,,34422,9,,,1,10,,34378,9,,,1,10,,34348,9,,,1,50,,34395,9,,,1,10,,34302,9,,,1,10,,34326,9,,,1,10,,34439,9,,,1,10,,34423,9,,,1,10,,34379,9,,,1,50,,34349,9,,,1,10,,34396,9,,,1,10,,34303,9,,,1,10,,34327,9,,,1,10,,34440,9,,,1,10,,34424,9,,,1,50,,34380,9,,,1,10,,34350,9,,,1,10,,34397,9,,,1,9,,34304,9,,,1,10,,34328,9,,,1,10,,34441,9,,,1,7,,34414,9,,,1,45,,34313,9,,,1,5,,34381,9,,,1,5,,34454,9,,,1,5,,34351,9,,,1,5,,34364,9,,,1,5,,34398,9,,,1,5,,34425,9,,,1,5,,34406,9,,,1,5,,34305,9,,,1,5,,34337,9,,,1,5,,34329,9,,,1,5,,34442,9,,,1,45,,34415,9,,,1,5,,34314,9,,,1,5,,34382,9,,,1,5,,34455,9,,,1,5,,34352,9,,,1,5,,34365,9,,,1,5,,34399,9,,,1,5,,34426,9,,,1,5,,34407,9,,,1,5,,34306,9,,,1,5,,34338,9,,,1,5,,34330,9,,,1,45,,34443,9,,,1,5,,34416,9,,,1,5,,34315,9,,,1,5,,34383,9,,,1,5,,34456,9,,,1,5,,34353,9,,,1,5,,34366,9,,,1,5,,34400,9,,,1,5,,34427,9,,,1,5,,34408,9,,,1,5,,34307,9,,,1,5,,34339,9,,,1,45,,34331,9,,,1,5,,34444,9,,,1,5,,34417,9,,,1,5,,34316,9,,,1,5,,34384,9,,,1,5,,34457,9,,,1,5,,34354,9,,,1,6,,34367,9,,,1,5,,34401,9,,,1,4,,34428,9,,,1,6,,34409,9,,,1,53,,34340,9,,,1,10,,34445,9,,,1,10,,34317,9,,,1,10,,34385,9,,,1,10,,34355,9,,,1,10,,34368,9,,,1,50,,34429,9,,,1,10,,34341,9,,,1,10,,34446,9,,,1,10,,34318,9,,,1,10,,34386,9,,,1,10,,34356,9,,,1,50,,34369,9,,,1,10,,34430,9,,,1,10,,34342,9,,,1,10,,34447,9,,,1,10,,34319,9,,,1,10,,34387,9,,,1,55,,34357,9,,,1,15,,34370,9,,,1,15,,34431,9,,,1,15,,34448,9,,,1,55,,34388,9,,,1,15,,34358,9,,,1,15,,34371,9,,,1,15,,34432,9,,,1,55,,34449,9,,,1,15,,34389,9,,,1,15,,34359,9,,,1,15,,34372,9,,,1,55,,34433,9,,,1,15,,34450,9,,,1
18002300,'20260914-Weekday-2-26-09',523,,34458,9,,,1,10,,34482,9,,,1,10,,34470,9,,,1,10,,34494,9,,,1,51,,34535,9,,,1,10,,34505,9,,,1,7,,34522,9,,,1,5,,34552,9,,,1,5,,34459,9,,,1,5,,34564,9,,,1,5,,34483,9,,,1,5,,34572,9,,,1,5,,34471,9,,,1,5,,34596,9,,,1,45,,34495,9,,,1,5,,34580,9,,,1,5,,34536,9,,,1,5,,34613,9,,,1,5,,34506,9,,,1,5,,34523,9,,,1,5,,34553,9,,,1,5,,34460,9,,,1,5,,34565,9,,,1,5,,34484,9,,,1,5,,34573,9,,,1,5,,34472,9,,,1,45,,34597,9,,,1,5,,34496,9,,,1,5,,34581,9,,,1,5,,34537,9,,,1,5,,34614,9,,,1,5,,34507,9,,,1,5,,34524,9,,,1,5,,34554,9,,,1,5,,34461,9,,,1,5,,34566,9,,,1,5,,34485,9,,,1,5,,34574,9,,,1,45,,34473,9,,,1,5,,34598,9,,,1,5,,34497,9,,,1,5,,34582,9,,,1,5,,34538,9,,,1,5,,34615,9,,,1,5,,34508,9,,,1,5,,34525,9,,,1,5,,34555,9,,,1,5,,34462,9,,,1,5,,34567,9,,,1,5,,34486,9,,,1,45,,34575,9,,,1,5,,34474,9,,,1,5,,34599,9,,,1,6,,34498,9,,,1,6,,34583,9,,,1,7,,34539,9,,,1,10,,34509,9,,,1,10,,34556,9,,,1,50,,34463,9,,,1,10,,34487,9,,,1,10,,34600,9,,,1,10,,34584,9,,,1,10,,34540,9,,,1,10,,34510,9,,,1,50,,34557,9,,,1,10,,34464,9,,,1,10,,34488,9,,,1,10,,34601,9,,,1,10,,34585,9,,,1,10,,34541,9,,,1,50,,34511,9,,,1,10,,34558,9,,,1,10,,34465,9,,,1,10,,34489,9,,,1,10,,34602,9,,,1,10,,34586,9,,,1,50,,34542,9,,,1,10,,34512,9,,,1,10,,34559,9,,,1,9,,34466,9,,,1,10,,34490,9,,,1,10,,34603,9,,,1,7,,34576,9,,,1,45,,34475,9,,,1,5,,34543,9,,,1,5,,34616,9,,,1,5,,34513,9,,,1,5,,34526,9,,,1,5,,34560,9,,,1,5,,34587,9,,,1,5,,34568,9,,,1,5,,34467,9,,,1,5,,34499,9,,,1,5,,34491,9,,,1,5,,34604,9,,,1,45,,34577,9,,,1,5,,34476,9,,,1,5,,34544,9,,,1,5,,34617,9,,,1,5,,34514,9,,,1,5,,34527,9,,,1,5,,34561,9,,,1,5,,34588,9,,,1,5,,34569,9,,,1,5,,34468,9,,,1,5,,34500,9,,,1,5,,34492,9,,,1,45,,34605,9,,,1,5,,34578,9,,,1,5,,34477,9,,,1,5,,34545,9,,,1,5,,34618,9,,,1,5,,34515,9,,,1,5,,34528,9,,,1,5,,34562,9,,,1,5,,34589,9,,,1,5,,34570,9,,,1,5,,34469,9,,,1,5,,34501,9,,,1,45,,34493,9,,,1,5,,34606,9,,,1,5,,34579,9,,,1,5,,34478,9,,,1,5,,34546,9,,,1,5,,34619,9,,,1,5,,34516,9,,,1,6,,34529,9,,,1,5,,34563,9,,,1,4,,34590,9,,,1,6,,34571,9,,,1,53,,34502,9,,,1,10,,34607,9,,,1,10,,34479,9,,,1,10,,34547,9,,,1,10,,34517,9,,,1,10,,34530,9,,,1,50,,34591,9,,,1,10,,34503,9,,,1,10,,34608,9,,,1,10,,34480,9,,,1,10,,34548,9,,,1,10,,34518,9,,,1,50,,34531,9,,,1,10,,34592,9,,,1,10,,34504,9,,,1,10,,34609,9,,,1,10,,34481,9,,,1,10,,34549,9,,,1,55,,34519,9,,,1,15,,34532,9,,,1,15,,34593,9,,,1,15,,34610,9,,,1,55,,34550,9,,,1,15,,34520,9,,,1,15,,34533,9,,,1,15,,34594,9,,,1,55,,34611,9,,,1,15,,34551,9,,,1,15,,34521,9,,,1,15,,34534,9,,,1,55,,34595,9,,,1,15,,34612,9,,,1
18002300,'20260914-Weekday-3-26-09',523,,39188,9,,,1,10,,39212,9,,,1,10,,39200,9,,,1,10,,39224,9,,,1,51,,39265,9,,,1,10,,39235,9,,,1,7,,39252,9,,,1,5,,39282,9,,,1,5,,39189,9,,,1,5,,39294,9,,,1,5,,39213,9,,,1,5,,39302,9,,,1,5,,39201,9,,,1,5,,39326,9,,,1,45,,39225,9,,,1,5,,39310,9,,,1,5,,39266,9,,,1,5,,39343,9,,,1,5,,39236,9,,,1,5,,39253,9,,,1,5,,39283,9,,,1,5,,39190,9,,,1,5,,39295,9,,,1,5,,39214,9,,,1,5,,39303,9,,,1,5,,39202,9,,,1,45,,39327,9,,,1,5,,39226,9,,,1,5,,39311,9,,,1,5,,39267,9,,,1,5,,39344,9,,,1,5,,39237,9,,,1,5,,39254,9,,,1,5,,39284,9,,,1,5,,39191,9,,,1,5,,39296,9,,,1,5,,39215,9,,,1,5,,39304,9,,,1,45,,39203,9,,,1,5,,39328,9,,,1,5,,39227,9,,,1,5,,39312,9,,,1,5,,39268,9,,,1,5,,39345,9,,,1,5,,39238,9,,,1,5,,39255,9,,,1,5,,39285,9,,,1,5,,39192,9,,,1,5,,39297,9,,,1,5,,39216,9,,,1,45,,39305,9,,,1,5,,39204,9,,,1,5,,39329,9,,,1,6,,39228,9,,,1,6,,39313,9,,,1,7,,39269,9,,,1,10,,39239,9,,,1,10,,39286,9,,,1,50,,39193,9,,,1,10,,39217,9,,,1,10,,39330,9,,,1,10,,39314,9,,,1,10,,39270,9,,,1,10,,39240,9,,,1,50,,39287,9,,,1,10,,39194,9,,,1,10,,39218,9,,,1,10,,39331,9,,,1,10,,39315,9,,,1,10,,39271,9,,,1,50,,39241,9,,,1,10,,39288,9,,,1,10,,39195,9,,,1,10,,39219,9,,,1,10,,39332,9,,,1,10,,39316,9,,,1,50,,39272,9,,,1,10,,39242,9,,,1,10,,39289,9,,,1,9,,39196,9,,,1,10,,39220,9,,,1,10,,39333,9,,,1,7,,39306,9,,,1,45,,39205,9,,,1,5,,39273,9,,,1,5,,39346,9,,,1,5,,39243,9,,,1,5,,39256,9,,,1,5,,39290,9,,,1,5,,39317,9,,,1,5,,39298,9,,,1,5,,39197,9,,,1,5,,39229,9,,,1,5,,39221,9,,,1,5,,39334,9,,,1,45,,39307,9,,,1,5,,39206,9,,,1,5,,39274,9,,,1,5,,39347,9,,,1,5,,39244,9,,,1,5,,39257,9,,,1,5,,39291,9,,,1,5,,39318,9,,,1,5,,39299,9,,,1,5,,39198,9,,,1,5,,39230,9,,,1,5,,39222,9,,,1,45,,39335,9,,,1,5,,39308,9,,,1,5,,39207,9,,,1,5,,39275,9,,,1,5,,39348,9,,,1,5,,39245,9,,,1,5,,39258,9,,,1,5,,39292,9,,,1,5,,39319,9,,,1,5,,39300,9,,,1,5,,39199,9,,,1,5,,39231,9,,,1,45,,39223,9,,,1,5,,39336,9,,,1,5,,39309,9,,,1,5,,39208,9,,,1,5,,39276,9,,,1,5,,39349,9,,,1,5,,39246,9,,,1,6,,39259,9,,,1,5,,39293,9,,,1,4,,39320,9,,,1,6,,39301,9,,,1,53,,39232,9,,,1,10,,39337,9,,,1,10,,39209,9,,,1,10,,39277,9,,,1,10,,39247,9,,,1,10,,39260,9,,,1,50,,39321,9,,,1,10,,39233,9,,,1,10,,39338,9,,,1,10,,39210,9,,,1,10,,39278,9,,,1,10,,39248,9,,,1,50,,39261,9,,,1,10,,39322,9,,,1,10,,39234,9,,,1,10,,39339,9,,,1,10,,39211,9,,,1,10,,39279,9,,,1,55,,39249,9,,,1,15,,39262,9,,,1,15,,39323,9,,,1,15,,39340,9,,,1,55,,39280,9,,,1,15,,39250,9,,,1,15,,39263,9,,,1,15,,39324,9,,,1,55,,39341,9,,,1,15,,39281,9,,,1,15,,39251,9,,,1,15,,39264,9,,,1,55,,39325,9,,,1,15,,39342,9,,,1
18002300,'20260914-Weekday-4-26-09',523,,34620,9,,,1,10,,34644,9,,,1,10,,34632,9,,,1,10,,34656,9,,,1,51,,34697,9,,,1,10,,34667,9,,,1,7,,34684,9,,,1,5,,34714,9,,,1,5,,34621,9,,,1,5,,34726,9,,,1,5,,34645,9,,,1,5,,34734,9,,,1,5,,34633,9,,,1,5,,34758,9,,,1,45,,34657,9,,,1,5,,34742,9,,,1,5,,34698,9,,,1,5,,34775,9,,,1,5,,34668,9,,,1,5,,34685,9,,,1,5,,34715,9,,,1,5,,34622,9,,,1,5,,34727,9,,,1,5,,34646,9,,,1,5,,34735,9,,,1,5,,34634,9,,,1,45,,34759,9,,,1,5,,34658,9,,,1,5,,34743,9,,,1,5,,34699,9,,,1,5,,34776,9,,,1,5,,34669,9,,,1,5,,34686,9,,,1,5,,34716,9,,,1,5,,34623,9,,,1,5,,34728,9,,,1,5,,34647,9,,,1,5,,34736,9,,,1,45,,34635,9,,,1,5,,34760,9,,,1,5,,34659,9,,,1,5,,34744,9,,,1,5,,34700,9,,,1,5,,34777,9,,,1,5,,34670,9,,,1,5,,34687,9,,,1,5,,34717,9,,,1,5,,34624,9,,,1,5,,34729,9,,,1,5,,34648,9,,,1,45,,34737,9,,,1,5,,34636,9,,,1,5,,34761,9,,,1,6,,34660,9,,,1,6,,34745,9,,,1,7,,34701,9,,,1,10,,34671,9,,,1,10,,34718,9,,,1,50,,34625,9,,,1,10,,34649,9,,,1,10,,34762,9,,,1,10,,34746,9,,,1,10,,34702,9,,,1,10,,34672,9,,,1,50,,34719,9,,,1,10,,34626,9,,,1,10,,34650,9,,,1,10,,34763,9,,,1,10,,34747,9,,,1,10,,34703,9,,,1,50,,34673,9,,,1,10,,34720,9,,,1,10,,34627,9,,,1,10,,34651,9,,,1,10,,34764,9,,,1,10,,34748,9,,,1,50,,34704,9,,,1,10,,34674,9,,,1,10,,34721,9,,,1,9,,34628,9,,,1,10,,34652,9,,,1,10,,34765,9,,,1,7,,34738,9,,,1,45,,34637,9,,,1,5,,34705,9,,,1,5,,34778,9,,,1,5,,34675,9,,,1,5,,34688,9,,,1,5,,34722,9,,,1,5,,34749,9,,,1,5,,34730,9,,,1,5,,34629,9,,,1,5,,34661,9,,,1,5,,34653,9,,,1,5,,34766,9,,,1,45,,34739,9,,,1,5,,34638,9,,,1,5,,34706,9,,,1,5,,34779,9,,,1,5,,34676,9,,,1,5,,34689,9,,,1,5,,34723,9,,,1,5,,34750,9,,,1,5,,34731,9,,,1,5,,34630,9,,,1,5,,34662,9,,,1,5,,34654,9,,,1,45,,34767,9,,,1,5,,34740,9,,,1,5,,34639,9,,,1,5,,34707,9,,,1,5,,34780,9,,,1,5,,34677,9,,,1,5,,34690,9,,,1,5,,34724,9,,,1,5,,34751,9,,,1,5,,34732,9,,,1,5,,34631,9,,,1,5,,34663,9,,,1,45,,34655,9,,,1,5,,34768,9,,,1,5,,34741,9,,,1,5,,34640,9,,,1,5,,34708,9,,,1,5,,34781,9,,,1,5,,34678,9,,,1,6,,34691,9,,,1,5,,34725,9,,,1,4,,34752,9,,,1,6,,34733,9,,,1,53,,34664,9,,,1,10,,34769,9,,,1,10,,34641,9,,,1,10,,34709,9,,,1,10,,34679,9,,,1,10,,34692,9,,,1,50,,34753,9,,,1,10,,34665,9,,,1,10,,34770,9,,,1,10,,34642,9,,,1,10,,34710,9,,,1,10,,34680,9,,,1,50,,34693,9,,,1,10,,34754,9,,,1,10,,34666,9,,,1,10,,34771,9,,,1,10,,34643,9,,,1,10,,34711,9,,,1,55,,34681,9,,,1,15,,34694,9,,,1,15,,34755,9,,,1,15,,34772,9,,,1,55,,34712,9,,,1,15,,34682,9,,,1,15,,34695,9,,,1,15,,34756,9,,,1,55,,34773,9,,,1,15,,34713,9,,,1,15,,34683,9,,,1,15,,34696,9,,,1,55,,34757,9,,,1,15,,34774,9,,,1
18002300,'20260914-Weekday-5-26-09',523,,39350,9,,,1,10,,39374,9,,,1,10,,39362,9,,,1,10,,39386,9,,,1,51,,39427,9,,,1,10,,39397,9,,,1,7,,39414,9,,,1,5,,39444,9,,,1,5,,39351,9,,,1,5,,39456,9,,,1,5,,39375,9,,,1,5,,39464,9,,,1,5,,39363,9,,,1,5,,39488,9,,,1,45,,39387,9,,,1,5,,39472,9,,,1,5,,39428,9,,,1,5,,39505,9,,,1,5,,39398,9,,,1,5,,39415,9,,,1,5,,39445,9,,,1,5,,39352,9,,,1,5,,39457,9,,,1,5,,39376,9,,,1,5,,39465,9,,,1,5,,39364,9,,,1,45,,39489,9,,,1,5,,39388,9,,,1,5,,39473,9,,,1,5,,39429,9,,,1,5,,39506,9,,,1,5,,39399,9,,,1,5,,39416,9,,,1,5,,39446,9,,,1,5,,39353,9,,,1,5,,39458,9,,,1,5,,39377,9,,,1,5,,39466,9,,,1,45,,39365,9,,,1,5,,39490,9,,,1,5,,39389,9,,,1,5,,39474,9,,,1,5,,39430,9,,,1,5,,39507,9,,,1,5,,39400,9,,,1,5,,39417,9,,,1,5,,39447,9,,,1,5,,39354,9,,,1,5,,39459,9,,,1,5,,39378,9,,,1,45,,39467,9,,,1,5,,39366,9,,,1,5,,39491,9,,,1,6,,39390,9,,,1,6,,39475,9,,,1,7,,39431,9,,,1,10,,39401,9,,,1,10,,39448,9,,,1,50,,39355,9,,,1,10,,39379,9,,,1,10,,39492,9,,,1,10,,39476,9,,,1,10,,39432,9,,,1,10,,39402,9,,,1,50,,39449,9,,,1,10,,39356,9,,,1,10,,39380,9,,,1,10,,39493,9,,,1,10,,39477,9,,,1,10,,39433,9,,,1,50,,39403,9,,,1,10,,39450,9,,,1,10,,39357,9,,,1,10,,39381,9,,,1,10,,39494,9,,,1,10,,39478,9,,,1,50,,39434,9,,,1,10,,39404,9,,,1,10,,39451,9,,,1,9,,39358,9,,,1,10,,39382,9,,,1,10,,39495,9,,,1,7,,39468,9,,,1,45,,39367,9,,,1,5,,39435,9,,,1,5,,39508,9,,,1,5,,39405,9,,,1,5,,39418,9,,,1,5,,39452,9,,,1,5,,39479,9,,,1,5,,39460,9,,,1,5,,39359,9,,,1,5,,39391,9,,,1,5,,39383,9,,,1,5,,39496,9,,,1,45,,39469,9,,,1,5,,39368,9,,,1,5,,39436,9,,,1,5,,39509,9,,,1,5,,39406,9,,,1,5,,39419,9,,,1,5,,39453,9,,,1,5,,39480,9,,,1,5,,39461,9,,,1,5,,39360,9,,,1,5,,39392,9,,,1,5,,39384,9,,,1,45,,39497,9,,,1,5,,39470,9,,,1,5,,39369,9,,,1,5,,39437,9,,,1,5,,39510,9,,,1,5,,39407,9,,,1,5,,39420,9,,,1,5,,39454,9,,,1,5,,39481,9,,,1,5,,39462,9,,,1,5,,39361,9,,,1,5,,39393,9,,,1,45,,39385,9,,,1,5,,39498,9,,,1,5,,39471,9,,,1,5,,39370,9,,,1,5,,39438,9,,,1,5,,39511,9,,,1,5,,39408,9,,,1,6,,39421,9,,,1,5,,39455,9,,,1,4,,39482,9,,,1,6,,39463,9,,,1,53,,39394,9,,,1,10,,39499,9,,,1,10,,39371,9,,,1,10,,39439,9,,,1,10,,39409,9,,,1,10,,39422,9,,,1,50,,39483,9,,,1,10,,39395,9,,,1,10,,39500,9,,,1,10,,39372,9,,,1,10,,39440,9,,,1,10,,39410,9,,,1,50,,39423,9,,,1,10,,39484,9,,,1,10,,39396,9,,,1,10,,39501,9,,,1,10,,39373,9,,,1,10,,39441,9,,,1,55,,39411,9,,,1,15,,39424,9,,,1,15,,39485,9,,,1,15,,39502,9,,,1,55,,39442,9,,,1,15,,39412,9,,,1,15,,39425,9,,,1,15,,39486,9,,,1,55,,39503,9,,,1,15,,39443,9,,,1,15,,39413,9,,,1,15,,39426,9,,,1,55,,39487,9,,,1,15,,39504,9,,,1
18002300,'20260914-Weekday-6-26-09',523,,39512,9,,,1,10,,39536,9,,,1,10,,39524,9,,,1,10,,39548,9,,,1,51,,39589,9,,,1,10,,39559,9,,,1,7,,39576,9,,,1,5,,39606,9,,,1,5,,39513,9,,,1,5,,39618,9,,,1,5,,39537,9,,,1,5,,39626,9,,,1,5,,39525,9,,,1,5,,39650,9,,,1,45,,39549,9,,,1,5,,39634,9,,,1,5,,39590,9,,,1,5,,39667,9,,,1,5,,39560,9,,,1,5,,39577,9,,,1,5,,39607,9,,,1,5,,39514,9,,,1,5,,39619,9,,,1,5,,39538,9,,,1,5,,39627,9,,,1,5,,39526,9,,,1,45,,39651,9,,,1,5,,39550,9,,,1,5,,39635,9,,,1,5,,39591,9,,,1,5,,39668,9,,,1,5,,39561,9,,,1,5,,39578,9,,,1,5,,39608,9,,,1,5,,39515,9,,,1,5,,39620,9,,,1,5,,39539,9,,,1,5,,39628,9,,,1,45,,39527,9,,,1,5,,39652,9,,,1,5,,39551,9,,,1,5,,39636,9,,,1,5,,39592,9,,,1,5,,39669,9,,,1,5,,39562,9,,,1,5,,39579,9,,,1,5,,39609,9,,,1,5,,39516,9,,,1,5,,39621,9,,,1,5,,39540,9,,,1,45,,39629,9,,,1,5,,39528,9,,,1,5,,39653,9,,,1,6,,39552,9,,,1,6,,39637,9,,,1,7,,39593,9,,,1,10,,39563,9,,,1,10,,39610,9,,,1,50,,39517,9,,,1,10,,39541,9,,,1,10,,39654,9,,,1,10,,39638,9,,,1,10,,39594,9,,,1,10,,39564,9,,,1,50,,39611,9,,,1,10,,39518,9,,,1,10,,39542,9,,,1,10,,39655,9,,,1,10,,39639,9,,,1,10,,39595,9,,,1,50,,39565,9,,,1,10,,39612,9,,,1,10,,39519,9,,,1,10,,39543,9,,,1,10,,39656,9,,,1,10,,39640,9,,,1,50,,39596,9,,,1,10,,39566,9,,,1,10,,39613,9,,,1,9,,39520,9,,,1,10,,39544,9,,,1,10,,39657,9,,,1,7,,39630,9,,,1,45,,39529,9,,,1,5,,39597,9,,,1,5,,39670,9,,,1,5,,39567,9,,,1,5,,39580,9,,,1,5,,39614,9,,,1,5,,39641,9,,,1,5,,39622,9,,,1,5,,39521,9,,,1,5,,39553,9,,,1,5,,39545,9,,,1,5,,39658,9,,,1,45,,39631,9,,,1,5,,39530,9,,,1,5,,39598,9,,,1,5,,39671,9,,,1,5,,39568,9,,,1,5,,39581,9,,,1,5,,39615,9,,,1,5,,39642,9,,,1,5,,39623,9,,,1,5,,39522,9,,,1,5,,39554,9,,,1,5,,39546,9,,,1,45,,39659,9,,,1,5,,39632,9,,,1,5,,39531,9,,,1,5,,39599,9,,,1,5,,39672,9,,,1,5,,39569,9,,,1,5,,39582,9,,,1,5,,39616,9,,,1,5,,39643,9,,,1,5,,39624,9,,,1,5,,39523,9,,,1,5,,39555,9,,,1,45,,39547,9,,,1,5,,39660,9,,,1,5,,39633,9,,,1,5,,39532,9,,,1,5,,39600,9,,,1,5,,39673,9,,,1,5,,39570,9,,,1,6,,39583,9,,,1,5,,39617,9,,,1,4,,39644,9,,,1,6,,39625,9,,,1,53,,39556,9,,,1,10,,39661,9,,,1,10,,39533,9,,,1,10,,39601,9,,,1,10,,39571,9,,,1,10,,39584,9,,,1,50,,39645,9,,,1,10,,39557,9,,,1,10,,39662,9,,,1,10,,39534,9,,,1,10,,39602,9,,,1,10,,39572,9,,,1,50,,39585,9,,,1,10,,39646,9,,,1,10,,39558,9,,,1,10,,39663,9,,,1,10,,39535,9,,,1,10,,39603,9,,,1,55,,39573,9,,,1,15,,39586,9,,,1,15,,39647,9,,,1,15,,39664,9,,,1,55,,39604,9,,,1,15,,39574,9,,,1,15,,39587,9,,,1,15,,39648,9,,,1,55,,39665,9,,,1,15,,39605,9,,,1,15,,39575,9,,,1,15,,39588,9,,,1,55,,39649,9,,,1,15,,39666,9,,,1
18002300,'20260914-Weekday-7-26-09',523,,39674,9,,,1,10,,39698,9,,,1,10,,39686,9,,,1,10,,39710,9,,,1,51,,39751,9,,,1,10,,39721,9,,,1,7,,39738,9,,,1,5,,39768,9,,,1,5,,39675,9,,,1,5,,39780,9,,,1,5,,39699,9,,,1,5,,39788,9,,,1,5,,39687,9,,,1,5,,39812,9,,,1,45,,39711,9,,,1,5,,39796,9,,,1,5,,39752,9,,,1,5,,39829,9,,,1,5,,39722,9,,,1,5,,39739,9,,,1,5,,39769,9,,,1,5,,39676,9,,,1,5,,39781,9,,,1,5,,39700,9,,,1,5,,39789,9,,,1,5,,39688,9,,,1,45,,39813,9,,,1,5,,39712,9,,,1,5,,39797,9,,,1,5,,39753,9,,,1,5,,39830,9,,,1,5,,39723,9,,,1,5,,39740,9,,,1,5,,39770,9,,,1,5,,39677,9,,,1,5,,39782,9,,,1,5,,39701,9,,,1,5,,39790,9,,,1,45,,39689,9,,,1,5,,39814,9,,,1,5,,39713,9,,,1,5,,39798,9,,,1,5,,39754,9,,,1,5,,39831,9,,,1,5,,39724,9,,,1,5,,39741,9,,,1,5,,39771,9,,,1,5,,39678,9,,,1,5,,39783,9,,,1,5,,39702,9,,,1,45,,39791,9,,,1,5,,39690,9,,,1,5,,39815,9,,,1,6,,39714,9,,,1,6,,39799,9,,,1,7,,39755,9,,,1,10,,39725,9,,,1,10,,39772,9,,,1,50,,39679,9,,,1,10,,39703,9,,,1,10,,39816,9,,,1,10,,39800,9,,,1,10,,39756,9,,,1,10,,39726,9,,,1,50,,39773,9,,,1,10,,39680,9,,,1,10,,39704,9,,,1,10,,39817,9,,,1,10,,39801,9,,,1,10,,39757,9,,,1,50,,39727,9,,,1,10,,39774,9,,,1,10,,39681,9,,,1,10,,39705,9,,,1,10,,39818,9,,,1,10,,39802,9,,,1,50,,39758,9,,,1,10,,39728,9,,,1,10,,39775,9,,,1,9,,39682,9,,,1,10,,39706,9,,,1,10,,39819,9,,,1,7,,39792,9,,,1,45,,39691,9,,,1,5,,39759,9,,,1,5,,39832,9,,,1,5,,39729,9,,,1,5,,39742,9,,,1,5,,39776,9,,,1,5,,39803,9,,,1,5,,39784,9,,,1,5,,39683,9,,,1,5,,39715,9,,,1,5,,39707,9,,,1,5,,39820,9,,,1,45,,39793,9,,,1,5,,39692,9,,,1,5,,39760,9,,,1,5,,39833,9,,,1,5,,39730,9,,,1,5,,39743,9,,,1,5,,39777,9,,,1,5,,39804,9,,,1,5,,39785,9,,,1,5,,39684,9,,,1,5,,39716,9,,,1,5,,39708,9,,,1,45,,39821,9,,,1,5,,39794,9,,,1,5,,39693,9,,,1,5,,39761,9,,,1,5,,39834,9,,,1,5,,39731,9,,,1,5,,39744,9,,,1,5,,39778,9,,,1,5,,39805,9,,,1,5,,39786,9,,,1,5,,39685,9,,,1,5,,39717,9,,,1,45,,39709,9,,,1,5,,39822,9,,,1,5,,39795,9,,,1,5,,39694,9,,,1,5,,39762,9,,,1,5,,39835,9,,,1,5,,39732,9,,,1,6,,39745,9,,,1,5,,39779,9,,,1,4,,39806,9,,,1,6,,39787,9,,,1,53,,39718,9,,,1,10,,39823,9,,,1,10,,39695,9,,,1,10,,39763,9,,,1,10,,39733,9,,,1,10,,39746,9,,,1,50,,39807,9,,,1,10,,39719,9,,,1,10,,39824,9,,,1,10,,39696,9,,,1,10,,39764,9,,,1,10,,39734,9,,,1,50,,39747,9,,,1,10,,39808,9,,,1,10,,39720,9,,,1,10,,39825,9,,,1,10,,39697,9,,,1,10,,39765,9,,,1,55,,39735,9,,,1,15,,39748,9,,,1,15,,39809,9,,,1,15,,39826,9,,,1,55,,39766,9,,,1,15,,39736,9,,,1,15,,39749,9,,,1,15,,39810,9,,,1,55,,39827,9,,,1,15,,39767,9,,,1,15,,39737,9,,,1,15,,39750,9,,,1,55,,39811,9,,,1,15,,39828,9,,,1
18002300,'20260917-Holiday1-1-26-09',523,,34782,9,,,1,10,,34809,9,,,1,10,,34794,9,,,1,10,,34821,9,,,1,51,,34865,9,,,1,10,,34835,9,,,1,7,,34852,9,,,1,5,,34883,9,,,1,5,,34783,9,,,1,5,,34895,9,,,1,5,,34810,9,,,1,5,,34903,9,,,1,5,,34795,9,,,1,5,,34927,9,,,1,45,,34822,9,,,1,5,,34911,9,,,1,5,,34866,9,,,1,5,,34944,9,,,1,5,,34836,9,,,1,5,,34853,9,,,1,5,,34884,9,,,1,5,,34784,9,,,1,5,,34896,9,,,1,5,,34811,9,,,1,5,,34904,9,,,1,5,,34796,9,,,1,45,,34928,9,,,1,5,,34823,9,,,1,5,,34912,9,,,1,5,,34867,9,,,1,5,,34945,9,,,1,5,,34837,9,,,1,5,,34854,9,,,1,5,,34885,9,,,1,5,,34785,9,,,1,5,,34897,9,,,1,5,,34812,9,,,1,5,,34905,9,,,1,45,,34797,9,,,1,5,,34929,9,,,1,5,,34824,9,,,1,5,,34913,9,,,1,5,,34868,9,,,1,5,,34946,9,,,1,5,,34838,9,,,1,5,,34855,9,,,1,5,,34886,9,,,1,5,,34786,9,,,1,5,,34898,9,,,1,5,,34813,9,,,1,45,,34906,9,,,1,5,,34798,9,,,1,5,,34930,9,,,1,6,,34825,9,,,1,6,,34914,9,,,1,7,,34869,9,,,1,10,,34839,9,,,1,10,,34887,9,,,1,50,,34787,9,,,1,10,,34814,9,,,1,10,,34931,9,,,1,10,,34915,9,,,1,10,,34870,9,,,1,10,,34840,9,,,1,50,,34888,9,,,1,10,,34788,9,,,1,10,,34815,9,,,1,10,,34932,9,,,1,10,,34916,9,,,1,10,,34871,9,,,1,50,,34841,9,,,1,10,,34889,9,,,1,10,,34789,9,,,1,10,,34816,9,,,1,10,,34933,9,,,1,10,,34917,9,,,1,50,,34872,9,,,1,10,,34842,9,,,1,10,,34890,9,,,1,9,,34790,9,,,1,10,,34817,9,,,1,10,,34934,9,,,1,7,,34907,9,,,1,45,,34799,9,,,1,5,,34873,9,,,1,5,,34947,9,,,1,5,,34843,9,,,1,5,,34856,9,,,1,5,,34891,9,,,1,5,,34918,9,,,1,5,,34899,9,,,1,5,,34791,9,,,1,5,,34826,9,,,1,5,,34818,9,,,1,5,,34935,9,,,1,45,,34908,9,,,1,5,,34800,9,,,1,5,,34874,9,,,1,5,,34948,9,,,1,5,,34844,9,,,1,5,,34857,9,,,1,5,,34892,9,,,1,5,,34919,9,,,1,5,,34900,9,,,1,5,,34792,9,,,1,5,,34827,9,,,1,5,,34819,9,,,1,45,,34936,9,,,1,5,,34909,9,,,1,5,,34801,9,,,1,5,,34875,9,,,1,5,,34949,9,,,1,5,,34845,9,,,1,5,,34858,9,,,1,5,,34893,9,,,1,5,,34920,9,,,1,5,,34901,9,,,1,5,,34793,9,,,1,5,,34828,9,,,1,45,,34820,9,,,1,5,,34937,9,,,1,5,,34910,9,,,1,5,,34802,9,,,1,5,,34876,9,,,1,5,,34950,9,,,1,5,,34846,9,,,1,6,,34859,9,,,1,5,,34894,9,,,1,4,,34921,9,,,1,6,,34902,9,,,1,53,,34829,9,,,1,10,,34938,9,,,1,10,,34803,9,,,1,10,,34877,9,,,1,10,,34847,9,,,1,10,,34860,9,,,1,50,,34922,9,,,1,10,,34830,9,,,1,10,,34939,9,,,1,10,,34804,9,,,1,10,,34878,9,,,1,10,,34848,9,,,1,50,,34861,9,,,1,10,,34923,9,,,1,10,,34831,9,,,1,10,,34940,9,,,1,10,,34805,9,,,1,10,,34879,9,,,1,50,,34849,9,,,1,10,,34862,9,,,1,10,,34924,9,,,1,10,,34832,9,,,1,10,,34941,9,,,1,10,,34806,9,,,1,50,,34880,9,,,1,10,,34850,9,,,1,10,,34863,9,,,1,10,,34925,9,,,1,10,,34833,9,,,1,10,,34942,9,,,1,50,,34807,9,,,1,10,,34881,9,,,1,10,,34851,9,,,1,10,,34864,9,,,1,10,,34926,9,,,1,10,,34834,9,,,1,50,,34943,9,,,1,10,,34808,9,,,1,10,,34882,9,,,1
18002300,'20260919-Saturday-1-26-09',535,,34951,9,,,1,10,,34968,9,,,1,10,,34985,9,,,1,50,,34997,9,,,1,10,,35014,9,,,1,10,,35031,9,,,1,10,,35047,9,,,1,10,,34952,9,,,1,10,,34969,9,,,1,50,,34986,9,,,1,10,,34998,9,,,1,10,,35015,9,,,1,10,,35032,9,,,1,10,,35048,9,,,1,10,,34953,9,,,1,50,,34970,9,,,1,10,,34987,9,,,1,10,,34999,9,,,1,10,,35016,9,,,1,10,,35033,9,,,1,10,,35049,9,,,1,50,,34954,9,,,1,10,,34971,9,,,1,10,,34988,9,,,1,10,,35000,9,,,1,10,,35017,9,,,1,10,,35034,9,,,1,50,,35050,9,,,1,10,,34955,9,,,1,10,,34972,9,,,1,10,,34989,9,,,1,10,,35001,9,,,1,10,,35018,9,,,1,50,,35035,9,,,1,10,,35051,9,,,1,10,,34956,9,,,1,10,,34973,9,,,1,10,,34990,9,,,1,10,,35002,9,,,1,50,,35019,9,,,1,10,,35036,9,,,1,10,,35052,9,,,1,10,,34957,9,,,1,10,,34974,9,,,1,10,,34991,9,,,1,50,,35003,9,,,1,10,,35020,9,,,1,10,,35037,9,,,1,10,,35053,9,,,1,10,,34958,9,,,1,10,,34975,9,,,1,50,,34992,9,,,1,10,,35004,9,,,1,10,,35021,9,,,1,10,,35038,9,,,1,10,,35054,9,,,1,10,,34959,9,,,1,50,,34976,9,,,1,10,,34993,9,,,1,10,,35005,9,,,1,10,,35022,9,,,1,10,,35039,9,,,1,10,,35055,9,,,1,50,,34960,9,,,1,10,,34977,9,,,1,10,,34994,9,,,1,10,,35006,9,,,1,10,,35023,9,,,1,10,,35040,9,,,1,50,,35056,9,,,1,10,,34961,9,,,1,10,,34978,9,,,1,10,,34995,9,,,1,10,,35007,9,,,1,10,,35024,9,,,1,50,,35041,9,,,1,10,,35057,9,,,1,10,,34962,9,,,1,10,,34979,9,,,1,10,,34996,9,,,1,10,,35008,9,,,1,55,,35025,9,,,1,15,,35042,9,,,1,15,,34963,9,,,1,15,,34980,9,,,1,55,,35009,9,,,1,15,,35026,9,,,1,15,,35043,9,,,1,15,,34964,9,,,1,55,,34981,9,,,1,15,,35010,9,,,1,15,,35027,9,,,1,15,,35044,9,,,1,55,,34965,9,,,1,15,,34982,9,,,1,15,,35011,9,,,1,15,,35028,9,,,1,55,,35045,9,,,1,15,,34966,9,,,1,15,,34983,9,,,1,15,,35012,9,,,1,55,,35029,9,,,1,15,,35046,9,,,1,15,,34967,9,,,1,15,,34984,9,,,1,55,,35013,9,,,1,15,,35030,9,,,1
