18002100,'021R-Weekday-1-26-09',518,,32280,3,,,1,12,,32281,3,,,1,12,,32282,3,,,1,12,,32283,3,,,1,52,,32284,3,,,1,12,,32285,3,,,1,12,,32286,3,,,1,6,,32287,3,,,1,6,,32288,3,,,1,6,,32289,3,,,1,6,,32290,3,,,1,46,,32291,3,,,1,6,,32292,3,,,1,6,,32293,3,,,1,6,,32294,3,,,1,6,,32295,3,,,1,6,,32296,3,,,1,6,,32297,3,,,1,6,,32298,3,,,1,6,,32299,3,,,1,6,,32300,3,,,1,46,,32301,3,,,1,6,,32302,3,,,1,6,,32303,3,,,1,6,,32304,3,,,1,6,,32305,3,,,1,6,,32306,3,,,1,6,,32307,3,,,1,6,,32308,3,,,1,6,,32309,3,,,1,6,,32310,3,,,1,46,,32311,3,,,1,6,,32312,3,,,1,6,,32313,3,,,1,6,,32314,3,,,1,6,,32315,3,,,1,6,,32316,3,,,1,6,,32317,3,,,1,6,,32318,3,,,1,6,,32319,3,,,1,10,,32320,3,,,1,50,,32321,3,,,1,10,,32322,3,,,1,10,,32323,3,,,1,10,,32324,3,,,1,10,,32325,3,,,1,10,,32326,3,,,1,50,,32327,3,,,1,10,,32328,3,,,1,10,,32329,3,,,1,10,,32330,3,,,1,10,,32331,3,,,1,10,,32332,3,,,1,50,,32333,3,,,1,10,,32334,3,,,1,10,,32335,3,,,1,10,,32336,3,,,1,10,,32337,3,,,1,10,,32338,3,,,1,50,,32339,3,,,1,10,,32340,3,,,1,10,,32341,3,,,1,10,,32342,3,,,1,10,,32343,3,,,1,10,,32344,3,,,1,50,,32345,3,,,1,10,,32346,3,,,1,10,,32347,3,,,1,10,,32348,3,,,1,10,,32349,3,,,1,6,,32350,3,,,1,46,,32351,3,,,1,6,,32352,3,,,1,6,,32353,3,,,1,6,,32354,3,,,1,6,,32355,3,,,1,6,,32356,3,,,1,6,,32357,3,,,1,6,,32358,3,,,1,6,,32359,3,,,1,6,,32360,3,,,1,46,,32361,3,,,1,6,,32362,3,,,1,6,,32363,3,,,1,6,,32364,3,,,1,6,,32365,3,,,1,6,,32366,3,,,1,6,,32367,3,,,1,6,,32368,3,,,1,6,,32369,3,,,1,6,,32370,3,,,1,46,,32371,3,,,1,6,,32372,3,,,1,6,,32373,3,,,1,6,,32374,3,,,1,6,,32375,3,,,1,6,,32376,3,,,1,6,,32377,3,,,1,6,,32378,3,,,1,6,,32379,3,,,1,6,,32380,3,,,1,46,,32381,3,,,1,6,,32382,3,,,1,6,,32383,3,,,1,6,,32384,3,,,1,6,,32385,3,,,1,6,,32386,3,,,1,6,,32387,3,,,1,6,,32388,3,,,1,6,,32389,3,,,1,6,,32390,3,,,1,49,,32415,3,,,1,15,,32391,3,,,1,15,,32392,3,,,1,15,,32393,3,,,1,55,,32394,3,,,1,15,,32395,3,,,1,15,,32396,3,,,1,15,,32397,3,,,1,55,,32398,3,,,1,15,,32399,3,,,1,15,,32400,3,,,1,15,,32401,3,,,1,55,,32402,3,,,1,15,,32403,3,,,1,15,,32404,3,,,1,15,,32405,3,,,1,55,,32406,3,,,1,15,,32407,3,,,1,15,,32408,3,,,1,15,,32409,3,,,1,55,,32410,3,,,1,15,,32411,3,,,1,15,,32412,3,,,1,15,,32413,3,,,1,55,,32414,3,,,1,15,,32416,3,,,1
18002100,'021R-Weekday-2-26-09',518,,32417,3,,,1,12,,32418,3,,,1,12,,32419,3,,,1,12,,32420,3,,,1,52,,32421,3,,,1,12,,32422,3,,,1,12,,32423,3,,,1,6,,32424,3,,,1,6,,32425,3,,,1,6,,32426,3,,,1,6,,32427,3,,,1,46,,32428,3,,,1,6,,32429,3,,,1,6,,32430,3,,,1,6,,32431,3,,,1,6,,32432,3,,,1,6,,32433,3,,,1,6,,32434,3,,,1,6,,32435,3,,,1,6,,32436,3,,,1,6,,32437,3,,,1,46,,32438,3,,,1,6,,32439,3,,,1,6,,32440,3,,,1,6,,32441,3,,,1,6,,32442,3,,,1,6,,32443,3,,,1,6,,32444,3,,,1,6,,32445,3,,,1,6,,32446,3,,,1,6,,32447,3,,,1,46,,32448,3,,,1,6,,32449,3,,,1,6,,32450,3,,,1,6,,32451,3,,,1,6,,32452,3,,,1,6,,32453,3,,,1,6,,32454,3,,,1,6,,32455,3,,,1,6,,32456,3,,,1,10,,32457,3,,,1,50,,32458,3,,,1,10,,32459,3,,,1,10,,32460,3,,,1,10,,32461,3,,,1,10,,32462,3,,,1,10,,32463,3,,,1,50,,32464,3,,,1,10,,32465,3,,,1,10,,32466,3,,,1,10,,32467,3,,,1,10,,32468,3,,,1,10,,32469,3,,,1,50,,32470,3,,,1,10,,32471,3,,,1,10,,32472,3,,,1,10,,32473,3,,,1,10,,32474,3,,,1,10,,32475,3,,,1,50,,32476,3,,,1,10,,32477,3,,,1,10,,32478,3,,,1,10,,32479,3,,,1,10,,32480,3,,,1,10,,32481,3,,,1,50,,32482,3,,,1,10,,32483,3,,,1,10,,32484,3,,,1,10,,32485,3,,,1,10,,32486,3,,,1,6,,32487,3,,,1,46,,32488,3,,,1,6,,32489,3,,,1,6,,32490,3,,,1,6,,32491,3,,,1,6,,32492,3,,,1,6,,32493,3,,,1,6,,32494,3,,,1,6,,32495,3,,,1,6,,32496,3,,,1,6,,32497,3,,,1,46,,32498,3,,,1,6,,32499,3,,,1,6,,32500,3,,,1,6,,32501,3,,,1,6,,32502,3,,,1,6,,32503,3,,,1,6,,32504,3,,,1,6,,32505,3,,,1,6,,32506,3,,,1,6,,32507,3,,,1,46,,32508,3,,,1,6,,32509,3,,,1,6,,32510,3,,,1,6,,32511,3,,,1,6,,32512,3,,,1,6,,32513,3,,,1,6,,32514,3,,,1,6,,32515,3,,,1,6,,32516,3,,,1,6,,32517,3,,,1,46,,32518,3,,,1,6,,32519,3,,,1,6,,32520,3,,,1,6,,32521,3,,,1,6,,32522,3,,,1,6,,32523,3,,,1,6,,32524,3,,,1,6,,32525,3,,,1,6,,32526,3,,,1,6,,32527,3,,,1,49,,32552,3,,,1,15,,32528,3,,,1,15,,32529,3,,,1,15,,32530,3,,,1,55,,32531,3,,,1,15,,32532,3,,,1,15,,32533,3,,,1,15,,32534,3,,,1,55,,32535,3,,,1,15,,32536,3,,,1,15,,32537,3,,,1,15,,32538,3,,,1,55,,32539,3,,,1,15,,32540,3,,,1,15,,32541,3,,,1,15,,32542,3,,,1,55,,32543,3,,,1,15,,32544,3,,,1,15,,32545,3,,,1,15,,32546,3,,,1,55,,32547,3,,,1,15,,32548,3,,,1,15,,32549,3,,,1,15,,32550,3,,,1,55,,32551,3,,,1,15,,32553,3,,,1
18002100,'021R-Weekday-3-26-09',518,,35906,3,,,1,12,,35907,3,,,1,12,,35908,3,,,1,12,,35909,3,,,1,52,,35910,3,,,1,12,,35911,3,,,1,12,,35912,3,,,1,6,,35913,3,,,1,6,,35914,3,,,1,6,,35915,3,,,1,6,,35916,3,,,1,46,,35917,3,,,1,6,,35918,3,,,1,6,,35919,3,,,1,6,,35920,3,,,1,6,,35921,3,,,1,6,,35922,3,,,1,6,,35923,3,,,1,6,,35924,3,,,1,6,,35925,3,,,1,6,,35926,3,,,1,46,,35927,3,,,1,6,,35928,3,,,1,6,,35929,3,,,1,6,,35930,3,,,1,6,,35931,3,,,1,6,,35932,3,,,1,6,,35933,3,,,1,6,,35934,3,,,1,6,,35935,3,,,1,6,,35936,3,,,1,46,,35937,3,,,1,6,,35938,3,,,1,6,,35939,3,,,1,6,,35940,3,,,1,6,,35941,3,,,1,6,,35942,3,,,1,6,,35943,3,,,1,6,,35944,3,,,1,6,,35945,3,,,1,10,,35946,3,,,1,50,,35947,3,,,1,10,,35948,3,,,1,10,,35949,3,,,1,10,,35950,3,,,1,10,,35951,3,,,1,10,,35952,3,,,1,50,,35953,3,,,1,10,,35954,3,,,1,10,,35955,3,,,1,10,,35956,3,,,1,10,,35957,3,,,1,10,,35958,3,,,1,50,,35959,3,,,1,10,,35960,3,,,1,10,,35961,3,,,1,10,,35962,3,,,1,10,,35963,3,,,1,10,,35964,3,,,1,50,,35965,3,,,1,10,,35966,3,,,1,10,,35967,3,,,1,10,,35968,3,,,1,10,,35969,3,,,1,10,,35970,3,,,1,50,,35971,3,,,1,10,,35972,3,,,1,10,,35973,3,,,1,10,,35974,3,,,1,10,,35975,3,,,1,6,,35976,3,,,1,46,,35977,3,,,1,6,,35978,3,,,1,6,,35979,3,,,1,6,,35980,3,,,1,6,,35981,3,,,1,6,,35982,3,,,1,6,,35983,3,,,1,6,,35984,3,,,1,6,,35985,3,,,1,6,,35986,3,,,1,46,,35987,3,,,1,6,,35988,3,,,1,6,,35989,3,,,1,6,,35990,3,,,1,6,,35991,3,,,1,6,,35992,3,,,1,6,,35993,3,,,1,6,,35994,3,,,1,6,,35995,3,,,1,6,,35996,3,,,1,46,,35997,3,,,1,6,,35998,3,,,1,6,,35999,3,,,1,6,,36000,3,,,1,6,,36001,3,,,1,6,,36002,3,,,1,6,,36003,3,,,1,6,,36004,3,,,1,6,,36005,3,,,1,6,,36006,3,,,1,46,,36007,3,,,1,6,,36008,3,,,1,6,,36009,3,,,1,6,,36010,3,,,1,6,,36011,3,,,1,6,,36012,3,,,1,6,,36013,3,,,1,6,,36014,3,,,1,6,,36015,3,,,1,6,,36016,3,,,1,49,,36041,3,,,1,15,,36017,3,,,1,15,,36018,3,,,1,15,,36019,3,,,1,55,,36020,3,,,1,15,,36021,3,,,1,15,,36022,3,,,1,15,,36023,3,,,1,55,,36024,3,,,1,15,,36025,3,,,1,15,,36026,3,,,1,15,,36027,3,,,1,55,,36028,3,,,1,15,,36029,3,,,1,15,,36030,3,,,1,15,,36031,3,,,1,55,,36032,3,,,1,15,,36033,3,,,1,15,,36034,3,,,1,15,,36035,3,,,1,55,,36036,3,,,1,15,,36037,3,,,1,15,,36038,3,,,1,15,,36039,3,,,1,55,,36040,3,,,1,15,,36042,3,,,1
18002100,'021R-Weekday-4-26-09',518,,32554,3,,,1,12,,32555,3,,,1,12,,32556,3,,,1,12,,32557,3,,,1,52,,32558,3,,,1,12,,32559,3,,,1,12,,32560,3,,,1,6,,32561,3,,,1,6,,32562,3,,,1,6,,32563,3,,,1,6,,32564,3,,,1,46,,32565,3,,,1,6,,32566,3,,,1,6,,32567,3,,,1,6,,32568,3,,,1,6,,32569,3,,,1,6,,32570,3,,,1,6,,32571,3,,,1,6,,32572,3,,,1,6,,32573,3,,,1,6,,32574,3,,,1,46,,32575,3,,,1,6,,32576,3,,,1,6,,32577,3,,,1,6,,32578,3,,,1,6,,32579,3,,,1,6,,32580,3,,,1,6,,32581,3,,,1,6,,32582,3,,,1,6,,32583,3,,,1,6,,32584,3,,,1,46,,32585,3,,,1,6,,32586,3,,,1,6,,32587,3,,,1,6,,32588,3,,,1,6,,32589,3,,,1,6,,32590,3,,,1,6,,32591,3,,,1,6,,32592,3,,,1,6,,32593,3,,,1,10,,32594,3,,,1,50,,32595,3,,,1,10,,32596,3,,,1,10,,32597,3,,,1,10,,32598,3,,,1,10,,32599,3,,,1,10,,32600,3,,,1,50,,32601,3,,,1,10,,32602,3,,,1,10,,32603,3,,,1,10,,32604,3,,,1,10,,32605,3,,,1,10,,32606,3,,,1,50,,32607,3,,,1,10,,32608,3,,,1,10,,32609,3,,,1,10,,32610,3,,,1,10,,32611,3,,,1,10,,32612,3,,,1,50,,32613,3,,,1,10,,32614,3,,,1,10,,32615,3,,,1,10,,32616,3,,,1,10,,32617,3,,,1,10,,32618,3,,,1,50,,32619,3,,,1,10,,32620,3,,,1,10,,32621,3,,,1,10,,32622,3,,,1,10,,32623,3,,,1,6,,32624,3,,,1,46,,32625,3,,,1,6,,32626,3,,,1,6,,32627,3,,,1,6,,32628,3,,,1,6,,32629,3,,,1,6,,32630,3,,,1,6,,32631,3,,,1,6,,32632,3,,,1,6,,32633,3,,,1,6,,32634,3,,,1,46,,32635,3,,,1,6,,32636,3,,,1,6,,32637,3,,,1,6,,32638,3,,,1,6,,32639,3,,,1,6,,32640,3,,,1,6,,32641,3,,,1,6,,32642,3,,,1,6,,32643,3,,,1,6,,32644,3,,,1,46,,32645,3,,,1,6,,32646,3,,,1,6,,32647,3,,,1,6,,32648,3,,,1,6,,32649,3,,,1,6,,32650,3,,,1,6,,32651,3,,,1,6,,32652,3,,,1,6,,32653,3,,,1,6,,32654,3,,,1,46,,32655,3,,,1,6,,32656,3,,,1,6,,32657,3,,,1,6,,32658,3,,,1,6,,32659,3,,,1,6,,32660,3,,,1,6,,32661,3,,,1,6,,32662,3,,,1,6,,32663,3,,,1,6,,32664,3,,,1,49,,32689,3,,,1,15,,32665,3,,,1,15,,32666,3,,,1,15,,32667,3,,,1,55,,32668,3,,,1,15,,32669,3,,,1,15,,32670,3,,,1,15,,32671,3,,,1,55,,32672,3,,,1,15,,32673,3,,,1,15,,32674,3,,,1,15,,32675,3,,,1,55,,32676,3,,,1,15,,32677,3,,,1,15,,32678,3,,,1,15,,32679,3,,,1,55,,32680,3,,,1,15,,32681,3,,,1,15,,32682,3,,,1,15,,32683,3,,,1,55,,32684,3,,,1,15,,32685,3,,,1,15,,32686,3,,,1,15,,32687,3,,,1,55,,32688,3,,,1,15,,32690,3,,,1
18002100,'021R-Weekday-5-26-09',518,,36043,3,,,1,12,,36044,3,,,1,12,,36045,3,,,1,12,,36046,3,,,1,52,,36047,3,,,1,12,,36048,3,,,1,12,,36049,3,,,1,6,,36050,3,,,1,6,,36051,3,,,1,6,,36052,3,,,1,6,,36053,3,,,1,46,,36054,3,,,1,6,,36055,3,,,1,6,,36056,3,,,1,6,,36057,3,,,1,6,,36058,3,,,1,6,,36059,3,,,1,6,,36060,3,,,1,6,,36061,3,,,1,6,,36062,3,,,1,6,,36063,3,,,1,46,,36064,3,,,1,6,,36065,3,,,1,6,,36066,3,,,1,6,,36067,3,,,1,6,,36068,3,,,1,6,,36069,3,,,1,6,,36070,3,,,1,6,,36071,3,,,1,6,,36072,3,,,1,6,,36073,3,,,1,46,,36074,3,,,1,6,,36075,3,,,1,6,,36076,3,,,1,6,,36077,3,,,1,6,,36078,3,,,1,6,,36079,3,,,1,6,,36080,3,,,1,6,,36081,3,,,1,6,,36082,3,,,1,10,,36083,3,,,1,50,,36084,3,,,1,10,,36085,3,,,1,10,,36086,3,,,1,10,,36087,3,,,1,10,,36088,3,,,1,10,,36089,3,,,1,50,,36090,3,,,1,10,,36091,3,,,1,10,,36092,3,,,1,10,,36093,3,,,1,10,,36094,3,,,1,10,,36095,3,,,1,50,,36096,3,,,1,10,,36097,3,,,1,10,,36098,3,,,1,10,,36099,3,,,1,10,,36100,3,,,1,10,,36101,3,,,1,50,,36102,3,,,1,10,,36103,3,,,1,10,,36104,3,,,1,10,,36105,3,,,1,10,,36106,3,,,1,10,,36107,3,,,1,50,,36108,3,,,1,10,,36109,3,,,1,10,,36110,3,,,1,10,,36111,3,,,1,10,,36112,3,,,1,6,,36113,3,,,1,46,,36114,3,,,1,6,,36115,3,,,1,6,,36116,3,,,1,6,,36117,3,,,1,6,,36118,3,,,1,6,,36119,3,,,1,6,,36120,3,,,1,6,,36121,3,,,1,6,,36122,3,,,1,6,,36123,3,,,1,46,,36124,3,,,1,6,,36125,3,,,1,6,,36126,3,,,1,6,,36127,3,,,1,6,,36128,3,,,1,6,,36129,3,,,1,6,,36130,3,,,1,6,,36131,3,,,1,6,,36132,3,,,1,6,,36133,3,,,1,46,,36134,3,,,1,6,,36135,3,,,1,6,,36136,3,,,1,6,,36137,3,,,1,6,,36138,3,,,1,6,,36139,3,,,1,6,,36140,3,,,1,6,,36141,3,,,1,6,,36142,3,,,1,6,,36143,3,,,1,46,,36144,3,,,1,6,,36145,3,,,1,6,,36146,3,,,1,6,,36147,3,,,1,6,,36148,3,,,1,6,,36149,3,,,1,6,,36150,3,,,1,6,,36151,3,,,1,6,,36152,3,,,1,6,,36153,3,,,1,49,,36178,3,,,1,15,,36154,3,,,1,15,,36155,3,,,1,15,,36156,3,,,1,55,,36157,3,,,1,15,,36158,3,,,1,15,,36159,3,,,1,15,,36160,3,,,1,55,,36161,3,,,1,15,,36162,3,,,1,15,,36163,3,,,1,15,,36164,3,,,1,55,,36165,3,,,1,15,,36166,3,,,1,15,,36167,3,,,1,15,,36168,3,,,1,55,,36169,3,,,1,15,,36170,3,,,1,15,,36171,3,,,1,15,,36172,3,,,1,55,,36173,3,,,1,15,,36174,3,,,1,15,,36175,3,,,1,15,,36176,3,,,1,55,,36177,3,,,1,15,,36179,3,,,1
18002100,'021R-Weekday-6-26-09',518,,36180,3,,,1,12,,36181,3,,,1,12,,36182,3,,,1,12,,36183,3,,,1,52,,36184,3,,,1,12,,36185,3,,,1,12,,36186,3,,,1,6,,36187,3,,,1,6,,36188,3,,,1,6,,36189,3,,,1,6,,36190,3,,,1,46,,36191,3,,,1,6,,36192,3,,,1,6,,36193,3,,,1,6,,36194,3,,,1,6,,36195,3,,,1,6,,36196,3,,,1,6,,36197,3,,,1,6,,36198,3,,,1,6,,36199,3,,,1,6,,36200,3,,,1,46,,36201,3,,,1,6,,36202,3,,,1,6,,36203,3,,,1,6,,36204,3,,,1,6,,36205,3,,,1,6,,36206,3,,,1,6,,36207,3,,,1,6,,36208,3,,,1,6,,36209,3,,,1,6,,36210,3,,,1,46,,36211,3,,,1,6,,36212,3,,,1,6,,36213,3,,,1,6,,36214,3,,,1,6,,36215,3,,,1,6,,36216,3,,,1,6,,36217,3,,,1,6,,36218,3,,,1,6,,36219,3,,,1,10,,36220,3,,,1,50,,36221,3,,,1,10,,36222,3,,,1,10,,36223,3,,,1,10,,36224,3,,,1,10,,36225,3,,,1,10,,36226,3,,,1,50,,36227,3,,,1,10,,36228,3,,,1,10,,36229,3,,,1,10,,36230,3,,,1,10,,36231,3,,,1,10,,36232,3,,,1,50,,36233,3,,,1,10,,36234,3,,,1,10,,36235,3,,,1,10,,36236,3,,,1,10,,36237,3,,,1,10,,36238,3,,,1,50,,36239,3,,,1,10,,36240,3,,,1,10,,36241,3,,,1,10,,36242,3,,,1,10,,36243,3,,,1,10,,36244,3,,,1,50,,36245,3,,,1,10,,36246,3,,,1,10,,36247,3,,,1,10,,36248,3,,,1,10,,36249,3,,,1,6,,36250,3,,,1,46,,36251,3,,,1,6,,36252,3,,,1,6,,36253,3,,,1,6,,36254,3,,,1,6,,36255,3,,,1,6,,36256,3,,,1,6,,36257,3,,,1,6,,36258,3,,,1,6,,36259,3,,,1,6,,36260,3,,,1,46,,36261,3,,,1,6,,36262,3,,,1,6,,36263,3,,,1,6,,36264,3,,,1,6,,36265,3,,,1,6,,36266,3,,,1,6,,36267,3,,,1,6,,36268,3,,,1,6,,36269,3,,,1,6,,36270,3,,,1,46,,36271,3,,,1,6,,36272,3,,,1,6,,36273,3,,,1,6,,36274,3,,,1,6,,36275,3,,,1,6,,36276,3,,,1,6,,36277,3,,,1,6,,36278,3,,,1,6,,36279,3,,,1,6,,36280,3,,,1,46,,36281,3,,,1,6,,36282,3,,,1,6,,36283,3,,,1,6,,36284,3,,,1,6,,36285,3,,,1,6,,36286,3,,,1,6,,36287,3,,,1,6,,36288,3,,,1,6,,36289,3,,,1,6,,36290,3,,,1,49,,36315,3,,,1,15,,36291,3,,,1,15,,36292,3,,,1,15,,36293,3,,,1,55,,36294,3,,,1,15,,36295,3,,,1,15,,36296,3,,,1,15,,36297,3,,,1,55,,36298,3,,,1,15,,36299,3,,,1,15,,36300,3,,,1,15,,36301,3,,,1,55,,36302,3,,,1,15,,36303,3,,,1,15,,36304,3,,,1,15,,36305,3,,,1,55,,36306,3,,,1,15,,36307,3,,,1,15,,36308,3,,,1,15,,36309,3,,,1,55,,36310,3,,,1,15,,36311,3,,,1,15,,36312,3,,,1,15,,36313,3,,,1,55,,36314,3,,,1,15,,36316,3,,,1
18002100,'021R-Weekday-7-26-09',518,,36317,3,,,1,12,,36318,3,,,1,12,,36319,3,,,1,12,,36320,3,,,1,52,,36321,3,,,1,12,,36322,3,,,1,12,,36323,3,,,1,6,,36324,3,,,1,6,,36325,3,,,1,6,,36326,3,,,1,6,,36327,3,,,1,46,,36328,3,,,1,6,,36329,3,,,1,6,,36330,3,,,1,6,,36331,3,,,1,6,,36332,3,,,1,6,,36333,3,,,1,6,,36334,3,,,1,6,,36335,3,,,1,6,,36336,3,,,1,6,,36337,3,,,1,46,,36338,3,,,1,6,,36339,3,,,1,6,,36340,3,,,1,6,,36341,3,,,1,6,,36342,3,,,1,6,,36343,3,,,1,6,,36344,3,,,1,6,,36345,3,,,1,6,,36346,3,,,1,6,,36347,3,,,1,46,,36348,3,,,1,6,,36349,3,,,1,6,,36350,3,,,1,6,,36351,3,,,1,6,,36352,3,,,1,6,,36353,3,,,1,6,,36354,3,,,1,6,,36355,3,,,1,6,,36356,3,,,1,10,,36357,3,,,1,50,,36358,3,,,1,10,,36359,3,,,1,10,,36360,3,,,1,10,,36361,3,,,1,10,,36362,3,,,1,10,,36363,3,,,1,50,,36364,3,,,1,10,,36365,3,,,1,10,,36366,3,,,1,10,,36367,3,,,1,10,,36368,3,,,1,10,,36369,3,,,1,50,,36370,3,,,1,10,,36371,3,,,1,10,,36372,3,,,1,10,,36373,3,,,1,10,,36374,3,,,1,10,,36375,3,,,1,50,,36376,3,,,1,10,,36377,3,,,1,10,,36378,3,,,1,10,,36379,3,,,1,10,,36380,3,,,1,10,,36381,3,,,1,50,,36382,3,,,1,10,,36383,3,,,1,10,,36384,3,,,1,10,,36385,3,,,1,10,,36386,3,,,1,6,,36387,3,,,1,46,,36388,3,,,1,6,,36389,3,,,1,6,,36390,3,,,1,6,,36391,3,,,1,6,,36392,3,,,1,6,,36393,3,,,1,6,,36394,3,,,1,6,,36395,3,,,1,6,,36396,3,,,1,6,,36397,3,,,1,46,,36398,3,,,1,6,,36399,3,,,1,6,,36400,3,,,1,6,,36401,3,,,1,6,,36402,3,,,1,6,,36403,3,,,1,6,,36404,3,,,1,6,,36405,3,,,1,6,,36406,3,,,1,6,,36407,3,,,1,46,,36408,3,,,1,6,,36409,3,,,1,6,,36410,3,,,1,6,,36411,3,,,1,6,,36412,3,,,1,6,,36413,3,,,1,6,,36414,3,,,1,6,,36415,3,,,1,6,,36416,3,,,1,6,,36417,3,,,1,46,,36418,3,,,1,6,,36419,3,,,1,6,,36420,3,,,1,6,,36421,3,,,1,6,,36422,3,,,1,6,,36423,3,,,1,6,,36424,3,,,1,6,,36425,3,,,1,6,,36426,3,,,1,6,,36427,3,,,1,49,,36452,3,,,1,15,,36428,3,,,1,15,,36429,3,,,1,15,,36430,3,,,1,55,,36431,3,,,1,15,,36432,3,,,1,15,,36433,3,,,1,15,,36434,3,,,1,55,,36435,3,,,1,15,,36436,3,,,1,15,,36437,3,,,1,15,,36438,3,,,1,55,,36439,3,,,1,15,,36440,3,,,1,15,,36441,3,,,1,15,,36442,3,,,1,55,,36443,3,,,1,15,,36444,3,,,1,15,,36445,3,,,1,15,,36446,3,,,1,55,,36447,3,,,1,15,,36448,3,,,1,15,,36449,3,,,1,15,,36450,3,,,1,55,,36451,3,,,1,15,,36453,3,,,1
18002100,'021R-Saturday-1-26-09',518,,32691,3,,,1,15,,32692,3,,,1,15,,32693,3,,,1,55,,32694,3,,,1,15,,32695,3,,,1,15,,32696,3,,,1,15,,32697,3,,,1,55,,32698,3,,,1,15,,32699,3,,,1,15,,32700,3,,,1,15,,32701,3,,,1,55,,32702,3,,,1,15,,32703,3,,,1,15,,32704,3,,,1,15,,32705,3,,,1,55,,32706,3,,,1,15,,32707,3,,,1,15,,32708,3,,,1,15,,32709,3,,,1,55,,32710,3,,,1,15,,32711,3,,,1,15,,32712,3,,,1,15,,32713,3,,,1,55,,32714,3,,,1,15,,32715,3,,,1,15,,32716,3,,,1,15,,32717,3,,,1,55,,32718,3,,,1,15,,32719,3,,,1,15,,32720,3,,,1,15,,32721,3,,,1,55,,32722,3,,,1,15,,32723,3,,,1,15,,32724,3,,,1,15,,32725,3,,,1,55,,32726,3,,,1,15,,32727,3,,,1,15,,32728,3,,,1,15,,32729,3,,,1,55,,32730,3,,,1,15,,32731,3,,,1,15,,32732,3,,,1,15,,32733,3,,,1,55,,32734,3,,,1,15,,32735,3,,,1,15,,32736,3,,,1,15,,32737,3,,,1,55,,32738,3,,,1,15,,32739,3,,,1,15,,32740,3,,,1,15,,32741,3,,,1,55,,32742,3,,,1,15,,32743,3,,,1,15,,32744,3,,,1,15,,32745,3,,,1,55,,32746,3,,,1,15,,32747,3,,,1,15,,32748,3,,,1,15,,32749,3,,,1,55,,32750,3,,,1,15,,32751,3,,,1,15,,32752,3,,,1,15,,32753,3,,,1,55,,32754,3,,,1,15,,32755,3,,,1,15,,32756,3,,,1,15,,32757,3,,,1,55,,32758,3,,,1,15,,32759,3,,,1,15,,32760,3,,,1,15,,32761,3,,,1,55,,32762,3,,,1,15,,32763,3,,,1,15,,32764,3,,,1,15,,32765,3,,,1,55,,32766,3,,,1,15,,32767,3,,,1,15,,32768,3,,,1,15,,32769,3,,,1,55,,32770,3,,,1,15,,32771,3,,,1
18002100,'021R-Saturday-2-26-09',518,,36454,3,,,1,15,,36455,3,,,1,15,,36456,3,,,1,55,,36457,3,,,1,15,,36458,3,,,1,15,,36459,3,,,1,15,,36460,3,,,1,55,,36461,3,,,1,15,,36462,3,,,1,15,,36463,3,,,1,15,,36464,3,,,1,55,,36465,3,,,1,15,,36466,3,,,1,15,,36467,3,,,1,15,,36468,3,,,1,55,,36469,3,,,1,15,,36470,3,,,1,15,,36471,3,,,1,15,,36472,3,,,1,55,,36473,3,,,1,15,,36474,3,,,1,15,,36475,3,,,1,15,,36476,3,,,1,55,,36477,3,,,1,15,,36478,3,,,1,15,,36479,3,,,1,15,,36480,3,,,1,55,,36481,3,,,1,15,,36482,3,,,1,15,,36483,3,,,1,15,,36484,3,,,1,55,,36485,3,,,1,15,,36486,3,,,1,15,,36487,3,,,1,15,,36488,3,,,1,55,,36489,3,,,1,15,,36490,3,,,1,15,,36491,3,,,1,15,,36492,3,,,1,55,,36493,3,,,1,15,,36494,3,,,1,15,,36495,3,,,1,15,,36496,3,,,1,55,,36497,3,,,1,15,,36498,3,,,1,15,,36499,3,,,1,15,,36500,3,,,1,55,,36501,3,,,1,15,,36502,3,,,1,15,,36503,3,,,1,15,,36504,3,,,1,55,,36505,3,,,1,15,,36506,3,,,1,15,,36507,3,,,1,15,,36508,3,,,1,55,,36509,3,,,1,15,,36510,3,,,1,15,,36511,3,,,1,15,,36512,3,,,1,55,,36513,3,,,1,15,,36514,3,,,1,15,,36515,3,,,1,15,,36516,3,,,1,55,,36517,3,,,1,15,,36518,3,,,1,15,,36519,3,,,1,15,,36520,3,,,1,55,,36521,3,,,1,15,,36522,3,,,1,15,,36523,3,,,1,15,,36524,3,,,1,55,,36525,3,,,1,15,,36526,3,,,1,15,,36527,3,,,1,15,,36528,3,,,1,55,,36529,3,,,1,15,,36530,3,,,1,15,,36531,3,,,1,15,,36532,3,,,1,55,,36533,3,,,1,15,,36534,3,,,1
18002100,'021R-Sunday-1-26-09',548,,32772,3,,,1,55,,32773,3,,,1,15,,32774,3,,,1,15,,32775,3,,,1,15,,32776,3,,,1,55,,32777,3,,,1,15,,32778,3,,,1,15,,32779,3,,,1,15,,32780,3,,,1,55,,32781,3,,,1,15,,32782,3,,,1,15,,32783,3,,,1,15,,32784,3,,,1,55,,32785,3,,,1,15,,32786,3,,,1,15,,32787,3,,,1,15,,32788,3,,,1,55,,32789,3,,,1,15,,32790,3,,,1,15,,32791,3,,,1,15,,32792,3,,,1,55,,32793,3,,,1,15,,32794,3,,,1,15,,32795,3,,,1,15,,32796,3,,,1,55,,32797,3,,,1,15,,32798,3,,,1,15,,32799,3,,,1,15,,32800,3,,,1,55,,32801,3,,,1,15,,32802,3,,,1,15,,32803,3,,,1,15,,32804,3,,,1,55,,32805,3,,,1,15,,32806,3,,,1,15,,32807,3,,,1,15,,32808,3,,,1,55,,32809,3,,,1,15,,32810,3,,,1,15,,32811,3,,,1,15,,32812,3,,,1,55,,32813,3,,,1,15,,32814,3,,,1,15,,32815,3,,,1,15,,32816,3,,,1,55,,32817,3,,,1,15,,32818,3,,,1,15,,32819,3,,,1,15,,32820,3,,,1,55,,32821,3,,,1,15,,32822,3,,,1,15,,32823,3,,,1,15,,32824,3,,,1,55,,32825,3,,,1,15,,32826,3,,,1,15,,32827,3,,,1,15,,32828,3,,,1,55,,32829,3,,,1,15,,32830,3,,,1,15,,32831,3,,,1,15,,32832,3,,,1,55,,32833,3,,,1,15,,32834,3,,,1,15,,32835,3,,,1,15,,32836,3,,,1,55,,32837,3,,,1,15,,32838,3,,,1,15,,32839,3,,,1,15,,32840,3,,,1,55,,32841,3,,,1,15,,32842,3,,,1,15,,32843,3,,,1,15,,32844,3,,,1,55,,32845,3,,,1,15,,32846,3,,,1,15,,32847,3,,,1,15,,32848,3,,,1
18002100,'021R-Sunday-2-26-09',548,,36535,3,,,1,55,,36536,3,,,1,15,,36537,3,,,1,15,,36538,3,,,1,15,,36539,3,,,1,55,,36540,3,,,1,15,,36541,3,,,1,15,,36542,3,,,1,15,,36543,3,,,1,55,,36544,3,,,1,15,,36545,3,,,1,15,,36546,3,,,1,15,,36547,3,,,1,55,,36548,3,,,1,15,,36549,3,,,1,15,,36550,3,,,1,15,,36551,3,,,1,55,,36552,3,,,1,15,,36553,3,,,1,15,,36554,3,,,1,15,,36555,3,,,1,55,,36556,3,,,1,15,,36557,3,,,1,15,,36558,3,,,1,15,,36559,3,,,1,55,,36560,3,,,1,15,,36561,3,,,1,15,,36562,3,,,1,15,,36563,3,,,1,55,,36564,3,,,1,15,,36565,3,,,1,15,,36566,3,,,1,15,,36567,3,,,1,55,,36568,3,,,1,15,,36569,3,,,1,15,,36570,3,,,1,15,,36571,3,,,1,55,,36572,3,,,1,15,,36573,3,,,1,15,,36574,3,,,1,15,,36575,3,,,1,55,,36576,3,,,1,15,,36577,3,,,1,15,,36578,3,,,1,15,,36579,3,,,1,55,,36580,3,,,1,15,,36581,3,,,1,15,,36582,3,,,1,15,,36583,3,,,1,55,,36584,3,,,1,15,,36585,3,,,1,15,,36586,3,,,1,15,,36587,3,,,1,55,,36588,3,,,1,15,,36589,3,,,1,15,,36590,3,,,1,15,,36591,3,,,1,55,,36592,3,,,1,15,,36593,3,,,1,15,,36594,3,,,1,15,,36595,3,,,1,55,,36596,3,,,1,15,,36597,3,,,1,15,,36598,3,,,1,15,,36599,3,,,1,55,,36600,3,,,1,15,,36601,3,,,1,15,,36602,3,,,1,15,,36603,3,,,1,55,,36604,3,,,1,15,,36605,3,,,1,15,,36606,3,,,1,15,,36607,3,,,1,55,,36608,3,,,1,15,,36609,3,,,1,15,,36610,3,,,1,15,,36611,3,,,1
18002100,'021R-Sunday-4-26-09',548,,36612,3,,,1,55,,36613,3,,,1,15,,36614,3,,,1,15,,36615,3,,,1,15,,36616,3,,,1,55,,36617,3,,,1,15,,36618,3,,,1,15,,36619,3,,,1,15,,36620,3,,,1,55,,36621,3,,,1,15,,36622,3,,,1,15,,36623,3,,,1,15,,36624,3,,,1,55,,36625,3,,,1,15,,36626,3,,,1,15,,36627,3,,,1,15,,36628,3,,,1,55,,36629,3,,,1,15,,36630,3,,,1,15,,36631,3,,,1,15,,36632,3,,,1,55,,36633,3,,,1,15,,36634,3,,,1,15,,36635,3,,,1,15,,36636,3,,,1,55,,36637,3,,,1,15,,36638,3,,,1,15,,36639,3,,,1,15,,36640,3,,,1,55,,36641,3,,,1,15,,36642,3,,,1,15,,36643,3,,,1,15,,36644,3,,,1,55,,36645,3,,,1,15,,36646,3,,,1,15,,36647,3,,,1,15,,36648,3,,,1,55,,36649,3,,,1,15,,36650,3,,,1,15,,36651,3,,,1,15,,36652,3,,,1,55,,36653,3,,,1,15,,36654,3,,,1,15,,36655,3,,,1,15,,36656,3,,,1,55,,36657,3,,,1,15,,36658,3,,,1,15,,36659,3,,,1,15,,36660,3,,,1,55,,36661,3,,,1,15,,36662,3,,,1,15,,36663,3,,,1,15,,36664,3,,,1,55,,36665,3,,,1,15,,36666,3,,,1,15,,36667,3,,,1,15,,36668,3,,,1,55,,36669,3,,,1,15,,36670,3,,,1,15,,36671,3,,,1,15,,36672,3,,,1,55,,36673,3,,,1,15,,36674,3,,,1,15,,36675,3,,,1,15,,36676,3,,,1,55,,36677,3,,,1,15,,36678,3,,,1,15,,36679,3,,,1,15,,36680,3,,,1,55,,36681,3,,,1,15,,36682,3,,,1,15,,36683,3,,,1,15,,36684,3,,,1,55,,36685,3,,,1,15,,36686,3,,,1,15,,36687,3,,,1,15,,36688,3,,,1
18002200,'022R-Saturday-2-26-09',518,,37803,3,,,1,15,,37804,3,,,1,15,,37819,3,,,1,55,,37834,3,,,1,15,,37852,3,,,1,15,,37835,3,,,1,15,,37815,3,,,1,55,,37846,3,,,1,15,,37861,3,,,1,15,,37845,3,,,1,15,,37830,3,,,1,55,,37862,3,,,1,15,,37836,3,,,1,15,,37878,3,,,1,15,,37805,3,,,1,55,,37821,3,,,1,15,,37877,3,,,1,15,,37867,3,,,1,15,,37881,3,,,1,55,,37817,3,,,1,15,,37851,3,,,1,15,,37824,3,,,1,15,,37864,3,,,1,55,,37814,3,,,1,15,,37832,3,,,1,15,,37848,3,,,1,15,,37829,3,,,1,55,,37811,3,,,1,15,,37873,3,,,1,15,,37826,3,,,1,15,,37882,3,,,1,55,,37858,3,,,1,15,,37874,3,,,1,15,,37841,3,,,1,15,,37810,3,,,1,55,,37857,3,,,1,15,,37859,3,,,1,15,,37827,3,,,1,15,,37843,3,,,1,55,,37808,3,,,1,15,,37875,3,,,1,15,,37839,3,,,1,15,,37831,3,,,1,55,,37844,3,,,1,15,,37813,3,,,1,15,,37828,3,,,1,15,,37860,3,,,1,55,,37876,3,,,1,15,,37842,3,,,1,15,,37855,3,,,1,15,,37883,3,,,1,55,,37879,3,,,1,15,,37863,3,,,1,15,,37854,3,,,1,15,,37869,3,,,1,55,,37847,3,,,1,15,,37816,3,,,1,15,,37820,3,,,1,15,,37871,3,,,1,55,,37809,3,,,1,15,,37825,3,,,1,15,,37840,3,,,1,15,,37856,3,,,1,55,,37872,3,,,1,15,,37838,3,,,1,15,,37806,3,,,1,15,,37822,3,,,1,55,,37870,3,,,1,15,,37807,3,,,1,15,,37823,3,,,1,15,,37837,3,,,1,55,,37853,3,,,1,15,,37850,3,,,1,15,,37866,3,,,1,15,,37812,3,,,1,55,,37818,3,,,1,15,,37833,3,,,1,15,,37849,3,,,1,15,,37880,3,,,1,55,,37865,3,,,1,15,,37868,3,,,1
18002200,'022R-Sunday-2-26-09',548,,38109,3,,,1,55,,38110,3,,,1,15,,38111,3,,,1,15,,38112,3,,,1,15,,38080,3,,,1,55,,38095,3,,,1,15,,38041,3,,,1,15,,38052,3,,,1,15,,38067,3,,,1,55,,38064,3,,,1,15,,38081,3,,,1,15,,38066,3,,,1,15,,38094,3,,,1,55,,38093,3,,,1,15,,38096,3,,,1,15,,38048,3,,,1,15,,38106,3,,,1,55,,38091,3,,,1,15,,38079,3,,,1,15,,38057,3,,,1,15,,38063,3,,,1,55,,38108,3,,,1,15,,38050,3,,,1,15,,38078,3,,,1,15,,38076,3,,,1,55,,38045,3,,,1,15,,38105,3,,,1,15,,38047,3,,,1,15,,38083,3,,,1,55,,38071,3,,,1,15,,38055,3,,,1,15,,38102,3,,,1,15,,38089,3,,,1,55,,38068,3,,,1,15,,38061,3,,,1,15,,38103,3,,,1,15,,38042,3,,,1,55,,38088,3,,,1,15,,38046,3,,,1,15,,38092,3,,,1,15,,38070,3,,,1,55,,38086,3,,,1,15,,38040,3,,,1,15,,38085,3,,,1,15,,38062,3,,,1,55,,38098,3,,,1,15,,38099,3,,,1,15,,38044,3,,,1,15,,38053,3,,,1,55,,38058,3,,,1,15,,38060,3,,,1,15,,38059,3,,,1,15,,38056,3,,,1,55,,38100,3,,,1,15,,38073,3,,,1,15,,38075,3,,,1,15,,38090,3,,,1,55,,38104,3,,,1,15,,38043,3,,,1,15,,38039,3,,,1,15,,38077,3,,,1,55,,38074,3,,,1,15,,38107,3,,,1,15,,38049,3,,,1,15,,38101,3,,,1,55,,38082,3,,,1,15,,38087,3,,,1,15,,38097,3,,,1,15,,38051,3,,,1,55,,38038,3,,,1,15,,38054,3,,,1,15,,38069,3,,,1,15,,38072,3,,,1,55,,38065,3,,,1,15,,38084,3,,,1
