'20260913-Sunday-1-26-09',20260830,1,20260906,1,20260907,1,20260913,1
'20260914-Weekday-1-26-09',20260902,1,20260903,1,20260904,1,20260908,1,20260909,1,20260910,1,20260911,1,20260914,1,20260915,1,20260916,1,20260918,1
'20260914-Weekday-2-26-09',20260901,1
'20260914-Weekday-4-26-09',20260831,1
'20260917-Holiday1-1-26-09',20260917,1
'20260919-Saturday-1-26-09',20260905,1,20260912,1,20260919,1
'021R-Weekday-1-26-09',20260902,1,20260903,1,20260904,1,20260908,1,20260909,1,20260910,1,20260911,1,20260914,1,20260915,1,20260916,1,20260917,1,20260918,1
'021R-Weekday-2-26-09',20260901,1
'021R-Weekday-4-26-09',20260831,1
'022R-Weekday-1-26-09',20260902,1,20260903,1,20260904,1,20260908,1,20260909,1,20260910,1,20260911,1,20260914,1,20260915,1,20260916,1,20260917,1,20260918,1
'022R-Weekday-2-26-09',20260901,1
'022R-Weekday-4-26-09',20260831,1
'021R-Saturday-1-26-09',20260905,1,20260912,1,20260919,1
'022R-Saturday-1-26-09',20260905,1,20260912,1,20260919,1
'021R-Sunday-1-26-09',20260830,1,20260906,1,20260907,1,20260913,1
'022R-Sunday-1-26-09',20260830,1,20260906,1,20260907,1,20260913,1
