18002301,'20260913-Sunday-1-26-09',537,,35104,9,,,1,15,,35120,9,,,1,55,,35058,9,,,1,15,,35074,9,,,1,15,,35089,9,,,1,15,,35105,9,,,1,55,,35121,9,,,1,15,,35059,9,,,1,15,,35075,9,,,1,15,,35090,9,,,1,55,,35106,9,,,1,15,,35122,9,,,1,15,,35060,9,,,1,15,,35076,9,,,1,55,,35091,9,,,1,15,,35107,9,,,1,15,,35123,9,,,1,15,,35061,9,,,1,55,,35077,9,,,1,15,,35092,9,,,1,15,,35108,9,,,1,15,,35124,9,,,1,55,,35062,9,,,1,15,,35078,9,,,1,15,,35093,9,,,1,15,,35109,9,,,1,55,,35125,9,,,1,15,,35063,9,,,1,15,,35079,9,,,1,15,,35094,9,,,1,55,,35110,9,,,1,15,,35126,9,,,1,15,,35064,9,,,1,15,,35080,9,,,1,55,,35095,9,,,1,15,,35111,9,,,1,15,,35127,9,,,1,15,,35065,9,,,1,55,,35081,9,,,1,15,,35096,9,,,1,15,,35112,9,,,1,15,,35128,9,,,1,55,,35066,9,,,1,15,,35082,9,,,1,15,,35097,9,,,1,15,,35113,9,,,1,55,,35129,9,,,1,15,,35067,9,,,1,15,,35083,9,,,1,15,,35098,9,,,1,55,,35114,9,,,1,15,,35130,9,,,1,15,,35068,9,,,1,15,,35084,9,,,1,55,,35099,9,,,1,15,,35115,9,,,1,15,,35131,9,,,1,15,,35069,9,,,1,55,,35085,9,,,1,15,,35100,9,,,1,15,,35116,9,,,1,15,,35132,9,,,1,55,,35070,9,,,1,15,,35086,9,,,1,15,,35101,9,,,1,15,,35117,9,,,1,55,,35133,9,,,1,15,,35071,9,,,1,15,,35087,9,,,1,15,,35102,9,,,1,55,,35118,9,,,1,15,,35134,9,,,1,15,,35072,9,,,1,15,,35088,9,,,1,55,,35103,9,,,1,15,,35119,9,,,1,15,,35135,9,,,1,15,,35073,9,,,1
18002301,'20260914-Weekday-1-26-09',534,,35182,9,,,1,10,,35200,9,,,1,10,,35136,9,,,1,50,,35159,9,,,1,10,,35148,9,,,1,5,,35275,9,,,1,5,,35171,9,,,1,5,,35259,9,,,1,5,,35215,9,,,1,5,,35292,9,,,1,5,,35183,9,,,1,5,,35201,9,,,1,5,,35232,9,,,1,5,,35137,9,,,1,45,,35243,9,,,1,5,,35160,9,,,1,5,,35251,9,,,1,5,,35149,9,,,1,5,,35276,9,,,1,5,,35172,9,,,1,5,,35260,9,,,1,5,,35216,9,,,1,5,,35293,9,,,1,5,,35184,9,,,1,5,,35202,9,,,1,5,,35233,9,,,1,45,,35138,9,,,1,5,,35244,9,,,1,5,,35161,9,,,1,5,,35252,9,,,1,5,,35150,9,,,1,5,,35277,9,,,1,5,,35173,9,,,1,5,,35261,9,,,1,5,,35217,9,,,1,5,,35294,9,,,1,5,,35185,9,,,1,5,,35203,9,,,1,45,,35234,9,,,1,5,,35139,9,,,1,5,,35245,9,,,1,5,,35162,9,,,1,5,,35253,9,,,1,5,,35151,9,,,1,5,,35278,9,,,1,5,,35174,9,,,1,5,,35262,9,,,1,5,,35218,9,,,1,5,,35295,9,,,1,46,,35186,9,,,1,6,,35204,9,,,1,5,,35235,9,,,1,5,,35140,9,,,1,6,,35246,9,,,1,10,,35163,9,,,1,10,,35279,9,,,1,10,,35263,9,,,1,50,,35219,9,,,1,10,,35187,9,,,1,10,,35236,9,,,1,10,,35141,9,,,1,10,,35164,9,,,1,10,,35280,9,,,1,50,,35264,9,,,1,10,,35220,9,,,1,10,,35188,9,,,1,10,,35237,9,,,1,10,,35142,9,,,1,10,,35165,9,,,1,50,,35281,9,,,1,10,,35265,9,,,1,10,,35221,9,,,1,10,,35189,9,,,1,10,,35238,9,,,1,10,,35143,9,,,1,48,,35166,9,,,1,10,,35282,9,,,1,9,,35254,9,,,1,5,,35152,9,,,1,5,,35222,9,,,1,5,,35296,9,,,1,5,,35190,9,,,1,5,,35205,9,,,1,5,,35239,9,,,1,5,,35266,9,,,1,5,,35247,9,,,1,45,,35144,9,,,1,5,,35175,9,,,1,5,,35167,9,,,1,5,,35283,9,,,1,5,,35255,9,,,1,5,,35153,9,,,1,5,,35223,9,,,1,5,,35297,9,,,1,5,,35191,9,,,1,5,,35206,9,,,1,5,,35240,9,,,1,5,,35267,9,,,1,45,,35248,9,,,1,5,,35145,9,,,1,5,,35176,9,,,1,5,,35168,9,,,1,5,,35284,9,,,1,5,,35256,9,,,1,5,,35154,9,,,1,5,,35224,9,,,1,5,,35298,9,,,1,5,,35192,9,,,1,5,,35207,9,,,1,5,,35241,9,,,1,45,,35268,9,,,1,5,,35249,9,,,1,5,,35146,9,,,1,5,,35177,9,,,1,5,,35169,9,,,1,5,,35285,9,,,1,5,,35257,9,,,1,5,,35155,9,,,1,5,,35225,9,,,1,5,,35299,9,,,1,5,,35193,9,,,1,5,,35208,9,,,1,45,,35242,9,,,1,5,,35269,9,,,1,5,,35250,9,,,1,5,,35147,9,,,1,5,,35178,9,,,1,5,,35170,9,,,1,7,,35286,9,,,1,5,,35258,9,,,1,6,,35156,9,,,1,10,,35226,9,,,1,50,,35194,9,,,1,10,,35209,9,,,1,10,,35270,9,,,1,10,,35179,9,,,1,10,,35287,9,,,1,10,,35157,9,,,1,50,,35227,9,,,1,10,,35195,9,,,1,10,,35210,9,,,1,10,,35271,9,,,1,10,,35180,9,,,1,10,,35288,9,,,1,50,,35158,9,,,1,10,,35228,9,,,1,10,,35196,9,,,1,10,,35211,9,,,1,10,,35272,9,,,1,10,,35181,9,,,1,55,,35289,9,,,1,15,,35229,9,,,1,15,,35197,9,,,1,15,,35212,9,,,1,55,,35273,9,,,1,15,,35290,9,,,1,15,,35230,9,,,1,15,,35198,9,,,1,55,,35213,9,,,1,15,,35274,9,,,1,15,,35291,9,,,1,15,,35231,9,,,1,55,,35199,9,,,1,15,,35214,9,,,1
18002301,'20260914-Weekday-2-26-09',534,,35346,9,,,1,10,,35364,9,,,1,10,,35300,9,,,1,50,,35323,9,,,1,10,,35312,9,,,1,5,,35439,9,,,1,5,,35335,9,,,1,5,,35423,9,,,1,5,,35379,9,,,1,5,,35456,9,,,1,5,,35347,9,,,1,5,,35365,9,,,1,5,,35396,9,,,1,5,,35301,9,,,1,45,,35407,9,,,1,5,,35324,9,,,1,5,,35415,9,,,1,5,,35313,9,,,1,5,,35440,9,,,1,5,,35336,9,,,1,5,,35424,9,,,1,5,,35380,9,,,1,5,,35457,9,,,1,5,,35348,9,,,1,5,,35366,9,,,1,5,,35397,9,,,1,45,,35302,9,,,1,5,,35408,9,,,1,5,,35325,9,,,1,5,,35416,9,,,1,5,,35314,9,,,1,5,,35441,9,,,1,5,,35337,9,,,1,5,,35425,9,,,1,5,,35381,9,,,1,5,,35458,9,,,1,5,,35349,9,,,1,5,,35367,9,,,1,45,,35398,9,,,1,5,,35303,9,,,1,5,,35409,9,,,1,5,,35326,9,,,1,5,,35417,9,,,1,5,,35315,9,,,1,5,,35442,9,,,1,5,,35338,9,,,1,5,,35426,9,,,1,5,,35382,9,,,1,5,,35459,9,,,1,46,,35350,9,,,1,6,,35368,9,,,1,5,,35399,9,,,1,5,,35304,9,,,1,6,,35410,9,,,1,10,,35327,9,,,1,10,,35443,9,,,1,10,,35427,9,,,1,50,,35383,9,,,1,10,,35351,9,,,1,10,,35400,9,,,1,10,,35305,9,,,1,10,,35328,9,,,1,10,,35444,9,,,1,50,,35428,9,,,1,10,,35384,9,,,1,10,,35352,9,,,1,10,,35401,9,,,1,10,,35306,9,,,1,10,,35329,9,,,1,50,,35445,9,,,1,10,,35429,9,,,1,10,,35385,9,,,1,10,,35353,9,,,1,10,,35402,9,,,1,10,,35307,9,,,1,48,,35330,9,,,1,10,,35446,9,,,1,9,,35418,9,,,1,5,,35316,9,,,1,5,,35386,9,,,1,5,,35460,9,,,1,5,,35354,9,,,1,5,,35369,9,,,1,5,,35403,9,,,1,5,,35430,9,,,1,5,,35411,9,,,1,45,,35308,9,,,1,5,,35339,9,,,1,5,,35331,9,,,1,5,,35447,9,,,1,5,,35419,9,,,1,5,,35317,9,,,1,5,,35387,9,,,1,5,,35461,9,,,1,5,,35355,9,,,1,5,,35370,9,,,1,5,,35404,9,,,1,5,,35431,9,,,1,45,,35412,9,,,1,5,,35309,9,,,1,5,,35340,9,,,1,5,,35332,9,,,1,5,,35448,9,,,1,5,,35420,9,,,1,5,,35318,9,,,1,5,,35388,9,,,1,5,,35462,9,,,1,5,,35356,9,,,1,5,,35371,9,,,1,5,,35405,9,,,1,45,,35432,9,,,1,5,,35413,9,,,1,5,,35310,9,,,1,5,,35341,9,,,1,5,,35333,9,,,1,5,,35449,9,,,1,5,,35421,9,,,1,5,,35319,9,,,1,5,,35389,9,,,1,5,,35463,9,,,1,5,,35357,9,,,1,5,,35372,9,,,1,45,,35406,9,,,1,5,,35433,9,,,1,5,,35414,9,,,1,5,,35311,9,,,1,5,,35342,9,,,1,5,,35334,9,,,1,7,,35450,9,,,1,5,,35422,9,,,1,6,,35320,9,,,1,10,,35390,9,,,1,50,,35358,9,,,1,10,,35373,9,,,1,10,,35434,9,,,1,10,,35343,9,,,1,10,,35451,9,,,1,10,,35321,9,,,1,50,,35391,9,,,1,10,,35359,9,,,1,10,,35374,9,,,1,10,,35435,9,,,1,10,,35344,9,,,1,10,,35452,9,,,1,50,,35322,9,,,1,10,,35392,9,,,1,10,,35360,9,,,1,10,,35375,9,,,1,10,,35436,9,,,1,10,,35345,9,,,1,55,,35453,9,,,1,15,,35393,9,,,1,15,,35361,9,,,1,15,,35376,9,,,1,55,,35437,9,,,1,15,,35454,9,,,1,15,,35394,9,,,1,15,,35362,9,,,1,55,,35377,9,,,1,15,,35438,9,,,1,15,,35455,9,,,1,15,,35395,9,,,1,55,,35363,9,,,1,15,,35378,9,,,1
18002301,'20260914-Weekday-3-26-09',534,,39882,9,,,1,10,,39900,9,,,1,10,,39836,9,,,1,50,,39859,9,,,1,10,,39848,9,,,1,5,,39975,9,,,1,5,,39871,9,,,1,5,,39959,9,,,1,5,,39915,9,,,1,5,,39992,9,,,1,5,,39883,9,,,1,5,,39901,9,,,1,5,,39932,9,,,1,5,,39837,9,,,1,45,,39943,9,,,1,5,,39860,9,,,1,5,,39951,9,,,1,5,,39849,9,,,1,5,,39976,9,,,1,5,,39872,9,,,1,5,,39960,9,,,1,5,,39916,9,,,1,5,,39993,9,,,1,5,,39884,9,,,1,5,,39902,9,,,1,5,,39933,9,,,1,45,,39838,9,,,1,5,,39944,9,,,1,5,,39861,9,,,1,5,,39952,9,,,1,5,,39850,9,,,1,5,,39977,9,,,1,5,,39873,9,,,1,5,,39961,9,,,1,5,,39917,9,,,1,5,,39994,9,,,1,5,,39885,9,,,1,5,,39903,9,,,1,45,,39934,9,,,1,5,,39839,9,,,1,5,,39945,9,,,1,5,,39862,9,,,1,5,,39953,9,,,1,5,,39851,9,,,1,5,,39978,9,,,1,5,,39874,9,,,1,5,,39962,9,,,1,5,,39918,9,,,1,5,,39995,9,,,1,46,,39886,9,,,1,6,,39904,9,,,1,5,,39935,9,,,1,5,,39840,9,,,1,6,,39946,9,,,1,10,,39863,9,,,1,10,,39979,9,,,1,10,,39963,9,,,1,50,,39919,9,,,1,10,,39887,9,,,1,10,,39936,9,,,1,10,,39841,9,,,1,10,,39864,9,,,1,10,,39980,9,,,1,50,,39964,9,,,1,10,,39920,9,,,1,10,,39888,9,,,1,10,,39937,9,,,1,10,,39842,9,,,1,10,,39865,9,,,1,50,,39981,9,,,1,10,,39965,9,,,1,10,,39921,9,,,1,10,,39889,9,,,1,10,,39938,9,,,1,10,,39843,9,,,1,48,,39866,9,,,1,10,,39982,9,,,1,9,,39954,9,,,1,5,,39852,9,,,1,5,,39922,9,,,1,5,,39996,9,,,1,5,,39890,9,,,1,5,,39905,9,,,1,5,,39939,9,,,1,5,,39966,9,,,1,5,,39947,9,,,1,45,,39844,9,,,1,5,,39875,9,,,1,5,,39867,9,,,1,5,,39983,9,,,1,5,,39955,9,,,1,5,,39853,9,,,1,5,,39923,9,,,1,5,,39997,9,,,1,5,,39891,9,,,1,5,,39906,9,,,1,5,,39940,9,,,1,5,,39967,9,,,1,45,,39948,9,,,1,5,,39845,9,,,1,5,,39876,9,,,1,5,,39868,9,,,1,5,,39984,9,,,1,5,,39956,9,,,1,5,,39854,9,,,1,5,,39924,9,,,1,5,,39998,9,,,1,5,,39892,9,,,1,5,,39907,9,,,1,5,,39941,9,,,1,45,,39968,9,,,1,5,,39949,9,,,1,5,,39846,9,,,1,5,,39877,9,,,1,5,,39869,9,,,1,5,,39985,9,,,1,5,,39957,9,,,1,5,,39855,9,,,1,5,,39925,9,,,1,5,,39999,9,,,1,5,,39893,9,,,1,5,,39908,9,,,1,45,,39942,9,,,1,5,,39969,9,,,1,5,,39950,9,,,1,5,,39847,9,,,1,5,,39878,9,,,1,5,,39870,9,,,1,7,,39986,9,,,1,5,,39958,9,,,1,6,,39856,9,,,1,10,,39926,9,,,1,50,,39894,9,,,1,10,,39909,9,,,1,10,,39970,9,,,1,10,,39879,9,,,1,10,,39987,9,,,1,10,,39857,9,,,1,50,,39927,9,,,1,10,,39895,9,,,1,10,,39910,9,,,1,10,,39971,9,,,1,10,,39880,9,,,1,10,,39988,9,,,1,50,,39858,9,,,1,10,,39928,9,,,1,10,,39896,9,,,1,10,,39911,9,,,1,10,,39972,9,,,1,10,,39881,9,,,1,55,,39989,9,,,1,15,,39929,9,,,1,15,,39897,9,,,1,15,,39912,9,,,1,55,,39973,9,,,1,15,,39990,9,,,1,15,,39930,9,,,1,15,,39898,9,,,1,55,,39913,9,,,1,15,,39974,9,,,1,15,,39991,9,,,1,15,,39931,9,,,1,55,,39899,9,,,1,15,,39914,9,,,1
18002301,'20260914-Weekday-4-26-09',534,,35510,9,,,1,10,,35528,9,,,1,10,,35464,9,,,1,50,,35487,9,,,1,10,,35476,9,,,1,5,,35603,9,,,1,5,,35499,9,,,1,5,,35587,9,,,1,5,,35543,9,,,1,5,,35620,9,,,1,5,,35511,9,,,1,5,,35529,9,,,1,5,,35560,9,,,1,5,,35465,9,,,1,45,,35571,9,,,1,5,,35488,9,,,1,5,,35579,9,,,1,5,,35477,9,,,1,5,,35604,9,,,1,5,,35500,9,,,1,5,,35588,9,,,1,5,,35544,9,,,1,5,,35621,9,,,1,5,,35512,9,,,1,5,,35530,9,,,1,5,,35561,9,,,1,45,,35466,9,,,1,5,,35572,9,,,1,5,,35489,9,,,1,5,,35580,9,,,1,5,,35478,9,,,1,5,,35605,9,,,1,5,,35501,9,,,1,5,,35589,9,,,1,5,,35545,9,,,1,5,,35622,9,,,1,5,,35513,9,,,1,5,,35531,9,,,1,45,,35562,9,,,1,5,,35467,9,,,1,5,,35573,9,,,1,5,,35490,9,,,1,5,,35581,9,,,1,5,,35479,9,,,1,5,,35606,9,,,1,5,,35502,9,,,1,5,,35590,9,,,1,5,,35546,9,,,1,5,,35623,9,,,1,46,,35514,9,,,1,6,,35532,9,,,1,5,,35563,9,,,1,5,,35468,9,,,1,6,,35574,9,,,1,10,,35491,9,,,1,10,,35607,9,,,1,10,,35591,9,,,1,50,,35547,9,,,1,10,,35515,9,,,1,10,,35564,9,,,1,10,,35469,9,,,1,10,,35492,9,,,1,10,,35608,9,,,1,50,,35592,9,,,1,10,,35548,9,,,1,10,,35516,9,,,1,10,,35565,9,,,1,10,,35470,9,,,1,10,,35493,9,,,1,50,,35609,9,,,1,10,,35593,9,,,1,10,,35549,9,,,1,10,,35517,9,,,1,10,,35566,9,,,1,10,,35471,9,,,1,48,,35494,9,,,1,10,,35610,9,,,1,9,,35582,9,,,1,5,,35480,9,,,1,5,,35550,9,,,1,5,,35624,9,,,1,5,,35518,9,,,1,5,,35533,9,,,1,5,,35567,9,,,1,5,,35594,9,,,1,5,,35575,9,,,1,45,,35472,9,,,1,5,,35503,9,,,1,5,,35495,9,,,1,5,,35611,9,,,1,5,,35583,9,,,1,5,,35481,9,,,1,5,,35551,9,,,1,5,,35625,9,,,1,5,,35519,9,,,1,5,,35534,9,,,1,5,,35568,9,,,1,5,,35595,9,,,1,45,,35576,9,,,1,5,,35473,9,,,1,5,,35504,9,,,1,5,,35496,9,,,1,5,,35612,9,,,1,5,,35584,9,,,1,5,,35482,9,,,1,5,,35552,9,,,1,5,,35626,9,,,1,5,,35520,9,,,1,5,,35535,9,,,1,5,,35569,9,,,1,45,,35596,9,,,1,5,,35577,9,,,1,5,,35474,9,,,1,5,,35505,9,,,1,5,,35497,9,,,1,5,,35613,9,,,1,5,,35585,9,,,1,5,,35483,9,,,1,5,,35553,9,,,1,5,,35627,9,,,1,5,,35521,9,,,1,5,,35536,9,,,1,45,,35570,9,,,1,5,,35597,9,,,1,5,,35578,9,,,1,5,,35475,9,,,1,5,,35506,9,,,1,5,,35498,9,,,1,7,,35614,9,,,1,5,,35586,9,,,1,6,,35484,9,,,1,10,,35554,9,,,1,50,,35522,9,,,1,10,,35537,9,,,1,10,,35598,9,,,1,10,,35507,9,,,1,10,,35615,9,,,1,10,,35485,9,,,1,50,,35555,9,,,1,10,,35523,9,,,1,10,,35538,9,,,1,10,,35599,9,,,1,10,,35508,9,,,1,10,,35616,9,,,1,50,,35486,9,,,1,10,,35556,9,,,1,10,,35524,9,,,1,10,,35539,9,,,1,10,,35600,9,,,1,10,,35509,9,,,1,55,,35617,9,,,1,15,,35557,9,,,1,15,,35525,9,,,1,15,,35540,9,,,1,55,,35601,9,,,1,15,,35618,9,,,1,15,,35558,9,,,1,15,,35526,9,,,1,55,,35541,9,,,1,15,,35602,9,,,1,15,,35619,9,,,1,15,,35559,9,,,1,55,,35527,9,,,1,15,,35542,9,,,1
18002301,'20260914-Weekday-5-26-09',534,,40046,9,,,1,10,,40064,9,,,1,10,,40000,9,,,1,50,,40023,9,,,1,10,,40012,9,,,1,5,,40139,9,,,1,5,,40035,9,,,1,5,,40123,9,,,1,5,,40079,9,,,1,5,,40156,9,,,1,5,,40047,9,,,1,5,,40065,9,,,1,5,,40096,9,,,1,5,,40001,9,,,1,45,,40107,9,,,1,5,,40024,9,,,1,5,,40115,9,,,1,5,,40013,9,,,1,5,,40140,9,,,1,5,,40036,9,,,1,5,,40124,9,,,1,5,,40080,9,,,1,5,,40157,9,,,1,5,,40048,9,,,1,5,,40066,9,,,1,5,,40097,9,,,1,45,,40002,9,,,1,5,,40108,9,,,1,5,,40025,9,,,1,5,,40116,9,,,1,5,,40014,9,,,1,5,,40141,9,,,1,5,,40037,9,,,1,5,,40125,9,,,1,5,,40081,9,,,1,5,,40158,9,,,1,5,,40049,9,,,1,5,,40067,9,,,1,45,,40098,9,,,1,5,,40003,9,,,1,5,,40109,9,,,1,5,,40026,9,,,1,5,,40117,9,,,1,5,,40015,9,,,1,5,,40142,9,,,1,5,,40038,9,,,1,5,,40126,9,,,1,5,,40082,9,,,1,5,,40159,9,,,1,46,,40050,9,,,1,6,,40068,9,,,1,5,,40099,9,,,1,5,,40004,9,,,1,6,,40110,9,,,1,10,,40027,9,,,1,10,,40143,9,,,1,10,,40127,9,,,1,50,,40083,9,,,1,10,,40051,9,,,1,10,,40100,9,,,1,10,,40005,9,,,1,10,,40028,9,,,1,10,,40144,9,,,1,50,,40128,9,,,1,10,,40084,9,,,1,10,,40052,9,,,1,10,,40101,9,,,1,10,,40006,9,,,1,10,,40029,9,,,1,50,,40145,9,,,1,10,,40129,9,,,1,10,,40085,9,,,1,10,,40053,9,,,1,10,,40102,9,,,1,10,,40007,9,,,1,48,,40030,9,,,1,10,,40146,9,,,1,9,,40118,9,,,1,5,,40016,9,,,1,5,,40086,9,,,1,5,,40160,9,,,1,5,,40054,9,,,1,5,,40069,9,,,1,5,,40103,9,,,1,5,,40130,9,,,1,5,,40111,9,,,1,45,,40008,9,,,1,5,,40039,9,,,1,5,,40031,9,,,1,5,,40147,9,,,1,5,,40119,9,,,1,5,,40017,9,,,1,5,,40087,9,,,1,5,,40161,9,,,1,5,,40055,9,,,1,5,,40070,9,,,1,5,,40104,9,,,1,5,,40131,9,,,1,45,,40112,9,,,1,5,,40009,9,,,1,5,,40040,9,,,1,5,,40032,9,,,1,5,,40148,9,,,1,5,,40120,9,,,1,5,,40018,9,,,1,5,,40088,9,,,1,5,,40162,9,,,1,5,,40056,9,,,1,5,,40071,9,,,1,5,,40105,9,,,1,45,,40132,9,,,1,5,,40113,9,,,1,5,,40010,9,,,1,5,,40041,9,,,1,5,,40033,9,,,1,5,,40149,9,,,1,5,,40121,9,,,1,5,,40019,9,,,1,5,,40089,9,,,1,5,,40163,9,,,1,5,,40057,9,,,1,5,,40072,9,,,1,45,,40106,9,,,1,5,,40133,9,,,1,5,,40114,9,,,1,5,,40011,9,,,1,5,,40042,9,,,1,5,,40034,9,,,1,7,,40150,9,,,1,5,,40122,9,,,1,6,,40020,9,,,1,10,,40090,9,,,1,50,,40058,9,,,1,10,,40073,9,,,1,10,,40134,9,,,1,10,,40043,9,,,1,10,,40151,9,,,1,10,,40021,9,,,1,50,,40091,9,,,1,10,,40059,9,,,1,10,,40074,9,,,1,10,,40135,9,,,1,10,,40044,9,,,1,10,,40152,9,,,1,50,,40022,9,,,1,10,,40092,9,,,1,10,,40060,9,,,1,10,,40075,9,,,1,10,,40136,9,,,1,10,,40045,9,,,1,55,,40153,9,,,1,15,,40093,9,,,1,15,,40061,9,,,1,15,,40076,9,,,1,55,,40137,9,,,1,15,,40154,9,,,1,15,,40094,9,,,1,15,,40062,9,,,1,55,,40077,9,,,1,15,,40138,9,,,1,15,,40155,9,,,1,15,,40095,9,,,1,55,,40063,9,,,1,15,,40078,9,,,1
18002301,'20260914-Weekday-6-26-09',534,,40210,9,,,1,10,,40228,9,,,1,10,,40164,9,,,1,50,,40187,9,,,1,10,,40176,9,,,1,5,,40303,9,,,1,5,,40199,9,,,1,5,,40287,9,,,1,5,,40243,9,,,1,5,,40320,9,,,1,5,,40211,9,,,1,5,,40229,9,,,1,5,,40260,9,,,1,5,,40165,9,,,1,45,,40271,9,,,1,5,,40188,9,,,1,5,,40279,9,,,1,5,,40177,9,,,1,5,,40304,9,,,1,5,,40200,9,,,1,5,,40288,9,,,1,5,,40244,9,,,1,5,,40321,9,,,1,5,,40212,9,,,1,5,,40230,9,,,1,5,,40261,9,,,1,45,,40166,9,,,1,5,,40272,9,,,1,5,,40189,9,,,1,5,,40280,9,,,1,5,,40178,9,,,1,5,,40305,9,,,1,5,,40201,9,,,1,5,,40289,9,,,1,5,,40245,9,,,1,5,,40322,9,,,1,5,,40213,9,,,1,5,,40231,9,,,1,45,,40262,9,,,1,5,,40167,9,,,1,5,,40273,9,,,1,5,,40190,9,,,1,5,,40281,9,,,1,5,,40179,9,,,1,5,,40306,9,,,1,5,,40202,9,,,1,5,,40290,9,,,1,5,,40246,9,,,1,5,,40323,9,,,1,46,,40214,9,,,1,6,,40232,9,,,1,5,,40263,9,,,1,5,,40168,9,,,1,6,,40274,9,,,1,10,,40191,9,,,1,10,,40307,9,,,1,10,,40291,9,,,1,50,,40247,9,,,1,10,,40215,9,,,1,10,,40264,9,,,1,10,,40169,9,,,1,10,,40192,9,,,1,10,,40308,9,,,1,50,,40292,9,,,1,10,,40248,9,,,1,10,,40216,9,,,1,10,,40265,9,,,1,10,,40170,9,,,1,10,,40193,9,,,1,50,,40309,9,,,1,10,,40293,9,,,1,10,,40249,9,,,1,10,,40217,9,,,1,10,,40266,9,,,1,10,,40171,9,,,1,48,,40194,9,,,1,10,,40310,9,,,1,9,,40282,9,,,1,5,,40180,9,,,1,5,,40250,9,,,1,5,,40324,9,,,1,5,,40218,9,,,1,5,,40233,9,,,1,5,,40267,9,,,1,5,,40294,9,,,1,5,,40275,9,,,1,45,,40172,9,,,1,5,,40203,9,,,1,5,,40195,9,,,1,5,,40311,9,,,1,5,,40283,9,,,1,5,,40181,9,,,1,5,,40251,9,,,1,5,,40325,9,,,1,5,,40219,9,,,1,5,,40234,9,,,1,5,,40268,9,,,1,5,,40295,9,,,1,45,,40276,9,,,1,5,,40173,9,,,1,5,,40204,9,,,1,5,,40196,9,,,1,5,,40312,9,,,1,5,,40284,9,,,1,5,,40182,9,,,1,5,,40252,9,,,1,5,,40326,9,,,1,5,,40220,9,,,1,5,,40235,9,,,1,5,,40269,9,,,1,45,,40296,9,,,1,5,,40277,9,,,1,5,,40174,9,,,1,5,,40205,9,,,1,5,,40197,9,,,1,5,,40313,9,,,1,5,,40285,9,,,1,5,,40183,9,,,1,5,,40253,9,,,1,5,,40327,9,,,1,5,,40221,9,,,1,5,,40236,9,,,1,45,,40270,9,,,1,5,,40297,9,,,1,5,,40278,9,,,1,5,,40175,9,,,1,5,,40206,9,,,1,5,,40198,9,,,1,7,,40314,9,,,1,5,,40286,9,,,1,6,,40184,9,,,1,10,,40254,9,,,1,50,,40222,9,,,1,10,,40237,9,,,1,10,,40298,9,,,1,10,,40207,9,,,1,10,,40315,9,,,1,10,,40185,9,,,1,50,,40255,9,,,1,10,,40223,9,,,1,10,,40238,9,,,1,10,,40299,9,,,1,10,,40208,9,,,1,10,,40316,9,,,1,50,,40186,9,,,1,10,,40256,9,,,1,10,,40224,9,,,1,10,,40239,9,,,1,10,,40300,9,,,1,10,,40209,9,,,1,55,,40317,9,,,1,15,,40257,9,,,1,15,,40225,9,,,1,15,,40240,9,,,1,55,,40301,9,,,1,15,,40318,9,,,1,15,,40258,9,,,1,15,,40226,9,,,1,55,,40241,9,,,1,15,,40302,9,,,1,15,,40319,9,,,1,15,,40259,9,,,1,55,,40227,9,,,1,15,,40242,9,,,1
18002301,'20260914-Weekday-7-26-09',534,,40374,9,,,1,10,,40392,9,,,1,10,,40328,9,,,1,50,,40351,9,,,1,10,,40340,9,,,1,5,,40467,9,,,1,5,,40363,9,,,1,5,,40451,9,,,1,5,,40407,9,,,1,5,,40484,9,,,1,5,,40375,9,,,1,5,,40393,9,,,1,5,,40424,9,,,1,5,,40329,9,,,1,45,,40435,9,,,1,5,,40352,9,,,1,5,,40443,9,,,1,5,,40341,9,,,1,5,,40468,9,,,1,5,,40364,9,,,1,5,,40452,9,,,1,5,,40408,9,,,1,5,,40485,9,,,1,5,,40376,9,,,1,5,,40394,9,,,1,5,,40425,9,,,1,45,,40330,9,,,1,5,,40436,9,,,1,5,,40353,9,,,1,5,,40444,9,,,1,5,,40342,9,,,1,5,,40469,9,,,1,5,,40365,9,,,1,5,,40453,9,,,1,5,,40409,9,,,1,5,,40486,9,,,1,5,,40377,9,,,1,5,,40395,9,,,1,45,,40426,9,,,1,5,,40331,9,,,1,5,,40437,9,,,1,5,,40354,9,,,1,5,,40445,9,,,1,5,,40343,9,,,1,5,,40470,9,,,1,5,,40366,9,,,1,5,,40454,9,,,1,5,,40410,9,,,1,5,,40487,9,,,1,46,,40378,9,,,1,6,,40396,9,,,1,5,,40427,9,,,1,5,,40332,9,,,1,6,,40438,9,,,1,10,,40355,9,,,1,10,,40471,9,,,1,10,,40455,9,,,1,50,,40411,9,,,1,10,,40379,9,,,1,10,,40428,9,,,1,10,,40333,9,,,1,10,,40356,9,,,1,10,,40472,9,,,1,50,,40456,9,,,1,10,,40412,9,,,1,10,,40380,9,,,1,10,,40429,9,,,1,10,,40334,9,,,1,10,,40357,9,,,1,50,,40473,9,,,1,10,,40457,9,,,1,10,,40413,9,,,1,10,,40381,9,,,1,10,,40430,9,,,1,10,,40335,9,,,1,48,,40358,9,,,1,10,,40474,9,,,1,9,,40446,9,,,1,5,,40344,9,,,1,5,,40414,9,,,1,5,,40488,9,,,1,5,,40382,9,,,1,5,,40397,9,,,1,5,,40431,9,,,1,5,,40458,9,,,1,5,,40439,9,,,1,45,,40336,9,,,1,5,,40367,9,,,1,5,,40359,9,,,1,5,,40475,9,,,1,5,,40447,9,,,1,5,,40345,9,,,1,5,,40415,9,,,1,5,,40489,9,,,1,5,,40383,9,,,1,5,,40398,9,,,1,5,,40432,9,,,1,5,,40459,9,,,1,45,,40440,9,,,1,5,,40337,9,,,1,5,,40368,9,,,1,5,,40360,9,,,1,5,,40476,9,,,1,5,,40448,9,,,1,5,,40346,9,,,1,5,,40416,9,,,1,5,,40490,9,,,1,5,,40384,9,,,1,5,,40399,9,,,1,5,,40433,9,,,1,45,,40460,9,,,1,5,,40441,9,,,1,5,,40338,9,,,1,5,,40369,9,,,1,5,,40361,9,,,1,5,,40477,9,,,1,5,,40449,9,,,1,5,,40347,9,,,1,5,,40417,9,,,1,5,,40491,9,,,1,5,,40385,9,,,1,5,,40400,9,,,1,45,,40434,9,,,1,5,,40461,9,,,1,5,,40442,9,,,1,5,,40339,9,,,1,5,,40370,9,,,1,5,,40362,9,,,1,7,,40478,9,,,1,5,,40450,9,,,1,6,,40348,9,,,1,10,,40418,9,,,1,50,,40386,9,,,1,10,,40401,9,,,1,10,,40462,9,,,1,10,,40371,9,,,1,10,,40479,9,,,1,10,,40349,9,,,1,50,,40419,9,,,1,10,,40387,9,,,1,10,,40402,9,,,1,10,,40463,9,,,1,10,,40372,9,,,1,10,,40480,9,,,1,50,,40350,9,,,1,10,,40420,9,,,1,10,,40388,9,,,1,10,,40403,9,,,1,10,,40464,9,,,1,10,,40373,9,,,1,55,,40481,9,,,1,15,,40421,9,,,1,15,,40389,9,,,1,15,,40404,9,,,1,55,,40465,9,,,1,15,,40482,9,,,1,15,,40422,9,,,1,15,,40390,9,,,1,55,,40405,9,,,1,15,,40466,9,,,1,15,,40483,9,,,1,15,,40423,9,,,1,55,,40391,9,,,1,15,,40406,9,,,1
18002301,'20260917-Holiday1-1-26-09',534,,35680,9,,,1,10,,35698,9,,,1,10,,35628,9,,,1,50,,35654,9,,,1,10,,35640,9,,,1,5,,35774,9,,,1,5,,35666,9,,,1,5,,35757,9,,,1,5,,35713,9,,,1,5,,35791,9,,,1,5,,35681,9,,,1,5,,35699,9,,,1,5,,35730,9,,,1,5,,35629,9,,,1,45,,35741,9,,,1,5,,35655,9,,,1,5,,35749,9,,,1,5,,35641,9,,,1,5,,35775,9,,,1,5,,35667,9,,,1,5,,35758,9,,,1,5,,35714,9,,,1,5,,35792,9,,,1,5,,35682,9,,,1,5,,35700,9,,,1,5,,35731,9,,,1,45,,35630,9,,,1,5,,35742,9,,,1,5,,35656,9,,,1,5,,35750,9,,,1,5,,35642,9,,,1,5,,35776,9,,,1,5,,35668,9,,,1,5,,35759,9,,,1,5,,35715,9,,,1,5,,35793,9,,,1,5,,35683,9,,,1,5,,35701,9,,,1,45,,35732,9,,,1,5,,35631,9,,,1,5,,35743,9,,,1,5,,35657,9,,,1,5,,35751,9,,,1,5,,35643,9,,,1,5,,35777,9,,,1,5,,35669,9,,,1,5,,35760,9,,,1,5,,35716,9,,,1,5,,35794,9,,,1,46,,35684,9,,,1,6,,35702,9,,,1,5,,35733,9,,,1,5,,35632,9,,,1,6,,35744,9,,,1,10,,35658,9,,,1,10,,35778,9,,,1,10,,35761,9,,,1,50,,35717,9,,,1,10,,35685,9,,,1,10,,35734,9,,,1,10,,35633,9,,,1,10,,35659,9,,,1,10,,35779,9,,,1,50,,35762,9,,,1,10,,35718,9,,,1,10,,35686,9,,,1,10,,35735,9,,,1,10,,35634,9,,,1,10,,35660,9,,,1,50,,35780,9,,,1,10,,35763,9,,,1,10,,35719,9,,,1,10,,35687,9,,,1,10,,35736,9,,,1,10,,35635,9,,,1,48,,35661,9,,,1,10,,35781,9,,,1,9,,35752,9,,,1,5,,35644,9,,,1,5,,35720,9,,,1,5,,35795,9,,,1,5,,35688,9,,,1,5,,35703,9,,,1,5,,35737,9,,,1,5,,35764,9,,,1,5,,35745,9,,,1,45,,35636,9,,,1,5,,35670,9,,,1,5,,35662,9,,,1,5,,35782,9,,,1,5,,35753,9,,,1,5,,35645,9,,,1,5,,35721,9,,,1,5,,35796,9,,,1,5,,35689,9,,,1,5,,35704,9,,,1,5,,35738,9,,,1,5,,35765,9,,,1,45,,35746,9,,,1,5,,35637,9,,,1,5,,35671,9,,,1,5,,35663,9,,,1,5,,35783,9,,,1,5,,35754,9,,,1,5,,35646,9,,,1,5,,35722,9,,,1,5,,35797,9,,,1,5,,35690,9,,,1,5,,35705,9,,,1,5,,35739,9,,,1,45,,35766,9,,,1,5,,35747,9,,,1,5,,35638,9,,,1,5,,35672,9,,,1,5,,35664,9,,,1,5,,35784,9,,,1,5,,35755,9,,,1,5,,35647,9,,,1,5,,35723,9,,,1,5,,35798,9,,,1,5,,35691,9,,,1,5,,35706,9,,,1,45,,35740,9,,,1,5,,35767,9,,,1,5,,35748,9,,,1,5,,35639,9,,,1,5,,35673,9,,,1,5,,35665,9,,,1,7,,35785,9,,,1,5,,35756,9,,,1,6,,35648,9,,,1,10,,35724,9,,,1,50,,35692,9,,,1,10,,35707,9,,,1,10,,35768,9,,,1,10,,35674,9,,,1,10,,35786,9,,,1,10,,35649,9,,,1,50,,35725,9,,,1,10,,35693,9,,,1,10,,35708,9,,,1,10,,35769,9,,,1,10,,35675,9,,,1,10,,35787,9,,,1,50,,35650,9,,,1,10,,35726,9,,,1,10,,35694,9,,,1,10,,35709,9,,,1,10,,35770,9,,,1,10,,35676,9,,,1,50,,35788,9,,,1,10,,35651,9,,,1,10,,35727,9,,,1,10,,35695,9,,,1,10,,35710,9,,,1,10,,35771,9,,,1,50,,35677,9,,,1,10,,35789,9,,,1,10,,35652,9,,,1,10,,35728,9,,,1,10,,35696,9,,,1,10,,35711,9,,,1,50,,35772,9,,,1,10,,35678,9,,,1,10,,35790,9,,,1,10,,35653,9,,,1,10,,35729,9,,,1,10,,35697,9,,,1,50,,35712,9,,,1,10,,35773,9,,,1,10,,35679,9,,,1
18002301,'20260919-Saturday-1-26-09',537,,35860,9,,,1,10,,35877,9,,,1,10,,35894,9,,,1,50,,35799,9,,,1,10,,35816,9,,,1,10,,35833,9,,,1,10,,35844,9,,,1,10,,35861,9,,,1,10,,35878,9,,,1,50,,35895,9,,,1,10,,35800,9,,,1,10,,35817,9,,,1,10,,35834,9,,,1,10,,35845,9,,,1,10,,35862,9,,,1,50,,35879,9,,,1,10,,35896,9,,,1,10,,35801,9,,,1,10,,35818,9,,,1,10,,35835,9,,,1,10,,35846,9,,,1,50,,35863,9,,,1,10,,35880,9,,,1,10,,35897,9,,,1,10,,35802,9,,,1,10,,35819,9,,,1,10,,35836,9,,,1,50,,35847,9,,,1,10,,35864,9,,,1,10,,35881,9,,,1,10,,35898,9,,,1,10,,35803,9,,,1,10,,35820,9,,,1,50,,35837,9,,,1,10,,35848,9,,,1,10,,35865,9,,,1,10,,35882,9,,,1,10,,35899,9,,,1,10,,35804,9,,,1,50,,35821,9,,,1,10,,35838,9,,,1,10,,35849,9,,,1,10,,35866,9,,,1,10,,35883,9,,,1,10,,35900,9,,,1,50,,35805,9,,,1,10,,35822,9,,,1,10,,35839,9,,,1,10,,35850,9,,,1,10,,35867,9,,,1,10,,35884,9,,,1,50,,35901,9,,,1,10,,35806,9,,,1,10,,35823,9,,,1,10,,35840,9,,,1,10,,35851,9,,,1,10,,35868,9,,,1,50,,35885,9,,,1,10,,35902,9,,,1,10,,35807,9,,,1,10,,35824,9,,,1,10,,35841,9,,,1,10,,35852,9,,,1,50,,35869,9,,,1,10,,35886,9,,,1,10,,35903,9,,,1,10,,35808,9,,,1,10,,35825,9,,,1,10,,35842,9,,,1,50,,35853,9,,,1,10,,35870,9,,,1,10,,35887,9,,,1,10,,35904,9,,,1,10,,35809,9,,,1,10,,35826,9,,,1,50,,35843,9,,,1,10,,35854,9,,,1,10,,35871,9,,,1,10,,35888,9,,,1,10,,35905,9,,,1,10,,35810,9,,,1,55,,35827,9,,,1,15,,35855,9,,,1,15,,35872,9,,,1,15,,35889,9,,,1,55,,35811,9,,,1,15,,35828,9,,,1,15,,35856,9,,,1,15,,35873,9,,,1,55,,35890,9,,,1,15,,35812,9,,,1,15,,35829,9,,,1,15,,35857,9,,,1,55,,35874,9,,,1,15,,35891,9,,,1,15,,35813,9,,,1,15,,35830,9,,,1,55,,35858,9,,,1,15,,35875,9,,,1,15,,35892,9,,,1,15,,35814,9,,,1,55,,35831,9,,,1,15,,35859,9,,,1,15,,35876,9,,,1,15,,35893,9,,,1,55,,35815,9,,,1,15,,35832,9,,,1
