18002301,'20260913-Sunday-1-26-09',517,,35104,2,,,1,15,,35120,2,,,1,15,,35058,2,,,1,55,,35074,2,,,1,15,,35089,2,,,1,15,,35105,2,,,1,15,,35121,2,,,1,55,,35059,2,,,1,15,,35075,2,,,1,15,,35090,2,,,1,15,,35106,2,,,1,55,,35122,2,,,1,15,,35060,2,,,1,15,,35076,2,,,1,15,,35091,2,,,1,55,,35107,2,,,1,15,,35123,2,,,1,15,,35061,2,,,1,15,,35077,2,,,1,55,,35092,2,,,1,15,,35108,2,,,1,15,,35124,2,,,1,15,,35062,2,,,1,55,,35078,2,,,1,15,,35093,2,,,1,15,,35109,2,,,1,15,,35125,2,,,1,55,,35063,2,,,1,15,,35079,2,,,1,15,,35094,2,,,1,15,,35110,2,,,1,55,,35126,2,,,1,15,,35064,2,,,1,15,,35080,2,,,1,15,,35095,2,,,1,55,,35111,2,,,1,15,,35127,2,,,1,15,,35065,2,,,1,15,,35081,2,,,1,55,,35096,2,,,1,15,,35112,2,,,1,15,,35128,2,,,1,15,,35066,2,,,1,55,,35082,2,,,1,15,,35097,2,,,1,15,,35113,2,,,1,15,,35129,2,,,1,55,,35067,2,,,1,15,,35083,2,,,1,15,,35098,2,,,1,15,,35114,2,,,1,55,,35130,2,,,1,15,,35068,2,,,1,15,,35084,2,,,1,15,,35099,2,,,1,55,,35115,2,,,1,15,,35131,2,,,1,15,,35069,2,,,1,15,,35085,2,,,1,55,,35100,2,,,1,15,,35116,2,,,1,15,,35132,2,,,1,15,,35070,2,,,1,55,,35086,2,,,1,15,,35101,2,,,1,15,,35117,2,,,1,15,,35133,2,,,1,55,,35071,2,,,1,15,,35087,2,,,1,15,,35102,2,,,1,15,,35118,2,,,1,55,,35134,2,,,1,15,,35072,2,,,1,15,,35088,2,,,1,15,,35103,2,,,1,55,,35119,2,,,1,15,,35135,2,,,1,15,,35073,2,,,1
18002301,'20260914-Weekday-1-26-09',517,,35182,2,,,1,10,,35200,2,,,1,10,,35136,2,,,1,10,,35159,2,,,1,10,,35148,2,,,1,45,,35275,2,,,1,5,,35171,2,,,1,5,,35259,2,,,1,5,,35215,2,,,1,5,,35292,2,,,1,5,,35183,2,,,1,5,,35201,2,,,1,5,,35232,2,,,1,5,,35137,2,,,1,5,,35243,2,,,1,5,,35160,2,,,1,5,,35251,2,,,1,45,,35149,2,,,1,5,,35276,2,,,1,5,,35172,2,,,1,5,,35260,2,,,1,5,,35216,2,,,1,5,,35293,2,,,1,5,,35184,2,,,1,5,,35202,2,,,1,5,,35233,2,,,1,5,,35138,2,,,1,5,,35244,2,,,1,5,,35161,2,,,1,45,,35252,2,,,1,5,,35150,2,,,1,5,,35277,2,,,1,5,,35173,2,,,1,5,,35261,2,,,1,5,,35217,2,,,1,5,,35294,2,,,1,5,,35185,2,,,1,5,,35203,2,,,1,5,,35234,2,,,1,5,,35139,2,,,1,5,,35245,2,,,1,45,,35162,2,,,1,5,,35253,2,,,1,5,,35151,2,,,1,5,,35278,2,,,1,5,,35174,2,,,1,5,,35262,2,,,1,5,,35218,2,,,1,5,,35295,2,,,1,5,,35186,2,,,1,5,,35204,2,,,1,5,,35235,2,,,1,5,,35140,2,,,1,45,,35246,2,,,1,10,,35163,2,,,1,10,,35279,2,,,1,10,,35263,2,,,1,10,,35219,2,,,1,10,,35187,2,,,1,50,,35236,2,,,1,10,,35141,2,,,1,10,,35164,2,,,1,10,,35280,2,,,1,10,,35264,2,,,1,10,,35220,2,,,1,50,,35188,2,,,1,10,,35237,2,,,1,10,,35142,2,,,1,10,,35165,2,,,1,10,,35281,2,,,1,10,,35265,2,,,1,50,,35221,2,,,1,10,,35189,2,,,1,10,,35238,2,,,1,10,,35143,2,,,1,10,,35166,2,,,1,10,,35282,2,,,1,50,,35254,2,,,1,5,,35152,2,,,1,5,,35222,2,,,1,5,,35296,2,,,1,5,,35190,2,,,1,5,,35205,2,,,1,5,,35239,2,,,1,5,,35266,2,,,1,5,,35247,2,,,1,5,,35144,2,,,1,5,,35175,2,,,1,5,,35167,2,,,1,45,,35283,2,,,1,5,,35255,2,,,1,5,,35153,2,,,1,5,,35223,2,,,1,5,,35297,2,,,1,5,,35191,2,,,1,5,,35206,2,,,1,5,,35240,2,,,1,5,,35267,2,,,1,5,,35248,2,,,1,5,,35145,2,,,1,5,,35176,2,,,1,45,,35168,2,,,1,5,,35284,2,,,1,5,,35256,2,,,1,5,,35154,2,,,1,5,,35224,2,,,1,5,,35298,2,,,1,5,,35192,2,,,1,5,,35207,2,,,1,5,,35241,2,,,1,5,,35268,2,,,1,5,,35249,2,,,1,5,,35146,2,,,1,45,,35177,2,,,1,5,,35169,2,,,1,5,,35285,2,,,1,5,,35257,2,,,1,5,,35155,2,,,1,5,,35225,2,,,1,5,,35299,2,,,1,5,,35193,2,,,1,5,,35208,2,,,1,5,,35242,2,,,1,5,,35269,2,,,1,5,,35250,2,,,1,45,,35147,2,,,1,5,,35178,2,,,1,5,,35170,2,,,1,5,,35286,2,,,1,5,,35258,2,,,1,5,,35156,2,,,1,10,,35226,2,,,1,10,,35194,2,,,1,10,,35209,2,,,1,50,,35270,2,,,1,10,,35179,2,,,1,10,,35287,2,,,1,10,,35157,2,,,1,10,,35227,2,,,1,10,,35195,2,,,1,50,,35210,2,,,1,10,,35271,2,,,1,10,,35180,2,,,1,10,,35288,2,,,1,10,,35158,2,,,1,10,,35228,2,,,1,50,,35196,2,,,1,10,,35211,2,,,1,10,,35272,2,,,1,10,,35181,2,,,1,15,,35289,2,,,1,55,,35229,2,,,1,15,,35197,2,,,1,15,,35212,2,,,1,15,,35273,2,,,1,55,,35290,2,,,1,15,,35230,2,,,1,15,,35198,2,,,1,15,,35213,2,,,1,55,,35274,2,,,1,15,,35291,2,,,1,15,,35231,2,,,1,15,,35199,2,,,1,55,,35214,2,,,1
18002301,'20260914-Weekday-2-26-09',517,,35346,2,,,1,10,,35364,2,,,1,10,,35300,2,,,1,10,,35323,2,,,1,10,,35312,2,,,1,45,,35439,2,,,1,5,,35335,2,,,1,5,,35423,2,,,1,5,,35379,2,,,1,5,,35456,2,,,1,5,,35347,2,,,1,5,,35365,2,,,1,5,,35396,2,,,1,5,,35301,2,,,1,5,,35407,2,,,1,5,,35324,2,,,1,5,,35415,2,,,1,45,,35313,2,,,1,5,,35440,2,,,1,5,,35336,2,,,1,5,,35424,2,,,1,5,,35380,2,,,1,5,,35457,2,,,1,5,,35348,2,,,1,5,,35366,2,,,1,5,,35397,2,,,1,5,,35302,2,,,1,5,,35408,2,,,1,5,,35325,2,,,1,45,,35416,2,,,1,5,,35314,2,,,1,5,,35441,2,,,1,5,,35337,2,,,1,5,,35425,2,,,1,5,,35381,2,,,1,5,,35458,2,,,1,5,,35349,2,,,1,5,,35367,2,,,1,5,,35398,2,,,1,5,,35303,2,,,1,5,,35409,2,,,1,45,,35326,2,,,1,5,,35417,2,,,1,5,,35315,2,,,1,5,,35442,2,,,1,5,,35338,2,,,1,5,,35426,2,,,1,5,,35382,2,,,1,5,,35459,2,,,1,5,,35350,2,,,1,5,,35368,2,,,1,5,,35399,2,,,1,5,,35304,2,,,1,45,,35410,2,,,1,10,,35327,2,,,1,10,,35443,2,,,1,10,,35427,2,,,1,10,,35383,2,,,1,10,,35351,2,,,1,50,,35400,2,,,1,10,,35305,2,,,1,10,,35328,2,,,1,10,,35444,2,,,1,10,,35428,2,,,1,10,,35384,2,,,1,50,,35352,2,,,1,10,,35401,2,,,1,10,,35306,2,,,1,10,,35329,2,,,1,10,,35445,2,,,1,10,,35429,2,,,1,50,,35385,2,,,1,10,,35353,2,,,1,10,,35402,2,,,1,10,,35307,2,,,1,10,,35330,2,,,1,10,,35446,2,,,1,50,,35418,2,,,1,5,,35316,2,,,1,5,,35386,2,,,1,5,,35460,2,,,1,5,,35354,2,,,1,5,,35369,2,,,1,5,,35403,2,,,1,5,,35430,2,,,1,5,,35411,2,,,1,5,,35308,2,,,1,5,,35339,2,,,1,5,,35331,2,,,1,45,,35447,2,,,1,5,,35419,2,,,1,5,,35317,2,,,1,5,,35387,2,,,1,5,,35461,2,,,1,5,,35355,2,,,1,5,,35370,2,,,1,5,,35404,2,,,1,5,,35431,2,,,1,5,,35412,2,,,1,5,,35309,2,,,1,5,,35340,2,,,1,45,,35332,2,,,1,5,,35448,2,,,1,5,,35420,2,,,1,5,,35318,2,,,1,5,,35388,2,,,1,5,,35462,2,,,1,5,,35356,2,,,1,5,,35371,2,,,1,5,,35405,2,,,1,5,,35432,2,,,1,5,,35413,2,,,1,5,,35310,2,,,1,45,,35341,2,,,1,5,,35333,2,,,1,5,,35449,2,,,1,5,,35421,2,,,1,5,,35319,2,,,1,5,,35389,2,,,1,5,,35463,2,,,1,5,,35357,2,,,1,5,,35372,2,,,1,5,,35406,2,,,1,5,,35433,2,,,1,5,,35414,2,,,1,45,,35311,2,,,1,5,,35342,2,,,1,5,,35334,2,,,1,5,,35450,2,,,1,5,,35422,2,,,1,5,,35320,2,,,1,10,,35390,2,,,1,10,,35358,2,,,1,10,,35373,2,,,1,50,,35434,2,,,1,10,,35343,2,,,1,10,,35451,2,,,1,10,,35321,2,,,1,10,,35391,2,,,1,10,,35359,2,,,1,50,,35374,2,,,1,10,,35435,2,,,1,10,,35344,2,,,1,10,,35452,2,,,1,10,,35322,2,,,1,10,,35392,2,,,1,50,,35360,2,,,1,10,,35375,2,,,1,10,,35436,2,,,1,10,,35345,2,,,1,15,,35453,2,,,1,55,,35393,2,,,1,15,,35361,2,,,1,15,,35376,2,,,1,15,,35437,2,,,1,55,,35454,2,,,1,15,,35394,2,,,1,15,,35362,2,,,1,15,,35377,2,,,1,55,,35438,2,,,1,15,,35455,2,,,1,15,,35395,2,,,1,15,,35363,2,,,1,55,,35378,2,,,1
18002301,'20260914-Weekday-3-26-09',517,,39882,2,,,1,10,,39900,2,,,1,10,,39836,2,,,1,10,,39859,2,,,1,10,,39848,2,,,1,45,,39975,2,,,1,5,,39871,2,,,1,5,,39959,2,,,1,5,,39915,2,,,1,5,,39992,2,,,1,5,,39883,2,,,1,5,,39901,2,,,1,5,,39932,2,,,1,5,,39837,2,,,1,5,,39943,2,,,1,5,,39860,2,,,1,5,,39951,2,,,1,45,,39849,2,,,1,5,,39976,2,,,1,5,,39872,2,,,1,5,,39960,2,,,1,5,,39916,2,,,1,5,,39993,2,,,1,5,,39884,2,,,1,5,,39902,2,,,1,5,,39933,2,,,1,5,,39838,2,,,1,5,,39944,2,,,1,5,,39861,2,,,1,45,,39952,2,,,1,5,,39850,2,,,1,5,,39977,2,,,1,5,,39873,2,,,1,5,,39961,2,,,1,5,,39917,2,,,1,5,,39994,2,,,1,5,,39885,2,,,1,5,,39903,2,,,1,5,,39934,2,,,1,5,,39839,2,,,1,5,,39945,2,,,1,45,,39862,2,,,1,5,,39953,2,,,1,5,,39851,2,,,1,5,,39978,2,,,1,5,,39874,2,,,1,5,,39962,2,,,1,5,,39918,2,,,1,5,,39995,2,,,1,5,,39886,2,,,1,5,,39904,2,,,1,5,,39935,2,,,1,5,,39840,2,,,1,45,,39946,2,,,1,10,,39863,2,,,1,10,,39979,2,,,1,10,,39963,2,,,1,10,,39919,2,,,1,10,,39887,2,,,1,50,,39936,2,,,1,10,,39841,2,,,1,10,,39864,2,,,1,10,,39980,2,,,1,10,,39964,2,,,1,10,,39920,2,,,1,50,,39888,2,,,1,10,,39937,2,,,1,10,,39842,2,,,1,10,,39865,2,,,1,10,,39981,2,,,1,10,,39965,2,,,1,50,,39921,2,,,1,10,,39889,2,,,1,10,,39938,2,,,1,10,,39843,2,,,1,10,,39866,2,,,1,10,,39982,2,,,1,50,,39954,2,,,1,5,,39852,2,,,1,5,,39922,2,,,1,5,,39996,2,,,1,5,,39890,2,,,1,5,,39905,2,,,1,5,,39939,2,,,1,5,,39966,2,,,1,5,,39947,2,,,1,5,,39844,2,,,1,5,,39875,2,,,1,5,,39867,2,,,1,45,,39983,2,,,1,5,,39955,2,,,1,5,,39853,2,,,1,5,,39923,2,,,1,5,,39997,2,,,1,5,,39891,2,,,1,5,,39906,2,,,1,5,,39940,2,,,1,5,,39967,2,,,1,5,,39948,2,,,1,5,,39845,2,,,1,5,,39876,2,,,1,45,,39868,2,,,1,5,,39984,2,,,1,5,,39956,2,,,1,5,,39854,2,,,1,5,,39924,2,,,1,5,,39998,2,,,1,5,,39892,2,,,1,5,,39907,2,,,1,5,,39941,2,,,1,5,,39968,2,,,1,5,,39949,2,,,1,5,,39846,2,,,1,45,,39877,2,,,1,5,,39869,2,,,1,5,,39985,2,,,1,5,,39957,2,,,1,5,,39855,2,,,1,5,,39925,2,,,1,5,,39999,2,,,1,5,,39893,2,,,1,5,,39908,2,,,1,5,,39942,2,,,1,5,,39969,2,,,1,5,,39950,2,,,1,45,,39847,2,,,1,5,,39878,2,,,1,5,,39870,2,,,1,5,,39986,2,,,1,5,,39958,2,,,1,5,,39856,2,,,1,10,,39926,2,,,1,10,,39894,2,,,1,10,,39909,2,,,1,50,,39970,2,,,1,10,,39879,2,,,1,10,,39987,2,,,1,10,,39857,2,,,1,10,,39927,2,,,1,10,,39895,2,,,1,50,,39910,2,,,1,10,,39971,2,,,1,10,,39880,2,,,1,10,,39988,2,,,1,10,,39858,2,,,1,10,,39928,2,,,1,50,,39896,2,,,1,10,,39911,2,,,1,10,,39972,2,,,1,10,,39881,2,,,1,15,,39989,2,,,1,55,,39929,2,,,1,15,,39897,2,,,1,15,,39912,2,,,1,15,,39973,2,,,1,55,,39990,2,,,1,15,,39930,2,,,1,15,,39898,2,,,1,15,,39913,2,,,1,55,,39974,2,,,1,15,,39991,2,,,1,15,,39931,2,,,1,15,,39899,2,,,1,55,,39914,2,,,1
18002301,'20260914-Weekday-4-26-09',517,,35510,2,,,1,10,,35528,2,,,1,10,,35464,2,,,1,10,,35487,2,,,1,10,,35476,2,,,1,45,,35603,2,,,1,5,,35499,2,,,1,5,,35587,2,,,1,5,,35543,2,,,1,5,,35620,2,,,1,5,,35511,2,,,1,5,,35529,2,,,1,5,,35560,2,,,1,5,,35465,2,,,1,5,,35571,2,,,1,5,,35488,2,,,1,5,,35579,2,,,1,45,,35477,2,,,1,5,,35604,2,,,1,5,,35500,2,,,1,5,,35588,2,,,1,5,,35544,2,,,1,5,,35621,2,,,1,5,,35512,2,,,1,5,,35530,2,,,1,5,,35561,2,,,1,5,,35466,2,,,1,5,,35572,2,,,1,5,,35489,2,,,1,45,,35580,2,,,1,5,,35478,2,,,1,5,,35605,2,,,1,5,,35501,2,,,1,5,,35589,2,,,1,5,,35545,2,,,1,5,,35622,2,,,1,5,,35513,2,,,1,5,,35531,2,,,1,5,,35562,2,,,1,5,,35467,2,,,1,5,,35573,2,,,1,45,,35490,2,,,1,5,,35581,2,,,1,5,,35479,2,,,1,5,,35606,2,,,1,5,,35502,2,,,1,5,,35590,2,,,1,5,,35546,2,,,1,5,,35623,2,,,1,5,,35514,2,,,1,5,,35532,2,,,1,5,,35563,2,,,1,5,,35468,2,,,1,45,,35574,2,,,1,10,,35491,2,,,1,10,,35607,2,,,1,10,,35591,2,,,1,10,,35547,2,,,1,10,,35515,2,,,1,50,,35564,2,,,1,10,,35469,2,,,1,10,,35492,2,,,1,10,,35608,2,,,1,10,,35592,2,,,1,10,,35548,2,,,1,50,,35516,2,,,1,10,,35565,2,,,1,10,,35470,2,,,1,10,,35493,2,,,1,10,,35609,2,,,1,10,,35593,2,,,1,50,,35549,2,,,1,10,,35517,2,,,1,10,,35566,2,,,1,10,,35471,2,,,1,10,,35494,2,,,1,10,,35610,2,,,1,50,,35582,2,,,1,5,,35480,2,,,1,5,,35550,2,,,1,5,,35624,2,,,1,5,,35518,2,,,1,5,,35533,2,,,1,5,,35567,2,,,1,5,,35594,2,,,1,5,,35575,2,,,1,5,,35472,2,,,1,5,,35503,2,,,1,5,,35495,2,,,1,45,,35611,2,,,1,5,,35583,2,,,1,5,,35481,2,,,1,5,,35551,2,,,1,5,,35625,2,,,1,5,,35519,2,,,1,5,,35534,2,,,1,5,,35568,2,,,1,5,,35595,2,,,1,5,,35576,2,,,1,5,,35473,2,,,1,5,,35504,2,,,1,45,,35496,2,,,1,5,,35612,2,,,1,5,,35584,2,,,1,5,,35482,2,,,1,5,,35552,2,,,1,5,,35626,2,,,1,5,,35520,2,,,1,5,,35535,2,,,1,5,,35569,2,,,1,5,,35596,2,,,1,5,,35577,2,,,1,5,,35474,2,,,1,45,,35505,2,,,1,5,,35497,2,,,1,5,,35613,2,,,1,5,,35585,2,,,1,5,,35483,2,,,1,5,,35553,2,,,1,5,,35627,2,,,1,5,,35521,2,,,1,5,,35536,2,,,1,5,,35570,2,,,1,5,,35597,2,,,1,5,,35578,2,,,1,45,,35475,2,,,1,5,,35506,2,,,1,5,,35498,2,,,1,5,,35614,2,,,1,5,,35586,2,,,1,5,,35484,2,,,1,10,,35554,2,,,1,10,,35522,2,,,1,10,,35537,2,,,1,50,,35598,2,,,1,10,,35507,2,,,1,10,,35615,2,,,1,10,,35485,2,,,1,10,,35555,2,,,1,10,,35523,2,,,1,50,,35538,2,,,1,10,,35599,2,,,1,10,,35508,2,,,1,10,,35616,2,,,1,10,,35486,2,,,1,10,,35556,2,,,1,50,,35524,2,,,1,10,,35539,2,,,1,10,,35600,2,,,1,10,,35509,2,,,1,15,,35617,2,,,1,55,,35557,2,,,1,15,,35525,2,,,1,15,,35540,2,,,1,15,,35601,2,,,1,55,,35618,2,,,1,15,,35558,2,,,1,15,,35526,2,,,1,15,,35541,2,,,1,55,,35602,2,,,1,15,,35619,2,,,1,15,,35559,2,,,1,15,,35527,2,,,1,55,,35542,2,,,1
18002301,'20260914-Weekday-5-26-09',517,,40046,2,,,1,10,,40064,2,,,1,10,,40000,2,,,1,10,,40023,2,,,1,10,,40012,2,,,1,45,,40139,2,,,1,5,,40035,2,,,1,5,,40123,2,,,1,5,,40079,2,,,1,5,,40156,2,,,1,5,,40047,2,,,1,5,,40065,2,,,1,5,,40096,2,,,1,5,,40001,2,,,1,5,,40107,2,,,1,5,,40024,2,,,1,5,,40115,2,,,1,45,,40013,2,,,1,5,,40140,2,,,1,5,,40036,2,,,1,5,,40124,2,,,1,5,,40080,2,,,1,5,,40157,2,,,1,5,,40048,2,,,1,5,,40066,2,,,1,5,,40097,2,,,1,5,,40002,2,,,1,5,,40108,2,,,1,5,,40025,2,,,1,45,,40116,2,,,1,5,,40014,2,,,1,5,,40141,2,,,1,5,,40037,2,,,1,5,,40125,2,,,1,5,,40081,2,,,1,5,,40158,2,,,1,5,,40049,2,,,1,5,,40067,2,,,1,5,,40098,2,,,1,5,,40003,2,,,1,5,,40109,2,,,1,45,,40026,2,,,1,5,,40117,2,,,1,5,,40015,2,,,1,5,,40142,2,,,1,5,,40038,2,,,1,5,,40126,2,,,1,5,,40082,2,,,1,5,,40159,2,,,1,5,,40050,2,,,1,5,,40068,2,,,1,5,,40099,2,,,1,5,,40004,2,,,1,45,,40110,2,,,1,10,,40027,2,,,1,10,,40143,2,,,1,10,,40127,2,,,1,10,,40083,2,,,1,10,,40051,2,,,1,50,,40100,2,,,1,10,,40005,2,,,1,10,,40028,2,,,1,10,,40144,2,,,1,10,,40128,2,,,1,10,,40084,2,,,1,50,,40052,2,,,1,10,,40101,2,,,1,10,,40006,2,,,1,10,,40029,2,,,1,10,,40145,2,,,1,10,,40129,2,,,1,50,,40085,2,,,1,10,,40053,2,,,1,10,,40102,2,,,1,10,,40007,2,,,1,10,,40030,2,,,1,10,,40146,2,,,1,50,,40118,2,,,1,5,,40016,2,,,1,5,,40086,2,,,1,5,,40160,2,,,1,5,,40054,2,,,1,5,,40069,2,,,1,5,,40103,2,,,1,5,,40130,2,,,1,5,,40111,2,,,1,5,,40008,2,,,1,5,,40039,2,,,1,5,,40031,2,,,1,45,,40147,2,,,1,5,,40119,2,,,1,5,,40017,2,,,1,5,,40087,2,,,1,5,,40161,2,,,1,5,,40055,2,,,1,5,,40070,2,,,1,5,,40104,2,,,1,5,,40131,2,,,1,5,,40112,2,,,1,5,,40009,2,,,1,5,,40040,2,,,1,45,,40032,2,,,1,5,,40148,2,,,1,5,,40120,2,,,1,5,,40018,2,,,1,5,,40088,2,,,1,5,,40162,2,,,1,5,,40056,2,,,1,5,,40071,2,,,1,5,,40105,2,,,1,5,,40132,2,,,1,5,,40113,2,,,1,5,,40010,2,,,1,45,,40041,2,,,1,5,,40033,2,,,1,5,,40149,2,,,1,5,,40121,2,,,1,5,,40019,2,,,1,5,,40089,2,,,1,5,,40163,2,,,1,5,,40057,2,,,1,5,,40072,2,,,1,5,,40106,2,,,1,5,,40133,2,,,1,5,,40114,2,,,1,45,,40011,2,,,1,5,,40042,2,,,1,5,,40034,2,,,1,5,,40150,2,,,1,5,,40122,2,,,1,5,,40020,2,,,1,10,,40090,2,,,1,10,,40058,2,,,1,10,,40073,2,,,1,50,,40134,2,,,1,10,,40043,2,,,1,10,,40151,2,,,1,10,,40021,2,,,1,10,,40091,2,,,1,10,,40059,2,,,1,50,,40074,2,,,1,10,,40135,2,,,1,10,,40044,2,,,1,10,,40152,2,,,1,10,,40022,2,,,1,10,,40092,2,,,1,50,,40060,2,,,1,10,,40075,2,,,1,10,,40136,2,,,1,10,,40045,2,,,1,15,,40153,2,,,1,55,,40093,2,,,1,15,,40061,2,,,1,15,,40076,2,,,1,15,,40137,2,,,1,55,,40154,2,,,1,15,,40094,2,,,1,15,,40062,2,,,1,15,,40077,2,,,1,55,,40138,2,,,1,15,,40155,2,,,1,15,,40095,2,,,1,15,,40063,2,,,1,55,,40078,2,,,1
18002301,'20260914-Weekday-6-26-09',517,,40210,2,,,1,10,,40228,2,,,1,10,,40164,2,,,1,10,,40187,2,,,1,10,,40176,2,,,1,45,,40303,2,,,1,5,,40199,2,,,1,5,,40287,2,,,1,5,,40243,2,,,1,5,,40320,2,,,1,5,,40211,2,,,1,5,,40229,2,,,1,5,,40260,2,,,1,5,,40165,2,,,1,5,,40271,2,,,1,5,,40188,2,,,1,5,,40279,2,,,1,45,,40177,2,,,1,5,,40304,2,,,1,5,,40200,2,,,1,5,,40288,2,,,1,5,,40244,2,,,1,5,,40321,2,,,1,5,,40212,2,,,1,5,,40230,2,,,1,5,,40261,2,,,1,5,,40166,2,,,1,5,,40272,2,,,1,5,,40189,2,,,1,45,,40280,2,,,1,5,,40178,2,,,1,5,,40305,2,,,1,5,,40201,2,,,1,5,,40289,2,,,1,5,,40245,2,,,1,5,,40322,2,,,1,5,,40213,2,,,1,5,,40231,2,,,1,5,,40262,2,,,1,5,,40167,2,,,1,5,,40273,2,,,1,45,,40190,2,,,1,5,,40281,2,,,1,5,,40179,2,,,1,5,,40306,2,,,1,5,,40202,2,,,1,5,,40290,2,,,1,5,,40246,2,,,1,5,,40323,2,,,1,5,,40214,2,,,1,5,,40232,2,,,1,5,,40263,2,,,1,5,,40168,2,,,1,45,,40274,2,,,1,10,,40191,2,,,1,10,,40307,2,,,1,10,,40291,2,,,1,10,,40247,2,,,1,10,,40215,2,,,1,50,,40264,2,,,1,10,,40169,2,,,1,10,,40192,2,,,1,10,,40308,2,,,1,10,,40292,2,,,1,10,,40248,2,,,1,50,,40216,2,,,1,10,,40265,2,,,1,10,,40170,2,,,1,10,,40193,2,,,1,10,,40309,2,,,1,10,,40293,2,,,1,50,,40249,2,,,1,10,,40217,2,,,1,10,,40266,2,,,1,10,,40171,2,,,1,10,,40194,2,,,1,10,,40310,2,,,1,50,,40282,2,,,1,5,,40180,2,,,1,5,,40250,2,,,1,5,,40324,2,,,1,5,,40218,2,,,1,5,,40233,2,,,1,5,,40267,2,,,1,5,,40294,2,,,1,5,,40275,2,,,1,5,,40172,2,,,1,5,,40203,2,,,1,5,,40195,2,,,1,45,,40311,2,,,1,5,,40283,2,,,1,5,,40181,2,,,1,5,,40251,2,,,1,5,,40325,2,,,1,5,,40219,2,,,1,5,,40234,2,,,1,5,,40268,2,,,1,5,,40295,2,,,1,5,,40276,2,,,1,5,,40173,2,,,1,5,,40204,2,,,1,45,,40196,2,,,1,5,,40312,2,,,1,5,,40284,2,,,1,5,,40182,2,,,1,5,,40252,2,,,1,5,,40326,2,,,1,5,,40220,2,,,1,5,,40235,2,,,1,5,,40269,2,,,1,5,,40296,2,,,1,5,,40277,2,,,1,5,,40174,2,,,1,45,,40205,2,,,1,5,,40197,2,,,1,5,,40313,2,,,1,5,,40285,2,,,1,5,,40183,2,,,1,5,,40253,2,,,1,5,,40327,2,,,1,5,,40221,2,,,1,5,,40236,2,,,1,5,,40270,2,,,1,5,,40297,2,,,1,5,,40278,2,,,1,45,,40175,2,,,1,5,,40206,2,,,1,5,,40198,2,,,1,5,,40314,2,,,1,5,,40286,2,,,1,5,,40184,2,,,1,10,,40254,2,,,1,10,,40222,2,,,1,10,,40237,2,,,1,50,,40298,2,,,1,10,,40207,2,,,1,10,,40315,2,,,1,10,,40185,2,,,1,10,,40255,2,,,1,10,,40223,2,,,1,50,,40238,2,,,1,10,,40299,2,,,1,10,,40208,2,,,1,10,,40316,2,,,1,10,,40186,2,,,1,10,,40256,2,,,1,50,,40224,2,,,1,10,,40239,2,,,1,10,,40300,2,,,1,10,,40209,2,,,1,15,,40317,2,,,1,55,,40257,2,,,1,15,,40225,2,,,1,15,,40240,2,,,1,15,,40301,2,,,1,55,,40318,2,,,1,15,,40258,2,,,1,15,,40226,2,,,1,15,,40241,2,,,1,55,,40302,2,,,1,15,,40319,2,,,1,15,,40259,2,,,1,15,,40227,2,,,1,55,,40242,2,,,1
18002301,'20260914-Weekday-7-26-09',517,,40374,2,,,1,10,,40392,2,,,1,10,,40328,2,,,1,10,,40351,2,,,1,10,,40340,2,,,1,45,,40467,2,,,1,5,,40363,2,,,1,5,,40451,2,,,1,5,,40407,2,,,1,5,,40484,2,,,1,5,,40375,2,,,1,5,,40393,2,,,1,5,,40424,2,,,1,5,,40329,2,,,1,5,,40435,2,,,1,5,,40352,2,,,1,5,,40443,2,,,1,45,,40341,2,,,1,5,,40468,2,,,1,5,,40364,2,,,1,5,,40452,2,,,1,5,,40408,2,,,1,5,,40485,2,,,1,5,,40376,2,,,1,5,,40394,2,,,1,5,,40425,2,,,1,5,,40330,2,,,1,5,,40436,2,,,1,5,,40353,2,,,1,45,,40444,2,,,1,5,,40342,2,,,1,5,,40469,2,,,1,5,,40365,2,,,1,5,,40453,2,,,1,5,,40409,2,,,1,5,,40486,2,,,1,5,,40377,2,,,1,5,,40395,2,,,1,5,,40426,2,,,1,5,,40331,2,,,1,5,,40437,2,,,1,45,,40354,2,,,1,5,,40445,2,,,1,5,,40343,2,,,1,5,,40470,2,,,1,5,,40366,2,,,1,5,,40454,2,,,1,5,,40410,2,,,1,5,,40487,2,,,1,5,,40378,2,,,1,5,,40396,2,,,1,5,,40427,2,,,1,5,,40332,2,,,1,45,,40438,2,,,1,10,,40355,2,,,1,10,,40471,2,,,1,10,,40455,2,,,1,10,,40411,2,,,1,10,,40379,2,,,1,50,,40428,2,,,1,10,,40333,2,,,1,10,,40356,2,,,1,10,,40472,2,,,1,10,,40456,2,,,1,10,,40412,2,,,1,50,,40380,2,,,1,10,,40429,2,,,1,10,,40334,2,,,1,10,,40357,2,,,1,10,,40473,2,,,1,10,,40457,2,,,1,50,,40413,2,,,1,10,,40381,2,,,1,10,,40430,2,,,1,10,,40335,2,,,1,10,,40358,2,,,1,10,,40474,2,,,1,50,,40446,2,,,1,5,,40344,2,,,1,5,,40414,2,,,1,5,,40488,2,,,1,5,,40382,2,,,1,5,,40397,2,,,1,5,,40431,2,,,1,5,,40458,2,,,1,5,,40439,2,,,1,5,,40336,2,,,1,5,,40367,2,,,1,5,,40359,2,,,1,45,,40475,2,,,1,5,,40447,2,,,1,5,,40345,2,,,1,5,,40415,2,,,1,5,,40489,2,,,1,5,,40383,2,,,1,5,,40398,2,,,1,5,,40432,2,,,1,5,,40459,2,,,1,5,,40440,2,,,1,5,,40337,2,,,1,5,,40368,2,,,1,45,,40360,2,,,1,5,,40476,2,,,1,5,,40448,2,,,1,5,,40346,2,,,1,5,,40416,2,,,1,5,,40490,2,,,1,5,,40384,2,,,1,5,,40399,2,,,1,5,,40433,2,,,1,5,,40460,2,,,1,5,,40441,2,,,1,5,,40338,2,,,1,45,,40369,2,,,1,5,,40361,2,,,1,5,,40477,2,,,1,5,,40449,2,,,1,5,,40347,2,,,1,5,,40417,2,,,1,5,,40491,2,,,1,5,,40385,2,,,1,5,,40400,2,,,1,5,,40434,2,,,1,5,,40461,2,,,1,5,,40442,2,,,1,45,,40339,2,,,1,5,,40370,2,,,1,5,,40362,2,,,1,5,,40478,2,,,1,5,,40450,2,,,1,5,,40348,2,,,1,10,,40418,2,,,1,10,,40386,2,,,1,10,,40401,2,,,1,50,,40462,2,,,1,10,,40371,2,,,1,10,,40479,2,,,1,10,,40349,2,,,1,10,,40419,2,,,1,10,,40387,2,,,1,50,,40402,2,,,1,10,,40463,2,,,1,10,,40372,2,,,1,10,,40480,2,,,1,10,,40350,2,,,1,10,,40420,2,,,1,50,,40388,2,,,1,10,,40403,2,,,1,10,,40464,2,,,1,10,,40373,2,,,1,15,,40481,2,,,1,55,,40421,2,,,1,15,,40389,2,,,1,15,,40404,2,,,1,15,,40465,2,,,1,55,,40482,2,,,1,15,,40422,2,,,1,15,,40390,2,,,1,15,,40405,2,,,1,55,,40466,2,,,1,15,,40483,2,,,1,15,,40423,2,,,1,15,,40391,2,,,1,55,,40406,2,,,1
18002301,'20260917-Holiday1-1-26-09',517,,35680,2,,,1,10,,35698,2,,,1,10,,35628,2,,,1,10,,35654,2,,,1,10,,35640,2,,,1,45,,35774,2,,,1,5,,35666,2,,,1,5,,35757,2,,,1,5,,35713,2,,,1,5,,35791,2,,,1,5,,35681,2,,,1,5,,35699,2,,,1,5,,35730,2,,,1,5,,35629,2,,,1,5,,35741,2,,,1,5,,35655,2,,,1,5,,35749,2,,,1,45,,35641,2,,,1,5,,35775,2,,,1,5,,35667,2,,,1,5,,35758,2,,,1,5,,35714,2,,,1,5,,35792,2,,,1,5,,35682,2,,,1,5,,35700,2,,,1,5,,35731,2,,,1,5,,35630,2,,,1,5,,35742,2,,,1,5,,35656,2,,,1,45,,35750,2,,,1,5,,35642,2,,,1,5,,35776,2,,,1,5,,35668,2,,,1,5,,35759,2,,,1,5,,35715,2,,,1,5,,35793,2,,,1,5,,35683,2,,,1,5,,35701,2,,,1,5,,35732,2,,,1,5,,35631,2,,,1,5,,35743,2,,,1,45,,35657,2,,,1,5,,35751,2,,,1,5,,35643,2,,,1,5,,35777,2,,,1,5,,35669,2,,,1,5,,35760,2,,,1,5,,35716,2,,,1,5,,35794,2,,,1,5,,35684,2,,,1,5,,35702,2,,,1,5,,35733,2,,,1,5,,35632,2,,,1,45,,35744,2,,,1,10,,35658,2,,,1,10,,35778,2,,,1,10,,35761,2,,,1,10,,35717,2,,,1,10,,35685,2,,,1,50,,35734,2,,,1,10,,35633,2,,,1,10,,35659,2,,,1,10,,35779,2,,,1,10,,35762,2,,,1,10,,35718,2,,,1,50,,35686,2,,,1,10,,35735,2,,,1,10,,35634,2,,,1,10,,35660,2,,,1,10,,35780,2,,,1,10,,35763,2,,,1,50,,35719,2,,,1,10,,35687,2,,,1,10,,35736,2,,,1,10,,35635,2,,,1,10,,35661,2,,,1,10,,35781,2,,,1,50,,35752,2,,,1,5,,35644,2,,,1,5,,35720,2,,,1,5,,35795,2,,,1,5,,35688,2,,,1,5,,35703,2,,,1,5,,35737,2,,,1,5,,35764,2,,,1,5,,35745,2,,,1,5,,35636,2,,,1,5,,35670,2,,,1,5,,35662,2,,,1,45,,35782,2,,,1,5,,35753,2,,,1,5,,35645,2,,,1,5,,35721,2,,,1,5,,35796,2,,,1,5,,35689,2,,,1,5,,35704,2,,,1,5,,35738,2,,,1,5,,35765,2,,,1,5,,35746,2,,,1,5,,35637,2,,,1,5,,35671,2,,,1,45,,35663,2,,,1,5,,35783,2,,,1,5,,35754,2,,,1,5,,35646,2,,,1,5,,35722,2,,,1,5,,35797,2,,,1,5,,35690,2,,,1,5,,35705,2,,,1,5,,35739,2,,,1,5,,35766,2,,,1,5,,35747,2,,,1,5,,35638,2,,,1,45,,35672,2,,,1,5,,35664,2,,,1,5,,35784,2,,,1,5,,35755,2,,,1,5,,35647,2,,,1,5,,35723,2,,,1,5,,35798,2,,,1,5,,35691,2,,,1,5,,35706,2,,,1,5,,35740,2,,,1,5,,35767,2,,,1,5,,35748,2,,,1,45,,35639,2,,,1,5,,35673,2,,,1,5,,35665,2,,,1,5,,35785,2,,,1,5,,35756,2,,,1,5,,35648,2,,,1,10,,35724,2,,,1,10,,35692,2,,,1,10,,35707,2,,,1,50,,35768,2,,,1,10,,35674,2,,,1,10,,35786,2,,,1,10,,35649,2,,,1,10,,35725,2,,,1,10,,35693,2,,,1,50,,35708,2,,,1,10,,35769,2,,,1,10,,35675,2,,,1,10,,35787,2,,,1,10,,35650,2,,,1,10,,35726,2,,,1,50,,35694,2,,,1,10,,35709,2,,,1,10,,35770,2,,,1,10,,35676,2,,,1,10,,35788,2,,,1,10,,35651,2,,,1,50,,35727,2,,,1,10,,35695,2,,,1,10,,35710,2,,,1,10,,35771,2,,,1,10,,35677,2,,,1,10,,35789,2,,,1,50,,35652,2,,,1,10,,35728,2,,,1,10,,35696,2,,,1,10,,35711,2,,,1,10,,35772,2,,,1,10,,35678,2,,,1,50,,35790,2,,,1,10,,35653,2,,,1,10,,35729,2,,,1,10,,35697,2,,,1,10,,35712,2,,,1,10,,35773,2,,,1,50,,35679,2,,,1
18002301,'20260919-Saturday-1-26-09',517,,35860,2,,,1,10,,35877,2,,,1,10,,35894,2,,,1,10,,35799,2,,,1,10,,35816,2,,,1,50,,35833,2,,,1,10,,35844,2,,,1,10,,35861,2,,,1,10,,35878,2,,,1,10,,35895,2,,,1,10,,35800,2,,,1,50,,35817,2,,,1,10,,35834,2,,,1,10,,35845,2,,,1,10,,35862,2,,,1,10,,35879,2,,,1,10,,35896,2,,,1,50,,35801,2,,,1,10,,35818,2,,,1,10,,35835,2,,,1,10,,35846,2,,,1,10,,35863,2,,,1,10,,35880,2,,,1,50,,35897,2,,,1,10,,35802,2,,,1,10,,35819,2,,,1,10,,35836,2,,,1,10,,35847,2,,,1,10,,35864,2,,,1,50,,35881,2,,,1,10,,35898,2,,,1,10,,35803,2,,,1,10,,35820,2,,,1,10,,35837,2,,,1,10,,35848,2,,,1,50,,35865,2,,,1,10,,35882,2,,,1,10,,35899,2,,,1,10,,35804,2,,,1,10,,35821,2,,,1,10,,35838,2,,,1,50,,35849,2,,,1,10,,35866,2,,,1,10,,35883,2,,,1,10,,35900,2,,,1,10,,35805,2,,,1,10,,35822,2,,,1,50,,35839,2,,,1,10,,35850,2,,,1,10,,35867,2,,,1,10,,35884,2,,,1,10,,35901,2,,,1,10,,35806,2,,,1,50,,35823,2,,,1,10,,35840,2,,,1,10,,35851,2,,,1,10,,35868,2,,,1,10,,35885,2,,,1,10,,35902,2,,,1,50,,35807,2,,,1,10,,35824,2,,,1,10,,35841,2,,,1,10,,35852,2,,,1,10,,35869,2,,,1,10,,35886,2,,,1,50,,35903,2,,,1,10,,35808,2,,,1,10,,35825,2,,,1,10,,35842,2,,,1,10,,35853,2,,,1,10,,35870,2,,,1,50,,35887,2,,,1,10,,35904,2,,,1,10,,35809,2,,,1,10,,35826,2,,,1,10,,35843,2,,,1,10,,35854,2,,,1,50,,35871,2,,,1,10,,35888,2,,,1,10,,35905,2,,,1,10,,35810,2,,,1,15,,35827,2,,,1,55,,35855,2,,,1,15,,35872,2,,,1,15,,35889,2,,,1,15,,35811,2,,,1,55,,35828,2,,,1,15,,35856,2,,,1,15,,35873,2,,,1,15,,35890,2,,,1,55,,35812,2,,,1,15,,35829,2,,,1,15,,35857,2,,,1,15,,35874,2,,,1,55,,35891,2,,,1,15,,35813,2,,,1,15,,35830,2,,,1,15,,35858,2,,,1,55,,35875,2,,,1,15,,35892,2,,,1,15,,35814,2,,,1,15,,35831,2,,,1,55,,35859,2,,,1,15,,35876,2,,,1,15,,35893,2,,,1,15,,35815,2,,,1,55,,35832,2,,,1
