18002100,'021R-Weekday-1-26-09',529,,32280,8,,,1,12,,32281,8,,,1,12,,32282,8,,,1,52,,32283,8,,,1,12,,32284,8,,,1,12,,32285,8,,,1,12,,32286,8,,,1,6,,32287,8,,,1,6,,32288,8,,,1,6,,32289,8,,,1,46,,32290,8,,,1,6,,32291,8,,,1,6,,32292,8,,,1,6,,32293,8,,,1,6,,32294,8,,,1,6,,32295,8,,,1,6,,32296,8,,,1,6,,32297,8,,,1,6,,32298,8,,,1,6,,32299,8,,,1,46,,32300,8,,,1,6,,32301,8,,,1,6,,32302,8,,,1,6,,32303,8,,,1,6,,32304,8,,,1,6,,32305,8,,,1,6,,32306,8,,,1,6,,32307,8,,,1,6,,32308,8,,,1,6,,32309,8,,,1,46,,32310,8,,,1,6,,32311,8,,,1,6,,32312,8,,,1,6,,32313,8,,,1,6,,32314,8,,,1,6,,32315,8,,,1,6,,32316,8,,,1,6,,32317,8,,,1,6,,32318,8,,,1,6,,32319,8,,,1,50,,32320,8,,,1,10,,32321,8,,,1,10,,32322,8,,,1,10,,32323,8,,,1,10,,32324,8,,,1,10,,32325,8,,,1,50,,32326,8,,,1,10,,32327,8,,,1,10,,32328,8,,,1,10,,32329,8,,,1,10,,32330,8,,,1,10,,32331,8,,,1,50,,32332,8,,,1,10,,32333,8,,,1,10,,32334,8,,,1,10,,32335,8,,,1,10,,32336,8,,,1,10,,32337,8,,,1,50,,32338,8,,,1,10,,32339,8,,,1,10,,32340,8,,,1,10,,32341,8,,,1,10,,32342,8,,,1,10,,32343,8,,,1,50,,32344,8,,,1,10,,32345,8,,,1,10,,32346,8,,,1,10,,32347,8,,,1,10,,32348,8,,,1,10,,32349,8,,,1,46,,32350,8,,,1,6,,32351,8,,,1,6,,32352,8,,,1,6,,32353,8,,,1,6,,32354,8,,,1,6,,32355,8,,,1,6,,32356,8,,,1,6,,32357,8,,,1,6,,32358,8,,,1,6,,32359,8,,,1,46,,32360,8,,,1,6,,32361,8,,,1,6,,32362,8,,,1,6,,32363,8,,,1,6,,32364,8,,,1,6,,32365,8,,,1,6,,32366,8,,,1,6,,32367,8,,,1,6,,32368,8,,,1,6,,32369,8,,,1,46,,32370,8,,,1,6,,32371,8,,,1,6,,32372,8,,,1,6,,32373,8,,,1,6,,32374,8,,,1,6,,32375,8,,,1,6,,32376,8,,,1,6,,32377,8,,,1,6,,32378,8,,,1,6,,32379,8,,,1,46,,32380,8,,,1,6,,32381,8,,,1,6,,32382,8,,,1,6,,32383,8,,,1,6,,32384,8,,,1,6,,32385,8,,,1,6,,32386,8,,,1,6,,32387,8,,,1,6,,32388,8,,,1,6,,32389,8,,,1,46,,32390,8,,,1,9,,32415,8,,,1,15,,32391,8,,,1,15,,32392,8,,,1,15,,32393,8,,,1,55,,32394,8,,,1,15,,32395,8,,,1,15,,32396,8,,,1,15,,32397,8,,,1,55,,32398,8,,,1,15,,32399,8,,,1,15,,32400,8,,,1,15,,32401,8,,,1,55,,32402,8,,,1,15,,32403,8,,,1,15,,32404,8,,,1,15,,32405,8,,,1,55,,32406,8,,,1,15,,32407,8,,,1,15,,32408,8,,,1,15,,32409,8,,,1,55,,32410,8,,,1,15,,32411,8,,,1,15,,32412,8,,,1,15,,32413,8,,,1,55,,32414,8,,,1,15,,32416,8,,,1
18002100,'021R-Weekday-2-26-09',529,,32417,8,,,1,12,,32418,8,,,1,12,,32419,8,,,1,52,,32420,8,,,1,12,,32421,8,,,1,12,,32422,8,,,1,12,,32423,8,,,1,6,,32424,8,,,1,6,,32425,8,,,1,6,,32426,8,,,1,46,,32427,8,,,1,6,,32428,8,,,1,6,,32429,8,,,1,6,,32430,8,,,1,6,,32431,8,,,1,6,,32432,8,,,1,6,,32433,8,,,1,6,,32434,8,,,1,6,,32435,8,,,1,6,,32436,8,,,1,46,,32437,8,,,1,6,,32438,8,,,1,6,,32439,8,,,1,6,,32440,8,,,1,6,,32441,8,,,1,6,,32442,8,,,1,6,,32443,8,,,1,6,,32444,8,,,1,6,,32445,8,,,1,6,,32446,8,,,1,46,,32447,8,,,1,6,,32448,8,,,1,6,,32449,8,,,1,6,,32450,8,,,1,6,,32451,8,,,1,6,,32452,8,,,1,6,,32453,8,,,1,6,,32454,8,,,1,6,,32455,8,,,1,6,,32456,8,,,1,50,,32457,8,,,1,10,,32458,8,,,1,10,,32459,8,,,1,10,,32460,8,,,1,10,,32461,8,,,1,10,,32462,8,,,1,50,,32463,8,,,1,10,,32464,8,,,1,10,,32465,8,,,1,10,,32466,8,,,1,10,,32467,8,,,1,10,,32468,8,,,1,50,,32469,8,,,1,10,,32470,8,,,1,10,,32471,8,,,1,10,,32472,8,,,1,10,,32473,8,,,1,10,,32474,8,,,1,50,,32475,8,,,1,10,,32476,8,,,1,10,,32477,8,,,1,10,,32478,8,,,1,10,,32479,8,,,1,10,,32480,8,,,1,50,,32481,8,,,1,10,,32482,8,,,1,10,,32483,8,,,1,10,,32484,8,,,1,10,,32485,8,,,1,10,,32486,8,,,1,46,,32487,8,,,1,6,,32488,8,,,1,6,,32489,8,,,1,6,,32490,8,,,1,6,,32491,8,,,1,6,,32492,8,,,1,6,,32493,8,,,1,6,,32494,8,,,1,6,,32495,8,,,1,6,,32496,8,,,1,46,,32497,8,,,1,6,,32498,8,,,1,6,,32499,8,,,1,6,,32500,8,,,1,6,,32501,8,,,1,6,,32502,8,,,1,6,,32503,8,,,1,6,,32504,8,,,1,6,,32505,8,,,1,6,,32506,8,,,1,46,,32507,8,,,1,6,,32508,8,,,1,6,,32509,8,,,1,6,,32510,8,,,1,6,,32511,8,,,1,6,,32512,8,,,1,6,,32513,8,,,1,6,,32514,8,,,1,6,,32515,8,,,1,6,,32516,8,,,1,46,,32517,8,,,1,6,,32518,8,,,1,6,,32519,8,,,1,6,,32520,8,,,1,6,,32521,8,,,1,6,,32522,8,,,1,6,,32523,8,,,1,6,,32524,8,,,1,6,,32525,8,,,1,6,,32526,8,,,1,46,,32527,8,,,1,9,,32552,8,,,1,15,,32528,8,,,1,15,,32529,8,,,1,15,,32530,8,,,1,55,,32531,8,,,1,15,,32532,8,,,1,15,,32533,8,,,1,15,,32534,8,,,1,55,,32535,8,,,1,15,,32536,8,,,1,15,,32537,8,,,1,15,,32538,8,,,1,55,,32539,8,,,1,15,,32540,8,,,1,15,,32541,8,,,1,15,,32542,8,,,1,55,,32543,8,,,1,15,,32544,8,,,1,15,,32545,8,,,1,15,,32546,8,,,1,55,,32547,8,,,1,15,,32548,8,,,1,15,,32549,8,,,1,15,,32550,8,,,1,55,,32551,8,,,1,15,,32553,8,,,1
18002100,'021R-Weekday-3-26-09',529,,35906,8,,,1,12,,35907,8,,,1,12,,35908,8,,,1,52,,35909,8,,,1,12,,35910,8,,,1,12,,35911,8,,,1,12,,35912,8,,,1,6,,35913,8,,,1,6,,35914,8,,,1,6,,35915,8,,,1,46,,35916,8,,,1,6,,35917,8,,,1,6,,35918,8,,,1,6,,35919,8,,,1,6,,35920,8,,,1,6,,35921,8,,,1,6,,35922,8,,,1,6,,35923,8,,,1,6,,35924,8,,,1,6,,35925,8,,,1,46,,35926,8,,,1,6,,35927,8,,,1,6,,35928,8,,,1,6,,35929,8,,,1,6,,35930,8,,,1,6,,35931,8,,,1,6,,35932,8,,,1,6,,35933,8,,,1,6,,35934,8,,,1,6,,35935,8,,,1,46,,35936,8,,,1,6,,35937,8,,,1,6,,35938,8,,,1,6,,35939,8,,,1,6,,35940,8,,,1,6,,35941,8,,,1,6,,35942,8,,,1,6,,35943,8,,,1,6,,35944,8,,,1,6,,35945,8,,,1,50,,35946,8,,,1,10,,35947,8,,,1,10,,35948,8,,,1,10,,35949,8,,,1,10,,35950,8,,,1,10,,35951,8,,,1,50,,35952,8,,,1,10,,35953,8,,,1,10,,35954,8,,,1,10,,35955,8,,,1,10,,35956,8,,,1,10,,35957,8,,,1,50,,35958,8,,,1,10,,35959,8,,,1,10,,35960,8,,,1,10,,35961,8,,,1,10,,35962,8,,,1,10,,35963,8,,,1,50,,35964,8,,,1,10,,35965,8,,,1,10,,35966,8,,,1,10,,35967,8,,,1,10,,35968,8,,,1,10,,35969,8,,,1,50,,35970,8,,,1,10,,35971,8,,,1,10,,35972,8,,,1,10,,35973,8,,,1,10,,35974,8,,,1,10,,35975,8,,,1,46,,35976,8,,,1,6,,35977,8,,,1,6,,35978,8,,,1,6,,35979,8,,,1,6,,35980,8,,,1,6,,35981,8,,,1,6,,35982,8,,,1,6,,35983,8,,,1,6,,35984,8,,,1,6,,35985,8,,,1,46,,35986,8,,,1,6,,35987,8,,,1,6,,35988,8,,,1,6,,35989,8,,,1,6,,35990,8,,,1,6,,35991,8,,,1,6,,35992,8,,,1,6,,35993,8,,,1,6,,35994,8,,,1,6,,35995,8,,,1,46,,35996,8,,,1,6,,35997,8,,,1,6,,35998,8,,,1,6,,35999,8,,,1,6,,36000,8,,,1,6,,36001,8,,,1,6,,36002,8,,,1,6,,36003,8,,,1,6,,36004,8,,,1,6,,36005,8,,,1,46,,36006,8,,,1,6,,36007,8,,,1,6,,36008,8,,,1,6,,36009,8,,,1,6,,36010,8,,,1,6,,36011,8,,,1,6,,36012,8,,,1,6,,36013,8,,,1,6,,36014,8,,,1,6,,36015,8,,,1,46,,36016,8,,,1,9,,36041,8,,,1,15,,36017,8,,,1,15,,36018,8,,,1,15,,36019,8,,,1,55,,36020,8,,,1,15,,36021,8,,,1,15,,36022,8,,,1,15,,36023,8,,,1,55,,36024,8,,,1,15,,36025,8,,,1,15,,36026,8,,,1,15,,36027,8,,,1,55,,36028,8,,,1,15,,36029,8,,,1,15,,36030,8,,,1,15,,36031,8,,,1,55,,36032,8,,,1,15,,36033,8,,,1,15,,36034,8,,,1,15,,36035,8,,,1,55,,36036,8,,,1,15,,36037,8,,,1,15,,36038,8,,,1,15,,36039,8,,,1,55,,36040,8,,,1,15,,36042,8,,,1
18002100,'021R-Weekday-4-26-09',529,,32554,8,,,1,12,,32555,8,,,1,12,,32556,8,,,1,52,,32557,8,,,1,12,,32558,8,,,1,12,,32559,8,,,1,12,,32560,8,,,1,6,,32561,8,,,1,6,,32562,8,,,1,6,,32563,8,,,1,46,,32564,8,,,1,6,,32565,8,,,1,6,,32566,8,,,1,6,,32567,8,,,1,6,,32568,8,,,1,6,,32569,8,,,1,6,,32570,8,,,1,6,,32571,8,,,1,6,,32572,8,,,1,6,,32573,8,,,1,46,,32574,8,,,1,6,,32575,8,,,1,6,,32576,8,,,1,6,,32577,8,,,1,6,,32578,8,,,1,6,,32579,8,,,1,6,,32580,8,,,1,6,,32581,8,,,1,6,,32582,8,,,1,6,,32583,8,,,1,46,,32584,8,,,1,6,,32585,8,,,1,6,,32586,8,,,1,6,,32587,8,,,1,6,,32588,8,,,1,6,,32589,8,,,1,6,,32590,8,,,1,6,,32591,8,,,1,6,,32592,8,,,1,6,,32593,8,,,1,50,,32594,8,,,1,10,,32595,8,,,1,10,,32596,8,,,1,10,,32597,8,,,1,10,,32598,8,,,1,10,,32599,8,,,1,50,,32600,8,,,1,10,,32601,8,,,1,10,,32602,8,,,1,10,,32603,8,,,1,10,,32604,8,,,1,10,,32605,8,,,1,50,,32606,8,,,1,10,,32607,8,,,1,10,,32608,8,,,1,10,,32609,8,,,1,10,,32610,8,,,1,10,,32611,8,,,1,50,,32612,8,,,1,10,,32613,8,,,1,10,,32614,8,,,1,10,,32615,8,,,1,10,,32616,8,,,1,10,,32617,8,,,1,50,,32618,8,,,1,10,,32619,8,,,1,10,,32620,8,,,1,10,,32621,8,,,1,10,,32622,8,,,1,10,,32623,8,,,1,46,,32624,8,,,1,6,,32625,8,,,1,6,,32626,8,,,1,6,,32627,8,,,1,6,,32628,8,,,1,6,,32629,8,,,1,6,,32630,8,,,1,6,,32631,8,,,1,6,,32632,8,,,1,6,,32633,8,,,1,46,,32634,8,,,1,6,,32635,8,,,1,6,,32636,8,,,1,6,,32637,8,,,1,6,,32638,8,,,1,6,,32639,8,,,1,6,,32640,8,,,1,6,,32641,8,,,1,6,,32642,8,,,1,6,,32643,8,,,1,46,,32644,8,,,1,6,,32645,8,,,1,6,,32646,8,,,1,6,,32647,8,,,1,6,,32648,8,,,1,6,,32649,8,,,1,6,,32650,8,,,1,6,,32651,8,,,1,6,,32652,8,,,1,6,,32653,8,,,1,46,,32654,8,,,1,6,,32655,8,,,1,6,,32656,8,,,1,6,,32657,8,,,1,6,,32658,8,,,1,6,,32659,8,,,1,6,,32660,8,,,1,6,,32661,8,,,1,6,,32662,8,,,1,6,,32663,8,,,1,46,,32664,8,,,1,9,,32689,8,,,1,15,,32665,8,,,1,15,,32666,8,,,1,15,,32667,8,,,1,55,,32668,8,,,1,15,,32669,8,,,1,15,,32670,8,,,1,15,,32671,8,,,1,55,,32672,8,,,1,15,,32673,8,,,1,15,,32674,8,,,1,15,,32675,8,,,1,55,,32676,8,,,1,15,,32677,8,,,1,15,,32678,8,,,1,15,,32679,8,,,1,55,,32680,8,,,1,15,,32681,8,,,1,15,,32682,8,,,1,15,,32683,8,,,1,55,,32684,8,,,1,15,,32685,8,,,1,15,,32686,8,,,1,15,,32687,8,,,1,55,,32688,8,,,1,15,,32690,8,,,1
18002100,'021R-Weekday-5-26-09',529,,36043,8,,,1,12,,36044,8,,,1,12,,36045,8,,,1,52,,36046,8,,,1,12,,36047,8,,,1,12,,36048,8,,,1,12,,36049,8,,,1,6,,36050,8,,,1,6,,36051,8,,,1,6,,36052,8,,,1,46,,36053,8,,,1,6,,36054,8,,,1,6,,36055,8,,,1,6,,36056,8,,,1,6,,36057,8,,,1,6,,36058,8,,,1,6,,36059,8,,,1,6,,36060,8,,,1,6,,36061,8,,,1,6,,36062,8,,,1,46,,36063,8,,,1,6,,36064,8,,,1,6,,36065,8,,,1,6,,36066,8,,,1,6,,36067,8,,,1,6,,36068,8,,,1,6,,36069,8,,,1,6,,36070,8,,,1,6,,36071,8,,,1,6,,36072,8,,,1,46,,36073,8,,,1,6,,36074,8,,,1,6,,36075,8,,,1,6,,36076,8,,,1,6,,36077,8,,,1,6,,36078,8,,,1,6,,36079,8,,,1,6,,36080,8,,,1,6,,36081,8,,,1,6,,36082,8,,,1,50,,36083,8,,,1,10,,36084,8,,,1,10,,36085,8,,,1,10,,36086,8,,,1,10,,36087,8,,,1,10,,36088,8,,,1,50,,36089,8,,,1,10,,36090,8,,,1,10,,36091,8,,,1,10,,36092,8,,,1,10,,36093,8,,,1,10,,36094,8,,,1,50,,36095,8,,,1,10,,36096,8,,,1,10,,36097,8,,,1,10,,36098,8,,,1,10,,36099,8,,,1,10,,36100,8,,,1,50,,36101,8,,,1,10,,36102,8,,,1,10,,36103,8,,,1,10,,36104,8,,,1,10,,36105,8,,,1,10,,36106,8,,,1,50,,36107,8,,,1,10,,36108,8,,,1,10,,36109,8,,,1,10,,36110,8,,,1,10,,36111,8,,,1,10,,36112,8,,,1,46,,36113,8,,,1,6,,36114,8,,,1,6,,36115,8,,,1,6,,36116,8,,,1,6,,36117,8,,,1,6,,36118,8,,,1,6,,36119,8,,,1,6,,36120,8,,,1,6,,36121,8,,,1,6,,36122,8,,,1,46,,36123,8,,,1,6,,36124,8,,,1,6,,36125,8,,,1,6,,36126,8,,,1,6,,36127,8,,,1,6,,36128,8,,,1,6,,36129,8,,,1,6,,36130,8,,,1,6,,36131,8,,,1,6,,36132,8,,,1,46,,36133,8,,,1,6,,36134,8,,,1,6,,36135,8,,,1,6,,36136,8,,,1,6,,36137,8,,,1,6,,36138,8,,,1,6,,36139,8,,,1,6,,36140,8,,,1,6,,36141,8,,,1,6,,36142,8,,,1,46,,36143,8,,,1,6,,36144,8,,,1,6,,36145,8,,,1,6,,36146,8,,,1,6,,36147,8,,,1,6,,36148,8,,,1,6,,36149,8,,,1,6,,36150,8,,,1,6,,36151,8,,,1,6,,36152,8,,,1,46,,36153,8,,,1,9,,36178,8,,,1,15,,36154,8,,,1,15,,36155,8,,,1,15,,36156,8,,,1,55,,36157,8,,,1,15,,36158,8,,,1,15,,36159,8,,,1,15,,36160,8,,,1,55,,36161,8,,,1,15,,36162,8,,,1,15,,36163,8,,,1,15,,36164,8,,,1,55,,36165,8,,,1,15,,36166,8,,,1,15,,36167,8,,,1,15,,36168,8,,,1,55,,36169,8,,,1,15,,36170,8,,,1,15,,36171,8,,,1,15,,36172,8,,,1,55,,36173,8,,,1,15,,36174,8,,,1,15,,36175,8,,,1,15,,36176,8,,,1,55,,36177,8,,,1,15,,36179,8,,,1
18002100,'021R-Weekday-6-26-09',529,,36180,8,,,1,12,,36181,8,,,1,12,,36182,8,,,1,52,,36183,8,,,1,12,,36184,8,,,1,12,,36185,8,,,1,12,,36186,8,,,1,6,,36187,8,,,1,6,,36188,8,,,1,6,,36189,8,,,1,46,,36190,8,,,1,6,,36191,8,,,1,6,,36192,8,,,1,6,,36193,8,,,1,6,,36194,8,,,1,6,,36195,8,,,1,6,,36196,8,,,1,6,,36197,8,,,1,6,,36198,8,,,1,6,,36199,8,,,1,46,,36200,8,,,1,6,,36201,8,,,1,6,,36202,8,,,1,6,,36203,8,,,1,6,,36204,8,,,1,6,,36205,8,,,1,6,,36206,8,,,1,6,,36207,8,,,1,6,,36208,8,,,1,6,,36209,8,,,1,46,,36210,8,,,1,6,,36211,8,,,1,6,,36212,8,,,1,6,,36213,8,,,1,6,,36214,8,,,1,6,,36215,8,,,1,6,,36216,8,,,1,6,,36217,8,,,1,6,,36218,8,,,1,6,,36219,8,,,1,50,,36220,8,,,1,10,,36221,8,,,1,10,,36222,8,,,1,10,,36223,8,,,1,10,,36224,8,,,1,10,,36225,8,,,1,50,,36226,8,,,1,10,,36227,8,,,1,10,,36228,8,,,1,10,,36229,8,,,1,10,,36230,8,,,1,10,,36231,8,,,1,50,,36232,8,,,1,10,,36233,8,,,1,10,,36234,8,,,1,10,,36235,8,,,1,10,,36236,8,,,1,10,,36237,8,,,1,50,,36238,8,,,1,10,,36239,8,,,1,10,,36240,8,,,1,10,,36241,8,,,1,10,,36242,8,,,1,10,,36243,8,,,1,50,,36244,8,,,1,10,,36245,8,,,1,10,,36246,8,,,1,10,,36247,8,,,1,10,,36248,8,,,1,10,,36249,8,,,1,46,,36250,8,,,1,6,,36251,8,,,1,6,,36252,8,,,1,6,,36253,8,,,1,6,,36254,8,,,1,6,,36255,8,,,1,6,,36256,8,,,1,6,,36257,8,,,1,6,,36258,8,,,1,6,,36259,8,,,1,46,,36260,8,,,1,6,,36261,8,,,1,6,,36262,8,,,1,6,,36263,8,,,1,6,,36264,8,,,1,6,,36265,8,,,1,6,,36266,8,,,1,6,,36267,8,,,1,6,,36268,8,,,1,6,,36269,8,,,1,46,,36270,8,,,1,6,,36271,8,,,1,6,,36272,8,,,1,6,,36273,8,,,1,6,,36274,8,,,1,6,,36275,8,,,1,6,,36276,8,,,1,6,,36277,8,,,1,6,,36278,8,,,1,6,,36279,8,,,1,46,,36280,8,,,1,6,,36281,8,,,1,6,,36282,8,,,1,6,,36283,8,,,1,6,,36284,8,,,1,6,,36285,8,,,1,6,,36286,8,,,1,6,,36287,8,,,1,6,,36288,8,,,1,6,,36289,8,,,1,46,,36290,8,,,1,9,,36315,8,,,1,15,,36291,8,,,1,15,,36292,8,,,1,15,,36293,8,,,1,55,,36294,8,,,1,15,,36295,8,,,1,15,,36296,8,,,1,15,,36297,8,,,1,55,,36298,8,,,1,15,,36299,8,,,1,15,,36300,8,,,1,15,,36301,8,,,1,55,,36302,8,,,1,15,,36303,8,,,1,15,,36304,8,,,1,15,,36305,8,,,1,55,,36306,8,,,1,15,,36307,8,,,1,15,,36308,8,,,1,15,,36309,8,,,1,55,,36310,8,,,1,15,,36311,8,,,1,15,,36312,8,,,1,15,,36313,8,,,1,55,,36314,8,,,1,15,,36316,8,,,1
18002100,'021R-Weekday-7-26-09',529,,36317,8,,,1,12,,36318,8,,,1,12,,36319,8,,,1,52,,36320,8,,,1,12,,36321,8,,,1,12,,36322,8,,,1,12,,36323,8,,,1,6,,36324,8,,,1,6,,36325,8,,,1,6,,36326,8,,,1,46,,36327,8,,,1,6,,36328,8,,,1,6,,36329,8,,,1,6,,36330,8,,,1,6,,36331,8,,,1,6,,36332,8,,,1,6,,36333,8,,,1,6,,36334,8,,,1,6,,36335,8,,,1,6,,36336,8,,,1,46,,36337,8,,,1,6,,36338,8,,,1,6,,36339,8,,,1,6,,36340,8,,,1,6,,36341,8,,,1,6,,36342,8,,,1,6,,36343,8,,,1,6,,36344,8,,,1,6,,36345,8,,,1,6,,36346,8,,,1,46,,36347,8,,,1,6,,36348,8,,,1,6,,36349,8,,,1,6,,36350,8,,,1,6,,36351,8,,,1,6,,36352,8,,,1,6,,36353,8,,,1,6,,36354,8,,,1,6,,36355,8,,,1,6,,36356,8,,,1,50,,36357,8,,,1,10,,36358,8,,,1,10,,36359,8,,,1,10,,36360,8,,,1,10,,36361,8,,,1,10,,36362,8,,,1,50,,36363,8,,,1,10,,36364,8,,,1,10,,36365,8,,,1,10,,36366,8,,,1,10,,36367,8,,,1,10,,36368,8,,,1,50,,36369,8,,,1,10,,36370,8,,,1,10,,36371,8,,,1,10,,36372,8,,,1,10,,36373,8,,,1,10,,36374,8,,,1,50,,36375,8,,,1,10,,36376,8,,,1,10,,36377,8,,,1,10,,36378,8,,,1,10,,36379,8,,,1,10,,36380,8,,,1,50,,36381,8,,,1,10,,36382,8,,,1,10,,36383,8,,,1,10,,36384,8,,,1,10,,36385,8,,,1,10,,36386,8,,,1,46,,36387,8,,,1,6,,36388,8,,,1,6,,36389,8,,,1,6,,36390,8,,,1,6,,36391,8,,,1,6,,36392,8,,,1,6,,36393,8,,,1,6,,36394,8,,,1,6,,36395,8,,,1,6,,36396,8,,,1,46,,36397,8,,,1,6,,36398,8,,,1,6,,36399,8,,,1,6,,36400,8,,,1,6,,36401,8,,,1,6,,36402,8,,,1,6,,36403,8,,,1,6,,36404,8,,,1,6,,36405,8,,,1,6,,36406,8,,,1,46,,36407,8,,,1,6,,36408,8,,,1,6,,36409,8,,,1,6,,36410,8,,,1,6,,36411,8,,,1,6,,36412,8,,,1,6,,36413,8,,,1,6,,36414,8,,,1,6,,36415,8,,,1,6,,36416,8,,,1,46,,36417,8,,,1,6,,36418,8,,,1,6,,36419,8,,,1,6,,36420,8,,,1,6,,36421,8,,,1,6,,36422,8,,,1,6,,36423,8,,,1,6,,36424,8,,,1,6,,36425,8,,,1,6,,36426,8,,,1,46,,36427,8,,,1,9,,36452,8,,,1,15,,36428,8,,,1,15,,36429,8,,,1,15,,36430,8,,,1,55,,36431,8,,,1,15,,36432,8,,,1,15,,36433,8,,,1,15,,36434,8,,,1,55,,36435,8,,,1,15,,36436,8,,,1,15,,36437,8,,,1,15,,36438,8,,,1,55,,36439,8,,,1,15,,36440,8,,,1,15,,36441,8,,,1,15,,36442,8,,,1,55,,36443,8,,,1,15,,36444,8,,,1,15,,36445,8,,,1,15,,36446,8,,,1,55,,36447,8,,,1,15,,36448,8,,,1,15,,36449,8,,,1,15,,36450,8,,,1,55,,36451,8,,,1,15,,36453,8,,,1
18002100,'021R-Saturday-1-26-09',529,,32691,8,,,1,15,,32692,8,,,1,15,,32693,8,,,1,55,,32694,8,,,1,15,,32695,8,,,1,15,,32696,8,,,1,15,,32697,8,,,1,55,,32698,8,,,1,15,,32699,8,,,1,15,,32700,8,,,1,15,,32701,8,,,1,55,,32702,8,,,1,15,,32703,8,,,1,15,,32704,8,,,1,15,,32705,8,,,1,55,,32706,8,,,1,15,,32707,8,,,1,15,,32708,8,,,1,15,,32709,8,,,1,55,,32710,8,,,1,15,,32711,8,,,1,15,,32712,8,,,1,15,,32713,8,,,1,55,,32714,8,,,1,15,,32715,8,,,1,15,,32716,8,,,1,15,,32717,8,,,1,55,,32718,8,,,1,15,,32719,8,,,1,15,,32720,8,,,1,15,,32721,8,,,1,55,,32722,8,,,1,15,,32723,8,,,1,15,,32724,8,,,1,15,,32725,8,,,1,55,,32726,8,,,1,15,,32727,8,,,1,15,,32728,8,,,1,15,,32729,8,,,1,55,,32730,8,,,1,15,,32731,8,,,1,15,,32732,8,,,1,15,,32733,8,,,1,55,,32734,8,,,1,15,,32735,8,,,1,15,,32736,8,,,1,15,,32737,8,,,1,55,,32738,8,,,1,15,,32739,8,,,1,15,,32740,8,,,1,15,,32741,8,,,1,55,,32742,8,,,1,15,,32743,8,,,1,15,,32744,8,,,1,15,,32745,8,,,1,55,,32746,8,,,1,15,,32747,8,,,1,15,,32748,8,,,1,15,,32749,8,,,1,55,,32750,8,,,1,15,,32751,8,,,1,15,,32752,8,,,1,15,,32753,8,,,1,55,,32754,8,,,1,15,,32755,8,,,1,15,,32756,8,,,1,15,,32757,8,,,1,55,,32758,8,,,1,15,,32759,8,,,1,15,,32760,8,,,1,15,,32761,8,,,1,55,,32762,8,,,1,15,,32763,8,,,1,15,,32764,8,,,1,15,,32765,8,,,1,55,,32766,8,,,1,15,,32767,8,,,1,15,,32768,8,,,1,15,,32769,8,,,1,55,,32770,8,,,1,15,,32771,8,,,1
18002100,'021R-Saturday-2-26-09',529,,36454,8,,,1,15,,36455,8,,,1,15,,36456,8,,,1,55,,36457,8,,,1,15,,36458,8,,,1,15,,36459,8,,,1,15,,36460,8,,,1,55,,36461,8,,,1,15,,36462,8,,,1,15,,36463,8,,,1,15,,36464,8,,,1,55,,36465,8,,,1,15,,36466,8,,,1,15,,36467,8,,,1,15,,36468,8,,,1,55,,36469,8,,,1,15,,36470,8,,,1,15,,36471,8,,,1,15,,36472,8,,,1,55,,36473,8,,,1,15,,36474,8,,,1,15,,36475,8,,,1,15,,36476,8,,,1,55,,36477,8,,,1,15,,36478,8,,,1,15,,36479,8,,,1,15,,36480,8,,,1,55,,36481,8,,,1,15,,36482,8,,,1,15,,36483,8,,,1,15,,36484,8,,,1,55,,36485,8,,,1,15,,36486,8,,,1,15,,36487,8,,,1,15,,36488,8,,,1,55,,36489,8,,,1,15,,36490,8,,,1,15,,36491,8,,,1,15,,36492,8,,,1,55,,36493,8,,,1,15,,36494,8,,,1,15,,36495,8,,,1,15,,36496,8,,,1,55,,36497,8,,,1,15,,36498,8,,,1,15,,36499,8,,,1,15,,36500,8,,,1,55,,36501,8,,,1,15,,36502,8,,,1,15,,36503,8,,,1,15,,36504,8,,,1,55,,36505,8,,,1,15,,36506,8,,,1,15,,36507,8,,,1,15,,36508,8,,,1,55,,36509,8,,,1,15,,36510,8,,,1,15,,36511,8,,,1,15,,36512,8,,,1,55,,36513,8,,,1,15,,36514,8,,,1,15,,36515,8,,,1,15,,36516,8,,,1,55,,36517,8,,,1,15,,36518,8,,,1,15,,36519,8,,,1,15,,36520,8,,,1,55,,36521,8,,,1,15,,36522,8,,,1,15,,36523,8,,,1,15,,36524,8,,,1,55,,36525,8,,,1,15,,36526,8,,,1,15,,36527,8,,,1,15,,36528,8,,,1,55,,36529,8,,,1,15,,36530,8,,,1,15,,36531,8,,,1,15,,36532,8,,,1,55,,36533,8,,,1,15,,36534,8,,,1
18002100,'021R-Sunday-1-26-09',559,,32772,8,,,1,55,,32773,8,,,1,15,,32774,8,,,1,15,,32775,8,,,1,15,,32776,8,,,1,55,,32777,8,,,1,15,,32778,8,,,1,15,,32779,8,,,1,15,,32780,8,,,1,55,,32781,8,,,1,15,,32782,8,,,1,15,,32783,8,,,1,15,,32784,8,,,1,55,,32785,8,,,1,15,,32786,8,,,1,15,,32787,8,,,1,15,,32788,8,,,1,55,,32789,8,,,1,15,,32790,8,,,1,15,,32791,8,,,1,15,,32792,8,,,1,55,,32793,8,,,1,15,,32794,8,,,1,15,,32795,8,,,1,15,,32796,8,,,1,55,,32797,8,,,1,15,,32798,8,,,1,15,,32799,8,,,1,15,,32800,8,,,1,55,,32801,8,,,1,15,,32802,8,,,1,15,,32803,8,,,1,15,,32804,8,,,1,55,,32805,8,,,1,15,,32806,8,,,1,15,,32807,8,,,1,15,,32808,8,,,1,55,,32809,8,,,1,15,,32810,8,,,1,15,,32811,8,,,1,15,,32812,8,,,1,55,,32813,8,,,1,15,,32814,8,,,1,15,,32815,8,,,1,15,,32816,8,,,1,55,,32817,8,,,1,15,,32818,8,,,1,15,,32819,8,,,1,15,,32820,8,,,1,55,,32821,8,,,1,15,,32822,8,,,1,15,,32823,8,,,1,15,,32824,8,,,1,55,,32825,8,,,1,15,,32826,8,,,1,15,,32827,8,,,1,15,,32828,8,,,1,55,,32829,8,,,1,15,,32830,8,,,1,15,,32831,8,,,1,15,,32832,8,,,1,55,,32833,8,,,1,15,,32834,8,,,1,15,,32835,8,,,1,15,,32836,8,,,1,55,,32837,8,,,1,15,,32838,8,,,1,15,,32839,8,,,1,15,,32840,8,,,1,55,,32841,8,,,1,15,,32842,8,,,1,15,,32843,8,,,1,15,,32844,8,,,1,55,,32845,8,,,1,15,,32846,8,,,1,15,,32847,8,,,1,15,,32848,8,,,1
18002100,'021R-Sunday-2-26-09',559,,36535,8,,,1,55,,36536,8,,,1,15,,36537,8,,,1,15,,36538,8,,,1,15,,36539,8,,,1,55,,36540,8,,,1,15,,36541,8,,,1,15,,36542,8,,,1,15,,36543,8,,,1,55,,36544,8,,,1,15,,36545,8,,,1,15,,36546,8,,,1,15,,36547,8,,,1,55,,36548,8,,,1,15,,36549,8,,,1,15,,36550,8,,,1,15,,36551,8,,,1,55,,36552,8,,,1,15,,36553,8,,,1,15,,36554,8,,,1,15,,36555,8,,,1,55,,36556,8,,,1,15,,36557,8,,,1,15,,36558,8,,,1,15,,36559,8,,,1,55,,36560,8,,,1,15,,36561,8,,,1,15,,36562,8,,,1,15,,36563,8,,,1,55,,36564,8,,,1,15,,36565,8,,,1,15,,36566,8,,,1,15,,36567,8,,,1,55,,36568,8,,,1,15,,36569,8,,,1,15,,36570,8,,,1,15,,36571,8,,,1,55,,36572,8,,,1,15,,36573,8,,,1,15,,36574,8,,,1,15,,36575,8,,,1,55,,36576,8,,,1,15,,36577,8,,,1,15,,36578,8,,,1,15,,36579,8,,,1,55,,36580,8,,,1,15,,36581,8,,,1,15,,36582,8,,,1,15,,36583,8,,,1,55,,36584,8,,,1,15,,36585,8,,,1,15,,36586,8,,,1,15,,36587,8,,,1,55,,36588,8,,,1,15,,36589,8,,,1,15,,36590,8,,,1,15,,36591,8,,,1,55,,36592,8,,,1,15,,36593,8,,,1,15,,36594,8,,,1,15,,36595,8,,,1,55,,36596,8,,,1,15,,36597,8,,,1,15,,36598,8,,,1,15,,36599,8,,,1,55,,36600,8,,,1,15,,36601,8,,,1,15,,36602,8,,,1,15,,36603,8,,,1,55,,36604,8,,,1,15,,36605,8,,,1,15,,36606,8,,,1,15,,36607,8,,,1,55,,36608,8,,,1,15,,36609,8,,,1,15,,36610,8,,,1,15,,36611,8,,,1
18002100,'021R-Sunday-4-26-09',559,,36612,8,,,1,55,,36613,8,,,1,15,,36614,8,,,1,15,,36615,8,,,1,15,,36616,8,,,1,55,,36617,8,,,1,15,,36618,8,,,1,15,,36619,8,,,1,15,,36620,8,,,1,55,,36621,8,,,1,15,,36622,8,,,1,15,,36623,8,,,1,15,,36624,8,,,1,55,,36625,8,,,1,15,,36626,8,,,1,15,,36627,8,,,1,15,,36628,8,,,1,55,,36629,8,,,1,15,,36630,8,,,1,15,,36631,8,,,1,15,,36632,8,,,1,55,,36633,8,,,1,15,,36634,8,,,1,15,,36635,8,,,1,15,,36636,8,,,1,55,,36637,8,,,1,15,,36638,8,,,1,15,,36639,8,,,1,15,,36640,8,,,1,55,,36641,8,,,1,15,,36642,8,,,1,15,,36643,8,,,1,15,,36644,8,,,1,55,,36645,8,,,1,15,,36646,8,,,1,15,,36647,8,,,1,15,,36648,8,,,1,55,,36649,8,,,1,15,,36650,8,,,1,15,,36651,8,,,1,15,,36652,8,,,1,55,,36653,8,,,1,15,,36654,8,,,1,15,,36655,8,,,1,15,,36656,8,,,1,55,,36657,8,,,1,15,,36658,8,,,1,15,,36659,8,,,1,15,,36660,8,,,1,55,,36661,8,,,1,15,,36662,8,,,1,15,,36663,8,,,1,15,,36664,8,,,1,55,,36665,8,,,1,15,,36666,8,,,1,15,,36667,8,,,1,15,,36668,8,,,1,55,,36669,8,,,1,15,,36670,8,,,1,15,,36671,8,,,1,15,,36672,8,,,1,55,,36673,8,,,1,15,,36674,8,,,1,15,,36675,8,,,1,15,,36676,8,,,1,55,,36677,8,,,1,15,,36678,8,,,1,15,,36679,8,,,1,15,,36680,8,,,1,55,,36681,8,,,1,15,,36682,8,,,1,15,,36683,8,,,1,15,,36684,8,,,1,55,,36685,8,,,1,15,,36686,8,,,1,15,,36687,8,,,1,15,,36688,8,,,1
18002200,'022R-Weekday-1-26-09',532,,33412,5,,,1,12,,33413,5,,,1,12,,33414,5,,,1,52,,33415,5,,,1,12,,33416,5,,,1,12,,33417,5,,,1,12,,33418,5,,,1,12,,33419,5,,,1,52,,33420,5,,,1,12,,33421,5,,,1,12,,33422,5,,,1,12,,33453,5,,,1,12,,33454,5,,,1,52,,33455,5,,,1,12,,33456,5,,,1,12,,33457,5,,,1,12,,33458,5,,,1,12,,33459,5,,,1,52,,33426,5,,,1,12,,33427,5,,,1,12,,33428,5,,,1,12,,33429,5,,,1,58,,33460,5,,,1,15,,33461,5,,,1,15,,33462,5,,,1,15,,33463,5,,,1,55,,33430,5,,,1,15,,33431,5,,,1,15,,33432,5,,,1,15,,33433,5,,,1,55,,33434,5,,,1,15,,33435,5,,,1,15,,33436,5,,,1,15,,33437,5,,,1,55,,33438,5,,,1,15,,33439,5,,,1,15,,33440,5,,,1,15,,33441,5,,,1,55,,33423,5,,,1,15,,33424,5,,,1,15,,33425,5,,,1,12,,33486,5,,,1,12,,33487,5,,,1,52,,33488,5,,,1,12,,33489,5,,,1,12,,33490,5,,,1,12,,33491,5,,,1,12,,33492,5,,,1,52,,33493,5,,,1,12,,33494,5,,,1,12,,33495,5,,,1,12,,33442,5,,,1,12,,33443,5,,,1,52,,33444,5,,,1,12,,33445,5,,,1,12,,33446,5,,,1,12,,33447,5,,,1,12,,33448,5,,,1,52,,33449,5,,,1,12,,33450,5,,,1,12,,33451,5,,,1,12,,33452,5,,,1,59,,33464,5,,,1,15,,33465,5,,,1,15,,33466,5,,,1,15,,33467,5,,,1,55,,33468,5,,,1,15,,33469,5,,,1,15,,33470,5,,,1,15,,33471,5,,,1,55,,33472,5,,,1,15,,33473,5,,,1,15,,33474,5,,,1,15,,33475,5,,,1,55,,33476,5,,,1,15,,33477,5,,,1,15,,33478,5,,,1,15,,33479,5,,,1,55,,33480,5,,,1,15,,33481,5,,,1,15,,33482,5,,,1,15,,33483,5,,,1,55,,33484,5,,,1,15,,33485,5,,,1,15,,33411,5,,,1
18002200,'022R-Weekday-2-26-09',532,,33497,5,,,1,12,,33498,5,,,1,12,,33499,5,,,1,52,,33500,5,,,1,12,,33501,5,,,1,12,,33502,5,,,1,12,,33503,5,,,1,12,,33504,5,,,1,52,,33505,5,,,1,12,,33506,5,,,1,12,,33507,5,,,1,12,,33538,5,,,1,12,,33539,5,,,1,52,,33540,5,,,1,12,,33541,5,,,1,12,,33542,5,,,1,12,,33543,5,,,1,12,,33544,5,,,1,52,,33511,5,,,1,12,,33512,5,,,1,12,,33513,5,,,1,12,,33514,5,,,1,58,,33545,5,,,1,15,,33546,5,,,1,15,,33547,5,,,1,15,,33548,5,,,1,55,,33515,5,,,1,15,,33516,5,,,1,15,,33517,5,,,1,15,,33518,5,,,1,55,,33519,5,,,1,15,,33520,5,,,1,15,,33521,5,,,1,15,,33522,5,,,1,55,,33523,5,,,1,15,,33524,5,,,1,15,,33525,5,,,1,15,,33526,5,,,1,55,,33508,5,,,1,15,,33509,5,,,1,15,,33510,5,,,1,12,,33571,5,,,1,12,,33572,5,,,1,52,,33573,5,,,1,12,,33574,5,,,1,12,,33575,5,,,1,12,,33576,5,,,1,12,,33577,5,,,1,52,,33578,5,,,1,12,,33579,5,,,1,12,,33580,5,,,1,12,,33527,5,,,1,12,,33528,5,,,1,52,,33529,5,,,1,12,,33530,5,,,1,12,,33531,5,,,1,12,,33532,5,,,1,12,,33533,5,,,1,52,,33534,5,,,1,12,,33535,5,,,1,12,,33536,5,,,1,12,,33537,5,,,1,59,,33549,5,,,1,15,,33550,5,,,1,15,,33551,5,,,1,15,,33552,5,,,1,55,,33553,5,,,1,15,,33554,5,,,1,15,,33555,5,,,1,15,,33556,5,,,1,55,,33557,5,,,1,15,,33558,5,,,1,15,,33559,5,,,1,15,,33560,5,,,1,55,,33561,5,,,1,15,,33562,5,,,1,15,,33563,5,,,1,15,,33564,5,,,1,55,,33565,5,,,1,15,,33566,5,,,1,15,,33567,5,,,1,15,,33568,5,,,1,55,,33569,5,,,1,15,,33570,5,,,1,15,,33496,5,,,1
18002200,'022R-Weekday-3-26-09',532,,37464,5,,,1,12,,37465,5,,,1,12,,37466,5,,,1,52,,37467,5,,,1,12,,37468,5,,,1,12,,37469,5,,,1,12,,37470,5,,,1,12,,37471,5,,,1,52,,37472,5,,,1,12,,37473,5,,,1,12,,37474,5,,,1,12,,37505,5,,,1,12,,37506,5,,,1,52,,37507,5,,,1,12,,37508,5,,,1,12,,37509,5,,,1,12,,37510,5,,,1,12,,37511,5,,,1,52,,37478,5,,,1,12,,37479,5,,,1,12,,37480,5,,,1,12,,37481,5,,,1,58,,37512,5,,,1,15,,37513,5,,,1,15,,37514,5,,,1,15,,37515,5,,,1,55,,37482,5,,,1,15,,37483,5,,,1,15,,37484,5,,,1,15,,37485,5,,,1,55,,37486,5,,,1,15,,37487,5,,,1,15,,37488,5,,,1,15,,37489,5,,,1,55,,37490,5,,,1,15,,37491,5,,,1,15,,37492,5,,,1,15,,37493,5,,,1,55,,37475,5,,,1,15,,37476,5,,,1,15,,37477,5,,,1,12,,37538,5,,,1,12,,37539,5,,,1,52,,37540,5,,,1,12,,37541,5,,,1,12,,37542,5,,,1,12,,37543,5,,,1,12,,37544,5,,,1,52,,37545,5,,,1,12,,37546,5,,,1,12,,37547,5,,,1,12,,37494,5,,,1,12,,37495,5,,,1,52,,37496,5,,,1,12,,37497,5,,,1,12,,37498,5,,,1,12,,37499,5,,,1,12,,37500,5,,,1,52,,37501,5,,,1,12,,37502,5,,,1,12,,37503,5,,,1,12,,37504,5,,,1,59,,37516,5,,,1,15,,37517,5,,,1,15,,37518,5,,,1,15,,37519,5,,,1,55,,37520,5,,,1,15,,37521,5,,,1,15,,37522,5,,,1,15,,37523,5,,,1,55,,37524,5,,,1,15,,37525,5,,,1,15,,37526,5,,,1,15,,37527,5,,,1,55,,37528,5,,,1,15,,37529,5,,,1,15,,37530,5,,,1,15,,37531,5,,,1,55,,37532,5,,,1,15,,37533,5,,,1,15,,37534,5,,,1,15,,37535,5,,,1,55,,37536,5,,,1,15,,37537,5,,,1,15,,37463,5,,,1
18002200,'022R-Weekday-4-26-09',532,,33582,5,,,1,12,,33583,5,,,1,12,,33584,5,,,1,52,,33585,5,,,1,12,,33586,5,,,1,12,,33587,5,,,1,12,,33588,5,,,1,12,,33589,5,,,1,52,,33590,5,,,1,12,,33591,5,,,1,12,,33592,5,,,1,12,,33623,5,,,1,12,,33624,5,,,1,52,,33625,5,,,1,12,,33626,5,,,1,12,,33627,5,,,1,12,,33628,5,,,1,12,,33629,5,,,1,52,,33596,5,,,1,12,,33597,5,,,1,12,,33598,5,,,1,12,,33599,5,,,1,58,,33630,5,,,1,15,,33631,5,,,1,15,,33632,5,,,1,15,,33633,5,,,1,55,,33600,5,,,1,15,,33601,5,,,1,15,,33602,5,,,1,15,,33603,5,,,1,55,,33604,5,,,1,15,,33605,5,,,1,15,,33606,5,,,1,15,,33607,5,,,1,55,,33608,5,,,1,15,,33609,5,,,1,15,,33610,5,,,1,15,,33611,5,,,1,55,,33593,5,,,1,15,,33594,5,,,1,15,,33595,5,,,1,12,,33656,5,,,1,12,,33657,5,,,1,52,,33658,5,,,1,12,,33659,5,,,1,12,,33660,5,,,1,12,,33661,5,,,1,12,,33662,5,,,1,52,,33663,5,,,1,12,,33664,5,,,1,12,,33665,5,,,1,12,,33612,5,,,1,12,,33613,5,,,1,52,,33614,5,,,1,12,,33615,5,,,1,12,,33616,5,,,1,12,,33617,5,,,1,12,,33618,5,,,1,52,,33619,5,,,1,12,,33620,5,,,1,12,,33621,5,,,1,12,,33622,5,,,1,59,,33634,5,,,1,15,,33635,5,,,1,15,,33636,5,,,1,15,,33637,5,,,1,55,,33638,5,,,1,15,,33639,5,,,1,15,,33640,5,,,1,15,,33641,5,,,1,55,,33642,5,,,1,15,,33643,5,,,1,15,,33644,5,,,1,15,,33645,5,,,1,55,,33646,5,,,1,15,,33647,5,,,1,15,,33648,5,,,1,15,,33649,5,,,1,55,,33650,5,,,1,15,,33651,5,,,1,15,,33652,5,,,1,15,,33653,5,,,1,55,,33654,5,,,1,15,,33655,5,,,1,15,,33581,5,,,1
18002200,'022R-Weekday-5-26-09',532,,37549,5,,,1,12,,37550,5,,,1,12,,37551,5,,,1,52,,37552,5,,,1,12,,37553,5,,,1,12,,37554,5,,,1,12,,37555,5,,,1,12,,37556,5,,,1,52,,37557,5,,,1,12,,37558,5,,,1,12,,37559,5,,,1,12,,37590,5,,,1,12,,37591,5,,,1,52,,37592,5,,,1,12,,37593,5,,,1,12,,37594,5,,,1,12,,37595,5,,,1,12,,37596,5,,,1,52,,37563,5,,,1,12,,37564,5,,,1,12,,37565,5,,,1,12,,37566,5,,,1,58,,37597,5,,,1,15,,37598,5,,,1,15,,37599,5,,,1,15,,37600,5,,,1,55,,37567,5,,,1,15,,37568,5,,,1,15,,37569,5,,,1,15,,37570,5,,,1,55,,37571,5,,,1,15,,37572,5,,,1,15,,37573,5,,,1,15,,37574,5,,,1,55,,37575,5,,,1,15,,37576,5,,,1,15,,37577,5,,,1,15,,37578,5,,,1,55,,37560,5,,,1,15,,37561,5,,,1,15,,37562,5,,,1,12,,37623,5,,,1,12,,37624,5,,,1,52,,37625,5,,,1,12,,37626,5,,,1,12,,37627,5,,,1,12,,37628,5,,,1,12,,37629,5,,,1,52,,37630,5,,,1,12,,37631,5,,,1,12,,37632,5,,,1,12,,37579,5,,,1,12,,37580,5,,,1,52,,37581,5,,,1,12,,37582,5,,,1,12,,37583,5,,,1,12,,37584,5,,,1,12,,37585,5,,,1,52,,37586,5,,,1,12,,37587,5,,,1,12,,37588,5,,,1,12,,37589,5,,,1,59,,37601,5,,,1,15,,37602,5,,,1,15,,37603,5,,,1,15,,37604,5,,,1,55,,37605,5,,,1,15,,37606,5,,,1,15,,37607,5,,,1,15,,37608,5,,,1,55,,37609,5,,,1,15,,37610,5,,,1,15,,37611,5,,,1,15,,37612,5,,,1,55,,37613,5,,,1,15,,37614,5,,,1,15,,37615,5,,,1,15,,37616,5,,,1,55,,37617,5,,,1,15,,37618,5,,,1,15,,37619,5,,,1,15,,37620,5,,,1,55,,37621,5,,,1,15,,37622,5,,,1,15,,37548,5,,,1
18002200,'022R-Weekday-6-26-09',532,,37634,5,,,1,12,,37635,5,,,1,12,,37636,5,,,1,52,,37637,5,,,1,12,,37638,5,,,1,12,,37639,5,,,1,12,,37640,5,,,1,12,,37641,5,,,1,52,,37642,5,,,1,12,,37643,5,,,1,12,,37644,5,,,1,12,,37675,5,,,1,12,,37676,5,,,1,52,,37677,5,,,1,12,,37678,5,,,1,12,,37679,5,,,1,12,,37680,5,,,1,12,,37681,5,,,1,52,,37648,5,,,1,12,,37649,5,,,1,12,,37650,5,,,1,12,,37651,5,,,1,58,,37682,5,,,1,15,,37683,5,,,1,15,,37684,5,,,1,15,,37685,5,,,1,55,,37652,5,,,1,15,,37653,5,,,1,15,,37654,5,,,1,15,,37655,5,,,1,55,,37656,5,,,1,15,,37657,5,,,1,15,,37658,5,,,1,15,,37659,5,,,1,55,,37660,5,,,1,15,,37661,5,,,1,15,,37662,5,,,1,15,,37663,5,,,1,55,,37645,5,,,1,15,,37646,5,,,1,15,,37647,5,,,1,12,,37708,5,,,1,12,,37709,5,,,1,52,,37710,5,,,1,12,,37711,5,,,1,12,,37712,5,,,1,12,,37713,5,,,1,12,,37714,5,,,1,52,,37715,5,,,1,12,,37716,5,,,1,12,,37717,5,,,1,12,,37664,5,,,1,12,,37665,5,,,1,52,,37666,5,,,1,12,,37667,5,,,1,12,,37668,5,,,1,12,,37669,5,,,1,12,,37670,5,,,1,52,,37671,5,,,1,12,,37672,5,,,1,12,,37673,5,,,1,12,,37674,5,,,1,59,,37686,5,,,1,15,,37687,5,,,1,15,,37688,5,,,1,15,,37689,5,,,1,55,,37690,5,,,1,15,,37691,5,,,1,15,,37692,5,,,1,15,,37693,5,,,1,55,,37694,5,,,1,15,,37695,5,,,1,15,,37696,5,,,1,15,,37697,5,,,1,55,,37698,5,,,1,15,,37699,5,,,1,15,,37700,5,,,1,15,,37701,5,,,1,55,,37702,5,,,1,15,,37703,5,,,1,15,,37704,5,,,1,15,,37705,5,,,1,55,,37706,5,,,1,15,,37707,5,,,1,15,,37633,5,,,1
18002200,'022R-Weekday-7-26-09',532,,37719,5,,,1,12,,37720,5,,,1,12,,37721,5,,,1,52,,37722,5,,,1,12,,37723,5,,,1,12,,37724,5,,,1,12,,37725,5,,,1,12,,37726,5,,,1,52,,37727,5,,,1,12,,37728,5,,,1,12,,37729,5,,,1,12,,37760,5,,,1,12,,37761,5,,,1,52,,37762,5,,,1,12,,37763,5,,,1,12,,37764,5,,,1,12,,37765,5,,,1,12,,37766,5,,,1,52,,37733,5,,,1,12,,37734,5,,,1,12,,37735,5,,,1,12,,37736,5,,,1,58,,37767,5,,,1,15,,37768,5,,,1,15,,37769,5,,,1,15,,37770,5,,,1,55,,37737,5,,,1,15,,37738,5,,,1,15,,37739,5,,,1,15,,37740,5,,,1,55,,37741,5,,,1,15,,37742,5,,,1,15,,37743,5,,,1,15,,37744,5,,,1,55,,37745,5,,,1,15,,37746,5,,,1,15,,37747,5,,,1,15,,37748,5,,,1,55,,37730,5,,,1,15,,37731,5,,,1,15,,37732,5,,,1,12,,37793,5,,,1,12,,37794,5,,,1,52,,37795,5,,,1,12,,37796,5,,,1,12,,37797,5,,,1,12,,37798,5,,,1,12,,37799,5,,,1,52,,37800,5,,,1,12,,37801,5,,,1,12,,37802,5,,,1,12,,37749,5,,,1,12,,37750,5,,,1,52,,37751,5,,,1,12,,37752,5,,,1,12,,37753,5,,,1,12,,37754,5,,,1,12,,37755,5,,,1,52,,37756,5,,,1,12,,37757,5,,,1,12,,37758,5,,,1,12,,37759,5,,,1,59,,37771,5,,,1,15,,37772,5,,,1,15,,37773,5,,,1,15,,37774,5,,,1,55,,37775,5,,,1,15,,37776,5,,,1,15,,37777,5,,,1,15,,37778,5,,,1,55,,37779,5,,,1,15,,37780,5,,,1,15,,37781,5,,,1,15,,37782,5,,,1,55,,37783,5,,,1,15,,37784,5,,,1,15,,37785,5,,,1,15,,37786,5,,,1,55,,37787,5,,,1,15,,37788,5,,,1,15,,37789,5,,,1,15,,37790,5,,,1,55,,37791,5,,,1,15,,37792,5,,,1,15,,37718,5,,,1
18002200,'022R-Saturday-1-26-09',532,,33666,5,,,1,15,,33667,5,,,1,55,,33668,5,,,1,15,,33669,5,,,1,15,,33670,5,,,1,15,,33671,5,,,1,55,,33672,5,,,1,15,,33673,5,,,1,15,,33674,5,,,1,15,,33675,5,,,1,55,,33676,5,,,1,15,,33677,5,,,1,15,,33678,5,,,1,15,,33679,5,,,1,55,,33680,5,,,1,15,,33681,5,,,1,15,,33682,5,,,1,15,,33683,5,,,1,55,,33684,5,,,1,15,,33685,5,,,1,15,,33686,5,,,1,15,,33687,5,,,1,55,,33688,5,,,1,15,,33689,5,,,1,15,,33690,5,,,1,15,,33691,5,,,1,55,,33692,5,,,1,15,,33693,5,,,1,15,,33694,5,,,1,15,,33695,5,,,1,55,,33696,5,,,1,15,,33697,5,,,1,15,,33698,5,,,1,15,,33699,5,,,1,55,,33700,5,,,1,15,,33701,5,,,1,15,,33702,5,,,1,15,,33703,5,,,1,55,,33704,5,,,1,15,,33705,5,,,1,15,,33706,5,,,1,15,,33707,5,,,1,55,,33708,5,,,1,15,,33709,5,,,1,15,,33710,5,,,1,15,,33711,5,,,1,55,,33712,5,,,1,15,,33713,5,,,1,15,,33714,5,,,1,15,,33715,5,,,1,55,,33716,5,,,1,15,,33717,5,,,1,15,,33718,5,,,1,15,,33719,5,,,1,55,,33720,5,,,1,15,,33721,5,,,1,15,,33722,5,,,1,15,,33723,5,,,1,55,,33724,5,,,1,15,,33725,5,,,1,15,,33726,5,,,1,15,,33727,5,,,1,55,,33728,5,,,1,15,,33729,5,,,1,15,,33730,5,,,1,15,,33731,5,,,1,55,,33732,5,,,1,15,,33733,5,,,1,15,,33734,5,,,1,15,,33735,5,,,1,55,,33736,5,,,1,15,,33737,5,,,1,15,,33738,5,,,1,15,,33739,5,,,1,55,,33740,5,,,1,15,,33741,5,,,1,15,,33742,5,,,1
18002200,'022R-Saturday-2-26-09',529,,37803,8,,,1,15,,37804,8,,,1,15,,37819,8,,,1,55,,37834,8,,,1,15,,37852,8,,,1,15,,37835,8,,,1,15,,37815,8,,,1,55,,37846,8,,,1,15,,37861,8,,,1,15,,37845,8,,,1,15,,37830,8,,,1,55,,37862,8,,,1,15,,37836,8,,,1,15,,37878,8,,,1,15,,37805,8,,,1,55,,37821,8,,,1,15,,37877,8,,,1,15,,37867,8,,,1,15,,37881,8,,,1,55,,37817,8,,,1,15,,37851,8,,,1,15,,37824,8,,,1,15,,37864,8,,,1,55,,37814,8,,,1,15,,37832,8,,,1,15,,37848,8,,,1,15,,37829,8,,,1,55,,37811,8,,,1,15,,37873,8,,,1,15,,37826,8,,,1,15,,37882,8,,,1,55,,37858,8,,,1,15,,37874,8,,,1,15,,37841,8,,,1,15,,37810,8,,,1,55,,37857,8,,,1,15,,37859,8,,,1,15,,37827,8,,,1,15,,37843,8,,,1,55,,37808,8,,,1,15,,37875,8,,,1,15,,37839,8,,,1,15,,37831,8,,,1,55,,37844,8,,,1,15,,37813,8,,,1,15,,37828,8,,,1,15,,37860,8,,,1,55,,37876,8,,,1,15,,37842,8,,,1,15,,37855,8,,,1,15,,37883,8,,,1,55,,37879,8,,,1,15,,37863,8,,,1,15,,37854,8,,,1,15,,37869,8,,,1,55,,37847,8,,,1,15,,37816,8,,,1,15,,37820,8,,,1,15,,37871,8,,,1,55,,37809,8,,,1,15,,37825,8,,,1,15,,37840,8,,,1,15,,37856,8,,,1,55,,37872,8,,,1,15,,37838,8,,,1,15,,37806,8,,,1,15,,37822,8,,,1,55,,37870,8,,,1,15,,37807,8,,,1,15,,37823,8,,,1,15,,37837,8,,,1,55,,37853,8,,,1,15,,37850,8,,,1,15,,37866,8,,,1,15,,37812,8,,,1,55,,37818,8,,,1,15,,37833,8,,,1,15,,37849,8,,,1,15,,37880,8,,,1,55,,37865,8,,,1,15,,37868,8,,,1
18002200,'022R-Saturday-3-26-09',522,,37891,2,0,5 6 7 8,1,15,,37936,2,0,5 6 7 8,1,15,,37901,2,0,5 6 7 8,1,55,,37885,2,0,5 6 7 8,1,15,,37927,2,0,5 6 7 8,1,15,,37895,2,0,5 6 7 8,1,15,,37907,2,0,5 6 7 8,1,55,,37943,2,0,5 6 7 8,1,15,,37897,2,0,5 6 7 8,1,15,,37959,2,0,5 6 7 8,1,15,,37945,2,0,5 6 7 8,1,55,,37888,2,0,5 6 7 8,1,15,,37913,2,0,5 6 7 8,1,15,,37929,2,0,5 6 7 8,1,15,,37933,2,0,5 6 7 8,1,55,,37917,2,0,5 6 7 8,1,15,,37949,2,0,5 6 7 8,1,15,,37920,2,0,5 6 7 8,1,15,,37931,2,0,5 6 7 8,1,55,,37903,2,0,5 6 7 8,1,15,,37947,2,0,5 6 7 8,1,15,,37899,2,0,5 6 7 8,1,15,,37930,2,0,5 6 7 8,1,55,,37898,2,0,5 6 7 8,1,15,,37914,2,0,5 6 7 8,1,15,,37960,2,0,5 6 7 8,1,15,,37915,2,0,5 6 7 8,1,55,,37909,2,0,5 6 7 8,1,15,,37941,2,0,5 6 7 8,1,15,,37896,2,0,5 6 7 8,1,15,,37912,2,0,5 6 7 8,1,55,,37893,2,0,5 6 7 8,1,15,,37928,2,0,5 6 7 8,1,15,,37925,2,0,5 6 7 8,1,15,,37944,2,0,5 6 7 8,1,55,,37946,2,0,5 6 7 8,1,15,,37932,2,0,5 6 7 8,1,15,,37916,2,0,5 6 7 8,1,15,,37948,2,0,5 6 7 8,1,55,,37900,2,0,5 6 7 8,1,15,,37884,2,0,5 6 7 8,1,15,,37940,2,0,5 6 7 8,1,15,,37958,2,0,5 6 7 8,1,55,,37910,2,0,5 6 7 8,1,15,,37892,2,0,5 6 7 8,1,15,,37926,2,0,5 6 7 8,1,15,,37889,2,0,5 6 7 8,1,55,,37956,2,0,5 6 7 8,1,15,,37924,2,0,5 6 7 8,1,15,,37942,2,0,5 6 7 8,1,15,,37908,2,0,5 6 7 8,1,55,,37894,2,0,5 6 7 8,1,15,,37955,2,0,5 6 7 8,1,15,,37905,2,0,5 6 7 8,1,15,,37937,2,0,5 6 7 8,1,55,,37921,2,0,5 6 7 8,1,15,,37953,2,0,5 6 7 8,1,15,,37904,2,0,5 6 7 8,1,15,,37890,2,0,5 6 7 8,1,55,,37923,2,0,5 6 7 8,1,15,,37887,2,0,5 6 7 8,1,15,,37939,2,0,5 6 7 8,1,15,,37906,2,0,5 6 7 8,1,55,,37922,2,0,5 6 7 8,1,15,,37938,2,0,5 6 7 8,1,15,,37954,2,0,5 6 7 8,1,15,,37918,2,0,5 6 7 8,1,55,,37957,2,0,5 6 7 8,1,15,,37919,2,0,5 6 7 8,1,15,,37911,2,0,5 6 7 8,1,15,,37950,2,0,5 6 7 8,1,55,,37902,2,0,5 6 7 8,1,15,,37886,2,0,5 6 7 8,1,15,,37952,2,0,5 6 7 8,1,15,,37951,2,0,5 6 7 8,1,55,,37935,2,0,5 6 7 8,1,15,,37934,2,0,5 6 7 8,1
18002200,'022R-Saturday-4-26-09',535,,38021,2,0,5 6 7 8,1,15,,38017,2,0,5 6 7 8,1,55,,38013,2,0,5 6 7 8,1,15,,38037,2,0,5 6 7 8,1,15,,38026,2,0,5 6 7 8,1,15,,37996,2,0,5 6 7 8,1,55,,38007,2,0,5 6 7 8,1,15,,38003,2,0,5 6 7 8,1,15,,38006,2,0,5 6 7 8,1,15,,37999,2,0,5 6 7 8,1,55,,38014,2,0,5 6 7 8,1,15,,37995,2,0,5 6 7 8,1,15,,38034,2,0,5 6 7 8,1,15,,38002,2,0,5 6 7 8,1,55,,38030,2,0,5 6 7 8,1,15,,38022,2,0,5 6 7 8,1,15,,38018,2,0,5 6 7 8,1,15,,38010,2,0,5 6 7 8,1,55,,38023,2,0,5 6 7 8,1,15,,38019,2,0,5 6 7 8,1,15,,38015,2,0,5 6 7 8,1,15,,38011,2,0,5 6 7 8,1,55,,38033,2,0,5 6 7 8,1,15,,38027,2,0,5 6 7 8,1,15,,38035,2,0,5 6 7 8,1,15,,37998,2,0,5 6 7 8,1,55,,38031,2,0,5 6 7 8,1,15,,38001,2,0,5 6 7 8,1,15,,37997,2,0,5 6 7 8,1,15,,38036,2,0,5 6 7 8,1,55,,38032,2,0,5 6 7 8,1,15,,38016,2,0,5 6 7 8,1,15,,38012,2,0,5 6 7 8,1,15,,38020,2,0,5 6 7 8,1,55,,38009,2,0,5 6 7 8,1,15,,38005,2,0,5 6 7 8,1,15,,38024,2,0,5 6 7 8,1,15,,38004,2,0,5 6 7 8,1,55,,38008,2,0,5 6 7 8,1,15,,38000,2,0,5 6 7 8,1,15,,38028,2,0,5 6 7 8,1,15,,38029,2,0,5 6 7 8,1,55,,38025,2,0,5 6 7 8,1,12,,37961,5,,,1,15,,37962,5,,,1,15,,37963,5,,,1,55,,37964,5,,,1,15,,37965,5,,,1,15,,37966,5,,,1,15,,37967,5,,,1,55,,37968,5,,,1,15,,37969,5,,,1,15,,37970,5,,,1,15,,37971,5,,,1,55,,37972,5,,,1,15,,37973,5,,,1,15,,37974,5,,,1,15,,37975,5,,,1,55,,37976,5,,,1,15,,37977,5,,,1,15,,37978,5,,,1,15,,37979,5,,,1,55,,37980,5,,,1,15,,37981,5,,,1,15,,37982,5,,,1,15,,37983,5,,,1,55,,37984,5,,,1,15,,37985,5,,,1,15,,37986,5,,,1,15,,37987,5,,,1,55,,37988,5,,,1,15,,37989,5,,,1,15,,37990,5,,,1,15,,37991,5,,,1,55,,37992,5,,,1,15,,37993,5,,,1,15,,37994,5,,,1
18002200,'022R-Sunday-1-26-09',547,,33743,5,,,1,55,,33744,5,,,1,15,,33745,5,,,1,15,,33746,5,,,1,15,,33747,5,,,1,55,,33748,5,,,1,15,,33749,5,,,1,15,,33750,5,,,1,15,,33751,5,,,1,55,,33752,5,,,1,15,,33753,5,,,1,15,,33754,5,,,1,15,,33755,5,,,1,55,,33756,5,,,1,15,,33757,5,,,1,15,,33758,5,,,1,15,,33759,5,,,1,55,,33760,5,,,1,15,,33761,5,,,1,15,,33762,5,,,1,15,,33763,5,,,1,55,,33764,5,,,1,15,,33765,5,,,1,15,,33766,5,,,1,15,,33767,5,,,1,55,,33768,5,,,1,15,,33769,5,,,1,15,,33770,5,,,1,15,,33771,5,,,1,55,,33772,5,,,1,15,,33773,5,,,1,15,,33774,5,,,1,15,,33775,5,,,1,55,,33776,5,,,1,15,,33777,5,,,1,15,,33778,5,,,1,15,,33779,5,,,1,55,,33780,5,,,1,15,,33781,5,,,1,15,,33782,5,,,1,15,,33783,5,,,1,55,,33784,5,,,1,15,,33785,5,,,1,15,,33786,5,,,1,15,,33787,5,,,1,55,,33788,5,,,1,15,,33789,5,,,1,15,,33790,5,,,1,15,,33791,5,,,1,55,,33792,5,,,1,15,,33793,5,,,1,15,,33794,5,,,1,15,,33795,5,,,1,55,,33796,5,,,1,15,,33797,5,,,1,15,,33798,5,,,1,15,,33799,5,,,1,55,,33800,5,,,1,15,,33801,5,,,1,15,,33802,5,,,1,15,,33803,5,,,1,55,,33804,5,,,1,15,,33805,5,,,1,15,,33806,5,,,1,15,,33807,5,,,1,55,,33808,5,,,1,15,,33809,5,,,1,15,,33810,5,,,1,15,,33811,5,,,1,55,,33812,5,,,1,15,,33813,5,,,1,15,,33814,5,,,1,15,,33815,5,,,1
18002200,'022R-Sunday-2-26-09',559,,38109,8,,,1,55,,38110,8,,,1,15,,38111,8,,,1,15,,38112,8,,,1,15,,38080,8,,,1,55,,38095,8,,,1,15,,38041,8,,,1,15,,38052,8,,,1,15,,38067,8,,,1,55,,38064,8,,,1,15,,38081,8,,,1,15,,38066,8,,,1,15,,38094,8,,,1,55,,38093,8,,,1,15,,38096,8,,,1,15,,38048,8,,,1,15,,38106,8,,,1,55,,38091,8,,,1,15,,38079,8,,,1,15,,38057,8,,,1,15,,38063,8,,,1,55,,38108,8,,,1,15,,38050,8,,,1,15,,38078,8,,,1,15,,38076,8,,,1,55,,38045,8,,,1,15,,38105,8,,,1,15,,38047,8,,,1,15,,38083,8,,,1,55,,38071,8,,,1,15,,38055,8,,,1,15,,38102,8,,,1,15,,38089,8,,,1,55,,38068,8,,,1,15,,38061,8,,,1,15,,38103,8,,,1,15,,38042,8,,,1,55,,38088,8,,,1,15,,38046,8,,,1,15,,38092,8,,,1,15,,38070,8,,,1,55,,38086,8,,,1,15,,38040,8,,,1,15,,38085,8,,,1,15,,38062,8,,,1,55,,38098,8,,,1,15,,38099,8,,,1,15,,38044,8,,,1,15,,38053,8,,,1,55,,38058,8,,,1,15,,38060,8,,,1,15,,38059,8,,,1,15,,38056,8,,,1,55,,38100,8,,,1,15,,38073,8,,,1,15,,38075,8,,,1,15,,38090,8,,,1,55,,38104,8,,,1,15,,38043,8,,,1,15,,38039,8,,,1,15,,38077,8,,,1,55,,38074,8,,,1,15,,38107,8,,,1,15,,38049,8,,,1,15,,38101,8,,,1,55,,38082,8,,,1,15,,38087,8,,,1,15,,38097,8,,,1,15,,38051,8,,,1,55,,38038,8,,,1,15,,38054,8,,,1,15,,38069,8,,,1,15,,38072,8,,,1,55,,38065,8,,,1,15,,38084,8,,,1
18002200,'022R-Sunday-3-26-09',552,,38113,2,0,5 6 7 8,1,55,,38114,2,0,5 6 7 8,1,15,,38115,2,0,5 6 7 8,1,15,,38116,2,0,5 6 7 8,1,15,,38117,2,0,5 6 7 8,1,55,,38118,2,0,5 6 7 8,1,15,,38119,2,0,5 6 7 8,1,15,,38120,2,0,5 6 7 8,1,15,,38121,2,0,5 6 7 8,1,55,,38122,2,0,5 6 7 8,1,15,,38123,2,0,5 6 7 8,1,15,,38124,2,0,5 6 7 8,1,15,,38125,2,0,5 6 7 8,1,55,,38126,2,0,5 6 7 8,1,15,,38127,2,0,5 6 7 8,1,15,,38128,2,0,5 6 7 8,1,15,,38129,2,0,5 6 7 8,1,55,,38130,2,0,5 6 7 8,1,15,,38131,2,0,5 6 7 8,1,15,,38132,2,0,5 6 7 8,1,15,,38133,2,0,5 6 7 8,1,55,,38134,2,0,5 6 7 8,1,15,,38135,2,0,5 6 7 8,1,15,,38136,2,0,5 6 7 8,1,15,,38137,2,0,5 6 7 8,1,55,,38138,2,0,5 6 7 8,1,15,,38139,2,0,5 6 7 8,1,15,,38140,2,0,5 6 7 8,1,15,,38141,2,0,5 6 7 8,1,55,,38142,2,0,5 6 7 8,1,15,,38143,2,0,5 6 7 8,1,15,,38144,2,0,5 6 7 8,1,15,,38145,2,0,5 6 7 8,1,55,,38146,2,0,5 6 7 8,1,15,,38147,2,0,5 6 7 8,1,15,,38148,2,0,5 6 7 8,1,15,,38149,2,0,5 6 7 8,1,55,,38150,2,0,5 6 7 8,1,15,,38151,2,0,5 6 7 8,1,15,,38152,2,0,5 6 7 8,1,15,,38153,2,0,5 6 7 8,1,55,,38154,2,0,5 6 7 8,1,15,,38155,2,0,5 6 7 8,1,15,,38156,2,0,5 6 7 8,1,15,,38157,2,0,5 6 7 8,1,55,,38158,2,0,5 6 7 8,1,15,,38159,2,0,5 6 7 8,1,15,,38160,2,0,5 6 7 8,1,15,,38161,2,0,5 6 7 8,1,55,,38162,2,0,5 6 7 8,1,15,,38163,2,0,5 6 7 8,1,15,,38164,2,0,5 6 7 8,1,15,,38165,2,0,5 6 7 8,1,55,,38166,2,0,5 6 7 8,1,15,,38167,2,0,5 6 7 8,1,15,,38168,2,0,5 6 7 8,1,15,,38169,2,0,5 6 7 8,1,55,,38170,2,0,5 6 7 8,1,15,,38171,2,0,5 6 7 8,1,15,,38172,2,0,5 6 7 8,1,15,,38173,2,0,5 6 7 8,1,55,,38174,2,0,5 6 7 8,1,15,,38175,2,0,5 6 7 8,1,15,,38176,2,0,5 6 7 8,1,15,,38177,2,0,5 6 7 8,1,55,,38178,2,0,5 6 7 8,1,15,,38179,2,0,5 6 7 8,1,15,,38180,2,0,5 6 7 8,1,15,,38181,2,0,5 6 7 8,1,55,,38182,2,0,5 6 7 8,1,15,,38183,2,0,5 6 7 8,1,15,,38184,2,0,5 6 7 8,1
18002200,'022R-Sunday-5-26-09',552,,38185,2,0,5 6 7 8,1,55,,38186,2,0,5 6 7 8,1,15,,38187,2,0,5 6 7 8,1,15,,38188,2,0,5 6 7 8,1,15,,38189,2,0,5 6 7 8,1,55,,38190,2,0,5 6 7 8,1,15,,38191,2,0,5 6 7 8,1,15,,38192,2,0,5 6 7 8,1,15,,38193,2,0,5 6 7 8,1,55,,38194,2,0,5 6 7 8,1,15,,38195,2,0,5 6 7 8,1,15,,38196,2,0,5 6 7 8,1,15,,38197,2,0,5 6 7 8,1,55,,38198,2,0,5 6 7 8,1,15,,38199,2,0,5 6 7 8,1,15,,38200,2,0,5 6 7 8,1,15,,38201,2,0,5 6 7 8,1,55,,38202,2,0,5 6 7 8,1,15,,38203,2,0,5 6 7 8,1,15,,38204,2,0,5 6 7 8,1,15,,38205,2,0,5 6 7 8,1,55,,38206,2,0,5 6 7 8,1,15,,38207,2,0,5 6 7 8,1,15,,38208,2,0,5 6 7 8,1,15,,38209,2,0,5 6 7 8,1,55,,38210,2,0,5 6 7 8,1,15,,38211,2,0,5 6 7 8,1,15,,38212,2,0,5 6 7 8,1,15,,38213,2,0,5 6 7 8,1,55,,38214,2,0,5 6 7 8,1,15,,38215,2,0,5 6 7 8,1,15,,38216,2,0,5 6 7 8,1,15,,38217,2,0,5 6 7 8,1,55,,38218,2,0,5 6 7 8,1,15,,38219,2,0,5 6 7 8,1,15,,38220,2,0,5 6 7 8,1,15,,38221,2,0,5 6 7 8,1,55,,38222,2,0,5 6 7 8,1,15,,38223,2,0,5 6 7 8,1,15,,38224,2,0,5 6 7 8,1,15,,38225,2,0,5 6 7 8,1,55,,38226,2,0,5 6 7 8,1,15,,38227,2,0,5 6 7 8,1,15,,38228,2,0,5 6 7 8,1,15,,38229,2,0,5 6 7 8,1,55,,38230,2,0,5 6 7 8,1,15,,38231,2,0,5 6 7 8,1,15,,38232,2,0,5 6 7 8,1,15,,38233,2,0,5 6 7 8,1,55,,38234,2,0,5 6 7 8,1,15,,38235,2,0,5 6 7 8,1,15,,38236,2,0,5 6 7 8,1,15,,38237,2,0,5 6 7 8,1,55,,38238,2,0,5 6 7 8,1,15,,38239,2,0,5 6 7 8,1,15,,38240,2,0,5 6 7 8,1,15,,38241,2,0,5 6 7 8,1,55,,38242,2,0,5 6 7 8,1,15,,38243,2,0,5 6 7 8,1,15,,38244,2,0,5 6 7 8,1,15,,38245,2,0,5 6 7 8,1,55,,38246,2,0,5 6 7 8,1,15,,38247,2,0,5 6 7 8,1,15,,38248,2,0,5 6 7 8,1,15,,38249,2,0,5 6 7 8,1,55,,38250,2,0,5 6 7 8,1,15,,38251,2,0,5 6 7 8,1,15,,38252,2,0,5 6 7 8,1,15,,38253,2,0,5 6 7 8,1,55,,38254,2,0,5 6 7 8,1,15,,38255,2,0,5 6 7 8,1,15,,38256,2,0,5 6 7 8,1
18002200,'022R-Sunday-6-26-09',547,,38279,2,0,5 6 7 8,1,55,,38280,2,0,5 6 7 8,1,15,,38281,2,0,5 6 7 8,1,15,,38282,2,0,5 6 7 8,1,15,,38283,2,0,5 6 7 8,1,55,,38284,2,0,5 6 7 8,1,15,,38285,2,0,5 6 7 8,1,15,,38286,2,0,5 6 7 8,1,15,,38287,2,0,5 6 7 8,1,55,,38288,2,0,5 6 7 8,1,15,,38289,2,0,5 6 7 8,1,15,,38290,2,0,5 6 7 8,1,15,,38291,2,0,5 6 7 8,1,55,,38292,2,0,5 6 7 8,1,15,,38293,2,0,5 6 7 8,1,15,,38294,2,0,5 6 7 8,1,15,,38295,2,0,5 6 7 8,1,55,,38296,2,0,5 6 7 8,1,15,,38297,2,0,5 6 7 8,1,15,,38298,2,0,5 6 7 8,1,15,,38299,2,0,5 6 7 8,1,55,,38300,2,0,5 6 7 8,1,15,,38301,2,0,5 6 7 8,1,15,,38302,2,0,5 6 7 8,1,15,,38303,2,0,5 6 7 8,1,55,,38304,2,0,5 6 7 8,1,15,,38305,2,0,5 6 7 8,1,15,,38306,2,0,5 6 7 8,1,15,,38307,2,0,5 6 7 8,1,55,,38308,2,0,5 6 7 8,1,15,,38309,2,0,5 6 7 8,1,15,,38310,2,0,5 6 7 8,1,15,,38311,2,0,5 6 7 8,1,55,,38312,2,0,5 6 7 8,1,15,,38313,2,0,5 6 7 8,1,15,,38314,2,0,5 6 7 8,1,15,,38315,2,0,5 6 7 8,1,55,,38316,2,0,5 6 7 8,1,15,,38317,2,0,5 6 7 8,1,15,,38318,2,0,5 6 7 8,1,15,,38319,2,0,5 6 7 8,1,55,,38320,2,0,5 6 7 8,1,15,,38321,2,0,5 6 7 8,1,15,,38322,2,0,5 6 7 8,1,15,,38323,2,0,5 6 7 8,1,55,,38324,2,0,5 6 7 8,1,15,,38325,2,0,5 6 7 8,1,15,,38326,2,0,5 6 7 8,1,15,,38327,2,0,5 6 7 8,1,55,,38328,2,0,5 6 7 8,1,15,,38329,2,0,5 6 7 8,1,15,,38257,5,,,1,15,,38258,5,,,1,55,,38259,5,,,1,15,,38260,5,,,1,15,,38261,5,,,1,15,,38262,5,,,1,55,,38263,5,,,1,15,,38264,5,,,1,15,,38265,5,,,1,15,,38266,5,,,1,55,,38267,5,,,1,15,,38268,5,,,1,15,,38269,5,,,1,15,,38270,5,,,1,55,,38271,5,,,1,15,,38272,5,,,1,15,,38273,5,,,1,15,,38274,5,,,1,55,,38275,5,,,1,15,,38276,5,,,1,15,,38277,5,,,1,15,,38278,5,,,1
