18002300,'20260719-Sunday-1-26-06',531,,28657,8,,,1,15,,28673,8,,,1,55,,28689,8,,,1,15,,28705,8,,,1,15,,28721,8,,,1,15,,28658,8,,,1,55,,28674,8,,,1,15,,28690,8,,,1,15,,28706,8,,,1,15,,28722,8,,,1,55,,28659,8,,,1,15,,28675,8,,,1,15,,28691,8,,,1,15,,28707,8,,,1,55,,28723,8,,,1,15,,28660,8,,,1,15,,28676,8,,,1,15,,28692,8,,,1,55,,28708,8,,,1,15,,28724,8,,,1,15,,28661,8,,,1,15,,28677,8,,,1,55,,28693,8,,,1,15,,28709,8,,,1,15,,28725,8,,,1,15,,28662,8,,,1,55,,28678,8,,,1,15,,28694,8,,,1,15,,28710,8,,,1,15,,28726,8,,,1,55,,28663,8,,,1,15,,28679,8,,,1,15,,28695,8,,,1,15,,28711,8,,,1,55,,28727,8,,,1,15,,28664,8,,,1,15,,28680,8,,,1,15,,28696,8,,,1,55,,28712,8,,,1,15,,28728,8,,,1,15,,28665,8,,,1,15,,28681,8,,,1,55,,28697,8,,,1,15,,28713,8,,,1,15,,28729,8,,,1,15,,28666,8,,,1,55,,28682,8,,,1,15,,28698,8,,,1,15,,28714,8,,,1,15,,28730,8,,,1,55,,28667,8,,,1,15,,28683,8,,,1,15,,28699,8,,,1,15,,28715,8,,,1,55,,28731,8,,,1,15,,28668,8,,,1,15,,28684,8,,,1,15,,28700,8,,,1,55,,28716,8,,,1,15,,28732,8,,,1,15,,28669,8,,,1,15,,28685,8,,,1,55,,28701,8,,,1,15,,28717,8,,,1,15,,28733,8,,,1,15,,28670,8,,,1,55,,28686,8,,,1,15,,28702,8,,,1,15,,28718,8,,,1,15,,28734,8,,,1,55,,28671,8,,,1,15,,28687,8,,,1,15,,28703,8,,,1,15,,28719,8,,,1,55,,28735,8,,,1,15,,28672,8,,,1,15,,28688,8,,,1,15,,28704,8,,,1,55,,28720,8,,,1
18002300,'20260719-Sunday-31-26-06',531,,22432,8,,,1,15,,22448,8,,,1,55,,22464,8,,,1,15,,22480,8,,,1,15,,22496,8,,,1,15,,22433,8,,,1,55,,22449,8,,,1,15,,22465,8,,,1,15,,22481,8,,,1,15,,22497,8,,,1,55,,22434,8,,,1,15,,22450,8,,,1,15,,22466,8,,,1,15,,22482,8,,,1,55,,22498,8,,,1,15,,22435,8,,,1,15,,22451,8,,,1,15,,22467,8,,,1,55,,22483,8,,,1,15,,22499,8,,,1,15,,22436,8,,,1,15,,22452,8,,,1,55,,22468,8,,,1,15,,22484,8,,,1,15,,22500,8,,,1,15,,22437,8,,,1,55,,22453,8,,,1,15,,22469,8,,,1,15,,22485,8,,,1,15,,22501,8,,,1,55,,22438,8,,,1,15,,22454,8,,,1,15,,22470,8,,,1,15,,22486,8,,,1,55,,22502,8,,,1,15,,22439,8,,,1,15,,22455,8,,,1,15,,22471,8,,,1,55,,22487,8,,,1,15,,22503,8,,,1,15,,22440,8,,,1,15,,22456,8,,,1,55,,22472,8,,,1,15,,22488,8,,,1,15,,22504,8,,,1,15,,22441,8,,,1,55,,22457,8,,,1,15,,22473,8,,,1,15,,22489,8,,,1,15,,22505,8,,,1,55,,22442,8,,,1,15,,22458,8,,,1,15,,22474,8,,,1,15,,22490,8,,,1,55,,22506,8,,,1,15,,22443,8,,,1,15,,22459,8,,,1,15,,22475,8,,,1,55,,22491,8,,,1,15,,22507,8,,,1,15,,22444,8,,,1,15,,22460,8,,,1,55,,22476,8,,,1,15,,22492,8,,,1,15,,22508,8,,,1,15,,22445,8,,,1,55,,22461,8,,,1,15,,22477,8,,,1,15,,22493,8,,,1,15,,22509,8,,,1,55,,22446,8,,,1,15,,22462,8,,,1,15,,22478,8,,,1,15,,22494,8,,,1,55,,22510,8,,,1,15,,22447,8,,,1,15,,22463,8,,,1,15,,22479,8,,,1,55,,22495,8,,,1
18002300,'20260719-Sunday-42-26-06',531,,28736,8,,,1,15,,28752,8,,,1,55,,28768,8,,,1,15,,28784,8,,,1,15,,28800,8,,,1,15,,28737,8,,,1,55,,28753,8,,,1,15,,28769,8,,,1,15,,28785,8,,,1,15,,28801,8,,,1,55,,28738,8,,,1,15,,28754,8,,,1,15,,28770,8,,,1,15,,28786,8,,,1,55,,28802,8,,,1,15,,28739,8,,,1,15,,28755,8,,,1,15,,28771,8,,,1,55,,28787,8,,,1,15,,28803,8,,,1,15,,28740,8,,,1,15,,28756,8,,,1,55,,28772,8,,,1,15,,28788,8,,,1,15,,28804,8,,,1,15,,28741,8,,,1,55,,28757,8,,,1,15,,28773,8,,,1,15,,28789,8,,,1,15,,28805,8,,,1,55,,28742,8,,,1,15,,28758,8,,,1,15,,28774,8,,,1,15,,28790,8,,,1,55,,28806,8,,,1,15,,28743,8,,,1,15,,28759,8,,,1,15,,28775,8,,,1,55,,28791,8,,,1,15,,28807,8,,,1,15,,28744,8,,,1,15,,28760,8,,,1,55,,28776,8,,,1,15,,28792,8,,,1,15,,28808,8,,,1,15,,28745,8,,,1,55,,28761,8,,,1,15,,28777,8,,,1,15,,28793,8,,,1,15,,28809,8,,,1,55,,28746,8,,,1,15,,28762,8,,,1,15,,28778,8,,,1,15,,28794,8,,,1,55,,28810,8,,,1,15,,28747,8,,,1,15,,28763,8,,,1,15,,28779,8,,,1,55,,28795,8,,,1,15,,28811,8,,,1,15,,28748,8,,,1,15,,28764,8,,,1,55,,28780,8,,,1,15,,28796,8,,,1,15,,28812,8,,,1,15,,28749,8,,,1,55,,28765,8,,,1,15,,28781,8,,,1,15,,28797,8,,,1,15,,28813,8,,,1,55,,28750,8,,,1,15,,28766,8,,,1,15,,28782,8,,,1,15,,28798,8,,,1,55,,28814,8,,,1,15,,28751,8,,,1,15,,28767,8,,,1,15,,28783,8,,,1,55,,28799,8,,,1
18002300,'20260719-Sunday-43-26-06',531,,28815,8,,,1,15,,28831,8,,,1,55,,28847,8,,,1,15,,28863,8,,,1,15,,28879,8,,,1,15,,28816,8,,,1,55,,28832,8,,,1,15,,28848,8,,,1,15,,28864,8,,,1,15,,28880,8,,,1,55,,28817,8,,,1,15,,28833,8,,,1,15,,28849,8,,,1,15,,28865,8,,,1,55,,28881,8,,,1,15,,28818,8,,,1,15,,28834,8,,,1,15,,28850,8,,,1,55,,28866,8,,,1,15,,28882,8,,,1,15,,28819,8,,,1,15,,28835,8,,,1,55,,28851,8,,,1,15,,28867,8,,,1,15,,28883,8,,,1,15,,28820,8,,,1,55,,28836,8,,,1,15,,28852,8,,,1,15,,28868,8,,,1,15,,28884,8,,,1,55,,28821,8,,,1,15,,28837,8,,,1,15,,28853,8,,,1,15,,28869,8,,,1,55,,28885,8,,,1,15,,28822,8,,,1,15,,28838,8,,,1,15,,28854,8,,,1,55,,28870,8,,,1,15,,28886,8,,,1,15,,28823,8,,,1,15,,28839,8,,,1,55,,28855,8,,,1,15,,28871,8,,,1,15,,28887,8,,,1,15,,28824,8,,,1,55,,28840,8,,,1,15,,28856,8,,,1,15,,28872,8,,,1,15,,28888,8,,,1,55,,28825,8,,,1,15,,28841,8,,,1,15,,28857,8,,,1,15,,28873,8,,,1,55,,28889,8,,,1,15,,28826,8,,,1,15,,28842,8,,,1,15,,28858,8,,,1,55,,28874,8,,,1,15,,28890,8,,,1,15,,28827,8,,,1,15,,28843,8,,,1,55,,28859,8,,,1,15,,28875,8,,,1,15,,28891,8,,,1,15,,28828,8,,,1,55,,28844,8,,,1,15,,28860,8,,,1,15,,28876,8,,,1,15,,28892,8,,,1,55,,28829,8,,,1,15,,28845,8,,,1,15,,28861,8,,,1,15,,28877,8,,,1,55,,28893,8,,,1,15,,28830,8,,,1,15,,28846,8,,,1,15,,28862,8,,,1,55,,28878,8,,,1
18002300,'20260720-Weekday-1-26-06',520,,28894,8,,,1,10,,28918,8,,,1,10,,28906,8,,,1,10,,28930,8,,,1,51,,28971,8,,,1,10,,28941,8,,,1,7,,28958,8,,,1,5,,28988,8,,,1,5,,28895,8,,,1,5,,29000,8,,,1,5,,28919,8,,,1,5,,29008,8,,,1,5,,28907,8,,,1,5,,29032,8,,,1,5,,28931,8,,,1,45,,29016,8,,,1,5,,28972,8,,,1,5,,29049,8,,,1,5,,28942,8,,,1,5,,28959,8,,,1,5,,28989,8,,,1,5,,28896,8,,,1,5,,29001,8,,,1,5,,28920,8,,,1,5,,29009,8,,,1,5,,28908,8,,,1,5,,29033,8,,,1,45,,28932,8,,,1,5,,29017,8,,,1,5,,28973,8,,,1,5,,29050,8,,,1,5,,28943,8,,,1,5,,28960,8,,,1,5,,28990,8,,,1,5,,28897,8,,,1,5,,29002,8,,,1,5,,28921,8,,,1,5,,29010,8,,,1,5,,28909,8,,,1,45,,29034,8,,,1,5,,28933,8,,,1,5,,29018,8,,,1,5,,28974,8,,,1,5,,29051,8,,,1,5,,28944,8,,,1,5,,28961,8,,,1,5,,28991,8,,,1,5,,28898,8,,,1,5,,29003,8,,,1,5,,28922,8,,,1,5,,29011,8,,,1,44,,28910,8,,,1,5,,29035,8,,,1,6,,28934,8,,,1,6,,29019,8,,,1,7,,28975,8,,,1,10,,28945,8,,,1,10,,28992,8,,,1,10,,28899,8,,,1,50,,28923,8,,,1,10,,29036,8,,,1,10,,29020,8,,,1,10,,28976,8,,,1,10,,28946,8,,,1,10,,28993,8,,,1,50,,28900,8,,,1,10,,28924,8,,,1,10,,29037,8,,,1,10,,29021,8,,,1,10,,28977,8,,,1,10,,28947,8,,,1,50,,28994,8,,,1,10,,28901,8,,,1,10,,28925,8,,,1,10,,29038,8,,,1,10,,29022,8,,,1,10,,28978,8,,,1,50,,28948,8,,,1,10,,28995,8,,,1,10,,28902,8,,,1,10,,28926,8,,,1,10,,29039,8,,,1,7,,29012,8,,,1,5,,28911,8,,,1,45,,28979,8,,,1,5,,29052,8,,,1,5,,28949,8,,,1,5,,28962,8,,,1,5,,28996,8,,,1,5,,29023,8,,,1,5,,29004,8,,,1,5,,28903,8,,,1,5,,28935,8,,,1,5,,28927,8,,,1,5,,29040,8,,,1,5,,29013,8,,,1,45,,28912,8,,,1,5,,28980,8,,,1,5,,29053,8,,,1,5,,28950,8,,,1,5,,28963,8,,,1,5,,28997,8,,,1,5,,29024,8,,,1,5,,29005,8,,,1,5,,28904,8,,,1,5,,28936,8,,,1,5,,28928,8,,,1,5,,29041,8,,,1,45,,29014,8,,,1,5,,28913,8,,,1,5,,28981,8,,,1,5,,29054,8,,,1,5,,28951,8,,,1,5,,28964,8,,,1,5,,28998,8,,,1,5,,29025,8,,,1,5,,29006,8,,,1,5,,28905,8,,,1,5,,28937,8,,,1,5,,28929,8,,,1,45,,29042,8,,,1,5,,29015,8,,,1,5,,28914,8,,,1,5,,28982,8,,,1,5,,29055,8,,,1,5,,28952,8,,,1,5,,28965,8,,,1,5,,28999,8,,,1,4,,29026,8,,,1,6,,29007,8,,,1,53,,28938,8,,,1,10,,29043,8,,,1,10,,28915,8,,,1,10,,28983,8,,,1,10,,28953,8,,,1,10,,28966,8,,,1,50,,29027,8,,,1,10,,28939,8,,,1,10,,29044,8,,,1,10,,28916,8,,,1,10,,28984,8,,,1,10,,28954,8,,,1,50,,28967,8,,,1,10,,29028,8,,,1,10,,28940,8,,,1,10,,29045,8,,,1,10,,28917,8,,,1,10,,28985,8,,,1,55,,28955,8,,,1,15,,28968,8,,,1,15,,29029,8,,,1,15,,29046,8,,,1,55,,28986,8,,,1,15,,28956,8,,,1,15,,28969,8,,,1,15,,29030,8,,,1,55,,29047,8,,,1,15,,28987,8,,,1,15,,28957,8,,,1,15,,28970,8,,,1,55,,29031,8,,,1,15,,29048,8,,,1
18002300,'20260720-Weekday-32-26-06',520,,22831,8,,,1,10,,22855,8,,,1,10,,22843,8,,,1,10,,22867,8,,,1,51,,22908,8,,,1,10,,22878,8,,,1,7,,22895,8,,,1,5,,22925,8,,,1,5,,22832,8,,,1,5,,22937,8,,,1,5,,22856,8,,,1,5,,22945,8,,,1,5,,22844,8,,,1,5,,22969,8,,,1,5,,22868,8,,,1,45,,22953,8,,,1,5,,22909,8,,,1,5,,22986,8,,,1,5,,22879,8,,,1,5,,22896,8,,,1,5,,22926,8,,,1,5,,22833,8,,,1,5,,22938,8,,,1,5,,22857,8,,,1,5,,22946,8,,,1,5,,22845,8,,,1,5,,22970,8,,,1,45,,22869,8,,,1,5,,22954,8,,,1,5,,22910,8,,,1,5,,22987,8,,,1,5,,22880,8,,,1,5,,22897,8,,,1,5,,22927,8,,,1,5,,22834,8,,,1,5,,22939,8,,,1,5,,22858,8,,,1,5,,22947,8,,,1,5,,22846,8,,,1,45,,22971,8,,,1,5,,22870,8,,,1,5,,22955,8,,,1,5,,22911,8,,,1,5,,22988,8,,,1,5,,22881,8,,,1,5,,22898,8,,,1,5,,22928,8,,,1,5,,22835,8,,,1,5,,22940,8,,,1,5,,22859,8,,,1,5,,22948,8,,,1,44,,22847,8,,,1,5,,22972,8,,,1,6,,22871,8,,,1,6,,22956,8,,,1,7,,22912,8,,,1,10,,22882,8,,,1,10,,22929,8,,,1,10,,22836,8,,,1,50,,22860,8,,,1,10,,22973,8,,,1,10,,22957,8,,,1,10,,22913,8,,,1,10,,22883,8,,,1,10,,22930,8,,,1,50,,22837,8,,,1,10,,22861,8,,,1,10,,22974,8,,,1,10,,22958,8,,,1,10,,22914,8,,,1,10,,22884,8,,,1,50,,22931,8,,,1,10,,22838,8,,,1,10,,22862,8,,,1,10,,22975,8,,,1,10,,22959,8,,,1,10,,22915,8,,,1,50,,22885,8,,,1,10,,22932,8,,,1,10,,22839,8,,,1,10,,22863,8,,,1,10,,22976,8,,,1,7,,22949,8,,,1,5,,22848,8,,,1,45,,22916,8,,,1,5,,22989,8,,,1,5,,22886,8,,,1,5,,22899,8,,,1,5,,22933,8,,,1,5,,22960,8,,,1,5,,22941,8,,,1,5,,22840,8,,,1,5,,22872,8,,,1,5,,22864,8,,,1,5,,22977,8,,,1,5,,22950,8,,,1,45,,22849,8,,,1,5,,22917,8,,,1,5,,22990,8,,,1,5,,22887,8,,,1,5,,22900,8,,,1,5,,22934,8,,,1,5,,22961,8,,,1,5,,22942,8,,,1,5,,22841,8,,,1,5,,22873,8,,,1,5,,22865,8,,,1,5,,22978,8,,,1,45,,22951,8,,,1,5,,22850,8,,,1,5,,22918,8,,,1,5,,22991,8,,,1,5,,22888,8,,,1,5,,22901,8,,,1,5,,22935,8,,,1,5,,22962,8,,,1,5,,22943,8,,,1,5,,22842,8,,,1,5,,22874,8,,,1,5,,22866,8,,,1,45,,22979,8,,,1,5,,22952,8,,,1,5,,22851,8,,,1,5,,22919,8,,,1,5,,22992,8,,,1,5,,22889,8,,,1,5,,22902,8,,,1,5,,22936,8,,,1,4,,22963,8,,,1,6,,22944,8,,,1,53,,22875,8,,,1,10,,22980,8,,,1,10,,22852,8,,,1,10,,22920,8,,,1,10,,22890,8,,,1,10,,22903,8,,,1,50,,22964,8,,,1,10,,22876,8,,,1,10,,22981,8,,,1,10,,22853,8,,,1,10,,22921,8,,,1,10,,22891,8,,,1,50,,22904,8,,,1,10,,22965,8,,,1,10,,22877,8,,,1,10,,22982,8,,,1,10,,22854,8,,,1,10,,22922,8,,,1,55,,22892,8,,,1,15,,22905,8,,,1,15,,22966,8,,,1,15,,22983,8,,,1,55,,22923,8,,,1,15,,22893,8,,,1,15,,22906,8,,,1,15,,22967,8,,,1,55,,22984,8,,,1,15,,22924,8,,,1,15,,22894,8,,,1,15,,22907,8,,,1,55,,22968,8,,,1,15,,22985,8,,,1
18002300,'20260724-Holiday1-1-26-06',520,,22993,8,,,1,10,,23020,8,,,1,10,,23005,8,,,1,10,,23032,8,,,1,51,,23076,8,,,1,10,,23046,8,,,1,7,,23063,8,,,1,5,,23094,8,,,1,5,,22994,8,,,1,5,,23106,8,,,1,5,,23021,8,,,1,5,,23114,8,,,1,5,,23006,8,,,1,5,,23138,8,,,1,5,,23033,8,,,1,45,,23122,8,,,1,5,,23077,8,,,1,5,,23155,8,,,1,5,,23047,8,,,1,5,,23064,8,,,1,5,,23095,8,,,1,5,,22995,8,,,1,5,,23107,8,,,1,5,,23022,8,,,1,5,,23115,8,,,1,5,,23007,8,,,1,5,,23139,8,,,1,45,,23034,8,,,1,5,,23123,8,,,1,5,,23078,8,,,1,5,,23156,8,,,1,5,,23048,8,,,1,5,,23065,8,,,1,5,,23096,8,,,1,5,,22996,8,,,1,5,,23108,8,,,1,5,,23023,8,,,1,5,,23116,8,,,1,5,,23008,8,,,1,45,,23140,8,,,1,5,,23035,8,,,1,5,,23124,8,,,1,5,,23079,8,,,1,5,,23157,8,,,1,5,,23049,8,,,1,5,,23066,8,,,1,5,,23097,8,,,1,5,,22997,8,,,1,5,,23109,8,,,1,5,,23024,8,,,1,5,,23117,8,,,1,44,,23009,8,,,1,5,,23141,8,,,1,6,,23036,8,,,1,6,,23125,8,,,1,7,,23080,8,,,1,10,,23050,8,,,1,10,,23098,8,,,1,10,,22998,8,,,1,50,,23025,8,,,1,10,,23142,8,,,1,10,,23126,8,,,1,10,,23081,8,,,1,10,,23051,8,,,1,10,,23099,8,,,1,50,,22999,8,,,1,10,,23026,8,,,1,10,,23143,8,,,1,10,,23127,8,,,1,10,,23082,8,,,1,10,,23052,8,,,1,50,,23100,8,,,1,10,,23000,8,,,1,10,,23027,8,,,1,10,,23144,8,,,1,10,,23128,8,,,1,10,,23083,8,,,1,50,,23053,8,,,1,10,,23101,8,,,1,10,,23001,8,,,1,10,,23028,8,,,1,10,,23145,8,,,1,7,,23118,8,,,1,5,,23010,8,,,1,45,,23084,8,,,1,5,,23158,8,,,1,5,,23054,8,,,1,5,,23067,8,,,1,5,,23102,8,,,1,5,,23129,8,,,1,5,,23110,8,,,1,5,,23002,8,,,1,5,,23037,8,,,1,5,,23029,8,,,1,5,,23146,8,,,1,5,,23119,8,,,1,45,,23011,8,,,1,5,,23085,8,,,1,5,,23159,8,,,1,5,,23055,8,,,1,5,,23068,8,,,1,5,,23103,8,,,1,5,,23130,8,,,1,5,,23111,8,,,1,5,,23003,8,,,1,5,,23038,8,,,1,5,,23030,8,,,1,5,,23147,8,,,1,45,,23120,8,,,1,5,,23012,8,,,1,5,,23086,8,,,1,5,,23160,8,,,1,5,,23056,8,,,1,5,,23069,8,,,1,5,,23104,8,,,1,5,,23131,8,,,1,5,,23112,8,,,1,5,,23004,8,,,1,5,,23039,8,,,1,5,,23031,8,,,1,45,,23148,8,,,1,5,,23121,8,,,1,5,,23013,8,,,1,5,,23087,8,,,1,5,,23161,8,,,1,5,,23057,8,,,1,5,,23070,8,,,1,5,,23105,8,,,1,4,,23132,8,,,1,6,,23113,8,,,1,53,,23040,8,,,1,10,,23149,8,,,1,10,,23014,8,,,1,10,,23088,8,,,1,10,,23058,8,,,1,10,,23071,8,,,1,50,,23133,8,,,1,10,,23041,8,,,1,10,,23150,8,,,1,10,,23015,8,,,1,10,,23089,8,,,1,10,,23059,8,,,1,50,,23072,8,,,1,10,,23134,8,,,1,10,,23042,8,,,1,10,,23151,8,,,1,10,,23016,8,,,1,10,,23090,8,,,1,50,,23060,8,,,1,10,,23073,8,,,1,10,,23135,8,,,1,10,,23043,8,,,1,10,,23152,8,,,1,10,,23017,8,,,1,50,,23091,8,,,1,10,,23061,8,,,1,10,,23074,8,,,1,10,,23136,8,,,1,10,,23044,8,,,1,10,,23153,8,,,1,50,,23018,8,,,1,10,,23092,8,,,1,10,,23062,8,,,1,10,,23075,8,,,1,10,,23137,8,,,1,10,,23045,8,,,1,50,,23154,8,,,1,10,,23019,8,,,1,10,,23093,8,,,1
18002300,'20260725-Holiday2-1-26-06',531,,23162,8,,,1,10,,23180,8,,,1,10,,23197,8,,,1,50,,23214,8,,,1,10,,23231,8,,,1,10,,23248,8,,,1,10,,23265,8,,,1,10,,23163,8,,,1,10,,23181,8,,,1,50,,23198,8,,,1,10,,23215,8,,,1,10,,23232,8,,,1,10,,23249,8,,,1,10,,23266,8,,,1,10,,23164,8,,,1,50,,23182,8,,,1,10,,23199,8,,,1,10,,23216,8,,,1,10,,23233,8,,,1,10,,23250,8,,,1,10,,23267,8,,,1,50,,23165,8,,,1,10,,23183,8,,,1,10,,23200,8,,,1,10,,23217,8,,,1,10,,23234,8,,,1,10,,23251,8,,,1,50,,23268,8,,,1,10,,23166,8,,,1,10,,23184,8,,,1,10,,23201,8,,,1,10,,23218,8,,,1,10,,23235,8,,,1,50,,23252,8,,,1,10,,23269,8,,,1,10,,23167,8,,,1,10,,23185,8,,,1,10,,23202,8,,,1,10,,23219,8,,,1,50,,23236,8,,,1,10,,23253,8,,,1,10,,23270,8,,,1,10,,23168,8,,,1,10,,23186,8,,,1,10,,23203,8,,,1,50,,23220,8,,,1,10,,23237,8,,,1,10,,23254,8,,,1,10,,23271,8,,,1,10,,23169,8,,,1,10,,23187,8,,,1,50,,23204,8,,,1,10,,23221,8,,,1,10,,23238,8,,,1,10,,23255,8,,,1,10,,23272,8,,,1,10,,23170,8,,,1,50,,23188,8,,,1,10,,23205,8,,,1,10,,23222,8,,,1,10,,23239,8,,,1,10,,23256,8,,,1,10,,23273,8,,,1,50,,23171,8,,,1,10,,23189,8,,,1,10,,23206,8,,,1,10,,23223,8,,,1,10,,23240,8,,,1,10,,23257,8,,,1,50,,23274,8,,,1,10,,23172,8,,,1,10,,23190,8,,,1,10,,23207,8,,,1,10,,23224,8,,,1,10,,23241,8,,,1,50,,23258,8,,,1,10,,23275,8,,,1,10,,23173,8,,,1,10,,23191,8,,,1,10,,23208,8,,,1,10,,23225,8,,,1,50,,23242,8,,,1,10,,23259,8,,,1,10,,23276,8,,,1,10,,23174,8,,,1,10,,23192,8,,,1,10,,23209,8,,,1,50,,23226,8,,,1,10,,23243,8,,,1,10,,23260,8,,,1,10,,23277,8,,,1,10,,23175,8,,,1,10,,23193,8,,,1,50,,23210,8,,,1,10,,23227,8,,,1,10,,23244,8,,,1,10,,23261,8,,,1,10,,23278,8,,,1,10,,23176,8,,,1,50,,23194,8,,,1,10,,23211,8,,,1,10,,23228,8,,,1,10,,23245,8,,,1,10,,23262,8,,,1,10,,23279,8,,,1,50,,23177,8,,,1,10,,23195,8,,,1,10,,23212,8,,,1,10,,23229,8,,,1,10,,23246,8,,,1,10,,23263,8,,,1,50,,23280,8,,,1,10,,23178,8,,,1,10,,23196,8,,,1,10,,23213,8,,,1,10,,23230,8,,,1,10,,23247,8,,,1,50,,23264,8,,,1,10,,23281,8,,,1,10,,23179,8,,,1
18002300,'20260801-Saturday-1-26-06',531,,29056,8,,,1,10,,29073,8,,,1,10,,29090,8,,,1,50,,29102,8,,,1,10,,29119,8,,,1,10,,29136,8,,,1,10,,29152,8,,,1,10,,29057,8,,,1,10,,29074,8,,,1,50,,29091,8,,,1,10,,29103,8,,,1,10,,29120,8,,,1,10,,29137,8,,,1,10,,29153,8,,,1,10,,29058,8,,,1,50,,29075,8,,,1,10,,29092,8,,,1,10,,29104,8,,,1,10,,29121,8,,,1,10,,29138,8,,,1,10,,29154,8,,,1,50,,29059,8,,,1,10,,29076,8,,,1,10,,29093,8,,,1,10,,29105,8,,,1,10,,29122,8,,,1,10,,29139,8,,,1,50,,29155,8,,,1,10,,29060,8,,,1,10,,29077,8,,,1,10,,29094,8,,,1,10,,29106,8,,,1,10,,29123,8,,,1,50,,29140,8,,,1,10,,29156,8,,,1,10,,29061,8,,,1,10,,29078,8,,,1,10,,29095,8,,,1,10,,29107,8,,,1,50,,29124,8,,,1,10,,29141,8,,,1,10,,29157,8,,,1,10,,29062,8,,,1,10,,29079,8,,,1,10,,29096,8,,,1,50,,29108,8,,,1,10,,29125,8,,,1,10,,29142,8,,,1,10,,29158,8,,,1,10,,29063,8,,,1,10,,29080,8,,,1,50,,29097,8,,,1,10,,29109,8,,,1,10,,29126,8,,,1,10,,29143,8,,,1,10,,29159,8,,,1,10,,29064,8,,,1,50,,29081,8,,,1,10,,29098,8,,,1,10,,29110,8,,,1,10,,29127,8,,,1,10,,29144,8,,,1,10,,29160,8,,,1,50,,29065,8,,,1,10,,29082,8,,,1,10,,29099,8,,,1,10,,29111,8,,,1,10,,29128,8,,,1,10,,29145,8,,,1,50,,29161,8,,,1,10,,29066,8,,,1,10,,29083,8,,,1,10,,29100,8,,,1,10,,29112,8,,,1,10,,29129,8,,,1,50,,29146,8,,,1,10,,29162,8,,,1,10,,29067,8,,,1,10,,29084,8,,,1,10,,29101,8,,,1,10,,29113,8,,,1,55,,29130,8,,,1,15,,29147,8,,,1,15,,29068,8,,,1,15,,29085,8,,,1,55,,29114,8,,,1,15,,29131,8,,,1,15,,29148,8,,,1,15,,29069,8,,,1,55,,29086,8,,,1,15,,29115,8,,,1,15,,29132,8,,,1,15,,29149,8,,,1,55,,29070,8,,,1,15,,29087,8,,,1,15,,29116,8,,,1,15,,29133,8,,,1,55,,29150,8,,,1,15,,29071,8,,,1,15,,29088,8,,,1,15,,29117,8,,,1,55,,29134,8,,,1,15,,29151,8,,,1,15,,29072,8,,,1,15,,29089,8,,,1,55,,29118,8,,,1,15,,29135,8,,,1
18002300,'20260801-Saturday-33-26-06',531,,23389,8,,,1,10,,23406,8,,,1,10,,23423,8,,,1,50,,23435,8,,,1,10,,23452,8,,,1,10,,23469,8,,,1,10,,23485,8,,,1,10,,23390,8,,,1,10,,23407,8,,,1,50,,23424,8,,,1,10,,23436,8,,,1,10,,23453,8,,,1,10,,23470,8,,,1,10,,23486,8,,,1,10,,23391,8,,,1,50,,23408,8,,,1,10,,23425,8,,,1,10,,23437,8,,,1,10,,23454,8,,,1,10,,23471,8,,,1,10,,23487,8,,,1,50,,23392,8,,,1,10,,23409,8,,,1,10,,23426,8,,,1,10,,23438,8,,,1,10,,23455,8,,,1,10,,23472,8,,,1,50,,23488,8,,,1,10,,23393,8,,,1,10,,23410,8,,,1,10,,23427,8,,,1,10,,23439,8,,,1,10,,23456,8,,,1,50,,23473,8,,,1,10,,23489,8,,,1,10,,23394,8,,,1,10,,23411,8,,,1,10,,23428,8,,,1,10,,23440,8,,,1,50,,23457,8,,,1,10,,23474,8,,,1,10,,23490,8,,,1,10,,23395,8,,,1,10,,23412,8,,,1,10,,23429,8,,,1,50,,23441,8,,,1,10,,23458,8,,,1,10,,23475,8,,,1,10,,23491,8,,,1,10,,23396,8,,,1,10,,23413,8,,,1,50,,23430,8,,,1,10,,23442,8,,,1,10,,23459,8,,,1,10,,23476,8,,,1,10,,23492,8,,,1,10,,23397,8,,,1,50,,23414,8,,,1,10,,23431,8,,,1,10,,23443,8,,,1,10,,23460,8,,,1,10,,23477,8,,,1,10,,23493,8,,,1,50,,23398,8,,,1,10,,23415,8,,,1,10,,23432,8,,,1,10,,23444,8,,,1,10,,23461,8,,,1,10,,23478,8,,,1,50,,23494,8,,,1,10,,23399,8,,,1,10,,23416,8,,,1,10,,23433,8,,,1,10,,23445,8,,,1,10,,23462,8,,,1,50,,23479,8,,,1,10,,23495,8,,,1,10,,23400,8,,,1,10,,23417,8,,,1,10,,23434,8,,,1,10,,23446,8,,,1,55,,23463,8,,,1,15,,23480,8,,,1,15,,23401,8,,,1,15,,23418,8,,,1,55,,23447,8,,,1,15,,23464,8,,,1,15,,23481,8,,,1,15,,23402,8,,,1,55,,23419,8,,,1,15,,23448,8,,,1,15,,23465,8,,,1,15,,23482,8,,,1,55,,23403,8,,,1,15,,23420,8,,,1,15,,23449,8,,,1,15,,23466,8,,,1,55,,23483,8,,,1,15,,23404,8,,,1,15,,23421,8,,,1,15,,23450,8,,,1,55,,23467,8,,,1,15,,23484,8,,,1,15,,23405,8,,,1,15,,23422,8,,,1,55,,23451,8,,,1,15,,23468,8,,,1
18002300,'20260801-Saturday-43-26-06',531,,29163,8,,,1,10,,29180,8,,,1,10,,29197,8,,,1,50,,29209,8,,,1,10,,29226,8,,,1,10,,29243,8,,,1,10,,29259,8,,,1,10,,29164,8,,,1,10,,29181,8,,,1,50,,29198,8,,,1,10,,29210,8,,,1,10,,29227,8,,,1,10,,29244,8,,,1,10,,29260,8,,,1,10,,29165,8,,,1,50,,29182,8,,,1,10,,29199,8,,,1,10,,29211,8,,,1,10,,29228,8,,,1,10,,29245,8,,,1,10,,29261,8,,,1,50,,29166,8,,,1,10,,29183,8,,,1,10,,29200,8,,,1,10,,29212,8,,,1,10,,29229,8,,,1,10,,29246,8,,,1,50,,29262,8,,,1,10,,29167,8,,,1,10,,29184,8,,,1,10,,29201,8,,,1,10,,29213,8,,,1,10,,29230,8,,,1,50,,29247,8,,,1,10,,29263,8,,,1,10,,29168,8,,,1,10,,29185,8,,,1,10,,29202,8,,,1,10,,29214,8,,,1,50,,29231,8,,,1,10,,29248,8,,,1,10,,29264,8,,,1,10,,29169,8,,,1,10,,29186,8,,,1,10,,29203,8,,,1,50,,29215,8,,,1,10,,29232,8,,,1,10,,29249,8,,,1,10,,29265,8,,,1,10,,29170,8,,,1,10,,29187,8,,,1,50,,29204,8,,,1,10,,29216,8,,,1,10,,29233,8,,,1,10,,29250,8,,,1,10,,29266,8,,,1,10,,29171,8,,,1,50,,29188,8,,,1,10,,29205,8,,,1,10,,29217,8,,,1,10,,29234,8,,,1,10,,29251,8,,,1,10,,29267,8,,,1,50,,29172,8,,,1,10,,29189,8,,,1,10,,29206,8,,,1,10,,29218,8,,,1,10,,29235,8,,,1,10,,29252,8,,,1,50,,29268,8,,,1,10,,29173,8,,,1,10,,29190,8,,,1,10,,29207,8,,,1,10,,29219,8,,,1,10,,29236,8,,,1,50,,29253,8,,,1,10,,29269,8,,,1,10,,29174,8,,,1,10,,29191,8,,,1,10,,29208,8,,,1,10,,29220,8,,,1,55,,29237,8,,,1,15,,29254,8,,,1,15,,29175,8,,,1,15,,29192,8,,,1,55,,29221,8,,,1,15,,29238,8,,,1,15,,29255,8,,,1,15,,29176,8,,,1,55,,29193,8,,,1,15,,29222,8,,,1,15,,29239,8,,,1,15,,29256,8,,,1,55,,29177,8,,,1,15,,29194,8,,,1,15,,29223,8,,,1,15,,29240,8,,,1,55,,29257,8,,,1,15,,29178,8,,,1,15,,29195,8,,,1,15,,29224,8,,,1,55,,29241,8,,,1,15,,29258,8,,,1,15,,29179,8,,,1,15,,29196,8,,,1,55,,29225,8,,,1,15,,29242,8,,,1
18002300,'20260806-Holiday1-2-26-06',520,,29270,8,,,1,10,,29297,8,,,1,10,,29282,8,,,1,10,,29309,8,,,1,51,,29353,8,,,1,10,,29323,8,,,1,7,,29340,8,,,1,5,,29371,8,,,1,5,,29271,8,,,1,5,,29383,8,,,1,5,,29298,8,,,1,5,,29391,8,,,1,5,,29283,8,,,1,5,,29415,8,,,1,5,,29310,8,,,1,45,,29399,8,,,1,5,,29354,8,,,1,5,,29432,8,,,1,5,,29324,8,,,1,5,,29341,8,,,1,5,,29372,8,,,1,5,,29272,8,,,1,5,,29384,8,,,1,5,,29299,8,,,1,5,,29392,8,,,1,5,,29284,8,,,1,5,,29416,8,,,1,45,,29311,8,,,1,5,,29400,8,,,1,5,,29355,8,,,1,5,,29433,8,,,1,5,,29325,8,,,1,5,,29342,8,,,1,5,,29373,8,,,1,5,,29273,8,,,1,5,,29385,8,,,1,5,,29300,8,,,1,5,,29393,8,,,1,5,,29285,8,,,1,45,,29417,8,,,1,5,,29312,8,,,1,5,,29401,8,,,1,5,,29356,8,,,1,5,,29434,8,,,1,5,,29326,8,,,1,5,,29343,8,,,1,5,,29374,8,,,1,5,,29274,8,,,1,5,,29386,8,,,1,5,,29301,8,,,1,5,,29394,8,,,1,44,,29286,8,,,1,5,,29418,8,,,1,6,,29313,8,,,1,6,,29402,8,,,1,7,,29357,8,,,1,10,,29327,8,,,1,10,,29375,8,,,1,10,,29275,8,,,1,50,,29302,8,,,1,10,,29419,8,,,1,10,,29403,8,,,1,10,,29358,8,,,1,10,,29328,8,,,1,10,,29376,8,,,1,50,,29276,8,,,1,10,,29303,8,,,1,10,,29420,8,,,1,10,,29404,8,,,1,10,,29359,8,,,1,10,,29329,8,,,1,50,,29377,8,,,1,10,,29277,8,,,1,10,,29304,8,,,1,10,,29421,8,,,1,10,,29405,8,,,1,10,,29360,8,,,1,50,,29330,8,,,1,10,,29378,8,,,1,10,,29278,8,,,1,10,,29305,8,,,1,10,,29422,8,,,1,7,,29395,8,,,1,5,,29287,8,,,1,45,,29361,8,,,1,5,,29435,8,,,1,5,,29331,8,,,1,5,,29344,8,,,1,5,,29379,8,,,1,5,,29406,8,,,1,5,,29387,8,,,1,5,,29279,8,,,1,5,,29314,8,,,1,5,,29306,8,,,1,5,,29423,8,,,1,5,,29396,8,,,1,45,,29288,8,,,1,5,,29362,8,,,1,5,,29436,8,,,1,5,,29332,8,,,1,5,,29345,8,,,1,5,,29380,8,,,1,5,,29407,8,,,1,5,,29388,8,,,1,5,,29280,8,,,1,5,,29315,8,,,1,5,,29307,8,,,1,5,,29424,8,,,1,45,,29397,8,,,1,5,,29289,8,,,1,5,,29363,8,,,1,5,,29437,8,,,1,5,,29333,8,,,1,5,,29346,8,,,1,5,,29381,8,,,1,5,,29408,8,,,1,5,,29389,8,,,1,5,,29281,8,,,1,5,,29316,8,,,1,5,,29308,8,,,1,45,,29425,8,,,1,5,,29398,8,,,1,5,,29290,8,,,1,5,,29364,8,,,1,5,,29438,8,,,1,5,,29334,8,,,1,5,,29347,8,,,1,5,,29382,8,,,1,4,,29409,8,,,1,6,,29390,8,,,1,53,,29317,8,,,1,10,,29426,8,,,1,10,,29291,8,,,1,10,,29365,8,,,1,10,,29335,8,,,1,10,,29348,8,,,1,50,,29410,8,,,1,10,,29318,8,,,1,10,,29427,8,,,1,10,,29292,8,,,1,10,,29366,8,,,1,10,,29336,8,,,1,50,,29349,8,,,1,10,,29411,8,,,1,10,,29319,8,,,1,10,,29428,8,,,1,10,,29293,8,,,1,10,,29367,8,,,1,50,,29337,8,,,1,10,,29350,8,,,1,10,,29412,8,,,1,10,,29320,8,,,1,10,,29429,8,,,1,10,,29294,8,,,1,50,,29368,8,,,1,10,,29338,8,,,1,10,,29351,8,,,1,10,,29413,8,,,1,10,,29321,8,,,1,10,,29430,8,,,1,50,,29295,8,,,1,10,,29369,8,,,1,10,,29339,8,,,1,10,,29352,8,,,1,10,,29414,8,,,1,10,,29322,8,,,1,50,,29431,8,,,1,10,,29296,8,,,1,10,,29370,8,,,1
18002300,'20260808-Holiday2-2-26-06',531,,29439,8,,,1,10,,29457,8,,,1,10,,29474,8,,,1,50,,29491,8,,,1,10,,29508,8,,,1,10,,29525,8,,,1,10,,29542,8,,,1,10,,29440,8,,,1,10,,29458,8,,,1,50,,29475,8,,,1,10,,29492,8,,,1,10,,29509,8,,,1,10,,29526,8,,,1,10,,29543,8,,,1,10,,29441,8,,,1,50,,29459,8,,,1,10,,29476,8,,,1,10,,29493,8,,,1,10,,29510,8,,,1,10,,29527,8,,,1,10,,29544,8,,,1,50,,29442,8,,,1,10,,29460,8,,,1,10,,29477,8,,,1,10,,29494,8,,,1,10,,29511,8,,,1,10,,29528,8,,,1,50,,29545,8,,,1,10,,29443,8,,,1,10,,29461,8,,,1,10,,29478,8,,,1,10,,29495,8,,,1,10,,29512,8,,,1,50,,29529,8,,,1,10,,29546,8,,,1,10,,29444,8,,,1,10,,29462,8,,,1,10,,29479,8,,,1,10,,29496,8,,,1,50,,29513,8,,,1,10,,29530,8,,,1,10,,29547,8,,,1,10,,29445,8,,,1,10,,29463,8,,,1,10,,29480,8,,,1,50,,29497,8,,,1,10,,29514,8,,,1,10,,29531,8,,,1,10,,29548,8,,,1,10,,29446,8,,,1,10,,29464,8,,,1,50,,29481,8,,,1,10,,29498,8,,,1,10,,29515,8,,,1,10,,29532,8,,,1,10,,29549,8,,,1,10,,29447,8,,,1,50,,29465,8,,,1,10,,29482,8,,,1,10,,29499,8,,,1,10,,29516,8,,,1,10,,29533,8,,,1,10,,29550,8,,,1,50,,29448,8,,,1,10,,29466,8,,,1,10,,29483,8,,,1,10,,29500,8,,,1,10,,29517,8,,,1,10,,29534,8,,,1,50,,29551,8,,,1,10,,29449,8,,,1,10,,29467,8,,,1,10,,29484,8,,,1,10,,29501,8,,,1,10,,29518,8,,,1,50,,29535,8,,,1,10,,29552,8,,,1,10,,29450,8,,,1,10,,29468,8,,,1,10,,29485,8,,,1,10,,29502,8,,,1,50,,29519,8,,,1,10,,29536,8,,,1,10,,29553,8,,,1,10,,29451,8,,,1,10,,29469,8,,,1,10,,29486,8,,,1,50,,29503,8,,,1,10,,29520,8,,,1,10,,29537,8,,,1,10,,29554,8,,,1,10,,29452,8,,,1,10,,29470,8,,,1,50,,29487,8,,,1,10,,29504,8,,,1,10,,29521,8,,,1,10,,29538,8,,,1,10,,29555,8,,,1,10,,29453,8,,,1,50,,29471,8,,,1,10,,29488,8,,,1,10,,29505,8,,,1,10,,29522,8,,,1,10,,29539,8,,,1,10,,29556,8,,,1,50,,29454,8,,,1,10,,29472,8,,,1,10,,29489,8,,,1,10,,29506,8,,,1,10,,29523,8,,,1,10,,29540,8,,,1,50,,29557,8,,,1,10,,29455,8,,,1,10,,29473,8,,,1,10,,29490,8,,,1,10,,29507,8,,,1,10,,29524,8,,,1,50,,29541,8,,,1,10,,29558,8,,,1,10,,29456,8,,,1
18002300,'20260809-Holiday3-1-26-06',531,,29559,8,,,1,15,,29576,8,,,1,55,,29593,8,,,1,15,,29609,8,,,1,15,,29625,8,,,1,15,,29560,8,,,1,55,,29577,8,,,1,15,,29594,8,,,1,15,,29610,8,,,1,15,,29626,8,,,1,55,,29561,8,,,1,15,,29578,8,,,1,15,,29595,8,,,1,15,,29611,8,,,1,55,,29627,8,,,1,15,,29562,8,,,1,15,,29579,8,,,1,15,,29596,8,,,1,55,,29612,8,,,1,15,,29628,8,,,1,15,,29563,8,,,1,15,,29580,8,,,1,55,,29597,8,,,1,15,,29613,8,,,1,15,,29629,8,,,1,15,,29564,8,,,1,55,,29581,8,,,1,15,,29598,8,,,1,15,,29614,8,,,1,15,,29630,8,,,1,55,,29565,8,,,1,15,,29582,8,,,1,15,,29599,8,,,1,15,,29615,8,,,1,10,,29631,8,,,1,55,,29566,8,,,1,15,,29583,8,,,1,15,,29600,8,,,1,15,,29616,8,,,1,50,,29632,8,,,1,10,,29641,8,,,1,10,,29567,8,,,1,10,,29584,8,,,1,10,,29650,8,,,1,10,,29601,8,,,1,50,,29617,8,,,1,10,,29633,8,,,1,10,,29642,8,,,1,10,,29568,8,,,1,10,,29585,8,,,1,10,,29651,8,,,1,50,,29602,8,,,1,10,,29618,8,,,1,10,,29634,8,,,1,10,,29643,8,,,1,10,,29569,8,,,1,10,,29586,8,,,1,50,,29652,8,,,1,10,,29603,8,,,1,10,,29619,8,,,1,10,,29635,8,,,1,10,,29644,8,,,1,10,,29570,8,,,1,50,,29587,8,,,1,10,,29653,8,,,1,10,,29604,8,,,1,10,,29620,8,,,1,10,,29636,8,,,1,10,,29645,8,,,1,50,,29571,8,,,1,10,,29588,8,,,1,10,,29654,8,,,1,10,,29605,8,,,1,10,,29621,8,,,1,10,,29637,8,,,1,50,,29646,8,,,1,10,,29572,8,,,1,10,,29589,8,,,1,10,,29655,8,,,1,10,,29606,8,,,1,10,,29622,8,,,1,50,,29638,8,,,1,10,,29647,8,,,1,10,,29573,8,,,1,10,,29590,8,,,1,10,,29656,8,,,1,10,,29607,8,,,1,50,,29623,8,,,1,10,,29639,8,,,1,10,,29648,8,,,1,10,,29574,8,,,1,10,,29591,8,,,1,10,,29657,8,,,1,50,,29608,8,,,1,10,,29624,8,,,1,10,,29640,8,,,1,10,,29649,8,,,1,10,,29575,8,,,1,10,,29592,8,,,1,50,,29658,8,,,1
18002300,'20260826-Holiday2-1-26-06',520,,29659,8,,,1,10,,29686,8,,,1,10,,29671,8,,,1,10,,29698,8,,,1,51,,29742,8,,,1,10,,29712,8,,,1,7,,29729,8,,,1,5,,29760,8,,,1,5,,29660,8,,,1,5,,29772,8,,,1,5,,29687,8,,,1,5,,29780,8,,,1,5,,29672,8,,,1,5,,29804,8,,,1,5,,29699,8,,,1,45,,29788,8,,,1,5,,29743,8,,,1,5,,29821,8,,,1,5,,29713,8,,,1,5,,29730,8,,,1,5,,29761,8,,,1,5,,29661,8,,,1,5,,29773,8,,,1,5,,29688,8,,,1,5,,29781,8,,,1,5,,29673,8,,,1,5,,29805,8,,,1,45,,29700,8,,,1,5,,29789,8,,,1,5,,29744,8,,,1,5,,29822,8,,,1,5,,29714,8,,,1,5,,29731,8,,,1,5,,29762,8,,,1,5,,29662,8,,,1,5,,29774,8,,,1,5,,29689,8,,,1,5,,29782,8,,,1,5,,29674,8,,,1,45,,29806,8,,,1,5,,29701,8,,,1,5,,29790,8,,,1,5,,29745,8,,,1,5,,29823,8,,,1,5,,29715,8,,,1,5,,29732,8,,,1,5,,29763,8,,,1,5,,29663,8,,,1,5,,29775,8,,,1,5,,29690,8,,,1,5,,29783,8,,,1,44,,29675,8,,,1,5,,29807,8,,,1,6,,29702,8,,,1,6,,29791,8,,,1,7,,29746,8,,,1,10,,29716,8,,,1,10,,29764,8,,,1,10,,29664,8,,,1,50,,29691,8,,,1,10,,29808,8,,,1,10,,29792,8,,,1,10,,29747,8,,,1,10,,29717,8,,,1,10,,29765,8,,,1,50,,29665,8,,,1,10,,29692,8,,,1,10,,29809,8,,,1,10,,29793,8,,,1,10,,29748,8,,,1,10,,29718,8,,,1,50,,29766,8,,,1,10,,29666,8,,,1,10,,29693,8,,,1,10,,29810,8,,,1,10,,29794,8,,,1,10,,29749,8,,,1,50,,29719,8,,,1,10,,29767,8,,,1,10,,29667,8,,,1,10,,29694,8,,,1,10,,29811,8,,,1,7,,29784,8,,,1,5,,29676,8,,,1,45,,29750,8,,,1,5,,29824,8,,,1,5,,29720,8,,,1,5,,29733,8,,,1,5,,29768,8,,,1,5,,29795,8,,,1,5,,29776,8,,,1,5,,29668,8,,,1,5,,29703,8,,,1,5,,29695,8,,,1,5,,29812,8,,,1,5,,29785,8,,,1,45,,29677,8,,,1,5,,29751,8,,,1,5,,29825,8,,,1,5,,29721,8,,,1,5,,29734,8,,,1,5,,29769,8,,,1,5,,29796,8,,,1,5,,29777,8,,,1,5,,29669,8,,,1,5,,29704,8,,,1,5,,29696,8,,,1,5,,29813,8,,,1,45,,29786,8,,,1,5,,29678,8,,,1,5,,29752,8,,,1,5,,29826,8,,,1,5,,29722,8,,,1,5,,29735,8,,,1,5,,29770,8,,,1,5,,29797,8,,,1,5,,29778,8,,,1,5,,29670,8,,,1,5,,29705,8,,,1,5,,29697,8,,,1,45,,29814,8,,,1,5,,29787,8,,,1,5,,29679,8,,,1,5,,29753,8,,,1,5,,29827,8,,,1,5,,29723,8,,,1,5,,29736,8,,,1,5,,29771,8,,,1,4,,29798,8,,,1,6,,29779,8,,,1,53,,29706,8,,,1,10,,29815,8,,,1,10,,29680,8,,,1,10,,29754,8,,,1,10,,29724,8,,,1,10,,29737,8,,,1,50,,29799,8,,,1,10,,29707,8,,,1,10,,29816,8,,,1,10,,29681,8,,,1,10,,29755,8,,,1,10,,29725,8,,,1,50,,29738,8,,,1,10,,29800,8,,,1,10,,29708,8,,,1,10,,29817,8,,,1,10,,29682,8,,,1,10,,29756,8,,,1,50,,29726,8,,,1,10,,29739,8,,,1,10,,29801,8,,,1,10,,29709,8,,,1,10,,29818,8,,,1,10,,29683,8,,,1,50,,29757,8,,,1,10,,29727,8,,,1,10,,29740,8,,,1,10,,29802,8,,,1,10,,29710,8,,,1,10,,29819,8,,,1,50,,29684,8,,,1,10,,29758,8,,,1,10,,29728,8,,,1,10,,29741,8,,,1,10,,29803,8,,,1,10,,29711,8,,,1,50,,29820,8,,,1,10,,29685,8,,,1,10,,29759,8,,,1
