18002100,'021R-Weekday-1-26-09',525,,32280,6,,,1,12,,32281,6,,,1,12,,32282,6,,,1,52,,32283,6,,,1,12,,32284,6,,,1,12,,32285,6,,,1,12,,32286,6,,,1,6,,32287,6,,,1,6,,32288,6,,,1,6,,32289,6,,,1,46,,32290,6,,,1,6,,32291,6,,,1,6,,32292,6,,,1,6,,32293,6,,,1,6,,32294,6,,,1,6,,32295,6,,,1,6,,32296,6,,,1,6,,32297,6,,,1,6,,32298,6,,,1,6,,32299,6,,,1,46,,32300,6,,,1,6,,32301,6,,,1,6,,32302,6,,,1,6,,32303,6,,,1,6,,32304,6,,,1,6,,32305,6,,,1,6,,32306,6,,,1,6,,32307,6,,,1,6,,32308,6,,,1,6,,32309,6,,,1,46,,32310,6,,,1,6,,32311,6,,,1,6,,32312,6,,,1,6,,32313,6,,,1,6,,32314,6,,,1,6,,32315,6,,,1,6,,32316,6,,,1,6,,32317,6,,,1,6,,32318,6,,,1,6,,32319,6,,,1,50,,32320,6,,,1,10,,32321,6,,,1,10,,32322,6,,,1,10,,32323,6,,,1,10,,32324,6,,,1,10,,32325,6,,,1,50,,32326,6,,,1,10,,32327,6,,,1,10,,32328,6,,,1,10,,32329,6,,,1,10,,32330,6,,,1,10,,32331,6,,,1,50,,32332,6,,,1,10,,32333,6,,,1,10,,32334,6,,,1,10,,32335,6,,,1,10,,32336,6,,,1,10,,32337,6,,,1,50,,32338,6,,,1,10,,32339,6,,,1,10,,32340,6,,,1,10,,32341,6,,,1,10,,32342,6,,,1,10,,32343,6,,,1,50,,32344,6,,,1,10,,32345,6,,,1,10,,32346,6,,,1,10,,32347,6,,,1,10,,32348,6,,,1,10,,32349,6,,,1,46,,32350,6,,,1,6,,32351,6,,,1,6,,32352,6,,,1,6,,32353,6,,,1,6,,32354,6,,,1,6,,32355,6,,,1,6,,32356,6,,,1,6,,32357,6,,,1,6,,32358,6,,,1,6,,32359,6,,,1,46,,32360,6,,,1,6,,32361,6,,,1,6,,32362,6,,,1,6,,32363,6,,,1,6,,32364,6,,,1,6,,32365,6,,,1,6,,32366,6,,,1,6,,32367,6,,,1,6,,32368,6,,,1,6,,32369,6,,,1,46,,32370,6,,,1,6,,32371,6,,,1,6,,32372,6,,,1,6,,32373,6,,,1,6,,32374,6,,,1,6,,32375,6,,,1,6,,32376,6,,,1,6,,32377,6,,,1,6,,32378,6,,,1,6,,32379,6,,,1,46,,32380,6,,,1,6,,32381,6,,,1,6,,32382,6,,,1,6,,32383,6,,,1,6,,32384,6,,,1,6,,32385,6,,,1,6,,32386,6,,,1,6,,32387,6,,,1,6,,32388,6,,,1,6,,32389,6,,,1,46,,32390,6,,,1,9,,32415,6,,,1,15,,32391,6,,,1,15,,32392,6,,,1,15,,32393,6,,,1,55,,32394,6,,,1,15,,32395,6,,,1,15,,32396,6,,,1,15,,32397,6,,,1,55,,32398,6,,,1,15,,32399,6,,,1,15,,32400,6,,,1,15,,32401,6,,,1,55,,32402,6,,,1,15,,32403,6,,,1,15,,32404,6,,,1,15,,32405,6,,,1,55,,32406,6,,,1,15,,32407,6,,,1,15,,32408,6,,,1,15,,32409,6,,,1,55,,32410,6,,,1,15,,32411,6,,,1,15,,32412,6,,,1,15,,32413,6,,,1,55,,32414,6,,,1,15,,32416,6,,,1
18002100,'021R-Weekday-2-26-09',525,,32417,6,,,1,12,,32418,6,,,1,12,,32419,6,,,1,52,,32420,6,,,1,12,,32421,6,,,1,12,,32422,6,,,1,12,,32423,6,,,1,6,,32424,6,,,1,6,,32425,6,,,1,6,,32426,6,,,1,46,,32427,6,,,1,6,,32428,6,,,1,6,,32429,6,,,1,6,,32430,6,,,1,6,,32431,6,,,1,6,,32432,6,,,1,6,,32433,6,,,1,6,,32434,6,,,1,6,,32435,6,,,1,6,,32436,6,,,1,46,,32437,6,,,1,6,,32438,6,,,1,6,,32439,6,,,1,6,,32440,6,,,1,6,,32441,6,,,1,6,,32442,6,,,1,6,,32443,6,,,1,6,,32444,6,,,1,6,,32445,6,,,1,6,,32446,6,,,1,46,,32447,6,,,1,6,,32448,6,,,1,6,,32449,6,,,1,6,,32450,6,,,1,6,,32451,6,,,1,6,,32452,6,,,1,6,,32453,6,,,1,6,,32454,6,,,1,6,,32455,6,,,1,6,,32456,6,,,1,50,,32457,6,,,1,10,,32458,6,,,1,10,,32459,6,,,1,10,,32460,6,,,1,10,,32461,6,,,1,10,,32462,6,,,1,50,,32463,6,,,1,10,,32464,6,,,1,10,,32465,6,,,1,10,,32466,6,,,1,10,,32467,6,,,1,10,,32468,6,,,1,50,,32469,6,,,1,10,,32470,6,,,1,10,,32471,6,,,1,10,,32472,6,,,1,10,,32473,6,,,1,10,,32474,6,,,1,50,,32475,6,,,1,10,,32476,6,,,1,10,,32477,6,,,1,10,,32478,6,,,1,10,,32479,6,,,1,10,,32480,6,,,1,50,,32481,6,,,1,10,,32482,6,,,1,10,,32483,6,,,1,10,,32484,6,,,1,10,,32485,6,,,1,10,,32486,6,,,1,46,,32487,6,,,1,6,,32488,6,,,1,6,,32489,6,,,1,6,,32490,6,,,1,6,,32491,6,,,1,6,,32492,6,,,1,6,,32493,6,,,1,6,,32494,6,,,1,6,,32495,6,,,1,6,,32496,6,,,1,46,,32497,6,,,1,6,,32498,6,,,1,6,,32499,6,,,1,6,,32500,6,,,1,6,,32501,6,,,1,6,,32502,6,,,1,6,,32503,6,,,1,6,,32504,6,,,1,6,,32505,6,,,1,6,,32506,6,,,1,46,,32507,6,,,1,6,,32508,6,,,1,6,,32509,6,,,1,6,,32510,6,,,1,6,,32511,6,,,1,6,,32512,6,,,1,6,,32513,6,,,1,6,,32514,6,,,1,6,,32515,6,,,1,6,,32516,6,,,1,46,,32517,6,,,1,6,,32518,6,,,1,6,,32519,6,,,1,6,,32520,6,,,1,6,,32521,6,,,1,6,,32522,6,,,1,6,,32523,6,,,1,6,,32524,6,,,1,6,,32525,6,,,1,6,,32526,6,,,1,46,,32527,6,,,1,9,,32552,6,,,1,15,,32528,6,,,1,15,,32529,6,,,1,15,,32530,6,,,1,55,,32531,6,,,1,15,,32532,6,,,1,15,,32533,6,,,1,15,,32534,6,,,1,55,,32535,6,,,1,15,,32536,6,,,1,15,,32537,6,,,1,15,,32538,6,,,1,55,,32539,6,,,1,15,,32540,6,,,1,15,,32541,6,,,1,15,,32542,6,,,1,55,,32543,6,,,1,15,,32544,6,,,1,15,,32545,6,,,1,15,,32546,6,,,1,55,,32547,6,,,1,15,,32548,6,,,1,15,,32549,6,,,1,15,,32550,6,,,1,55,,32551,6,,,1,15,,32553,6,,,1
18002100,'021R-Weekday-3-26-09',525,,35906,6,,,1,12,,35907,6,,,1,12,,35908,6,,,1,52,,35909,6,,,1,12,,35910,6,,,1,12,,35911,6,,,1,12,,35912,6,,,1,6,,35913,6,,,1,6,,35914,6,,,1,6,,35915,6,,,1,46,,35916,6,,,1,6,,35917,6,,,1,6,,35918,6,,,1,6,,35919,6,,,1,6,,35920,6,,,1,6,,35921,6,,,1,6,,35922,6,,,1,6,,35923,6,,,1,6,,35924,6,,,1,6,,35925,6,,,1,46,,35926,6,,,1,6,,35927,6,,,1,6,,35928,6,,,1,6,,35929,6,,,1,6,,35930,6,,,1,6,,35931,6,,,1,6,,35932,6,,,1,6,,35933,6,,,1,6,,35934,6,,,1,6,,35935,6,,,1,46,,35936,6,,,1,6,,35937,6,,,1,6,,35938,6,,,1,6,,35939,6,,,1,6,,35940,6,,,1,6,,35941,6,,,1,6,,35942,6,,,1,6,,35943,6,,,1,6,,35944,6,,,1,6,,35945,6,,,1,50,,35946,6,,,1,10,,35947,6,,,1,10,,35948,6,,,1,10,,35949,6,,,1,10,,35950,6,,,1,10,,35951,6,,,1,50,,35952,6,,,1,10,,35953,6,,,1,10,,35954,6,,,1,10,,35955,6,,,1,10,,35956,6,,,1,10,,35957,6,,,1,50,,35958,6,,,1,10,,35959,6,,,1,10,,35960,6,,,1,10,,35961,6,,,1,10,,35962,6,,,1,10,,35963,6,,,1,50,,35964,6,,,1,10,,35965,6,,,1,10,,35966,6,,,1,10,,35967,6,,,1,10,,35968,6,,,1,10,,35969,6,,,1,50,,35970,6,,,1,10,,35971,6,,,1,10,,35972,6,,,1,10,,35973,6,,,1,10,,35974,6,,,1,10,,35975,6,,,1,46,,35976,6,,,1,6,,35977,6,,,1,6,,35978,6,,,1,6,,35979,6,,,1,6,,35980,6,,,1,6,,35981,6,,,1,6,,35982,6,,,1,6,,35983,6,,,1,6,,35984,6,,,1,6,,35985,6,,,1,46,,35986,6,,,1,6,,35987,6,,,1,6,,35988,6,,,1,6,,35989,6,,,1,6,,35990,6,,,1,6,,35991,6,,,1,6,,35992,6,,,1,6,,35993,6,,,1,6,,35994,6,,,1,6,,35995,6,,,1,46,,35996,6,,,1,6,,35997,6,,,1,6,,35998,6,,,1,6,,35999,6,,,1,6,,36000,6,,,1,6,,36001,6,,,1,6,,36002,6,,,1,6,,36003,6,,,1,6,,36004,6,,,1,6,,36005,6,,,1,46,,36006,6,,,1,6,,36007,6,,,1,6,,36008,6,,,1,6,,36009,6,,,1,6,,36010,6,,,1,6,,36011,6,,,1,6,,36012,6,,,1,6,,36013,6,,,1,6,,36014,6,,,1,6,,36015,6,,,1,46,,36016,6,,,1,9,,36041,6,,,1,15,,36017,6,,,1,15,,36018,6,,,1,15,,36019,6,,,1,55,,36020,6,,,1,15,,36021,6,,,1,15,,36022,6,,,1,15,,36023,6,,,1,55,,36024,6,,,1,15,,36025,6,,,1,15,,36026,6,,,1,15,,36027,6,,,1,55,,36028,6,,,1,15,,36029,6,,,1,15,,36030,6,,,1,15,,36031,6,,,1,55,,36032,6,,,1,15,,36033,6,,,1,15,,36034,6,,,1,15,,36035,6,,,1,55,,36036,6,,,1,15,,36037,6,,,1,15,,36038,6,,,1,15,,36039,6,,,1,55,,36040,6,,,1,15,,36042,6,,,1
18002100,'021R-Weekday-4-26-09',525,,32554,6,,,1,12,,32555,6,,,1,12,,32556,6,,,1,52,,32557,6,,,1,12,,32558,6,,,1,12,,32559,6,,,1,12,,32560,6,,,1,6,,32561,6,,,1,6,,32562,6,,,1,6,,32563,6,,,1,46,,32564,6,,,1,6,,32565,6,,,1,6,,32566,6,,,1,6,,32567,6,,,1,6,,32568,6,,,1,6,,32569,6,,,1,6,,32570,6,,,1,6,,32571,6,,,1,6,,32572,6,,,1,6,,32573,6,,,1,46,,32574,6,,,1,6,,32575,6,,,1,6,,32576,6,,,1,6,,32577,6,,,1,6,,32578,6,,,1,6,,32579,6,,,1,6,,32580,6,,,1,6,,32581,6,,,1,6,,32582,6,,,1,6,,32583,6,,,1,46,,32584,6,,,1,6,,32585,6,,,1,6,,32586,6,,,1,6,,32587,6,,,1,6,,32588,6,,,1,6,,32589,6,,,1,6,,32590,6,,,1,6,,32591,6,,,1,6,,32592,6,,,1,6,,32593,6,,,1,50,,32594,6,,,1,10,,32595,6,,,1,10,,32596,6,,,1,10,,32597,6,,,1,10,,32598,6,,,1,10,,32599,6,,,1,50,,32600,6,,,1,10,,32601,6,,,1,10,,32602,6,,,1,10,,32603,6,,,1,10,,32604,6,,,1,10,,32605,6,,,1,50,,32606,6,,,1,10,,32607,6,,,1,10,,32608,6,,,1,10,,32609,6,,,1,10,,32610,6,,,1,10,,32611,6,,,1,50,,32612,6,,,1,10,,32613,6,,,1,10,,32614,6,,,1,10,,32615,6,,,1,10,,32616,6,,,1,10,,32617,6,,,1,50,,32618,6,,,1,10,,32619,6,,,1,10,,32620,6,,,1,10,,32621,6,,,1,10,,32622,6,,,1,10,,32623,6,,,1,46,,32624,6,,,1,6,,32625,6,,,1,6,,32626,6,,,1,6,,32627,6,,,1,6,,32628,6,,,1,6,,32629,6,,,1,6,,32630,6,,,1,6,,32631,6,,,1,6,,32632,6,,,1,6,,32633,6,,,1,46,,32634,6,,,1,6,,32635,6,,,1,6,,32636,6,,,1,6,,32637,6,,,1,6,,32638,6,,,1,6,,32639,6,,,1,6,,32640,6,,,1,6,,32641,6,,,1,6,,32642,6,,,1,6,,32643,6,,,1,46,,32644,6,,,1,6,,32645,6,,,1,6,,32646,6,,,1,6,,32647,6,,,1,6,,32648,6,,,1,6,,32649,6,,,1,6,,32650,6,,,1,6,,32651,6,,,1,6,,32652,6,,,1,6,,32653,6,,,1,46,,32654,6,,,1,6,,32655,6,,,1,6,,32656,6,,,1,6,,32657,6,,,1,6,,32658,6,,,1,6,,32659,6,,,1,6,,32660,6,,,1,6,,32661,6,,,1,6,,32662,6,,,1,6,,32663,6,,,1,46,,32664,6,,,1,9,,32689,6,,,1,15,,32665,6,,,1,15,,32666,6,,,1,15,,32667,6,,,1,55,,32668,6,,,1,15,,32669,6,,,1,15,,32670,6,,,1,15,,32671,6,,,1,55,,32672,6,,,1,15,,32673,6,,,1,15,,32674,6,,,1,15,,32675,6,,,1,55,,32676,6,,,1,15,,32677,6,,,1,15,,32678,6,,,1,15,,32679,6,,,1,55,,32680,6,,,1,15,,32681,6,,,1,15,,32682,6,,,1,15,,32683,6,,,1,55,,32684,6,,,1,15,,32685,6,,,1,15,,32686,6,,,1,15,,32687,6,,,1,55,,32688,6,,,1,15,,32690,6,,,1
18002100,'021R-Weekday-5-26-09',525,,36043,6,,,1,12,,36044,6,,,1,12,,36045,6,,,1,52,,36046,6,,,1,12,,36047,6,,,1,12,,36048,6,,,1,12,,36049,6,,,1,6,,36050,6,,,1,6,,36051,6,,,1,6,,36052,6,,,1,46,,36053,6,,,1,6,,36054,6,,,1,6,,36055,6,,,1,6,,36056,6,,,1,6,,36057,6,,,1,6,,36058,6,,,1,6,,36059,6,,,1,6,,36060,6,,,1,6,,36061,6,,,1,6,,36062,6,,,1,46,,36063,6,,,1,6,,36064,6,,,1,6,,36065,6,,,1,6,,36066,6,,,1,6,,36067,6,,,1,6,,36068,6,,,1,6,,36069,6,,,1,6,,36070,6,,,1,6,,36071,6,,,1,6,,36072,6,,,1,46,,36073,6,,,1,6,,36074,6,,,1,6,,36075,6,,,1,6,,36076,6,,,1,6,,36077,6,,,1,6,,36078,6,,,1,6,,36079,6,,,1,6,,36080,6,,,1,6,,36081,6,,,1,6,,36082,6,,,1,50,,36083,6,,,1,10,,36084,6,,,1,10,,36085,6,,,1,10,,36086,6,,,1,10,,36087,6,,,1,10,,36088,6,,,1,50,,36089,6,,,1,10,,36090,6,,,1,10,,36091,6,,,1,10,,36092,6,,,1,10,,36093,6,,,1,10,,36094,6,,,1,50,,36095,6,,,1,10,,36096,6,,,1,10,,36097,6,,,1,10,,36098,6,,,1,10,,36099,6,,,1,10,,36100,6,,,1,50,,36101,6,,,1,10,,36102,6,,,1,10,,36103,6,,,1,10,,36104,6,,,1,10,,36105,6,,,1,10,,36106,6,,,1,50,,36107,6,,,1,10,,36108,6,,,1,10,,36109,6,,,1,10,,36110,6,,,1,10,,36111,6,,,1,10,,36112,6,,,1,46,,36113,6,,,1,6,,36114,6,,,1,6,,36115,6,,,1,6,,36116,6,,,1,6,,36117,6,,,1,6,,36118,6,,,1,6,,36119,6,,,1,6,,36120,6,,,1,6,,36121,6,,,1,6,,36122,6,,,1,46,,36123,6,,,1,6,,36124,6,,,1,6,,36125,6,,,1,6,,36126,6,,,1,6,,36127,6,,,1,6,,36128,6,,,1,6,,36129,6,,,1,6,,36130,6,,,1,6,,36131,6,,,1,6,,36132,6,,,1,46,,36133,6,,,1,6,,36134,6,,,1,6,,36135,6,,,1,6,,36136,6,,,1,6,,36137,6,,,1,6,,36138,6,,,1,6,,36139,6,,,1,6,,36140,6,,,1,6,,36141,6,,,1,6,,36142,6,,,1,46,,36143,6,,,1,6,,36144,6,,,1,6,,36145,6,,,1,6,,36146,6,,,1,6,,36147,6,,,1,6,,36148,6,,,1,6,,36149,6,,,1,6,,36150,6,,,1,6,,36151,6,,,1,6,,36152,6,,,1,46,,36153,6,,,1,9,,36178,6,,,1,15,,36154,6,,,1,15,,36155,6,,,1,15,,36156,6,,,1,55,,36157,6,,,1,15,,36158,6,,,1,15,,36159,6,,,1,15,,36160,6,,,1,55,,36161,6,,,1,15,,36162,6,,,1,15,,36163,6,,,1,15,,36164,6,,,1,55,,36165,6,,,1,15,,36166,6,,,1,15,,36167,6,,,1,15,,36168,6,,,1,55,,36169,6,,,1,15,,36170,6,,,1,15,,36171,6,,,1,15,,36172,6,,,1,55,,36173,6,,,1,15,,36174,6,,,1,15,,36175,6,,,1,15,,36176,6,,,1,55,,36177,6,,,1,15,,36179,6,,,1
18002100,'021R-Weekday-6-26-09',525,,36180,6,,,1,12,,36181,6,,,1,12,,36182,6,,,1,52,,36183,6,,,1,12,,36184,6,,,1,12,,36185,6,,,1,12,,36186,6,,,1,6,,36187,6,,,1,6,,36188,6,,,1,6,,36189,6,,,1,46,,36190,6,,,1,6,,36191,6,,,1,6,,36192,6,,,1,6,,36193,6,,,1,6,,36194,6,,,1,6,,36195,6,,,1,6,,36196,6,,,1,6,,36197,6,,,1,6,,36198,6,,,1,6,,36199,6,,,1,46,,36200,6,,,1,6,,36201,6,,,1,6,,36202,6,,,1,6,,36203,6,,,1,6,,36204,6,,,1,6,,36205,6,,,1,6,,36206,6,,,1,6,,36207,6,,,1,6,,36208,6,,,1,6,,36209,6,,,1,46,,36210,6,,,1,6,,36211,6,,,1,6,,36212,6,,,1,6,,36213,6,,,1,6,,36214,6,,,1,6,,36215,6,,,1,6,,36216,6,,,1,6,,36217,6,,,1,6,,36218,6,,,1,6,,36219,6,,,1,50,,36220,6,,,1,10,,36221,6,,,1,10,,36222,6,,,1,10,,36223,6,,,1,10,,36224,6,,,1,10,,36225,6,,,1,50,,36226,6,,,1,10,,36227,6,,,1,10,,36228,6,,,1,10,,36229,6,,,1,10,,36230,6,,,1,10,,36231,6,,,1,50,,36232,6,,,1,10,,36233,6,,,1,10,,36234,6,,,1,10,,36235,6,,,1,10,,36236,6,,,1,10,,36237,6,,,1,50,,36238,6,,,1,10,,36239,6,,,1,10,,36240,6,,,1,10,,36241,6,,,1,10,,36242,6,,,1,10,,36243,6,,,1,50,,36244,6,,,1,10,,36245,6,,,1,10,,36246,6,,,1,10,,36247,6,,,1,10,,36248,6,,,1,10,,36249,6,,,1,46,,36250,6,,,1,6,,36251,6,,,1,6,,36252,6,,,1,6,,36253,6,,,1,6,,36254,6,,,1,6,,36255,6,,,1,6,,36256,6,,,1,6,,36257,6,,,1,6,,36258,6,,,1,6,,36259,6,,,1,46,,36260,6,,,1,6,,36261,6,,,1,6,,36262,6,,,1,6,,36263,6,,,1,6,,36264,6,,,1,6,,36265,6,,,1,6,,36266,6,,,1,6,,36267,6,,,1,6,,36268,6,,,1,6,,36269,6,,,1,46,,36270,6,,,1,6,,36271,6,,,1,6,,36272,6,,,1,6,,36273,6,,,1,6,,36274,6,,,1,6,,36275,6,,,1,6,,36276,6,,,1,6,,36277,6,,,1,6,,36278,6,,,1,6,,36279,6,,,1,46,,36280,6,,,1,6,,36281,6,,,1,6,,36282,6,,,1,6,,36283,6,,,1,6,,36284,6,,,1,6,,36285,6,,,1,6,,36286,6,,,1,6,,36287,6,,,1,6,,36288,6,,,1,6,,36289,6,,,1,46,,36290,6,,,1,9,,36315,6,,,1,15,,36291,6,,,1,15,,36292,6,,,1,15,,36293,6,,,1,55,,36294,6,,,1,15,,36295,6,,,1,15,,36296,6,,,1,15,,36297,6,,,1,55,,36298,6,,,1,15,,36299,6,,,1,15,,36300,6,,,1,15,,36301,6,,,1,55,,36302,6,,,1,15,,36303,6,,,1,15,,36304,6,,,1,15,,36305,6,,,1,55,,36306,6,,,1,15,,36307,6,,,1,15,,36308,6,,,1,15,,36309,6,,,1,55,,36310,6,,,1,15,,36311,6,,,1,15,,36312,6,,,1,15,,36313,6,,,1,55,,36314,6,,,1,15,,36316,6,,,1
18002100,'021R-Weekday-7-26-09',525,,36317,6,,,1,12,,36318,6,,,1,12,,36319,6,,,1,52,,36320,6,,,1,12,,36321,6,,,1,12,,36322,6,,,1,12,,36323,6,,,1,6,,36324,6,,,1,6,,36325,6,,,1,6,,36326,6,,,1,46,,36327,6,,,1,6,,36328,6,,,1,6,,36329,6,,,1,6,,36330,6,,,1,6,,36331,6,,,1,6,,36332,6,,,1,6,,36333,6,,,1,6,,36334,6,,,1,6,,36335,6,,,1,6,,36336,6,,,1,46,,36337,6,,,1,6,,36338,6,,,1,6,,36339,6,,,1,6,,36340,6,,,1,6,,36341,6,,,1,6,,36342,6,,,1,6,,36343,6,,,1,6,,36344,6,,,1,6,,36345,6,,,1,6,,36346,6,,,1,46,,36347,6,,,1,6,,36348,6,,,1,6,,36349,6,,,1,6,,36350,6,,,1,6,,36351,6,,,1,6,,36352,6,,,1,6,,36353,6,,,1,6,,36354,6,,,1,6,,36355,6,,,1,6,,36356,6,,,1,50,,36357,6,,,1,10,,36358,6,,,1,10,,36359,6,,,1,10,,36360,6,,,1,10,,36361,6,,,1,10,,36362,6,,,1,50,,36363,6,,,1,10,,36364,6,,,1,10,,36365,6,,,1,10,,36366,6,,,1,10,,36367,6,,,1,10,,36368,6,,,1,50,,36369,6,,,1,10,,36370,6,,,1,10,,36371,6,,,1,10,,36372,6,,,1,10,,36373,6,,,1,10,,36374,6,,,1,50,,36375,6,,,1,10,,36376,6,,,1,10,,36377,6,,,1,10,,36378,6,,,1,10,,36379,6,,,1,10,,36380,6,,,1,50,,36381,6,,,1,10,,36382,6,,,1,10,,36383,6,,,1,10,,36384,6,,,1,10,,36385,6,,,1,10,,36386,6,,,1,46,,36387,6,,,1,6,,36388,6,,,1,6,,36389,6,,,1,6,,36390,6,,,1,6,,36391,6,,,1,6,,36392,6,,,1,6,,36393,6,,,1,6,,36394,6,,,1,6,,36395,6,,,1,6,,36396,6,,,1,46,,36397,6,,,1,6,,36398,6,,,1,6,,36399,6,,,1,6,,36400,6,,,1,6,,36401,6,,,1,6,,36402,6,,,1,6,,36403,6,,,1,6,,36404,6,,,1,6,,36405,6,,,1,6,,36406,6,,,1,46,,36407,6,,,1,6,,36408,6,,,1,6,,36409,6,,,1,6,,36410,6,,,1,6,,36411,6,,,1,6,,36412,6,,,1,6,,36413,6,,,1,6,,36414,6,,,1,6,,36415,6,,,1,6,,36416,6,,,1,46,,36417,6,,,1,6,,36418,6,,,1,6,,36419,6,,,1,6,,36420,6,,,1,6,,36421,6,,,1,6,,36422,6,,,1,6,,36423,6,,,1,6,,36424,6,,,1,6,,36425,6,,,1,6,,36426,6,,,1,46,,36427,6,,,1,9,,36452,6,,,1,15,,36428,6,,,1,15,,36429,6,,,1,15,,36430,6,,,1,55,,36431,6,,,1,15,,36432,6,,,1,15,,36433,6,,,1,15,,36434,6,,,1,55,,36435,6,,,1,15,,36436,6,,,1,15,,36437,6,,,1,15,,36438,6,,,1,55,,36439,6,,,1,15,,36440,6,,,1,15,,36441,6,,,1,15,,36442,6,,,1,55,,36443,6,,,1,15,,36444,6,,,1,15,,36445,6,,,1,15,,36446,6,,,1,55,,36447,6,,,1,15,,36448,6,,,1,15,,36449,6,,,1,15,,36450,6,,,1,55,,36451,6,,,1,15,,36453,6,,,1
18002100,'021R-Saturday-1-26-09',525,,32691,6,,,1,15,,32692,6,,,1,15,,32693,6,,,1,55,,32694,6,,,1,15,,32695,6,,,1,15,,32696,6,,,1,15,,32697,6,,,1,55,,32698,6,,,1,15,,32699,6,,,1,15,,32700,6,,,1,15,,32701,6,,,1,55,,32702,6,,,1,15,,32703,6,,,1,15,,32704,6,,,1,15,,32705,6,,,1,55,,32706,6,,,1,15,,32707,6,,,1,15,,32708,6,,,1,15,,32709,6,,,1,55,,32710,6,,,1,15,,32711,6,,,1,15,,32712,6,,,1,15,,32713,6,,,1,55,,32714,6,,,1,15,,32715,6,,,1,15,,32716,6,,,1,15,,32717,6,,,1,55,,32718,6,,,1,15,,32719,6,,,1,15,,32720,6,,,1,15,,32721,6,,,1,55,,32722,6,,,1,15,,32723,6,,,1,15,,32724,6,,,1,15,,32725,6,,,1,55,,32726,6,,,1,15,,32727,6,,,1,15,,32728,6,,,1,15,,32729,6,,,1,55,,32730,6,,,1,15,,32731,6,,,1,15,,32732,6,,,1,15,,32733,6,,,1,55,,32734,6,,,1,15,,32735,6,,,1,15,,32736,6,,,1,15,,32737,6,,,1,55,,32738,6,,,1,15,,32739,6,,,1,15,,32740,6,,,1,15,,32741,6,,,1,55,,32742,6,,,1,15,,32743,6,,,1,15,,32744,6,,,1,15,,32745,6,,,1,55,,32746,6,,,1,15,,32747,6,,,1,15,,32748,6,,,1,15,,32749,6,,,1,55,,32750,6,,,1,15,,32751,6,,,1,15,,32752,6,,,1,15,,32753,6,,,1,55,,32754,6,,,1,15,,32755,6,,,1,15,,32756,6,,,1,15,,32757,6,,,1,55,,32758,6,,,1,15,,32759,6,,,1,15,,32760,6,,,1,15,,32761,6,,,1,55,,32762,6,,,1,15,,32763,6,,,1,15,,32764,6,,,1,15,,32765,6,,,1,55,,32766,6,,,1,15,,32767,6,,,1,15,,32768,6,,,1,15,,32769,6,,,1,55,,32770,6,,,1,15,,32771,6,,,1
18002100,'021R-Saturday-2-26-09',525,,36454,6,,,1,15,,36455,6,,,1,15,,36456,6,,,1,55,,36457,6,,,1,15,,36458,6,,,1,15,,36459,6,,,1,15,,36460,6,,,1,55,,36461,6,,,1,15,,36462,6,,,1,15,,36463,6,,,1,15,,36464,6,,,1,55,,36465,6,,,1,15,,36466,6,,,1,15,,36467,6,,,1,15,,36468,6,,,1,55,,36469,6,,,1,15,,36470,6,,,1,15,,36471,6,,,1,15,,36472,6,,,1,55,,36473,6,,,1,15,,36474,6,,,1,15,,36475,6,,,1,15,,36476,6,,,1,55,,36477,6,,,1,15,,36478,6,,,1,15,,36479,6,,,1,15,,36480,6,,,1,55,,36481,6,,,1,15,,36482,6,,,1,15,,36483,6,,,1,15,,36484,6,,,1,55,,36485,6,,,1,15,,36486,6,,,1,15,,36487,6,,,1,15,,36488,6,,,1,55,,36489,6,,,1,15,,36490,6,,,1,15,,36491,6,,,1,15,,36492,6,,,1,55,,36493,6,,,1,15,,36494,6,,,1,15,,36495,6,,,1,15,,36496,6,,,1,55,,36497,6,,,1,15,,36498,6,,,1,15,,36499,6,,,1,15,,36500,6,,,1,55,,36501,6,,,1,15,,36502,6,,,1,15,,36503,6,,,1,15,,36504,6,,,1,55,,36505,6,,,1,15,,36506,6,,,1,15,,36507,6,,,1,15,,36508,6,,,1,55,,36509,6,,,1,15,,36510,6,,,1,15,,36511,6,,,1,15,,36512,6,,,1,55,,36513,6,,,1,15,,36514,6,,,1,15,,36515,6,,,1,15,,36516,6,,,1,55,,36517,6,,,1,15,,36518,6,,,1,15,,36519,6,,,1,15,,36520,6,,,1,55,,36521,6,,,1,15,,36522,6,,,1,15,,36523,6,,,1,15,,36524,6,,,1,55,,36525,6,,,1,15,,36526,6,,,1,15,,36527,6,,,1,15,,36528,6,,,1,55,,36529,6,,,1,15,,36530,6,,,1,15,,36531,6,,,1,15,,36532,6,,,1,55,,36533,6,,,1,15,,36534,6,,,1
18002100,'021R-Sunday-1-26-09',555,,32772,6,,,1,55,,32773,6,,,1,15,,32774,6,,,1,15,,32775,6,,,1,15,,32776,6,,,1,55,,32777,6,,,1,15,,32778,6,,,1,15,,32779,6,,,1,15,,32780,6,,,1,55,,32781,6,,,1,15,,32782,6,,,1,15,,32783,6,,,1,15,,32784,6,,,1,55,,32785,6,,,1,15,,32786,6,,,1,15,,32787,6,,,1,15,,32788,6,,,1,55,,32789,6,,,1,15,,32790,6,,,1,15,,32791,6,,,1,15,,32792,6,,,1,55,,32793,6,,,1,15,,32794,6,,,1,15,,32795,6,,,1,15,,32796,6,,,1,55,,32797,6,,,1,15,,32798,6,,,1,15,,32799,6,,,1,15,,32800,6,,,1,55,,32801,6,,,1,15,,32802,6,,,1,15,,32803,6,,,1,15,,32804,6,,,1,55,,32805,6,,,1,15,,32806,6,,,1,15,,32807,6,,,1,15,,32808,6,,,1,55,,32809,6,,,1,15,,32810,6,,,1,15,,32811,6,,,1,15,,32812,6,,,1,55,,32813,6,,,1,15,,32814,6,,,1,15,,32815,6,,,1,15,,32816,6,,,1,55,,32817,6,,,1,15,,32818,6,,,1,15,,32819,6,,,1,15,,32820,6,,,1,55,,32821,6,,,1,15,,32822,6,,,1,15,,32823,6,,,1,15,,32824,6,,,1,55,,32825,6,,,1,15,,32826,6,,,1,15,,32827,6,,,1,15,,32828,6,,,1,55,,32829,6,,,1,15,,32830,6,,,1,15,,32831,6,,,1,15,,32832,6,,,1,55,,32833,6,,,1,15,,32834,6,,,1,15,,32835,6,,,1,15,,32836,6,,,1,55,,32837,6,,,1,15,,32838,6,,,1,15,,32839,6,,,1,15,,32840,6,,,1,55,,32841,6,,,1,15,,32842,6,,,1,15,,32843,6,,,1,15,,32844,6,,,1,55,,32845,6,,,1,15,,32846,6,,,1,15,,32847,6,,,1,15,,32848,6,,,1
18002100,'021R-Sunday-2-26-09',555,,36535,6,,,1,55,,36536,6,,,1,15,,36537,6,,,1,15,,36538,6,,,1,15,,36539,6,,,1,55,,36540,6,,,1,15,,36541,6,,,1,15,,36542,6,,,1,15,,36543,6,,,1,55,,36544,6,,,1,15,,36545,6,,,1,15,,36546,6,,,1,15,,36547,6,,,1,55,,36548,6,,,1,15,,36549,6,,,1,15,,36550,6,,,1,15,,36551,6,,,1,55,,36552,6,,,1,15,,36553,6,,,1,15,,36554,6,,,1,15,,36555,6,,,1,55,,36556,6,,,1,15,,36557,6,,,1,15,,36558,6,,,1,15,,36559,6,,,1,55,,36560,6,,,1,15,,36561,6,,,1,15,,36562,6,,,1,15,,36563,6,,,1,55,,36564,6,,,1,15,,36565,6,,,1,15,,36566,6,,,1,15,,36567,6,,,1,55,,36568,6,,,1,15,,36569,6,,,1,15,,36570,6,,,1,15,,36571,6,,,1,55,,36572,6,,,1,15,,36573,6,,,1,15,,36574,6,,,1,15,,36575,6,,,1,55,,36576,6,,,1,15,,36577,6,,,1,15,,36578,6,,,1,15,,36579,6,,,1,55,,36580,6,,,1,15,,36581,6,,,1,15,,36582,6,,,1,15,,36583,6,,,1,55,,36584,6,,,1,15,,36585,6,,,1,15,,36586,6,,,1,15,,36587,6,,,1,55,,36588,6,,,1,15,,36589,6,,,1,15,,36590,6,,,1,15,,36591,6,,,1,55,,36592,6,,,1,15,,36593,6,,,1,15,,36594,6,,,1,15,,36595,6,,,1,55,,36596,6,,,1,15,,36597,6,,,1,15,,36598,6,,,1,15,,36599,6,,,1,55,,36600,6,,,1,15,,36601,6,,,1,15,,36602,6,,,1,15,,36603,6,,,1,55,,36604,6,,,1,15,,36605,6,,,1,15,,36606,6,,,1,15,,36607,6,,,1,55,,36608,6,,,1,15,,36609,6,,,1,15,,36610,6,,,1,15,,36611,6,,,1
18002100,'021R-Sunday-4-26-09',555,,36612,6,,,1,55,,36613,6,,,1,15,,36614,6,,,1,15,,36615,6,,,1,15,,36616,6,,,1,55,,36617,6,,,1,15,,36618,6,,,1,15,,36619,6,,,1,15,,36620,6,,,1,55,,36621,6,,,1,15,,36622,6,,,1,15,,36623,6,,,1,15,,36624,6,,,1,55,,36625,6,,,1,15,,36626,6,,,1,15,,36627,6,,,1,15,,36628,6,,,1,55,,36629,6,,,1,15,,36630,6,,,1,15,,36631,6,,,1,15,,36632,6,,,1,55,,36633,6,,,1,15,,36634,6,,,1,15,,36635,6,,,1,15,,36636,6,,,1,55,,36637,6,,,1,15,,36638,6,,,1,15,,36639,6,,,1,15,,36640,6,,,1,55,,36641,6,,,1,15,,36642,6,,,1,15,,36643,6,,,1,15,,36644,6,,,1,55,,36645,6,,,1,15,,36646,6,,,1,15,,36647,6,,,1,15,,36648,6,,,1,55,,36649,6,,,1,15,,36650,6,,,1,15,,36651,6,,,1,15,,36652,6,,,1,55,,36653,6,,,1,15,,36654,6,,,1,15,,36655,6,,,1,15,,36656,6,,,1,55,,36657,6,,,1,15,,36658,6,,,1,15,,36659,6,,,1,15,,36660,6,,,1,55,,36661,6,,,1,15,,36662,6,,,1,15,,36663,6,,,1,15,,36664,6,,,1,55,,36665,6,,,1,15,,36666,6,,,1,15,,36667,6,,,1,15,,36668,6,,,1,55,,36669,6,,,1,15,,36670,6,,,1,15,,36671,6,,,1,15,,36672,6,,,1,55,,36673,6,,,1,15,,36674,6,,,1,15,,36675,6,,,1,15,,36676,6,,,1,55,,36677,6,,,1,15,,36678,6,,,1,15,,36679,6,,,1,15,,36680,6,,,1,55,,36681,6,,,1,15,,36682,6,,,1,15,,36683,6,,,1,15,,36684,6,,,1,55,,36685,6,,,1,15,,36686,6,,,1,15,,36687,6,,,1,15,,36688,6,,,1
18002200,'022R-Weekday-1-26-09',527,,33412,3,,,1,12,,33413,3,,,1,12,,33414,3,,,1,52,,33415,3,,,1,12,,33416,3,,,1,12,,33417,3,,,1,12,,33418,3,,,1,12,,33419,3,,,1,52,,33420,3,,,1,12,,33421,3,,,1,12,,33422,3,,,1,12,,33453,3,,,1,12,,33454,3,,,1,52,,33455,3,,,1,12,,33456,3,,,1,12,,33457,3,,,1,12,,33458,3,,,1,12,,33459,3,,,1,52,,33426,3,,,1,12,,33427,3,,,1,12,,33428,3,,,1,12,,33429,3,,,1,18,,33460,3,,,1,55,,33461,3,,,1,15,,33462,3,,,1,15,,33463,3,,,1,15,,33430,3,,,1,55,,33431,3,,,1,15,,33432,3,,,1,15,,33433,3,,,1,15,,33434,3,,,1,55,,33435,3,,,1,15,,33436,3,,,1,15,,33437,3,,,1,15,,33438,3,,,1,55,,33439,3,,,1,15,,33440,3,,,1,15,,33441,3,,,1,15,,33423,3,,,1,55,,33424,3,,,1,15,,33425,3,,,1,12,,33486,3,,,1,12,,33487,3,,,1,52,,33488,3,,,1,12,,33489,3,,,1,12,,33490,3,,,1,12,,33491,3,,,1,12,,33492,3,,,1,52,,33493,3,,,1,12,,33494,3,,,1,12,,33495,3,,,1,12,,33442,3,,,1,12,,33443,3,,,1,52,,33444,3,,,1,12,,33445,3,,,1,12,,33446,3,,,1,12,,33447,3,,,1,12,,33448,3,,,1,52,,33449,3,,,1,12,,33450,3,,,1,12,,33451,3,,,1,12,,33452,3,,,1,19,,33464,3,,,1,55,,33465,3,,,1,15,,33466,3,,,1,15,,33467,3,,,1,15,,33468,3,,,1,55,,33469,3,,,1,15,,33470,3,,,1,15,,33471,3,,,1,15,,33472,3,,,1,55,,33473,3,,,1,15,,33474,3,,,1,15,,33475,3,,,1,15,,33476,3,,,1,55,,33477,3,,,1,15,,33478,3,,,1,15,,33479,3,,,1,15,,33480,3,,,1,55,,33481,3,,,1,15,,33482,3,,,1,15,,33483,3,,,1,15,,33484,3,,,1,55,,33485,3,,,1,15,,33411,3,,,1
18002200,'022R-Weekday-2-26-09',527,,33497,3,,,1,12,,33498,3,,,1,12,,33499,3,,,1,52,,33500,3,,,1,12,,33501,3,,,1,12,,33502,3,,,1,12,,33503,3,,,1,12,,33504,3,,,1,52,,33505,3,,,1,12,,33506,3,,,1,12,,33507,3,,,1,12,,33538,3,,,1,12,,33539,3,,,1,52,,33540,3,,,1,12,,33541,3,,,1,12,,33542,3,,,1,12,,33543,3,,,1,12,,33544,3,,,1,52,,33511,3,,,1,12,,33512,3,,,1,12,,33513,3,,,1,12,,33514,3,,,1,18,,33545,3,,,1,55,,33546,3,,,1,15,,33547,3,,,1,15,,33548,3,,,1,15,,33515,3,,,1,55,,33516,3,,,1,15,,33517,3,,,1,15,,33518,3,,,1,15,,33519,3,,,1,55,,33520,3,,,1,15,,33521,3,,,1,15,,33522,3,,,1,15,,33523,3,,,1,55,,33524,3,,,1,15,,33525,3,,,1,15,,33526,3,,,1,15,,33508,3,,,1,55,,33509,3,,,1,15,,33510,3,,,1,12,,33571,3,,,1,12,,33572,3,,,1,52,,33573,3,,,1,12,,33574,3,,,1,12,,33575,3,,,1,12,,33576,3,,,1,12,,33577,3,,,1,52,,33578,3,,,1,12,,33579,3,,,1,12,,33580,3,,,1,12,,33527,3,,,1,12,,33528,3,,,1,52,,33529,3,,,1,12,,33530,3,,,1,12,,33531,3,,,1,12,,33532,3,,,1,12,,33533,3,,,1,52,,33534,3,,,1,12,,33535,3,,,1,12,,33536,3,,,1,12,,33537,3,,,1,19,,33549,3,,,1,55,,33550,3,,,1,15,,33551,3,,,1,15,,33552,3,,,1,15,,33553,3,,,1,55,,33554,3,,,1,15,,33555,3,,,1,15,,33556,3,,,1,15,,33557,3,,,1,55,,33558,3,,,1,15,,33559,3,,,1,15,,33560,3,,,1,15,,33561,3,,,1,55,,33562,3,,,1,15,,33563,3,,,1,15,,33564,3,,,1,15,,33565,3,,,1,55,,33566,3,,,1,15,,33567,3,,,1,15,,33568,3,,,1,15,,33569,3,,,1,55,,33570,3,,,1,15,,33496,3,,,1
18002200,'022R-Weekday-3-26-09',527,,37464,3,,,1,12,,37465,3,,,1,12,,37466,3,,,1,52,,37467,3,,,1,12,,37468,3,,,1,12,,37469,3,,,1,12,,37470,3,,,1,12,,37471,3,,,1,52,,37472,3,,,1,12,,37473,3,,,1,12,,37474,3,,,1,12,,37505,3,,,1,12,,37506,3,,,1,52,,37507,3,,,1,12,,37508,3,,,1,12,,37509,3,,,1,12,,37510,3,,,1,12,,37511,3,,,1,52,,37478,3,,,1,12,,37479,3,,,1,12,,37480,3,,,1,12,,37481,3,,,1,18,,37512,3,,,1,55,,37513,3,,,1,15,,37514,3,,,1,15,,37515,3,,,1,15,,37482,3,,,1,55,,37483,3,,,1,15,,37484,3,,,1,15,,37485,3,,,1,15,,37486,3,,,1,55,,37487,3,,,1,15,,37488,3,,,1,15,,37489,3,,,1,15,,37490,3,,,1,55,,37491,3,,,1,15,,37492,3,,,1,15,,37493,3,,,1,15,,37475,3,,,1,55,,37476,3,,,1,15,,37477,3,,,1,12,,37538,3,,,1,12,,37539,3,,,1,52,,37540,3,,,1,12,,37541,3,,,1,12,,37542,3,,,1,12,,37543,3,,,1,12,,37544,3,,,1,52,,37545,3,,,1,12,,37546,3,,,1,12,,37547,3,,,1,12,,37494,3,,,1,12,,37495,3,,,1,52,,37496,3,,,1,12,,37497,3,,,1,12,,37498,3,,,1,12,,37499,3,,,1,12,,37500,3,,,1,52,,37501,3,,,1,12,,37502,3,,,1,12,,37503,3,,,1,12,,37504,3,,,1,19,,37516,3,,,1,55,,37517,3,,,1,15,,37518,3,,,1,15,,37519,3,,,1,15,,37520,3,,,1,55,,37521,3,,,1,15,,37522,3,,,1,15,,37523,3,,,1,15,,37524,3,,,1,55,,37525,3,,,1,15,,37526,3,,,1,15,,37527,3,,,1,15,,37528,3,,,1,55,,37529,3,,,1,15,,37530,3,,,1,15,,37531,3,,,1,15,,37532,3,,,1,55,,37533,3,,,1,15,,37534,3,,,1,15,,37535,3,,,1,15,,37536,3,,,1,55,,37537,3,,,1,15,,37463,3,,,1
18002200,'022R-Weekday-4-26-09',527,,33582,3,,,1,12,,33583,3,,,1,12,,33584,3,,,1,52,,33585,3,,,1,12,,33586,3,,,1,12,,33587,3,,,1,12,,33588,3,,,1,12,,33589,3,,,1,52,,33590,3,,,1,12,,33591,3,,,1,12,,33592,3,,,1,12,,33623,3,,,1,12,,33624,3,,,1,52,,33625,3,,,1,12,,33626,3,,,1,12,,33627,3,,,1,12,,33628,3,,,1,12,,33629,3,,,1,52,,33596,3,,,1,12,,33597,3,,,1,12,,33598,3,,,1,12,,33599,3,,,1,18,,33630,3,,,1,55,,33631,3,,,1,15,,33632,3,,,1,15,,33633,3,,,1,15,,33600,3,,,1,55,,33601,3,,,1,15,,33602,3,,,1,15,,33603,3,,,1,15,,33604,3,,,1,55,,33605,3,,,1,15,,33606,3,,,1,15,,33607,3,,,1,15,,33608,3,,,1,55,,33609,3,,,1,15,,33610,3,,,1,15,,33611,3,,,1,15,,33593,3,,,1,55,,33594,3,,,1,15,,33595,3,,,1,12,,33656,3,,,1,12,,33657,3,,,1,52,,33658,3,,,1,12,,33659,3,,,1,12,,33660,3,,,1,12,,33661,3,,,1,12,,33662,3,,,1,52,,33663,3,,,1,12,,33664,3,,,1,12,,33665,3,,,1,12,,33612,3,,,1,12,,33613,3,,,1,52,,33614,3,,,1,12,,33615,3,,,1,12,,33616,3,,,1,12,,33617,3,,,1,12,,33618,3,,,1,52,,33619,3,,,1,12,,33620,3,,,1,12,,33621,3,,,1,12,,33622,3,,,1,19,,33634,3,,,1,55,,33635,3,,,1,15,,33636,3,,,1,15,,33637,3,,,1,15,,33638,3,,,1,55,,33639,3,,,1,15,,33640,3,,,1,15,,33641,3,,,1,15,,33642,3,,,1,55,,33643,3,,,1,15,,33644,3,,,1,15,,33645,3,,,1,15,,33646,3,,,1,55,,33647,3,,,1,15,,33648,3,,,1,15,,33649,3,,,1,15,,33650,3,,,1,55,,33651,3,,,1,15,,33652,3,,,1,15,,33653,3,,,1,15,,33654,3,,,1,55,,33655,3,,,1,15,,33581,3,,,1
18002200,'022R-Weekday-5-26-09',527,,37549,3,,,1,12,,37550,3,,,1,12,,37551,3,,,1,52,,37552,3,,,1,12,,37553,3,,,1,12,,37554,3,,,1,12,,37555,3,,,1,12,,37556,3,,,1,52,,37557,3,,,1,12,,37558,3,,,1,12,,37559,3,,,1,12,,37590,3,,,1,12,,37591,3,,,1,52,,37592,3,,,1,12,,37593,3,,,1,12,,37594,3,,,1,12,,37595,3,,,1,12,,37596,3,,,1,52,,37563,3,,,1,12,,37564,3,,,1,12,,37565,3,,,1,12,,37566,3,,,1,18,,37597,3,,,1,55,,37598,3,,,1,15,,37599,3,,,1,15,,37600,3,,,1,15,,37567,3,,,1,55,,37568,3,,,1,15,,37569,3,,,1,15,,37570,3,,,1,15,,37571,3,,,1,55,,37572,3,,,1,15,,37573,3,,,1,15,,37574,3,,,1,15,,37575,3,,,1,55,,37576,3,,,1,15,,37577,3,,,1,15,,37578,3,,,1,15,,37560,3,,,1,55,,37561,3,,,1,15,,37562,3,,,1,12,,37623,3,,,1,12,,37624,3,,,1,52,,37625,3,,,1,12,,37626,3,,,1,12,,37627,3,,,1,12,,37628,3,,,1,12,,37629,3,,,1,52,,37630,3,,,1,12,,37631,3,,,1,12,,37632,3,,,1,12,,37579,3,,,1,12,,37580,3,,,1,52,,37581,3,,,1,12,,37582,3,,,1,12,,37583,3,,,1,12,,37584,3,,,1,12,,37585,3,,,1,52,,37586,3,,,1,12,,37587,3,,,1,12,,37588,3,,,1,12,,37589,3,,,1,19,,37601,3,,,1,55,,37602,3,,,1,15,,37603,3,,,1,15,,37604,3,,,1,15,,37605,3,,,1,55,,37606,3,,,1,15,,37607,3,,,1,15,,37608,3,,,1,15,,37609,3,,,1,55,,37610,3,,,1,15,,37611,3,,,1,15,,37612,3,,,1,15,,37613,3,,,1,55,,37614,3,,,1,15,,37615,3,,,1,15,,37616,3,,,1,15,,37617,3,,,1,55,,37618,3,,,1,15,,37619,3,,,1,15,,37620,3,,,1,15,,37621,3,,,1,55,,37622,3,,,1,15,,37548,3,,,1
18002200,'022R-Weekday-6-26-09',527,,37634,3,,,1,12,,37635,3,,,1,12,,37636,3,,,1,52,,37637,3,,,1,12,,37638,3,,,1,12,,37639,3,,,1,12,,37640,3,,,1,12,,37641,3,,,1,52,,37642,3,,,1,12,,37643,3,,,1,12,,37644,3,,,1,12,,37675,3,,,1,12,,37676,3,,,1,52,,37677,3,,,1,12,,37678,3,,,1,12,,37679,3,,,1,12,,37680,3,,,1,12,,37681,3,,,1,52,,37648,3,,,1,12,,37649,3,,,1,12,,37650,3,,,1,12,,37651,3,,,1,18,,37682,3,,,1,55,,37683,3,,,1,15,,37684,3,,,1,15,,37685,3,,,1,15,,37652,3,,,1,55,,37653,3,,,1,15,,37654,3,,,1,15,,37655,3,,,1,15,,37656,3,,,1,55,,37657,3,,,1,15,,37658,3,,,1,15,,37659,3,,,1,15,,37660,3,,,1,55,,37661,3,,,1,15,,37662,3,,,1,15,,37663,3,,,1,15,,37645,3,,,1,55,,37646,3,,,1,15,,37647,3,,,1,12,,37708,3,,,1,12,,37709,3,,,1,52,,37710,3,,,1,12,,37711,3,,,1,12,,37712,3,,,1,12,,37713,3,,,1,12,,37714,3,,,1,52,,37715,3,,,1,12,,37716,3,,,1,12,,37717,3,,,1,12,,37664,3,,,1,12,,37665,3,,,1,52,,37666,3,,,1,12,,37667,3,,,1,12,,37668,3,,,1,12,,37669,3,,,1,12,,37670,3,,,1,52,,37671,3,,,1,12,,37672,3,,,1,12,,37673,3,,,1,12,,37674,3,,,1,19,,37686,3,,,1,55,,37687,3,,,1,15,,37688,3,,,1,15,,37689,3,,,1,15,,37690,3,,,1,55,,37691,3,,,1,15,,37692,3,,,1,15,,37693,3,,,1,15,,37694,3,,,1,55,,37695,3,,,1,15,,37696,3,,,1,15,,37697,3,,,1,15,,37698,3,,,1,55,,37699,3,,,1,15,,37700,3,,,1,15,,37701,3,,,1,15,,37702,3,,,1,55,,37703,3,,,1,15,,37704,3,,,1,15,,37705,3,,,1,15,,37706,3,,,1,55,,37707,3,,,1,15,,37633,3,,,1
18002200,'022R-Weekday-7-26-09',527,,37719,3,,,1,12,,37720,3,,,1,12,,37721,3,,,1,52,,37722,3,,,1,12,,37723,3,,,1,12,,37724,3,,,1,12,,37725,3,,,1,12,,37726,3,,,1,52,,37727,3,,,1,12,,37728,3,,,1,12,,37729,3,,,1,12,,37760,3,,,1,12,,37761,3,,,1,52,,37762,3,,,1,12,,37763,3,,,1,12,,37764,3,,,1,12,,37765,3,,,1,12,,37766,3,,,1,52,,37733,3,,,1,12,,37734,3,,,1,12,,37735,3,,,1,12,,37736,3,,,1,18,,37767,3,,,1,55,,37768,3,,,1,15,,37769,3,,,1,15,,37770,3,,,1,15,,37737,3,,,1,55,,37738,3,,,1,15,,37739,3,,,1,15,,37740,3,,,1,15,,37741,3,,,1,55,,37742,3,,,1,15,,37743,3,,,1,15,,37744,3,,,1,15,,37745,3,,,1,55,,37746,3,,,1,15,,37747,3,,,1,15,,37748,3,,,1,15,,37730,3,,,1,55,,37731,3,,,1,15,,37732,3,,,1,12,,37793,3,,,1,12,,37794,3,,,1,52,,37795,3,,,1,12,,37796,3,,,1,12,,37797,3,,,1,12,,37798,3,,,1,12,,37799,3,,,1,52,,37800,3,,,1,12,,37801,3,,,1,12,,37802,3,,,1,12,,37749,3,,,1,12,,37750,3,,,1,52,,37751,3,,,1,12,,37752,3,,,1,12,,37753,3,,,1,12,,37754,3,,,1,12,,37755,3,,,1,52,,37756,3,,,1,12,,37757,3,,,1,12,,37758,3,,,1,12,,37759,3,,,1,19,,37771,3,,,1,55,,37772,3,,,1,15,,37773,3,,,1,15,,37774,3,,,1,15,,37775,3,,,1,55,,37776,3,,,1,15,,37777,3,,,1,15,,37778,3,,,1,15,,37779,3,,,1,55,,37780,3,,,1,15,,37781,3,,,1,15,,37782,3,,,1,15,,37783,3,,,1,55,,37784,3,,,1,15,,37785,3,,,1,15,,37786,3,,,1,15,,37787,3,,,1,55,,37788,3,,,1,15,,37789,3,,,1,15,,37790,3,,,1,15,,37791,3,,,1,55,,37792,3,,,1,15,,37718,3,,,1
18002200,'022R-Saturday-1-26-09',528,,33666,3,,,1,15,,33667,3,,,1,15,,33668,3,,,1,55,,33669,3,,,1,15,,33670,3,,,1,15,,33671,3,,,1,15,,33672,3,,,1,55,,33673,3,,,1,15,,33674,3,,,1,15,,33675,3,,,1,15,,33676,3,,,1,55,,33677,3,,,1,15,,33678,3,,,1,15,,33679,3,,,1,15,,33680,3,,,1,55,,33681,3,,,1,15,,33682,3,,,1,15,,33683,3,,,1,15,,33684,3,,,1,55,,33685,3,,,1,15,,33686,3,,,1,15,,33687,3,,,1,15,,33688,3,,,1,55,,33689,3,,,1,15,,33690,3,,,1,15,,33691,3,,,1,15,,33692,3,,,1,55,,33693,3,,,1,15,,33694,3,,,1,15,,33695,3,,,1,15,,33696,3,,,1,55,,33697,3,,,1,15,,33698,3,,,1,15,,33699,3,,,1,15,,33700,3,,,1,55,,33701,3,,,1,15,,33702,3,,,1,15,,33703,3,,,1,15,,33704,3,,,1,55,,33705,3,,,1,15,,33706,3,,,1,15,,33707,3,,,1,15,,33708,3,,,1,55,,33709,3,,,1,15,,33710,3,,,1,15,,33711,3,,,1,15,,33712,3,,,1,55,,33713,3,,,1,15,,33714,3,,,1,15,,33715,3,,,1,15,,33716,3,,,1,55,,33717,3,,,1,15,,33718,3,,,1,15,,33719,3,,,1,15,,33720,3,,,1,55,,33721,3,,,1,15,,33722,3,,,1,15,,33723,3,,,1,15,,33724,3,,,1,55,,33725,3,,,1,15,,33726,3,,,1,15,,33727,3,,,1,15,,33728,3,,,1,55,,33729,3,,,1,15,,33730,3,,,1,15,,33731,3,,,1,15,,33732,3,,,1,55,,33733,3,,,1,15,,33734,3,,,1,15,,33735,3,,,1,15,,33736,3,,,1,55,,33737,3,,,1,15,,33738,3,,,1,15,,33739,3,,,1,15,,33740,3,,,1,55,,33741,3,,,1,15,,33742,3,,,1
18002200,'022R-Saturday-2-26-09',525,,37803,6,,,1,15,,37804,6,,,1,15,,37819,6,,,1,55,,37834,6,,,1,15,,37852,6,,,1,15,,37835,6,,,1,15,,37815,6,,,1,55,,37846,6,,,1,15,,37861,6,,,1,15,,37845,6,,,1,15,,37830,6,,,1,55,,37862,6,,,1,15,,37836,6,,,1,15,,37878,6,,,1,15,,37805,6,,,1,55,,37821,6,,,1,15,,37877,6,,,1,15,,37867,6,,,1,15,,37881,6,,,1,55,,37817,6,,,1,15,,37851,6,,,1,15,,37824,6,,,1,15,,37864,6,,,1,55,,37814,6,,,1,15,,37832,6,,,1,15,,37848,6,,,1,15,,37829,6,,,1,55,,37811,6,,,1,15,,37873,6,,,1,15,,37826,6,,,1,15,,37882,6,,,1,55,,37858,6,,,1,15,,37874,6,,,1,15,,37841,6,,,1,15,,37810,6,,,1,55,,37857,6,,,1,15,,37859,6,,,1,15,,37827,6,,,1,15,,37843,6,,,1,55,,37808,6,,,1,15,,37875,6,,,1,15,,37839,6,,,1,15,,37831,6,,,1,55,,37844,6,,,1,15,,37813,6,,,1,15,,37828,6,,,1,15,,37860,6,,,1,55,,37876,6,,,1,15,,37842,6,,,1,15,,37855,6,,,1,15,,37883,6,,,1,55,,37879,6,,,1,15,,37863,6,,,1,15,,37854,6,,,1,15,,37869,6,,,1,55,,37847,6,,,1,15,,37816,6,,,1,15,,37820,6,,,1,15,,37871,6,,,1,55,,37809,6,,,1,15,,37825,6,,,1,15,,37840,6,,,1,15,,37856,6,,,1,55,,37872,6,,,1,15,,37838,6,,,1,15,,37806,6,,,1,15,,37822,6,,,1,55,,37870,6,,,1,15,,37807,6,,,1,15,,37823,6,,,1,15,,37837,6,,,1,55,,37853,6,,,1,15,,37850,6,,,1,15,,37866,6,,,1,15,,37812,6,,,1,55,,37818,6,,,1,15,,37833,6,,,1,15,,37849,6,,,1,15,,37880,6,,,1,55,,37865,6,,,1,15,,37868,6,,,1
18002200,'022R-Saturday-4-26-09',1613,,37961,3,,,1,15,,37962,3,,,1,15,,37963,3,,,1,15,,37964,3,,,1,55,,37965,3,,,1,15,,37966,3,,,1,15,,37967,3,,,1,15,,37968,3,,,1,55,,37969,3,,,1,15,,37970,3,,,1,15,,37971,3,,,1,15,,37972,3,,,1,55,,37973,3,,,1,15,,37974,3,,,1,15,,37975,3,,,1,15,,37976,3,,,1,55,,37977,3,,,1,15,,37978,3,,,1,15,,37979,3,,,1,15,,37980,3,,,1,55,,37981,3,,,1,15,,37982,3,,,1,15,,37983,3,,,1,15,,37984,3,,,1,55,,37985,3,,,1,15,,37986,3,,,1,15,,37987,3,,,1,15,,37988,3,,,1,55,,37989,3,,,1,15,,37990,3,,,1,15,,37991,3,,,1,15,,37992,3,,,1,55,,37993,3,,,1,15,,37994,3,,,1
18002200,'022R-Sunday-1-26-09',543,,33743,3,,,1,15,,33744,3,,,1,55,,33745,3,,,1,15,,33746,3,,,1,15,,33747,3,,,1,15,,33748,3,,,1,55,,33749,3,,,1,15,,33750,3,,,1,15,,33751,3,,,1,15,,33752,3,,,1,55,,33753,3,,,1,15,,33754,3,,,1,15,,33755,3,,,1,15,,33756,3,,,1,55,,33757,3,,,1,15,,33758,3,,,1,15,,33759,3,,,1,15,,33760,3,,,1,55,,33761,3,,,1,15,,33762,3,,,1,15,,33763,3,,,1,15,,33764,3,,,1,55,,33765,3,,,1,15,,33766,3,,,1,15,,33767,3,,,1,15,,33768,3,,,1,55,,33769,3,,,1,15,,33770,3,,,1,15,,33771,3,,,1,15,,33772,3,,,1,55,,33773,3,,,1,15,,33774,3,,,1,15,,33775,3,,,1,15,,33776,3,,,1,55,,33777,3,,,1,15,,33778,3,,,1,15,,33779,3,,,1,15,,33780,3,,,1,55,,33781,3,,,1,15,,33782,3,,,1,15,,33783,3,,,1,15,,33784,3,,,1,55,,33785,3,,,1,15,,33786,3,,,1,15,,33787,3,,,1,15,,33788,3,,,1,55,,33789,3,,,1,15,,33790,3,,,1,15,,33791,3,,,1,15,,33792,3,,,1,55,,33793,3,,,1,15,,33794,3,,,1,15,,33795,3,,,1,15,,33796,3,,,1,55,,33797,3,,,1,15,,33798,3,,,1,15,,33799,3,,,1,15,,33800,3,,,1,55,,33801,3,,,1,15,,33802,3,,,1,15,,33803,3,,,1,15,,33804,3,,,1,55,,33805,3,,,1,15,,33806,3,,,1,15,,33807,3,,,1,15,,33808,3,,,1,55,,33809,3,,,1,15,,33810,3,,,1,15,,33811,3,,,1,15,,33812,3,,,1,55,,33813,3,,,1,15,,33814,3,,,1,15,,33815,3,,,1
18002200,'022R-Sunday-2-26-09',555,,38109,6,,,1,55,,38110,6,,,1,15,,38111,6,,,1,15,,38112,6,,,1,15,,38080,6,,,1,55,,38095,6,,,1,15,,38041,6,,,1,15,,38052,6,,,1,15,,38067,6,,,1,55,,38064,6,,,1,15,,38081,6,,,1,15,,38066,6,,,1,15,,38094,6,,,1,55,,38093,6,,,1,15,,38096,6,,,1,15,,38048,6,,,1,15,,38106,6,,,1,55,,38091,6,,,1,15,,38079,6,,,1,15,,38057,6,,,1,15,,38063,6,,,1,55,,38108,6,,,1,15,,38050,6,,,1,15,,38078,6,,,1,15,,38076,6,,,1,55,,38045,6,,,1,15,,38105,6,,,1,15,,38047,6,,,1,15,,38083,6,,,1,55,,38071,6,,,1,15,,38055,6,,,1,15,,38102,6,,,1,15,,38089,6,,,1,55,,38068,6,,,1,15,,38061,6,,,1,15,,38103,6,,,1,15,,38042,6,,,1,55,,38088,6,,,1,15,,38046,6,,,1,15,,38092,6,,,1,15,,38070,6,,,1,55,,38086,6,,,1,15,,38040,6,,,1,15,,38085,6,,,1,15,,38062,6,,,1,55,,38098,6,,,1,15,,38099,6,,,1,15,,38044,6,,,1,15,,38053,6,,,1,55,,38058,6,,,1,15,,38060,6,,,1,15,,38059,6,,,1,15,,38056,6,,,1,55,,38100,6,,,1,15,,38073,6,,,1,15,,38075,6,,,1,15,,38090,6,,,1,55,,38104,6,,,1,15,,38043,6,,,1,15,,38039,6,,,1,15,,38077,6,,,1,55,,38074,6,,,1,15,,38107,6,,,1,15,,38049,6,,,1,15,,38101,6,,,1,55,,38082,6,,,1,15,,38087,6,,,1,15,,38097,6,,,1,15,,38051,6,,,1,55,,38038,6,,,1,15,,38054,6,,,1,15,,38069,6,,,1,15,,38072,6,,,1,55,,38065,6,,,1,15,,38084,6,,,1
18002200,'022R-Sunday-6-26-09',1828,,38257,3,,,1,15,,38258,3,,,1,15,,38259,3,,,1,55,,38260,3,,,1,15,,38261,3,,,1,15,,38262,3,,,1,15,,38263,3,,,1,55,,38264,3,,,1,15,,38265,3,,,1,15,,38266,3,,,1,15,,38267,3,,,1,55,,38268,3,,,1,15,,38269,3,,,1,15,,38270,3,,,1,15,,38271,3,,,1,55,,38272,3,,,1,15,,38273,3,,,1,15,,38274,3,,,1,15,,38275,3,,,1,55,,38276,3,,,1,15,,38277,3,,,1,15,,38278,3,,,1
