18002300,'20260913-Sunday-1-26-09',541,,34217,11,,,1,15,,34233,11,,,1,55,,34249,11,,,1,15,,34265,11,,,1,15,,34281,11,,,1,15,,34218,11,,,1,55,,34234,11,,,1,15,,34250,11,,,1,15,,34266,11,,,1,15,,34282,11,,,1,55,,34219,11,,,1,15,,34235,11,,,1,15,,34251,11,,,1,15,,34267,11,,,1,55,,34283,11,,,1,15,,34220,11,,,1,15,,34236,11,,,1,15,,34252,11,,,1,55,,34268,11,,,1,15,,34284,11,,,1,15,,34221,11,,,1,15,,34237,11,,,1,55,,34253,11,,,1,15,,34269,11,,,1,15,,34285,11,,,1,15,,34222,11,,,1,55,,34238,11,,,1,15,,34254,11,,,1,15,,34270,11,,,1,15,,34286,11,,,1,55,,34223,11,,,1,15,,34239,11,,,1,15,,34255,11,,,1,15,,34271,11,,,1,55,,34287,11,,,1,15,,34224,11,,,1,15,,34240,11,,,1,15,,34256,11,,,1,55,,34272,11,,,1,15,,34288,11,,,1,15,,34225,11,,,1,15,,34241,11,,,1,55,,34257,11,,,1,15,,34273,11,,,1,15,,34289,11,,,1,15,,34226,11,,,1,55,,34242,11,,,1,15,,34258,11,,,1,15,,34274,11,,,1,15,,34290,11,,,1,55,,34227,11,,,1,15,,34243,11,,,1,15,,34259,11,,,1,15,,34275,11,,,1,55,,34291,11,,,1,15,,34228,11,,,1,15,,34244,11,,,1,15,,34260,11,,,1,55,,34276,11,,,1,15,,34292,11,,,1,15,,34229,11,,,1,15,,34245,11,,,1,55,,34261,11,,,1,15,,34277,11,,,1,15,,34293,11,,,1,15,,34230,11,,,1,55,,34246,11,,,1,15,,34262,11,,,1,15,,34278,11,,,1,15,,34294,11,,,1,55,,34231,11,,,1,15,,34247,11,,,1,15,,34263,11,,,1,15,,34279,11,,,1,55,,34295,11,,,1,15,,34232,11,,,1,15,,34248,11,,,1,15,,34264,11,,,1,55,,34280,11,,,1
18002300,'20260914-Weekday-1-26-09',528,,34296,11,,,1,10,,34320,11,,,1,10,,34308,11,,,1,10,,34332,11,,,1,51,,34373,11,,,1,10,,34343,11,,,1,7,,34360,11,,,1,5,,34390,11,,,1,5,,34297,11,,,1,5,,34402,11,,,1,5,,34321,11,,,1,5,,34410,11,,,1,5,,34309,11,,,1,45,,34434,11,,,1,5,,34333,11,,,1,5,,34418,11,,,1,5,,34374,11,,,1,5,,34451,11,,,1,5,,34344,11,,,1,5,,34361,11,,,1,5,,34391,11,,,1,5,,34298,11,,,1,5,,34403,11,,,1,5,,34322,11,,,1,5,,34411,11,,,1,45,,34310,11,,,1,5,,34435,11,,,1,5,,34334,11,,,1,5,,34419,11,,,1,5,,34375,11,,,1,5,,34452,11,,,1,5,,34345,11,,,1,5,,34362,11,,,1,5,,34392,11,,,1,5,,34299,11,,,1,5,,34404,11,,,1,5,,34323,11,,,1,45,,34412,11,,,1,5,,34311,11,,,1,5,,34436,11,,,1,5,,34335,11,,,1,5,,34420,11,,,1,5,,34376,11,,,1,5,,34453,11,,,1,5,,34346,11,,,1,5,,34363,11,,,1,5,,34393,11,,,1,5,,34300,11,,,1,5,,34405,11,,,1,45,,34324,11,,,1,6,,34413,11,,,1,5,,34312,11,,,1,5,,34437,11,,,1,6,,34336,11,,,1,6,,34421,11,,,1,7,,34377,11,,,1,10,,34347,11,,,1,10,,34394,11,,,1,50,,34301,11,,,1,10,,34325,11,,,1,10,,34438,11,,,1,10,,34422,11,,,1,10,,34378,11,,,1,10,,34348,11,,,1,50,,34395,11,,,1,10,,34302,11,,,1,10,,34326,11,,,1,10,,34439,11,,,1,10,,34423,11,,,1,10,,34379,11,,,1,50,,34349,11,,,1,10,,34396,11,,,1,10,,34303,11,,,1,10,,34327,11,,,1,10,,34440,11,,,1,10,,34424,11,,,1,50,,34380,11,,,1,10,,34350,11,,,1,9,,34397,11,,,1,9,,34304,11,,,1,10,,34328,11,,,1,10,,34441,11,,,1,47,,34414,11,,,1,5,,34313,11,,,1,5,,34381,11,,,1,5,,34454,11,,,1,5,,34351,11,,,1,5,,34364,11,,,1,5,,34398,11,,,1,5,,34425,11,,,1,5,,34406,11,,,1,5,,34305,11,,,1,5,,34337,11,,,1,5,,34329,11,,,1,45,,34442,11,,,1,5,,34415,11,,,1,5,,34314,11,,,1,5,,34382,11,,,1,5,,34455,11,,,1,5,,34352,11,,,1,5,,34365,11,,,1,5,,34399,11,,,1,5,,34426,11,,,1,5,,34407,11,,,1,5,,34306,11,,,1,5,,34338,11,,,1,45,,34330,11,,,1,5,,34443,11,,,1,5,,34416,11,,,1,5,,34315,11,,,1,5,,34383,11,,,1,5,,34456,11,,,1,5,,34353,11,,,1,5,,34366,11,,,1,5,,34400,11,,,1,5,,34427,11,,,1,5,,34408,11,,,1,5,,34307,11,,,1,45,,34339,11,,,1,5,,34331,11,,,1,5,,34444,11,,,1,5,,34417,11,,,1,5,,34316,11,,,1,5,,34384,11,,,1,5,,34457,11,,,1,5,,34354,11,,,1,7,,34367,11,,,1,5,,34401,11,,,1,4,,34428,11,,,1,6,,34409,11,,,1,53,,34340,11,,,1,10,,34445,11,,,1,10,,34317,11,,,1,10,,34385,11,,,1,10,,34355,11,,,1,50,,34368,11,,,1,10,,34429,11,,,1,10,,34341,11,,,1,10,,34446,11,,,1,10,,34318,11,,,1,10,,34386,11,,,1,50,,34356,11,,,1,10,,34369,11,,,1,10,,34430,11,,,1,10,,34342,11,,,1,10,,34447,11,,,1,10,,34319,11,,,1,50,,34387,11,,,1,15,,34357,11,,,1,15,,34370,11,,,1,15,,34431,11,,,1,55,,34448,11,,,1,15,,34388,11,,,1,15,,34358,11,,,1,15,,34371,11,,,1,55,,34432,11,,,1,15,,34449,11,,,1,15,,34389,11,,,1,15,,34359,11,,,1,55,,34372,11,,,1,15,,34433,11,,,1,15,,34450,11,,,1
18002300,'20260914-Weekday-2-26-09',528,,34458,11,,,1,10,,34482,11,,,1,10,,34470,11,,,1,10,,34494,11,,,1,51,,34535,11,,,1,10,,34505,11,,,1,7,,34522,11,,,1,5,,34552,11,,,1,5,,34459,11,,,1,5,,34564,11,,,1,5,,34483,11,,,1,5,,34572,11,,,1,5,,34471,11,,,1,45,,34596,11,,,1,5,,34495,11,,,1,5,,34580,11,,,1,5,,34536,11,,,1,5,,34613,11,,,1,5,,34506,11,,,1,5,,34523,11,,,1,5,,34553,11,,,1,5,,34460,11,,,1,5,,34565,11,,,1,5,,34484,11,,,1,5,,34573,11,,,1,45,,34472,11,,,1,5,,34597,11,,,1,5,,34496,11,,,1,5,,34581,11,,,1,5,,34537,11,,,1,5,,34614,11,,,1,5,,34507,11,,,1,5,,34524,11,,,1,5,,34554,11,,,1,5,,34461,11,,,1,5,,34566,11,,,1,5,,34485,11,,,1,45,,34574,11,,,1,5,,34473,11,,,1,5,,34598,11,,,1,5,,34497,11,,,1,5,,34582,11,,,1,5,,34538,11,,,1,5,,34615,11,,,1,5,,34508,11,,,1,5,,34525,11,,,1,5,,34555,11,,,1,5,,34462,11,,,1,5,,34567,11,,,1,45,,34486,11,,,1,6,,34575,11,,,1,5,,34474,11,,,1,5,,34599,11,,,1,6,,34498,11,,,1,6,,34583,11,,,1,7,,34539,11,,,1,10,,34509,11,,,1,10,,34556,11,,,1,50,,34463,11,,,1,10,,34487,11,,,1,10,,34600,11,,,1,10,,34584,11,,,1,10,,34540,11,,,1,10,,34510,11,,,1,50,,34557,11,,,1,10,,34464,11,,,1,10,,34488,11,,,1,10,,34601,11,,,1,10,,34585,11,,,1,10,,34541,11,,,1,50,,34511,11,,,1,10,,34558,11,,,1,10,,34465,11,,,1,10,,34489,11,,,1,10,,34602,11,,,1,10,,34586,11,,,1,50,,34542,11,,,1,10,,34512,11,,,1,9,,34559,11,,,1,9,,34466,11,,,1,10,,34490,11,,,1,10,,34603,11,,,1,47,,34576,11,,,1,5,,34475,11,,,1,5,,34543,11,,,1,5,,34616,11,,,1,5,,34513,11,,,1,5,,34526,11,,,1,5,,34560,11,,,1,5,,34587,11,,,1,5,,34568,11,,,1,5,,34467,11,,,1,5,,34499,11,,,1,5,,34491,11,,,1,45,,34604,11,,,1,5,,34577,11,,,1,5,,34476,11,,,1,5,,34544,11,,,1,5,,34617,11,,,1,5,,34514,11,,,1,5,,34527,11,,,1,5,,34561,11,,,1,5,,34588,11,,,1,5,,34569,11,,,1,5,,34468,11,,,1,5,,34500,11,,,1,45,,34492,11,,,1,5,,34605,11,,,1,5,,34578,11,,,1,5,,34477,11,,,1,5,,34545,11,,,1,5,,34618,11,,,1,5,,34515,11,,,1,5,,34528,11,,,1,5,,34562,11,,,1,5,,34589,11,,,1,5,,34570,11,,,1,5,,34469,11,,,1,45,,34501,11,,,1,5,,34493,11,,,1,5,,34606,11,,,1,5,,34579,11,,,1,5,,34478,11,,,1,5,,34546,11,,,1,5,,34619,11,,,1,5,,34516,11,,,1,7,,34529,11,,,1,5,,34563,11,,,1,4,,34590,11,,,1,6,,34571,11,,,1,53,,34502,11,,,1,10,,34607,11,,,1,10,,34479,11,,,1,10,,34547,11,,,1,10,,34517,11,,,1,50,,34530,11,,,1,10,,34591,11,,,1,10,,34503,11,,,1,10,,34608,11,,,1,10,,34480,11,,,1,10,,34548,11,,,1,50,,34518,11,,,1,10,,34531,11,,,1,10,,34592,11,,,1,10,,34504,11,,,1,10,,34609,11,,,1,10,,34481,11,,,1,50,,34549,11,,,1,15,,34519,11,,,1,15,,34532,11,,,1,15,,34593,11,,,1,55,,34610,11,,,1,15,,34550,11,,,1,15,,34520,11,,,1,15,,34533,11,,,1,55,,34594,11,,,1,15,,34611,11,,,1,15,,34551,11,,,1,15,,34521,11,,,1,55,,34534,11,,,1,15,,34595,11,,,1,15,,34612,11,,,1
18002300,'20260914-Weekday-3-26-09',528,,39188,11,,,1,10,,39212,11,,,1,10,,39200,11,,,1,10,,39224,11,,,1,51,,39265,11,,,1,10,,39235,11,,,1,7,,39252,11,,,1,5,,39282,11,,,1,5,,39189,11,,,1,5,,39294,11,,,1,5,,39213,11,,,1,5,,39302,11,,,1,5,,39201,11,,,1,45,,39326,11,,,1,5,,39225,11,,,1,5,,39310,11,,,1,5,,39266,11,,,1,5,,39343,11,,,1,5,,39236,11,,,1,5,,39253,11,,,1,5,,39283,11,,,1,5,,39190,11,,,1,5,,39295,11,,,1,5,,39214,11,,,1,5,,39303,11,,,1,45,,39202,11,,,1,5,,39327,11,,,1,5,,39226,11,,,1,5,,39311,11,,,1,5,,39267,11,,,1,5,,39344,11,,,1,5,,39237,11,,,1,5,,39254,11,,,1,5,,39284,11,,,1,5,,39191,11,,,1,5,,39296,11,,,1,5,,39215,11,,,1,45,,39304,11,,,1,5,,39203,11,,,1,5,,39328,11,,,1,5,,39227,11,,,1,5,,39312,11,,,1,5,,39268,11,,,1,5,,39345,11,,,1,5,,39238,11,,,1,5,,39255,11,,,1,5,,39285,11,,,1,5,,39192,11,,,1,5,,39297,11,,,1,45,,39216,11,,,1,6,,39305,11,,,1,5,,39204,11,,,1,5,,39329,11,,,1,6,,39228,11,,,1,6,,39313,11,,,1,7,,39269,11,,,1,10,,39239,11,,,1,10,,39286,11,,,1,50,,39193,11,,,1,10,,39217,11,,,1,10,,39330,11,,,1,10,,39314,11,,,1,10,,39270,11,,,1,10,,39240,11,,,1,50,,39287,11,,,1,10,,39194,11,,,1,10,,39218,11,,,1,10,,39331,11,,,1,10,,39315,11,,,1,10,,39271,11,,,1,50,,39241,11,,,1,10,,39288,11,,,1,10,,39195,11,,,1,10,,39219,11,,,1,10,,39332,11,,,1,10,,39316,11,,,1,50,,39272,11,,,1,10,,39242,11,,,1,9,,39289,11,,,1,9,,39196,11,,,1,10,,39220,11,,,1,10,,39333,11,,,1,47,,39306,11,,,1,5,,39205,11,,,1,5,,39273,11,,,1,5,,39346,11,,,1,5,,39243,11,,,1,5,,39256,11,,,1,5,,39290,11,,,1,5,,39317,11,,,1,5,,39298,11,,,1,5,,39197,11,,,1,5,,39229,11,,,1,5,,39221,11,,,1,45,,39334,11,,,1,5,,39307,11,,,1,5,,39206,11,,,1,5,,39274,11,,,1,5,,39347,11,,,1,5,,39244,11,,,1,5,,39257,11,,,1,5,,39291,11,,,1,5,,39318,11,,,1,5,,39299,11,,,1,5,,39198,11,,,1,5,,39230,11,,,1,45,,39222,11,,,1,5,,39335,11,,,1,5,,39308,11,,,1,5,,39207,11,,,1,5,,39275,11,,,1,5,,39348,11,,,1,5,,39245,11,,,1,5,,39258,11,,,1,5,,39292,11,,,1,5,,39319,11,,,1,5,,39300,11,,,1,5,,39199,11,,,1,45,,39231,11,,,1,5,,39223,11,,,1,5,,39336,11,,,1,5,,39309,11,,,1,5,,39208,11,,,1,5,,39276,11,,,1,5,,39349,11,,,1,5,,39246,11,,,1,7,,39259,11,,,1,5,,39293,11,,,1,4,,39320,11,,,1,6,,39301,11,,,1,53,,39232,11,,,1,10,,39337,11,,,1,10,,39209,11,,,1,10,,39277,11,,,1,10,,39247,11,,,1,50,,39260,11,,,1,10,,39321,11,,,1,10,,39233,11,,,1,10,,39338,11,,,1,10,,39210,11,,,1,10,,39278,11,,,1,50,,39248,11,,,1,10,,39261,11,,,1,10,,39322,11,,,1,10,,39234,11,,,1,10,,39339,11,,,1,10,,39211,11,,,1,50,,39279,11,,,1,15,,39249,11,,,1,15,,39262,11,,,1,15,,39323,11,,,1,55,,39340,11,,,1,15,,39280,11,,,1,15,,39250,11,,,1,15,,39263,11,,,1,55,,39324,11,,,1,15,,39341,11,,,1,15,,39281,11,,,1,15,,39251,11,,,1,55,,39264,11,,,1,15,,39325,11,,,1,15,,39342,11,,,1
18002300,'20260914-Weekday-4-26-09',528,,34620,11,,,1,10,,34644,11,,,1,10,,34632,11,,,1,10,,34656,11,,,1,51,,34697,11,,,1,10,,34667,11,,,1,7,,34684,11,,,1,5,,34714,11,,,1,5,,34621,11,,,1,5,,34726,11,,,1,5,,34645,11,,,1,5,,34734,11,,,1,5,,34633,11,,,1,45,,34758,11,,,1,5,,34657,11,,,1,5,,34742,11,,,1,5,,34698,11,,,1,5,,34775,11,,,1,5,,34668,11,,,1,5,,34685,11,,,1,5,,34715,11,,,1,5,,34622,11,,,1,5,,34727,11,,,1,5,,34646,11,,,1,5,,34735,11,,,1,45,,34634,11,,,1,5,,34759,11,,,1,5,,34658,11,,,1,5,,34743,11,,,1,5,,34699,11,,,1,5,,34776,11,,,1,5,,34669,11,,,1,5,,34686,11,,,1,5,,34716,11,,,1,5,,34623,11,,,1,5,,34728,11,,,1,5,,34647,11,,,1,45,,34736,11,,,1,5,,34635,11,,,1,5,,34760,11,,,1,5,,34659,11,,,1,5,,34744,11,,,1,5,,34700,11,,,1,5,,34777,11,,,1,5,,34670,11,,,1,5,,34687,11,,,1,5,,34717,11,,,1,5,,34624,11,,,1,5,,34729,11,,,1,45,,34648,11,,,1,6,,34737,11,,,1,5,,34636,11,,,1,5,,34761,11,,,1,6,,34660,11,,,1,6,,34745,11,,,1,7,,34701,11,,,1,10,,34671,11,,,1,10,,34718,11,,,1,50,,34625,11,,,1,10,,34649,11,,,1,10,,34762,11,,,1,10,,34746,11,,,1,10,,34702,11,,,1,10,,34672,11,,,1,50,,34719,11,,,1,10,,34626,11,,,1,10,,34650,11,,,1,10,,34763,11,,,1,10,,34747,11,,,1,10,,34703,11,,,1,50,,34673,11,,,1,10,,34720,11,,,1,10,,34627,11,,,1,10,,34651,11,,,1,10,,34764,11,,,1,10,,34748,11,,,1,50,,34704,11,,,1,10,,34674,11,,,1,9,,34721,11,,,1,9,,34628,11,,,1,10,,34652,11,,,1,10,,34765,11,,,1,47,,34738,11,,,1,5,,34637,11,,,1,5,,34705,11,,,1,5,,34778,11,,,1,5,,34675,11,,,1,5,,34688,11,,,1,5,,34722,11,,,1,5,,34749,11,,,1,5,,34730,11,,,1,5,,34629,11,,,1,5,,34661,11,,,1,5,,34653,11,,,1,45,,34766,11,,,1,5,,34739,11,,,1,5,,34638,11,,,1,5,,34706,11,,,1,5,,34779,11,,,1,5,,34676,11,,,1,5,,34689,11,,,1,5,,34723,11,,,1,5,,34750,11,,,1,5,,34731,11,,,1,5,,34630,11,,,1,5,,34662,11,,,1,45,,34654,11,,,1,5,,34767,11,,,1,5,,34740,11,,,1,5,,34639,11,,,1,5,,34707,11,,,1,5,,34780,11,,,1,5,,34677,11,,,1,5,,34690,11,,,1,5,,34724,11,,,1,5,,34751,11,,,1,5,,34732,11,,,1,5,,34631,11,,,1,45,,34663,11,,,1,5,,34655,11,,,1,5,,34768,11,,,1,5,,34741,11,,,1,5,,34640,11,,,1,5,,34708,11,,,1,5,,34781,11,,,1,5,,34678,11,,,1,7,,34691,11,,,1,5,,34725,11,,,1,4,,34752,11,,,1,6,,34733,11,,,1,53,,34664,11,,,1,10,,34769,11,,,1,10,,34641,11,,,1,10,,34709,11,,,1,10,,34679,11,,,1,50,,34692,11,,,1,10,,34753,11,,,1,10,,34665,11,,,1,10,,34770,11,,,1,10,,34642,11,,,1,10,,34710,11,,,1,50,,34680,11,,,1,10,,34693,11,,,1,10,,34754,11,,,1,10,,34666,11,,,1,10,,34771,11,,,1,10,,34643,11,,,1,50,,34711,11,,,1,15,,34681,11,,,1,15,,34694,11,,,1,15,,34755,11,,,1,55,,34772,11,,,1,15,,34712,11,,,1,15,,34682,11,,,1,15,,34695,11,,,1,55,,34756,11,,,1,15,,34773,11,,,1,15,,34713,11,,,1,15,,34683,11,,,1,55,,34696,11,,,1,15,,34757,11,,,1,15,,34774,11,,,1
18002300,'20260914-Weekday-5-26-09',528,,39350,11,,,1,10,,39374,11,,,1,10,,39362,11,,,1,10,,39386,11,,,1,51,,39427,11,,,1,10,,39397,11,,,1,7,,39414,11,,,1,5,,39444,11,,,1,5,,39351,11,,,1,5,,39456,11,,,1,5,,39375,11,,,1,5,,39464,11,,,1,5,,39363,11,,,1,45,,39488,11,,,1,5,,39387,11,,,1,5,,39472,11,,,1,5,,39428,11,,,1,5,,39505,11,,,1,5,,39398,11,,,1,5,,39415,11,,,1,5,,39445,11,,,1,5,,39352,11,,,1,5,,39457,11,,,1,5,,39376,11,,,1,5,,39465,11,,,1,45,,39364,11,,,1,5,,39489,11,,,1,5,,39388,11,,,1,5,,39473,11,,,1,5,,39429,11,,,1,5,,39506,11,,,1,5,,39399,11,,,1,5,,39416,11,,,1,5,,39446,11,,,1,5,,39353,11,,,1,5,,39458,11,,,1,5,,39377,11,,,1,45,,39466,11,,,1,5,,39365,11,,,1,5,,39490,11,,,1,5,,39389,11,,,1,5,,39474,11,,,1,5,,39430,11,,,1,5,,39507,11,,,1,5,,39400,11,,,1,5,,39417,11,,,1,5,,39447,11,,,1,5,,39354,11,,,1,5,,39459,11,,,1,45,,39378,11,,,1,6,,39467,11,,,1,5,,39366,11,,,1,5,,39491,11,,,1,6,,39390,11,,,1,6,,39475,11,,,1,7,,39431,11,,,1,10,,39401,11,,,1,10,,39448,11,,,1,50,,39355,11,,,1,10,,39379,11,,,1,10,,39492,11,,,1,10,,39476,11,,,1,10,,39432,11,,,1,10,,39402,11,,,1,50,,39449,11,,,1,10,,39356,11,,,1,10,,39380,11,,,1,10,,39493,11,,,1,10,,39477,11,,,1,10,,39433,11,,,1,50,,39403,11,,,1,10,,39450,11,,,1,10,,39357,11,,,1,10,,39381,11,,,1,10,,39494,11,,,1,10,,39478,11,,,1,50,,39434,11,,,1,10,,39404,11,,,1,9,,39451,11,,,1,9,,39358,11,,,1,10,,39382,11,,,1,10,,39495,11,,,1,47,,39468,11,,,1,5,,39367,11,,,1,5,,39435,11,,,1,5,,39508,11,,,1,5,,39405,11,,,1,5,,39418,11,,,1,5,,39452,11,,,1,5,,39479,11,,,1,5,,39460,11,,,1,5,,39359,11,,,1,5,,39391,11,,,1,5,,39383,11,,,1,45,,39496,11,,,1,5,,39469,11,,,1,5,,39368,11,,,1,5,,39436,11,,,1,5,,39509,11,,,1,5,,39406,11,,,1,5,,39419,11,,,1,5,,39453,11,,,1,5,,39480,11,,,1,5,,39461,11,,,1,5,,39360,11,,,1,5,,39392,11,,,1,45,,39384,11,,,1,5,,39497,11,,,1,5,,39470,11,,,1,5,,39369,11,,,1,5,,39437,11,,,1,5,,39510,11,,,1,5,,39407,11,,,1,5,,39420,11,,,1,5,,39454,11,,,1,5,,39481,11,,,1,5,,39462,11,,,1,5,,39361,11,,,1,45,,39393,11,,,1,5,,39385,11,,,1,5,,39498,11,,,1,5,,39471,11,,,1,5,,39370,11,,,1,5,,39438,11,,,1,5,,39511,11,,,1,5,,39408,11,,,1,7,,39421,11,,,1,5,,39455,11,,,1,4,,39482,11,,,1,6,,39463,11,,,1,53,,39394,11,,,1,10,,39499,11,,,1,10,,39371,11,,,1,10,,39439,11,,,1,10,,39409,11,,,1,50,,39422,11,,,1,10,,39483,11,,,1,10,,39395,11,,,1,10,,39500,11,,,1,10,,39372,11,,,1,10,,39440,11,,,1,50,,39410,11,,,1,10,,39423,11,,,1,10,,39484,11,,,1,10,,39396,11,,,1,10,,39501,11,,,1,10,,39373,11,,,1,50,,39441,11,,,1,15,,39411,11,,,1,15,,39424,11,,,1,15,,39485,11,,,1,55,,39502,11,,,1,15,,39442,11,,,1,15,,39412,11,,,1,15,,39425,11,,,1,55,,39486,11,,,1,15,,39503,11,,,1,15,,39443,11,,,1,15,,39413,11,,,1,55,,39426,11,,,1,15,,39487,11,,,1,15,,39504,11,,,1
18002300,'20260914-Weekday-6-26-09',528,,39512,11,,,1,10,,39536,11,,,1,10,,39524,11,,,1,10,,39548,11,,,1,51,,39589,11,,,1,10,,39559,11,,,1,7,,39576,11,,,1,5,,39606,11,,,1,5,,39513,11,,,1,5,,39618,11,,,1,5,,39537,11,,,1,5,,39626,11,,,1,5,,39525,11,,,1,45,,39650,11,,,1,5,,39549,11,,,1,5,,39634,11,,,1,5,,39590,11,,,1,5,,39667,11,,,1,5,,39560,11,,,1,5,,39577,11,,,1,5,,39607,11,,,1,5,,39514,11,,,1,5,,39619,11,,,1,5,,39538,11,,,1,5,,39627,11,,,1,45,,39526,11,,,1,5,,39651,11,,,1,5,,39550,11,,,1,5,,39635,11,,,1,5,,39591,11,,,1,5,,39668,11,,,1,5,,39561,11,,,1,5,,39578,11,,,1,5,,39608,11,,,1,5,,39515,11,,,1,5,,39620,11,,,1,5,,39539,11,,,1,45,,39628,11,,,1,5,,39527,11,,,1,5,,39652,11,,,1,5,,39551,11,,,1,5,,39636,11,,,1,5,,39592,11,,,1,5,,39669,11,,,1,5,,39562,11,,,1,5,,39579,11,,,1,5,,39609,11,,,1,5,,39516,11,,,1,5,,39621,11,,,1,45,,39540,11,,,1,6,,39629,11,,,1,5,,39528,11,,,1,5,,39653,11,,,1,6,,39552,11,,,1,6,,39637,11,,,1,7,,39593,11,,,1,10,,39563,11,,,1,10,,39610,11,,,1,50,,39517,11,,,1,10,,39541,11,,,1,10,,39654,11,,,1,10,,39638,11,,,1,10,,39594,11,,,1,10,,39564,11,,,1,50,,39611,11,,,1,10,,39518,11,,,1,10,,39542,11,,,1,10,,39655,11,,,1,10,,39639,11,,,1,10,,39595,11,,,1,50,,39565,11,,,1,10,,39612,11,,,1,10,,39519,11,,,1,10,,39543,11,,,1,10,,39656,11,,,1,10,,39640,11,,,1,50,,39596,11,,,1,10,,39566,11,,,1,9,,39613,11,,,1,9,,39520,11,,,1,10,,39544,11,,,1,10,,39657,11,,,1,47,,39630,11,,,1,5,,39529,11,,,1,5,,39597,11,,,1,5,,39670,11,,,1,5,,39567,11,,,1,5,,39580,11,,,1,5,,39614,11,,,1,5,,39641,11,,,1,5,,39622,11,,,1,5,,39521,11,,,1,5,,39553,11,,,1,5,,39545,11,,,1,45,,39658,11,,,1,5,,39631,11,,,1,5,,39530,11,,,1,5,,39598,11,,,1,5,,39671,11,,,1,5,,39568,11,,,1,5,,39581,11,,,1,5,,39615,11,,,1,5,,39642,11,,,1,5,,39623,11,,,1,5,,39522,11,,,1,5,,39554,11,,,1,45,,39546,11,,,1,5,,39659,11,,,1,5,,39632,11,,,1,5,,39531,11,,,1,5,,39599,11,,,1,5,,39672,11,,,1,5,,39569,11,,,1,5,,39582,11,,,1,5,,39616,11,,,1,5,,39643,11,,,1,5,,39624,11,,,1,5,,39523,11,,,1,45,,39555,11,,,1,5,,39547,11,,,1,5,,39660,11,,,1,5,,39633,11,,,1,5,,39532,11,,,1,5,,39600,11,,,1,5,,39673,11,,,1,5,,39570,11,,,1,7,,39583,11,,,1,5,,39617,11,,,1,4,,39644,11,,,1,6,,39625,11,,,1,53,,39556,11,,,1,10,,39661,11,,,1,10,,39533,11,,,1,10,,39601,11,,,1,10,,39571,11,,,1,50,,39584,11,,,1,10,,39645,11,,,1,10,,39557,11,,,1,10,,39662,11,,,1,10,,39534,11,,,1,10,,39602,11,,,1,50,,39572,11,,,1,10,,39585,11,,,1,10,,39646,11,,,1,10,,39558,11,,,1,10,,39663,11,,,1,10,,39535,11,,,1,50,,39603,11,,,1,15,,39573,11,,,1,15,,39586,11,,,1,15,,39647,11,,,1,55,,39664,11,,,1,15,,39604,11,,,1,15,,39574,11,,,1,15,,39587,11,,,1,55,,39648,11,,,1,15,,39665,11,,,1,15,,39605,11,,,1,15,,39575,11,,,1,55,,39588,11,,,1,15,,39649,11,,,1,15,,39666,11,,,1
18002300,'20260914-Weekday-7-26-09',528,,39674,11,,,1,10,,39698,11,,,1,10,,39686,11,,,1,10,,39710,11,,,1,51,,39751,11,,,1,10,,39721,11,,,1,7,,39738,11,,,1,5,,39768,11,,,1,5,,39675,11,,,1,5,,39780,11,,,1,5,,39699,11,,,1,5,,39788,11,,,1,5,,39687,11,,,1,45,,39812,11,,,1,5,,39711,11,,,1,5,,39796,11,,,1,5,,39752,11,,,1,5,,39829,11,,,1,5,,39722,11,,,1,5,,39739,11,,,1,5,,39769,11,,,1,5,,39676,11,,,1,5,,39781,11,,,1,5,,39700,11,,,1,5,,39789,11,,,1,45,,39688,11,,,1,5,,39813,11,,,1,5,,39712,11,,,1,5,,39797,11,,,1,5,,39753,11,,,1,5,,39830,11,,,1,5,,39723,11,,,1,5,,39740,11,,,1,5,,39770,11,,,1,5,,39677,11,,,1,5,,39782,11,,,1,5,,39701,11,,,1,45,,39790,11,,,1,5,,39689,11,,,1,5,,39814,11,,,1,5,,39713,11,,,1,5,,39798,11,,,1,5,,39754,11,,,1,5,,39831,11,,,1,5,,39724,11,,,1,5,,39741,11,,,1,5,,39771,11,,,1,5,,39678,11,,,1,5,,39783,11,,,1,45,,39702,11,,,1,6,,39791,11,,,1,5,,39690,11,,,1,5,,39815,11,,,1,6,,39714,11,,,1,6,,39799,11,,,1,7,,39755,11,,,1,10,,39725,11,,,1,10,,39772,11,,,1,50,,39679,11,,,1,10,,39703,11,,,1,10,,39816,11,,,1,10,,39800,11,,,1,10,,39756,11,,,1,10,,39726,11,,,1,50,,39773,11,,,1,10,,39680,11,,,1,10,,39704,11,,,1,10,,39817,11,,,1,10,,39801,11,,,1,10,,39757,11,,,1,50,,39727,11,,,1,10,,39774,11,,,1,10,,39681,11,,,1,10,,39705,11,,,1,10,,39818,11,,,1,10,,39802,11,,,1,50,,39758,11,,,1,10,,39728,11,,,1,9,,39775,11,,,1,9,,39682,11,,,1,10,,39706,11,,,1,10,,39819,11,,,1,47,,39792,11,,,1,5,,39691,11,,,1,5,,39759,11,,,1,5,,39832,11,,,1,5,,39729,11,,,1,5,,39742,11,,,1,5,,39776,11,,,1,5,,39803,11,,,1,5,,39784,11,,,1,5,,39683,11,,,1,5,,39715,11,,,1,5,,39707,11,,,1,45,,39820,11,,,1,5,,39793,11,,,1,5,,39692,11,,,1,5,,39760,11,,,1,5,,39833,11,,,1,5,,39730,11,,,1,5,,39743,11,,,1,5,,39777,11,,,1,5,,39804,11,,,1,5,,39785,11,,,1,5,,39684,11,,,1,5,,39716,11,,,1,45,,39708,11,,,1,5,,39821,11,,,1,5,,39794,11,,,1,5,,39693,11,,,1,5,,39761,11,,,1,5,,39834,11,,,1,5,,39731,11,,,1,5,,39744,11,,,1,5,,39778,11,,,1,5,,39805,11,,,1,5,,39786,11,,,1,5,,39685,11,,,1,45,,39717,11,,,1,5,,39709,11,,,1,5,,39822,11,,,1,5,,39795,11,,,1,5,,39694,11,,,1,5,,39762,11,,,1,5,,39835,11,,,1,5,,39732,11,,,1,7,,39745,11,,,1,5,,39779,11,,,1,4,,39806,11,,,1,6,,39787,11,,,1,53,,39718,11,,,1,10,,39823,11,,,1,10,,39695,11,,,1,10,,39763,11,,,1,10,,39733,11,,,1,50,,39746,11,,,1,10,,39807,11,,,1,10,,39719,11,,,1,10,,39824,11,,,1,10,,39696,11,,,1,10,,39764,11,,,1,50,,39734,11,,,1,10,,39747,11,,,1,10,,39808,11,,,1,10,,39720,11,,,1,10,,39825,11,,,1,10,,39697,11,,,1,50,,39765,11,,,1,15,,39735,11,,,1,15,,39748,11,,,1,15,,39809,11,,,1,55,,39826,11,,,1,15,,39766,11,,,1,15,,39736,11,,,1,15,,39749,11,,,1,55,,39810,11,,,1,15,,39827,11,,,1,15,,39767,11,,,1,15,,39737,11,,,1,55,,39750,11,,,1,15,,39811,11,,,1,15,,39828,11,,,1
18002300,'20260917-Holiday1-1-26-09',528,,34782,11,,,1,10,,34809,11,,,1,10,,34794,11,,,1,10,,34821,11,,,1,51,,34865,11,,,1,10,,34835,11,,,1,7,,34852,11,,,1,5,,34883,11,,,1,5,,34783,11,,,1,5,,34895,11,,,1,5,,34810,11,,,1,5,,34903,11,,,1,5,,34795,11,,,1,45,,34927,11,,,1,5,,34822,11,,,1,5,,34911,11,,,1,5,,34866,11,,,1,5,,34944,11,,,1,5,,34836,11,,,1,5,,34853,11,,,1,5,,34884,11,,,1,5,,34784,11,,,1,5,,34896,11,,,1,5,,34811,11,,,1,5,,34904,11,,,1,45,,34796,11,,,1,5,,34928,11,,,1,5,,34823,11,,,1,5,,34912,11,,,1,5,,34867,11,,,1,5,,34945,11,,,1,5,,34837,11,,,1,5,,34854,11,,,1,5,,34885,11,,,1,5,,34785,11,,,1,5,,34897,11,,,1,5,,34812,11,,,1,45,,34905,11,,,1,5,,34797,11,,,1,5,,34929,11,,,1,5,,34824,11,,,1,5,,34913,11,,,1,5,,34868,11,,,1,5,,34946,11,,,1,5,,34838,11,,,1,5,,34855,11,,,1,5,,34886,11,,,1,5,,34786,11,,,1,5,,34898,11,,,1,45,,34813,11,,,1,6,,34906,11,,,1,5,,34798,11,,,1,5,,34930,11,,,1,6,,34825,11,,,1,6,,34914,11,,,1,7,,34869,11,,,1,10,,34839,11,,,1,10,,34887,11,,,1,50,,34787,11,,,1,10,,34814,11,,,1,10,,34931,11,,,1,10,,34915,11,,,1,10,,34870,11,,,1,10,,34840,11,,,1,50,,34888,11,,,1,10,,34788,11,,,1,10,,34815,11,,,1,10,,34932,11,,,1,10,,34916,11,,,1,10,,34871,11,,,1,50,,34841,11,,,1,10,,34889,11,,,1,10,,34789,11,,,1,10,,34816,11,,,1,10,,34933,11,,,1,10,,34917,11,,,1,50,,34872,11,,,1,10,,34842,11,,,1,9,,34890,11,,,1,9,,34790,11,,,1,10,,34817,11,,,1,10,,34934,11,,,1,47,,34907,11,,,1,5,,34799,11,,,1,5,,34873,11,,,1,5,,34947,11,,,1,5,,34843,11,,,1,5,,34856,11,,,1,5,,34891,11,,,1,5,,34918,11,,,1,5,,34899,11,,,1,5,,34791,11,,,1,5,,34826,11,,,1,5,,34818,11,,,1,45,,34935,11,,,1,5,,34908,11,,,1,5,,34800,11,,,1,5,,34874,11,,,1,5,,34948,11,,,1,5,,34844,11,,,1,5,,34857,11,,,1,5,,34892,11,,,1,5,,34919,11,,,1,5,,34900,11,,,1,5,,34792,11,,,1,5,,34827,11,,,1,45,,34819,11,,,1,5,,34936,11,,,1,5,,34909,11,,,1,5,,34801,11,,,1,5,,34875,11,,,1,5,,34949,11,,,1,5,,34845,11,,,1,5,,34858,11,,,1,5,,34893,11,,,1,5,,34920,11,,,1,5,,34901,11,,,1,5,,34793,11,,,1,45,,34828,11,,,1,5,,34820,11,,,1,5,,34937,11,,,1,5,,34910,11,,,1,5,,34802,11,,,1,5,,34876,11,,,1,5,,34950,11,,,1,5,,34846,11,,,1,7,,34859,11,,,1,5,,34894,11,,,1,4,,34921,11,,,1,6,,34902,11,,,1,53,,34829,11,,,1,10,,34938,11,,,1,10,,34803,11,,,1,10,,34877,11,,,1,10,,34847,11,,,1,50,,34860,11,,,1,10,,34922,11,,,1,10,,34830,11,,,1,10,,34939,11,,,1,10,,34804,11,,,1,10,,34878,11,,,1,50,,34848,11,,,1,10,,34861,11,,,1,10,,34923,11,,,1,10,,34831,11,,,1,10,,34940,11,,,1,10,,34805,11,,,1,50,,34879,11,,,1,10,,34849,11,,,1,10,,34862,11,,,1,10,,34924,11,,,1,10,,34832,11,,,1,10,,34941,11,,,1,50,,34806,11,,,1,10,,34880,11,,,1,10,,34850,11,,,1,10,,34863,11,,,1,10,,34925,11,,,1,10,,34833,11,,,1,50,,34942,11,,,1,10,,34807,11,,,1,10,,34881,11,,,1,10,,34851,11,,,1,10,,34864,11,,,1,10,,34926,11,,,1,50,,34834,11,,,1,10,,34943,11,,,1,10,,34808,11,,,1,10,,34882,11,,,1
18002300,'20260919-Saturday-1-26-09',541,,34951,11,,,1,10,,34968,11,,,1,50,,34985,11,,,1,10,,34997,11,,,1,10,,35014,11,,,1,10,,35031,11,,,1,10,,35047,11,,,1,10,,34952,11,,,1,50,,34969,11,,,1,10,,34986,11,,,1,10,,34998,11,,,1,10,,35015,11,,,1,10,,35032,11,,,1,10,,35048,11,,,1,50,,34953,11,,,1,10,,34970,11,,,1,10,,34987,11,,,1,10,,34999,11,,,1,10,,35016,11,,,1,10,,35033,11,,,1,50,,35049,11,,,1,10,,34954,11,,,1,10,,34971,11,,,1,10,,34988,11,,,1,10,,35000,11,,,1,10,,35017,11,,,1,50,,35034,11,,,1,10,,35050,11,,,1,10,,34955,11,,,1,10,,34972,11,,,1,10,,34989,11,,,1,10,,35001,11,,,1,50,,35018,11,,,1,10,,35035,11,,,1,10,,35051,11,,,1,10,,34956,11,,,1,10,,34973,11,,,1,10,,34990,11,,,1,50,,35002,11,,,1,10,,35019,11,,,1,10,,35036,11,,,1,10,,35052,11,,,1,10,,34957,11,,,1,10,,34974,11,,,1,50,,34991,11,,,1,10,,35003,11,,,1,10,,35020,11,,,1,10,,35037,11,,,1,10,,35053,11,,,1,10,,34958,11,,,1,50,,34975,11,,,1,10,,34992,11,,,1,10,,35004,11,,,1,10,,35021,11,,,1,10,,35038,11,,,1,10,,35054,11,,,1,50,,34959,11,,,1,10,,34976,11,,,1,10,,34993,11,,,1,10,,35005,11,,,1,10,,35022,11,,,1,10,,35039,11,,,1,50,,35055,11,,,1,10,,34960,11,,,1,10,,34977,11,,,1,10,,34994,11,,,1,10,,35006,11,,,1,10,,35023,11,,,1,50,,35040,11,,,1,10,,35056,11,,,1,10,,34961,11,,,1,10,,34978,11,,,1,10,,34995,11,,,1,10,,35007,11,,,1,50,,35024,11,,,1,10,,35041,11,,,1,10,,35057,11,,,1,10,,34962,11,,,1,10,,34979,11,,,1,10,,34996,11,,,1,50,,35008,11,,,1,15,,35025,11,,,1,15,,35042,11,,,1,15,,34963,11,,,1,55,,34980,11,,,1,15,,35009,11,,,1,15,,35026,11,,,1,15,,35043,11,,,1,55,,34964,11,,,1,15,,34981,11,,,1,15,,35010,11,,,1,15,,35027,11,,,1,55,,35044,11,,,1,15,,34965,11,,,1,15,,34982,11,,,1,15,,35011,11,,,1,55,,35028,11,,,1,15,,35045,11,,,1,15,,34966,11,,,1,15,,34983,11,,,1,55,,35012,11,,,1,15,,35029,11,,,1,15,,35046,11,,,1,15,,34967,11,,,1,55,,34984,11,,,1,15,,35013,11,,,1,15,,35030,11,,,1
