18002301,'20260913-Sunday-1-26-09',534,,35104,8,,,1,15,,35120,8,,,1,55,,35058,8,,,1,15,,35074,8,,,1,15,,35089,8,,,1,15,,35105,8,,,1,55,,35121,8,,,1,15,,35059,8,,,1,15,,35075,8,,,1,15,,35090,8,,,1,55,,35106,8,,,1,15,,35122,8,,,1,15,,35060,8,,,1,15,,35076,8,,,1,55,,35091,8,,,1,15,,35107,8,,,1,15,,35123,8,,,1,15,,35061,8,,,1,55,,35077,8,,,1,15,,35092,8,,,1,15,,35108,8,,,1,15,,35124,8,,,1,55,,35062,8,,,1,15,,35078,8,,,1,15,,35093,8,,,1,15,,35109,8,,,1,55,,35125,8,,,1,15,,35063,8,,,1,15,,35079,8,,,1,15,,35094,8,,,1,55,,35110,8,,,1,15,,35126,8,,,1,15,,35064,8,,,1,15,,35080,8,,,1,55,,35095,8,,,1,15,,35111,8,,,1,15,,35127,8,,,1,15,,35065,8,,,1,55,,35081,8,,,1,15,,35096,8,,,1,15,,35112,8,,,1,15,,35128,8,,,1,55,,35066,8,,,1,15,,35082,8,,,1,15,,35097,8,,,1,15,,35113,8,,,1,55,,35129,8,,,1,15,,35067,8,,,1,15,,35083,8,,,1,15,,35098,8,,,1,55,,35114,8,,,1,15,,35130,8,,,1,15,,35068,8,,,1,15,,35084,8,,,1,55,,35099,8,,,1,15,,35115,8,,,1,15,,35131,8,,,1,15,,35069,8,,,1,55,,35085,8,,,1,15,,35100,8,,,1,15,,35116,8,,,1,15,,35132,8,,,1,55,,35070,8,,,1,15,,35086,8,,,1,15,,35101,8,,,1,15,,35117,8,,,1,55,,35133,8,,,1,15,,35071,8,,,1,15,,35087,8,,,1,15,,35102,8,,,1,55,,35118,8,,,1,15,,35134,8,,,1,15,,35072,8,,,1,15,,35088,8,,,1,55,,35103,8,,,1,15,,35119,8,,,1,15,,35135,8,,,1,15,,35073,8,,,1
18002301,'20260914-Weekday-1-26-09',532,,35182,8,,,1,10,,35200,8,,,1,10,,35136,8,,,1,50,,35159,8,,,1,10,,35148,8,,,1,5,,35275,8,,,1,5,,35171,8,,,1,5,,35259,8,,,1,5,,35215,8,,,1,5,,35292,8,,,1,5,,35183,8,,,1,5,,35201,8,,,1,5,,35232,8,,,1,5,,35137,8,,,1,45,,35243,8,,,1,5,,35160,8,,,1,5,,35251,8,,,1,5,,35149,8,,,1,5,,35276,8,,,1,5,,35172,8,,,1,5,,35260,8,,,1,5,,35216,8,,,1,5,,35293,8,,,1,5,,35184,8,,,1,5,,35202,8,,,1,5,,35233,8,,,1,45,,35138,8,,,1,5,,35244,8,,,1,5,,35161,8,,,1,5,,35252,8,,,1,5,,35150,8,,,1,5,,35277,8,,,1,5,,35173,8,,,1,5,,35261,8,,,1,5,,35217,8,,,1,5,,35294,8,,,1,5,,35185,8,,,1,5,,35203,8,,,1,45,,35234,8,,,1,5,,35139,8,,,1,5,,35245,8,,,1,5,,35162,8,,,1,5,,35253,8,,,1,5,,35151,8,,,1,5,,35278,8,,,1,5,,35174,8,,,1,5,,35262,8,,,1,5,,35218,8,,,1,5,,35295,8,,,1,5,,35186,8,,,1,46,,35204,8,,,1,5,,35235,8,,,1,5,,35140,8,,,1,6,,35246,8,,,1,10,,35163,8,,,1,10,,35279,8,,,1,10,,35263,8,,,1,10,,35219,8,,,1,50,,35187,8,,,1,10,,35236,8,,,1,10,,35141,8,,,1,10,,35164,8,,,1,10,,35280,8,,,1,10,,35264,8,,,1,50,,35220,8,,,1,10,,35188,8,,,1,10,,35237,8,,,1,10,,35142,8,,,1,10,,35165,8,,,1,10,,35281,8,,,1,50,,35265,8,,,1,10,,35221,8,,,1,10,,35189,8,,,1,10,,35238,8,,,1,10,,35143,8,,,1,9,,35166,8,,,1,50,,35282,8,,,1,9,,35254,8,,,1,5,,35152,8,,,1,5,,35222,8,,,1,5,,35296,8,,,1,5,,35190,8,,,1,5,,35205,8,,,1,5,,35239,8,,,1,5,,35266,8,,,1,5,,35247,8,,,1,45,,35144,8,,,1,5,,35175,8,,,1,5,,35167,8,,,1,5,,35283,8,,,1,5,,35255,8,,,1,5,,35153,8,,,1,5,,35223,8,,,1,5,,35297,8,,,1,5,,35191,8,,,1,5,,35206,8,,,1,5,,35240,8,,,1,5,,35267,8,,,1,45,,35248,8,,,1,5,,35145,8,,,1,5,,35176,8,,,1,5,,35168,8,,,1,5,,35284,8,,,1,5,,35256,8,,,1,5,,35154,8,,,1,5,,35224,8,,,1,5,,35298,8,,,1,5,,35192,8,,,1,5,,35207,8,,,1,5,,35241,8,,,1,45,,35268,8,,,1,5,,35249,8,,,1,5,,35146,8,,,1,5,,35177,8,,,1,5,,35169,8,,,1,5,,35285,8,,,1,5,,35257,8,,,1,5,,35155,8,,,1,5,,35225,8,,,1,5,,35299,8,,,1,5,,35193,8,,,1,5,,35208,8,,,1,45,,35242,8,,,1,5,,35269,8,,,1,5,,35250,8,,,1,5,,35147,8,,,1,5,,35178,8,,,1,5,,35170,8,,,1,6,,35286,8,,,1,5,,35258,8,,,1,6,,35156,8,,,1,10,,35226,8,,,1,50,,35194,8,,,1,10,,35209,8,,,1,10,,35270,8,,,1,10,,35179,8,,,1,10,,35287,8,,,1,10,,35157,8,,,1,50,,35227,8,,,1,10,,35195,8,,,1,10,,35210,8,,,1,10,,35271,8,,,1,10,,35180,8,,,1,10,,35288,8,,,1,50,,35158,8,,,1,10,,35228,8,,,1,10,,35196,8,,,1,10,,35211,8,,,1,10,,35272,8,,,1,10,,35181,8,,,1,55,,35289,8,,,1,15,,35229,8,,,1,15,,35197,8,,,1,15,,35212,8,,,1,55,,35273,8,,,1,15,,35290,8,,,1,15,,35230,8,,,1,15,,35198,8,,,1,55,,35213,8,,,1,15,,35274,8,,,1,15,,35291,8,,,1,15,,35231,8,,,1,55,,35199,8,,,1,15,,35214,8,,,1
18002301,'20260914-Weekday-2-26-09',532,,35346,8,,,1,10,,35364,8,,,1,10,,35300,8,,,1,50,,35323,8,,,1,10,,35312,8,,,1,5,,35439,8,,,1,5,,35335,8,,,1,5,,35423,8,,,1,5,,35379,8,,,1,5,,35456,8,,,1,5,,35347,8,,,1,5,,35365,8,,,1,5,,35396,8,,,1,5,,35301,8,,,1,45,,35407,8,,,1,5,,35324,8,,,1,5,,35415,8,,,1,5,,35313,8,,,1,5,,35440,8,,,1,5,,35336,8,,,1,5,,35424,8,,,1,5,,35380,8,,,1,5,,35457,8,,,1,5,,35348,8,,,1,5,,35366,8,,,1,5,,35397,8,,,1,45,,35302,8,,,1,5,,35408,8,,,1,5,,35325,8,,,1,5,,35416,8,,,1,5,,35314,8,,,1,5,,35441,8,,,1,5,,35337,8,,,1,5,,35425,8,,,1,5,,35381,8,,,1,5,,35458,8,,,1,5,,35349,8,,,1,5,,35367,8,,,1,45,,35398,8,,,1,5,,35303,8,,,1,5,,35409,8,,,1,5,,35326,8,,,1,5,,35417,8,,,1,5,,35315,8,,,1,5,,35442,8,,,1,5,,35338,8,,,1,5,,35426,8,,,1,5,,35382,8,,,1,5,,35459,8,,,1,5,,35350,8,,,1,46,,35368,8,,,1,5,,35399,8,,,1,5,,35304,8,,,1,6,,35410,8,,,1,10,,35327,8,,,1,10,,35443,8,,,1,10,,35427,8,,,1,10,,35383,8,,,1,50,,35351,8,,,1,10,,35400,8,,,1,10,,35305,8,,,1,10,,35328,8,,,1,10,,35444,8,,,1,10,,35428,8,,,1,50,,35384,8,,,1,10,,35352,8,,,1,10,,35401,8,,,1,10,,35306,8,,,1,10,,35329,8,,,1,10,,35445,8,,,1,50,,35429,8,,,1,10,,35385,8,,,1,10,,35353,8,,,1,10,,35402,8,,,1,10,,35307,8,,,1,9,,35330,8,,,1,50,,35446,8,,,1,9,,35418,8,,,1,5,,35316,8,,,1,5,,35386,8,,,1,5,,35460,8,,,1,5,,35354,8,,,1,5,,35369,8,,,1,5,,35403,8,,,1,5,,35430,8,,,1,5,,35411,8,,,1,45,,35308,8,,,1,5,,35339,8,,,1,5,,35331,8,,,1,5,,35447,8,,,1,5,,35419,8,,,1,5,,35317,8,,,1,5,,35387,8,,,1,5,,35461,8,,,1,5,,35355,8,,,1,5,,35370,8,,,1,5,,35404,8,,,1,5,,35431,8,,,1,45,,35412,8,,,1,5,,35309,8,,,1,5,,35340,8,,,1,5,,35332,8,,,1,5,,35448,8,,,1,5,,35420,8,,,1,5,,35318,8,,,1,5,,35388,8,,,1,5,,35462,8,,,1,5,,35356,8,,,1,5,,35371,8,,,1,5,,35405,8,,,1,45,,35432,8,,,1,5,,35413,8,,,1,5,,35310,8,,,1,5,,35341,8,,,1,5,,35333,8,,,1,5,,35449,8,,,1,5,,35421,8,,,1,5,,35319,8,,,1,5,,35389,8,,,1,5,,35463,8,,,1,5,,35357,8,,,1,5,,35372,8,,,1,45,,35406,8,,,1,5,,35433,8,,,1,5,,35414,8,,,1,5,,35311,8,,,1,5,,35342,8,,,1,5,,35334,8,,,1,6,,35450,8,,,1,5,,35422,8,,,1,6,,35320,8,,,1,10,,35390,8,,,1,50,,35358,8,,,1,10,,35373,8,,,1,10,,35434,8,,,1,10,,35343,8,,,1,10,,35451,8,,,1,10,,35321,8,,,1,50,,35391,8,,,1,10,,35359,8,,,1,10,,35374,8,,,1,10,,35435,8,,,1,10,,35344,8,,,1,10,,35452,8,,,1,50,,35322,8,,,1,10,,35392,8,,,1,10,,35360,8,,,1,10,,35375,8,,,1,10,,35436,8,,,1,10,,35345,8,,,1,55,,35453,8,,,1,15,,35393,8,,,1,15,,35361,8,,,1,15,,35376,8,,,1,55,,35437,8,,,1,15,,35454,8,,,1,15,,35394,8,,,1,15,,35362,8,,,1,55,,35377,8,,,1,15,,35438,8,,,1,15,,35455,8,,,1,15,,35395,8,,,1,55,,35363,8,,,1,15,,35378,8,,,1
18002301,'20260914-Weekday-3-26-09',532,,39882,8,,,1,10,,39900,8,,,1,10,,39836,8,,,1,50,,39859,8,,,1,10,,39848,8,,,1,5,,39975,8,,,1,5,,39871,8,,,1,5,,39959,8,,,1,5,,39915,8,,,1,5,,39992,8,,,1,5,,39883,8,,,1,5,,39901,8,,,1,5,,39932,8,,,1,5,,39837,8,,,1,45,,39943,8,,,1,5,,39860,8,,,1,5,,39951,8,,,1,5,,39849,8,,,1,5,,39976,8,,,1,5,,39872,8,,,1,5,,39960,8,,,1,5,,39916,8,,,1,5,,39993,8,,,1,5,,39884,8,,,1,5,,39902,8,,,1,5,,39933,8,,,1,45,,39838,8,,,1,5,,39944,8,,,1,5,,39861,8,,,1,5,,39952,8,,,1,5,,39850,8,,,1,5,,39977,8,,,1,5,,39873,8,,,1,5,,39961,8,,,1,5,,39917,8,,,1,5,,39994,8,,,1,5,,39885,8,,,1,5,,39903,8,,,1,45,,39934,8,,,1,5,,39839,8,,,1,5,,39945,8,,,1,5,,39862,8,,,1,5,,39953,8,,,1,5,,39851,8,,,1,5,,39978,8,,,1,5,,39874,8,,,1,5,,39962,8,,,1,5,,39918,8,,,1,5,,39995,8,,,1,5,,39886,8,,,1,46,,39904,8,,,1,5,,39935,8,,,1,5,,39840,8,,,1,6,,39946,8,,,1,10,,39863,8,,,1,10,,39979,8,,,1,10,,39963,8,,,1,10,,39919,8,,,1,50,,39887,8,,,1,10,,39936,8,,,1,10,,39841,8,,,1,10,,39864,8,,,1,10,,39980,8,,,1,10,,39964,8,,,1,50,,39920,8,,,1,10,,39888,8,,,1,10,,39937,8,,,1,10,,39842,8,,,1,10,,39865,8,,,1,10,,39981,8,,,1,50,,39965,8,,,1,10,,39921,8,,,1,10,,39889,8,,,1,10,,39938,8,,,1,10,,39843,8,,,1,9,,39866,8,,,1,50,,39982,8,,,1,9,,39954,8,,,1,5,,39852,8,,,1,5,,39922,8,,,1,5,,39996,8,,,1,5,,39890,8,,,1,5,,39905,8,,,1,5,,39939,8,,,1,5,,39966,8,,,1,5,,39947,8,,,1,45,,39844,8,,,1,5,,39875,8,,,1,5,,39867,8,,,1,5,,39983,8,,,1,5,,39955,8,,,1,5,,39853,8,,,1,5,,39923,8,,,1,5,,39997,8,,,1,5,,39891,8,,,1,5,,39906,8,,,1,5,,39940,8,,,1,5,,39967,8,,,1,45,,39948,8,,,1,5,,39845,8,,,1,5,,39876,8,,,1,5,,39868,8,,,1,5,,39984,8,,,1,5,,39956,8,,,1,5,,39854,8,,,1,5,,39924,8,,,1,5,,39998,8,,,1,5,,39892,8,,,1,5,,39907,8,,,1,5,,39941,8,,,1,45,,39968,8,,,1,5,,39949,8,,,1,5,,39846,8,,,1,5,,39877,8,,,1,5,,39869,8,,,1,5,,39985,8,,,1,5,,39957,8,,,1,5,,39855,8,,,1,5,,39925,8,,,1,5,,39999,8,,,1,5,,39893,8,,,1,5,,39908,8,,,1,45,,39942,8,,,1,5,,39969,8,,,1,5,,39950,8,,,1,5,,39847,8,,,1,5,,39878,8,,,1,5,,39870,8,,,1,6,,39986,8,,,1,5,,39958,8,,,1,6,,39856,8,,,1,10,,39926,8,,,1,50,,39894,8,,,1,10,,39909,8,,,1,10,,39970,8,,,1,10,,39879,8,,,1,10,,39987,8,,,1,10,,39857,8,,,1,50,,39927,8,,,1,10,,39895,8,,,1,10,,39910,8,,,1,10,,39971,8,,,1,10,,39880,8,,,1,10,,39988,8,,,1,50,,39858,8,,,1,10,,39928,8,,,1,10,,39896,8,,,1,10,,39911,8,,,1,10,,39972,8,,,1,10,,39881,8,,,1,55,,39989,8,,,1,15,,39929,8,,,1,15,,39897,8,,,1,15,,39912,8,,,1,55,,39973,8,,,1,15,,39990,8,,,1,15,,39930,8,,,1,15,,39898,8,,,1,55,,39913,8,,,1,15,,39974,8,,,1,15,,39991,8,,,1,15,,39931,8,,,1,55,,39899,8,,,1,15,,39914,8,,,1
18002301,'20260914-Weekday-4-26-09',532,,35510,8,,,1,10,,35528,8,,,1,10,,35464,8,,,1,50,,35487,8,,,1,10,,35476,8,,,1,5,,35603,8,,,1,5,,35499,8,,,1,5,,35587,8,,,1,5,,35543,8,,,1,5,,35620,8,,,1,5,,35511,8,,,1,5,,35529,8,,,1,5,,35560,8,,,1,5,,35465,8,,,1,45,,35571,8,,,1,5,,35488,8,,,1,5,,35579,8,,,1,5,,35477,8,,,1,5,,35604,8,,,1,5,,35500,8,,,1,5,,35588,8,,,1,5,,35544,8,,,1,5,,35621,8,,,1,5,,35512,8,,,1,5,,35530,8,,,1,5,,35561,8,,,1,45,,35466,8,,,1,5,,35572,8,,,1,5,,35489,8,,,1,5,,35580,8,,,1,5,,35478,8,,,1,5,,35605,8,,,1,5,,35501,8,,,1,5,,35589,8,,,1,5,,35545,8,,,1,5,,35622,8,,,1,5,,35513,8,,,1,5,,35531,8,,,1,45,,35562,8,,,1,5,,35467,8,,,1,5,,35573,8,,,1,5,,35490,8,,,1,5,,35581,8,,,1,5,,35479,8,,,1,5,,35606,8,,,1,5,,35502,8,,,1,5,,35590,8,,,1,5,,35546,8,,,1,5,,35623,8,,,1,5,,35514,8,,,1,46,,35532,8,,,1,5,,35563,8,,,1,5,,35468,8,,,1,6,,35574,8,,,1,10,,35491,8,,,1,10,,35607,8,,,1,10,,35591,8,,,1,10,,35547,8,,,1,50,,35515,8,,,1,10,,35564,8,,,1,10,,35469,8,,,1,10,,35492,8,,,1,10,,35608,8,,,1,10,,35592,8,,,1,50,,35548,8,,,1,10,,35516,8,,,1,10,,35565,8,,,1,10,,35470,8,,,1,10,,35493,8,,,1,10,,35609,8,,,1,50,,35593,8,,,1,10,,35549,8,,,1,10,,35517,8,,,1,10,,35566,8,,,1,10,,35471,8,,,1,9,,35494,8,,,1,50,,35610,8,,,1,9,,35582,8,,,1,5,,35480,8,,,1,5,,35550,8,,,1,5,,35624,8,,,1,5,,35518,8,,,1,5,,35533,8,,,1,5,,35567,8,,,1,5,,35594,8,,,1,5,,35575,8,,,1,45,,35472,8,,,1,5,,35503,8,,,1,5,,35495,8,,,1,5,,35611,8,,,1,5,,35583,8,,,1,5,,35481,8,,,1,5,,35551,8,,,1,5,,35625,8,,,1,5,,35519,8,,,1,5,,35534,8,,,1,5,,35568,8,,,1,5,,35595,8,,,1,45,,35576,8,,,1,5,,35473,8,,,1,5,,35504,8,,,1,5,,35496,8,,,1,5,,35612,8,,,1,5,,35584,8,,,1,5,,35482,8,,,1,5,,35552,8,,,1,5,,35626,8,,,1,5,,35520,8,,,1,5,,35535,8,,,1,5,,35569,8,,,1,45,,35596,8,,,1,5,,35577,8,,,1,5,,35474,8,,,1,5,,35505,8,,,1,5,,35497,8,,,1,5,,35613,8,,,1,5,,35585,8,,,1,5,,35483,8,,,1,5,,35553,8,,,1,5,,35627,8,,,1,5,,35521,8,,,1,5,,35536,8,,,1,45,,35570,8,,,1,5,,35597,8,,,1,5,,35578,8,,,1,5,,35475,8,,,1,5,,35506,8,,,1,5,,35498,8,,,1,6,,35614,8,,,1,5,,35586,8,,,1,6,,35484,8,,,1,10,,35554,8,,,1,50,,35522,8,,,1,10,,35537,8,,,1,10,,35598,8,,,1,10,,35507,8,,,1,10,,35615,8,,,1,10,,35485,8,,,1,50,,35555,8,,,1,10,,35523,8,,,1,10,,35538,8,,,1,10,,35599,8,,,1,10,,35508,8,,,1,10,,35616,8,,,1,50,,35486,8,,,1,10,,35556,8,,,1,10,,35524,8,,,1,10,,35539,8,,,1,10,,35600,8,,,1,10,,35509,8,,,1,55,,35617,8,,,1,15,,35557,8,,,1,15,,35525,8,,,1,15,,35540,8,,,1,55,,35601,8,,,1,15,,35618,8,,,1,15,,35558,8,,,1,15,,35526,8,,,1,55,,35541,8,,,1,15,,35602,8,,,1,15,,35619,8,,,1,15,,35559,8,,,1,55,,35527,8,,,1,15,,35542,8,,,1
18002301,'20260914-Weekday-5-26-09',532,,40046,8,,,1,10,,40064,8,,,1,10,,40000,8,,,1,50,,40023,8,,,1,10,,40012,8,,,1,5,,40139,8,,,1,5,,40035,8,,,1,5,,40123,8,,,1,5,,40079,8,,,1,5,,40156,8,,,1,5,,40047,8,,,1,5,,40065,8,,,1,5,,40096,8,,,1,5,,40001,8,,,1,45,,40107,8,,,1,5,,40024,8,,,1,5,,40115,8,,,1,5,,40013,8,,,1,5,,40140,8,,,1,5,,40036,8,,,1,5,,40124,8,,,1,5,,40080,8,,,1,5,,40157,8,,,1,5,,40048,8,,,1,5,,40066,8,,,1,5,,40097,8,,,1,45,,40002,8,,,1,5,,40108,8,,,1,5,,40025,8,,,1,5,,40116,8,,,1,5,,40014,8,,,1,5,,40141,8,,,1,5,,40037,8,,,1,5,,40125,8,,,1,5,,40081,8,,,1,5,,40158,8,,,1,5,,40049,8,,,1,5,,40067,8,,,1,45,,40098,8,,,1,5,,40003,8,,,1,5,,40109,8,,,1,5,,40026,8,,,1,5,,40117,8,,,1,5,,40015,8,,,1,5,,40142,8,,,1,5,,40038,8,,,1,5,,40126,8,,,1,5,,40082,8,,,1,5,,40159,8,,,1,5,,40050,8,,,1,46,,40068,8,,,1,5,,40099,8,,,1,5,,40004,8,,,1,6,,40110,8,,,1,10,,40027,8,,,1,10,,40143,8,,,1,10,,40127,8,,,1,10,,40083,8,,,1,50,,40051,8,,,1,10,,40100,8,,,1,10,,40005,8,,,1,10,,40028,8,,,1,10,,40144,8,,,1,10,,40128,8,,,1,50,,40084,8,,,1,10,,40052,8,,,1,10,,40101,8,,,1,10,,40006,8,,,1,10,,40029,8,,,1,10,,40145,8,,,1,50,,40129,8,,,1,10,,40085,8,,,1,10,,40053,8,,,1,10,,40102,8,,,1,10,,40007,8,,,1,9,,40030,8,,,1,50,,40146,8,,,1,9,,40118,8,,,1,5,,40016,8,,,1,5,,40086,8,,,1,5,,40160,8,,,1,5,,40054,8,,,1,5,,40069,8,,,1,5,,40103,8,,,1,5,,40130,8,,,1,5,,40111,8,,,1,45,,40008,8,,,1,5,,40039,8,,,1,5,,40031,8,,,1,5,,40147,8,,,1,5,,40119,8,,,1,5,,40017,8,,,1,5,,40087,8,,,1,5,,40161,8,,,1,5,,40055,8,,,1,5,,40070,8,,,1,5,,40104,8,,,1,5,,40131,8,,,1,45,,40112,8,,,1,5,,40009,8,,,1,5,,40040,8,,,1,5,,40032,8,,,1,5,,40148,8,,,1,5,,40120,8,,,1,5,,40018,8,,,1,5,,40088,8,,,1,5,,40162,8,,,1,5,,40056,8,,,1,5,,40071,8,,,1,5,,40105,8,,,1,45,,40132,8,,,1,5,,40113,8,,,1,5,,40010,8,,,1,5,,40041,8,,,1,5,,40033,8,,,1,5,,40149,8,,,1,5,,40121,8,,,1,5,,40019,8,,,1,5,,40089,8,,,1,5,,40163,8,,,1,5,,40057,8,,,1,5,,40072,8,,,1,45,,40106,8,,,1,5,,40133,8,,,1,5,,40114,8,,,1,5,,40011,8,,,1,5,,40042,8,,,1,5,,40034,8,,,1,6,,40150,8,,,1,5,,40122,8,,,1,6,,40020,8,,,1,10,,40090,8,,,1,50,,40058,8,,,1,10,,40073,8,,,1,10,,40134,8,,,1,10,,40043,8,,,1,10,,40151,8,,,1,10,,40021,8,,,1,50,,40091,8,,,1,10,,40059,8,,,1,10,,40074,8,,,1,10,,40135,8,,,1,10,,40044,8,,,1,10,,40152,8,,,1,50,,40022,8,,,1,10,,40092,8,,,1,10,,40060,8,,,1,10,,40075,8,,,1,10,,40136,8,,,1,10,,40045,8,,,1,55,,40153,8,,,1,15,,40093,8,,,1,15,,40061,8,,,1,15,,40076,8,,,1,55,,40137,8,,,1,15,,40154,8,,,1,15,,40094,8,,,1,15,,40062,8,,,1,55,,40077,8,,,1,15,,40138,8,,,1,15,,40155,8,,,1,15,,40095,8,,,1,55,,40063,8,,,1,15,,40078,8,,,1
18002301,'20260914-Weekday-6-26-09',532,,40210,8,,,1,10,,40228,8,,,1,10,,40164,8,,,1,50,,40187,8,,,1,10,,40176,8,,,1,5,,40303,8,,,1,5,,40199,8,,,1,5,,40287,8,,,1,5,,40243,8,,,1,5,,40320,8,,,1,5,,40211,8,,,1,5,,40229,8,,,1,5,,40260,8,,,1,5,,40165,8,,,1,45,,40271,8,,,1,5,,40188,8,,,1,5,,40279,8,,,1,5,,40177,8,,,1,5,,40304,8,,,1,5,,40200,8,,,1,5,,40288,8,,,1,5,,40244,8,,,1,5,,40321,8,,,1,5,,40212,8,,,1,5,,40230,8,,,1,5,,40261,8,,,1,45,,40166,8,,,1,5,,40272,8,,,1,5,,40189,8,,,1,5,,40280,8,,,1,5,,40178,8,,,1,5,,40305,8,,,1,5,,40201,8,,,1,5,,40289,8,,,1,5,,40245,8,,,1,5,,40322,8,,,1,5,,40213,8,,,1,5,,40231,8,,,1,45,,40262,8,,,1,5,,40167,8,,,1,5,,40273,8,,,1,5,,40190,8,,,1,5,,40281,8,,,1,5,,40179,8,,,1,5,,40306,8,,,1,5,,40202,8,,,1,5,,40290,8,,,1,5,,40246,8,,,1,5,,40323,8,,,1,5,,40214,8,,,1,46,,40232,8,,,1,5,,40263,8,,,1,5,,40168,8,,,1,6,,40274,8,,,1,10,,40191,8,,,1,10,,40307,8,,,1,10,,40291,8,,,1,10,,40247,8,,,1,50,,40215,8,,,1,10,,40264,8,,,1,10,,40169,8,,,1,10,,40192,8,,,1,10,,40308,8,,,1,10,,40292,8,,,1,50,,40248,8,,,1,10,,40216,8,,,1,10,,40265,8,,,1,10,,40170,8,,,1,10,,40193,8,,,1,10,,40309,8,,,1,50,,40293,8,,,1,10,,40249,8,,,1,10,,40217,8,,,1,10,,40266,8,,,1,10,,40171,8,,,1,9,,40194,8,,,1,50,,40310,8,,,1,9,,40282,8,,,1,5,,40180,8,,,1,5,,40250,8,,,1,5,,40324,8,,,1,5,,40218,8,,,1,5,,40233,8,,,1,5,,40267,8,,,1,5,,40294,8,,,1,5,,40275,8,,,1,45,,40172,8,,,1,5,,40203,8,,,1,5,,40195,8,,,1,5,,40311,8,,,1,5,,40283,8,,,1,5,,40181,8,,,1,5,,40251,8,,,1,5,,40325,8,,,1,5,,40219,8,,,1,5,,40234,8,,,1,5,,40268,8,,,1,5,,40295,8,,,1,45,,40276,8,,,1,5,,40173,8,,,1,5,,40204,8,,,1,5,,40196,8,,,1,5,,40312,8,,,1,5,,40284,8,,,1,5,,40182,8,,,1,5,,40252,8,,,1,5,,40326,8,,,1,5,,40220,8,,,1,5,,40235,8,,,1,5,,40269,8,,,1,45,,40296,8,,,1,5,,40277,8,,,1,5,,40174,8,,,1,5,,40205,8,,,1,5,,40197,8,,,1,5,,40313,8,,,1,5,,40285,8,,,1,5,,40183,8,,,1,5,,40253,8,,,1,5,,40327,8,,,1,5,,40221,8,,,1,5,,40236,8,,,1,45,,40270,8,,,1,5,,40297,8,,,1,5,,40278,8,,,1,5,,40175,8,,,1,5,,40206,8,,,1,5,,40198,8,,,1,6,,40314,8,,,1,5,,40286,8,,,1,6,,40184,8,,,1,10,,40254,8,,,1,50,,40222,8,,,1,10,,40237,8,,,1,10,,40298,8,,,1,10,,40207,8,,,1,10,,40315,8,,,1,10,,40185,8,,,1,50,,40255,8,,,1,10,,40223,8,,,1,10,,40238,8,,,1,10,,40299,8,,,1,10,,40208,8,,,1,10,,40316,8,,,1,50,,40186,8,,,1,10,,40256,8,,,1,10,,40224,8,,,1,10,,40239,8,,,1,10,,40300,8,,,1,10,,40209,8,,,1,55,,40317,8,,,1,15,,40257,8,,,1,15,,40225,8,,,1,15,,40240,8,,,1,55,,40301,8,,,1,15,,40318,8,,,1,15,,40258,8,,,1,15,,40226,8,,,1,55,,40241,8,,,1,15,,40302,8,,,1,15,,40319,8,,,1,15,,40259,8,,,1,55,,40227,8,,,1,15,,40242,8,,,1
18002301,'20260914-Weekday-7-26-09',532,,40374,8,,,1,10,,40392,8,,,1,10,,40328,8,,,1,50,,40351,8,,,1,10,,40340,8,,,1,5,,40467,8,,,1,5,,40363,8,,,1,5,,40451,8,,,1,5,,40407,8,,,1,5,,40484,8,,,1,5,,40375,8,,,1,5,,40393,8,,,1,5,,40424,8,,,1,5,,40329,8,,,1,45,,40435,8,,,1,5,,40352,8,,,1,5,,40443,8,,,1,5,,40341,8,,,1,5,,40468,8,,,1,5,,40364,8,,,1,5,,40452,8,,,1,5,,40408,8,,,1,5,,40485,8,,,1,5,,40376,8,,,1,5,,40394,8,,,1,5,,40425,8,,,1,45,,40330,8,,,1,5,,40436,8,,,1,5,,40353,8,,,1,5,,40444,8,,,1,5,,40342,8,,,1,5,,40469,8,,,1,5,,40365,8,,,1,5,,40453,8,,,1,5,,40409,8,,,1,5,,40486,8,,,1,5,,40377,8,,,1,5,,40395,8,,,1,45,,40426,8,,,1,5,,40331,8,,,1,5,,40437,8,,,1,5,,40354,8,,,1,5,,40445,8,,,1,5,,40343,8,,,1,5,,40470,8,,,1,5,,40366,8,,,1,5,,40454,8,,,1,5,,40410,8,,,1,5,,40487,8,,,1,5,,40378,8,,,1,46,,40396,8,,,1,5,,40427,8,,,1,5,,40332,8,,,1,6,,40438,8,,,1,10,,40355,8,,,1,10,,40471,8,,,1,10,,40455,8,,,1,10,,40411,8,,,1,50,,40379,8,,,1,10,,40428,8,,,1,10,,40333,8,,,1,10,,40356,8,,,1,10,,40472,8,,,1,10,,40456,8,,,1,50,,40412,8,,,1,10,,40380,8,,,1,10,,40429,8,,,1,10,,40334,8,,,1,10,,40357,8,,,1,10,,40473,8,,,1,50,,40457,8,,,1,10,,40413,8,,,1,10,,40381,8,,,1,10,,40430,8,,,1,10,,40335,8,,,1,9,,40358,8,,,1,50,,40474,8,,,1,9,,40446,8,,,1,5,,40344,8,,,1,5,,40414,8,,,1,5,,40488,8,,,1,5,,40382,8,,,1,5,,40397,8,,,1,5,,40431,8,,,1,5,,40458,8,,,1,5,,40439,8,,,1,45,,40336,8,,,1,5,,40367,8,,,1,5,,40359,8,,,1,5,,40475,8,,,1,5,,40447,8,,,1,5,,40345,8,,,1,5,,40415,8,,,1,5,,40489,8,,,1,5,,40383,8,,,1,5,,40398,8,,,1,5,,40432,8,,,1,5,,40459,8,,,1,45,,40440,8,,,1,5,,40337,8,,,1,5,,40368,8,,,1,5,,40360,8,,,1,5,,40476,8,,,1,5,,40448,8,,,1,5,,40346,8,,,1,5,,40416,8,,,1,5,,40490,8,,,1,5,,40384,8,,,1,5,,40399,8,,,1,5,,40433,8,,,1,45,,40460,8,,,1,5,,40441,8,,,1,5,,40338,8,,,1,5,,40369,8,,,1,5,,40361,8,,,1,5,,40477,8,,,1,5,,40449,8,,,1,5,,40347,8,,,1,5,,40417,8,,,1,5,,40491,8,,,1,5,,40385,8,,,1,5,,40400,8,,,1,45,,40434,8,,,1,5,,40461,8,,,1,5,,40442,8,,,1,5,,40339,8,,,1,5,,40370,8,,,1,5,,40362,8,,,1,6,,40478,8,,,1,5,,40450,8,,,1,6,,40348,8,,,1,10,,40418,8,,,1,50,,40386,8,,,1,10,,40401,8,,,1,10,,40462,8,,,1,10,,40371,8,,,1,10,,40479,8,,,1,10,,40349,8,,,1,50,,40419,8,,,1,10,,40387,8,,,1,10,,40402,8,,,1,10,,40463,8,,,1,10,,40372,8,,,1,10,,40480,8,,,1,50,,40350,8,,,1,10,,40420,8,,,1,10,,40388,8,,,1,10,,40403,8,,,1,10,,40464,8,,,1,10,,40373,8,,,1,55,,40481,8,,,1,15,,40421,8,,,1,15,,40389,8,,,1,15,,40404,8,,,1,55,,40465,8,,,1,15,,40482,8,,,1,15,,40422,8,,,1,15,,40390,8,,,1,55,,40405,8,,,1,15,,40466,8,,,1,15,,40483,8,,,1,15,,40423,8,,,1,55,,40391,8,,,1,15,,40406,8,,,1
18002301,'20260917-Holiday1-1-26-09',532,,35680,8,,,1,10,,35698,8,,,1,10,,35628,8,,,1,50,,35654,8,,,1,10,,35640,8,,,1,5,,35774,8,,,1,5,,35666,8,,,1,5,,35757,8,,,1,5,,35713,8,,,1,5,,35791,8,,,1,5,,35681,8,,,1,5,,35699,8,,,1,5,,35730,8,,,1,5,,35629,8,,,1,45,,35741,8,,,1,5,,35655,8,,,1,5,,35749,8,,,1,5,,35641,8,,,1,5,,35775,8,,,1,5,,35667,8,,,1,5,,35758,8,,,1,5,,35714,8,,,1,5,,35792,8,,,1,5,,35682,8,,,1,5,,35700,8,,,1,5,,35731,8,,,1,45,,35630,8,,,1,5,,35742,8,,,1,5,,35656,8,,,1,5,,35750,8,,,1,5,,35642,8,,,1,5,,35776,8,,,1,5,,35668,8,,,1,5,,35759,8,,,1,5,,35715,8,,,1,5,,35793,8,,,1,5,,35683,8,,,1,5,,35701,8,,,1,45,,35732,8,,,1,5,,35631,8,,,1,5,,35743,8,,,1,5,,35657,8,,,1,5,,35751,8,,,1,5,,35643,8,,,1,5,,35777,8,,,1,5,,35669,8,,,1,5,,35760,8,,,1,5,,35716,8,,,1,5,,35794,8,,,1,5,,35684,8,,,1,46,,35702,8,,,1,5,,35733,8,,,1,5,,35632,8,,,1,6,,35744,8,,,1,10,,35658,8,,,1,10,,35778,8,,,1,10,,35761,8,,,1,10,,35717,8,,,1,50,,35685,8,,,1,10,,35734,8,,,1,10,,35633,8,,,1,10,,35659,8,,,1,10,,35779,8,,,1,10,,35762,8,,,1,50,,35718,8,,,1,10,,35686,8,,,1,10,,35735,8,,,1,10,,35634,8,,,1,10,,35660,8,,,1,10,,35780,8,,,1,50,,35763,8,,,1,10,,35719,8,,,1,10,,35687,8,,,1,10,,35736,8,,,1,10,,35635,8,,,1,9,,35661,8,,,1,50,,35781,8,,,1,9,,35752,8,,,1,5,,35644,8,,,1,5,,35720,8,,,1,5,,35795,8,,,1,5,,35688,8,,,1,5,,35703,8,,,1,5,,35737,8,,,1,5,,35764,8,,,1,5,,35745,8,,,1,45,,35636,8,,,1,5,,35670,8,,,1,5,,35662,8,,,1,5,,35782,8,,,1,5,,35753,8,,,1,5,,35645,8,,,1,5,,35721,8,,,1,5,,35796,8,,,1,5,,35689,8,,,1,5,,35704,8,,,1,5,,35738,8,,,1,5,,35765,8,,,1,45,,35746,8,,,1,5,,35637,8,,,1,5,,35671,8,,,1,5,,35663,8,,,1,5,,35783,8,,,1,5,,35754,8,,,1,5,,35646,8,,,1,5,,35722,8,,,1,5,,35797,8,,,1,5,,35690,8,,,1,5,,35705,8,,,1,5,,35739,8,,,1,45,,35766,8,,,1,5,,35747,8,,,1,5,,35638,8,,,1,5,,35672,8,,,1,5,,35664,8,,,1,5,,35784,8,,,1,5,,35755,8,,,1,5,,35647,8,,,1,5,,35723,8,,,1,5,,35798,8,,,1,5,,35691,8,,,1,5,,35706,8,,,1,45,,35740,8,,,1,5,,35767,8,,,1,5,,35748,8,,,1,5,,35639,8,,,1,5,,35673,8,,,1,5,,35665,8,,,1,6,,35785,8,,,1,5,,35756,8,,,1,6,,35648,8,,,1,10,,35724,8,,,1,50,,35692,8,,,1,10,,35707,8,,,1,10,,35768,8,,,1,10,,35674,8,,,1,10,,35786,8,,,1,10,,35649,8,,,1,50,,35725,8,,,1,10,,35693,8,,,1,10,,35708,8,,,1,10,,35769,8,,,1,10,,35675,8,,,1,10,,35787,8,,,1,50,,35650,8,,,1,10,,35726,8,,,1,10,,35694,8,,,1,10,,35709,8,,,1,10,,35770,8,,,1,10,,35676,8,,,1,50,,35788,8,,,1,10,,35651,8,,,1,10,,35727,8,,,1,10,,35695,8,,,1,10,,35710,8,,,1,10,,35771,8,,,1,50,,35677,8,,,1,10,,35789,8,,,1,10,,35652,8,,,1,10,,35728,8,,,1,10,,35696,8,,,1,10,,35711,8,,,1,50,,35772,8,,,1,10,,35678,8,,,1,10,,35790,8,,,1,10,,35653,8,,,1,10,,35729,8,,,1,10,,35697,8,,,1,50,,35712,8,,,1,10,,35773,8,,,1,10,,35679,8,,,1
18002301,'20260919-Saturday-1-26-09',534,,35860,8,,,1,10,,35877,8,,,1,10,,35894,8,,,1,50,,35799,8,,,1,10,,35816,8,,,1,10,,35833,8,,,1,10,,35844,8,,,1,10,,35861,8,,,1,10,,35878,8,,,1,50,,35895,8,,,1,10,,35800,8,,,1,10,,35817,8,,,1,10,,35834,8,,,1,10,,35845,8,,,1,10,,35862,8,,,1,50,,35879,8,,,1,10,,35896,8,,,1,10,,35801,8,,,1,10,,35818,8,,,1,10,,35835,8,,,1,10,,35846,8,,,1,50,,35863,8,,,1,10,,35880,8,,,1,10,,35897,8,,,1,10,,35802,8,,,1,10,,35819,8,,,1,10,,35836,8,,,1,50,,35847,8,,,1,10,,35864,8,,,1,10,,35881,8,,,1,10,,35898,8,,,1,10,,35803,8,,,1,10,,35820,8,,,1,50,,35837,8,,,1,10,,35848,8,,,1,10,,35865,8,,,1,10,,35882,8,,,1,10,,35899,8,,,1,10,,35804,8,,,1,50,,35821,8,,,1,10,,35838,8,,,1,10,,35849,8,,,1,10,,35866,8,,,1,10,,35883,8,,,1,10,,35900,8,,,1,50,,35805,8,,,1,10,,35822,8,,,1,10,,35839,8,,,1,10,,35850,8,,,1,10,,35867,8,,,1,10,,35884,8,,,1,50,,35901,8,,,1,10,,35806,8,,,1,10,,35823,8,,,1,10,,35840,8,,,1,10,,35851,8,,,1,10,,35868,8,,,1,50,,35885,8,,,1,10,,35902,8,,,1,10,,35807,8,,,1,10,,35824,8,,,1,10,,35841,8,,,1,10,,35852,8,,,1,50,,35869,8,,,1,10,,35886,8,,,1,10,,35903,8,,,1,10,,35808,8,,,1,10,,35825,8,,,1,10,,35842,8,,,1,50,,35853,8,,,1,10,,35870,8,,,1,10,,35887,8,,,1,10,,35904,8,,,1,10,,35809,8,,,1,10,,35826,8,,,1,50,,35843,8,,,1,10,,35854,8,,,1,10,,35871,8,,,1,10,,35888,8,,,1,10,,35905,8,,,1,10,,35810,8,,,1,55,,35827,8,,,1,15,,35855,8,,,1,15,,35872,8,,,1,15,,35889,8,,,1,55,,35811,8,,,1,15,,35828,8,,,1,15,,35856,8,,,1,15,,35873,8,,,1,55,,35890,8,,,1,15,,35812,8,,,1,15,,35829,8,,,1,15,,35857,8,,,1,55,,35874,8,,,1,15,,35891,8,,,1,15,,35813,8,,,1,15,,35830,8,,,1,55,,35858,8,,,1,15,,35875,8,,,1,15,,35892,8,,,1,15,,35814,8,,,1,55,,35831,8,,,1,15,,35859,8,,,1,15,,35876,8,,,1,15,,35893,8,,,1,55,,35815,8,,,1,15,,35832,8,,,1
