18002101,'021R-Weekday-1-26-09',541,,32849,15,,,1,12,,32851,15,,,1,52,,32852,15,,,1,6,,32983,15,,,1,6,,32850,15,,,1,6,,32881,15,,,1,6,,32882,15,,,1,6,,32883,15,,,1,6,,32884,15,,,1,6,,32880,15,,,1,6,,32879,15,,,1,6,,32878,15,,,1,46,,32877,15,,,1,6,,32876,15,,,1,6,,32875,15,,,1,6,,32874,15,,,1,6,,32873,15,,,1,6,,32872,15,,,1,6,,32871,15,,,1,6,,32870,15,,,1,6,,32869,15,,,1,6,,32868,15,,,1,46,,32867,15,,,1,6,,32866,15,,,1,6,,32865,15,,,1,6,,32864,15,,,1,6,,32863,15,,,1,6,,32862,15,,,1,6,,32861,15,,,1,6,,32860,15,,,1,6,,32859,15,,,1,6,,32858,15,,,1,46,,32857,15,,,1,6,,32856,15,,,1,6,,32855,15,,,1,6,,32854,15,,,1,10,,32885,15,,,1,10,,32886,15,,,1,10,,32887,15,,,1,50,,32888,15,,,1,10,,32889,15,,,1,10,,32890,15,,,1,10,,32891,15,,,1,10,,32892,15,,,1,10,,32893,15,,,1,50,,32894,15,,,1,10,,32895,15,,,1,10,,32896,15,,,1,10,,32897,15,,,1,10,,32898,15,,,1,10,,32899,15,,,1,50,,32900,15,,,1,10,,32901,15,,,1,10,,32902,15,,,1,10,,32903,15,,,1,10,,32904,15,,,1,10,,32905,15,,,1,50,,32906,15,,,1,10,,32907,15,,,1,10,,32908,15,,,1,10,,32909,15,,,1,10,,32910,15,,,1,10,,32911,15,,,1,50,,32912,15,,,1,10,,32913,15,,,1,10,,32914,15,,,1,6,,32915,15,,,1,6,,32916,15,,,1,6,,32917,15,,,1,6,,32918,15,,,1,6,,32919,15,,,1,6,,32920,15,,,1,46,,32921,15,,,1,6,,32922,15,,,1,6,,32923,15,,,1,6,,32924,15,,,1,6,,32925,15,,,1,6,,32926,15,,,1,6,,32927,15,,,1,6,,32928,15,,,1,6,,32929,15,,,1,6,,32930,15,,,1,46,,32931,15,,,1,6,,32932,15,,,1,6,,32933,15,,,1,6,,32934,15,,,1,6,,32935,15,,,1,6,,32936,15,,,1,6,,32937,15,,,1,6,,32938,15,,,1,6,,32939,15,,,1,6,,32940,15,,,1,46,,32941,15,,,1,6,,32942,15,,,1,6,,32943,15,,,1,6,,32944,15,,,1,6,,32945,15,,,1,6,,32946,15,,,1,6,,32947,15,,,1,6,,32948,15,,,1,6,,32949,15,,,1,6,,32950,15,,,1,46,,32951,15,,,1,6,,32952,15,,,1,6,,32953,15,,,1,6,,32954,15,,,1,6,,32955,15,,,1,9,,32956,15,,,1,15,,32957,15,,,1,55,,32958,15,,,1,15,,32959,15,,,1,15,,32960,15,,,1,15,,32961,15,,,1,55,,32962,15,,,1,15,,32963,15,,,1,15,,32964,15,,,1,15,,32965,15,,,1,55,,32966,15,,,1,15,,32967,15,,,1,15,,32968,15,,,1,15,,32969,15,,,1,55,,32970,15,,,1,15,,32971,15,,,1,15,,32972,15,,,1,15,,32973,15,,,1,55,,32974,15,,,1,15,,32975,15,,,1,15,,32976,15,,,1,15,,32977,15,,,1,55,,32978,15,,,1,15,,32979,15,,,1,15,,32980,15,,,1,15,,32981,15,,,1,55,,32982,15,,,1,15,,32853,15,,,1
18002101,'021R-Weekday-2-26-09',541,,32984,15,,,1,12,,32986,15,,,1,52,,32987,15,,,1,6,,33118,15,,,1,6,,32985,15,,,1,6,,33016,15,,,1,6,,33017,15,,,1,6,,33018,15,,,1,6,,33019,15,,,1,6,,33015,15,,,1,6,,33014,15,,,1,6,,33013,15,,,1,46,,33012,15,,,1,6,,33011,15,,,1,6,,33010,15,,,1,6,,33009,15,,,1,6,,33008,15,,,1,6,,33007,15,,,1,6,,33006,15,,,1,6,,33005,15,,,1,6,,33004,15,,,1,6,,33003,15,,,1,46,,33002,15,,,1,6,,33001,15,,,1,6,,33000,15,,,1,6,,32999,15,,,1,6,,32998,15,,,1,6,,32997,15,,,1,6,,32996,15,,,1,6,,32995,15,,,1,6,,32994,15,,,1,6,,32993,15,,,1,46,,32992,15,,,1,6,,32991,15,,,1,6,,32990,15,,,1,6,,32989,15,,,1,10,,33020,15,,,1,10,,33021,15,,,1,10,,33022,15,,,1,50,,33023,15,,,1,10,,33024,15,,,1,10,,33025,15,,,1,10,,33026,15,,,1,10,,33027,15,,,1,10,,33028,15,,,1,50,,33029,15,,,1,10,,33030,15,,,1,10,,33031,15,,,1,10,,33032,15,,,1,10,,33033,15,,,1,10,,33034,15,,,1,50,,33035,15,,,1,10,,33036,15,,,1,10,,33037,15,,,1,10,,33038,15,,,1,10,,33039,15,,,1,10,,33040,15,,,1,50,,33041,15,,,1,10,,33042,15,,,1,10,,33043,15,,,1,10,,33044,15,,,1,10,,33045,15,,,1,10,,33046,15,,,1,50,,33047,15,,,1,10,,33048,15,,,1,10,,33049,15,,,1,6,,33050,15,,,1,6,,33051,15,,,1,6,,33052,15,,,1,6,,33053,15,,,1,6,,33054,15,,,1,6,,33055,15,,,1,46,,33056,15,,,1,6,,33057,15,,,1,6,,33058,15,,,1,6,,33059,15,,,1,6,,33060,15,,,1,6,,33061,15,,,1,6,,33062,15,,,1,6,,33063,15,,,1,6,,33064,15,,,1,6,,33065,15,,,1,46,,33066,15,,,1,6,,33067,15,,,1,6,,33068,15,,,1,6,,33069,15,,,1,6,,33070,15,,,1,6,,33071,15,,,1,6,,33072,15,,,1,6,,33073,15,,,1,6,,33074,15,,,1,6,,33075,15,,,1,46,,33076,15,,,1,6,,33077,15,,,1,6,,33078,15,,,1,6,,33079,15,,,1,6,,33080,15,,,1,6,,33081,15,,,1,6,,33082,15,,,1,6,,33083,15,,,1,6,,33084,15,,,1,6,,33085,15,,,1,46,,33086,15,,,1,6,,33087,15,,,1,6,,33088,15,,,1,6,,33089,15,,,1,6,,33090,15,,,1,9,,33091,15,,,1,15,,33092,15,,,1,55,,33093,15,,,1,15,,33094,15,,,1,15,,33095,15,,,1,15,,33096,15,,,1,55,,33097,15,,,1,15,,33098,15,,,1,15,,33099,15,,,1,15,,33100,15,,,1,55,,33101,15,,,1,15,,33102,15,,,1,15,,33103,15,,,1,15,,33104,15,,,1,55,,33105,15,,,1,15,,33106,15,,,1,15,,33107,15,,,1,15,,33108,15,,,1,55,,33109,15,,,1,15,,33110,15,,,1,15,,33111,15,,,1,15,,33112,15,,,1,55,,33113,15,,,1,15,,33114,15,,,1,15,,33115,15,,,1,15,,33116,15,,,1,55,,33117,15,,,1,15,,32988,15,,,1
18002101,'021R-Weekday-3-26-09',541,,36689,15,,,1,12,,36691,15,,,1,52,,36692,15,,,1,6,,36823,15,,,1,6,,36690,15,,,1,6,,36721,15,,,1,6,,36722,15,,,1,6,,36723,15,,,1,6,,36724,15,,,1,6,,36720,15,,,1,6,,36719,15,,,1,6,,36718,15,,,1,46,,36717,15,,,1,6,,36716,15,,,1,6,,36715,15,,,1,6,,36714,15,,,1,6,,36713,15,,,1,6,,36712,15,,,1,6,,36711,15,,,1,6,,36710,15,,,1,6,,36709,15,,,1,6,,36708,15,,,1,46,,36707,15,,,1,6,,36706,15,,,1,6,,36705,15,,,1,6,,36704,15,,,1,6,,36703,15,,,1,6,,36702,15,,,1,6,,36701,15,,,1,6,,36700,15,,,1,6,,36699,15,,,1,6,,36698,15,,,1,46,,36697,15,,,1,6,,36696,15,,,1,6,,36695,15,,,1,6,,36694,15,,,1,10,,36725,15,,,1,10,,36726,15,,,1,10,,36727,15,,,1,50,,36728,15,,,1,10,,36729,15,,,1,10,,36730,15,,,1,10,,36731,15,,,1,10,,36732,15,,,1,10,,36733,15,,,1,50,,36734,15,,,1,10,,36735,15,,,1,10,,36736,15,,,1,10,,36737,15,,,1,10,,36738,15,,,1,10,,36739,15,,,1,50,,36740,15,,,1,10,,36741,15,,,1,10,,36742,15,,,1,10,,36743,15,,,1,10,,36744,15,,,1,10,,36745,15,,,1,50,,36746,15,,,1,10,,36747,15,,,1,10,,36748,15,,,1,10,,36749,15,,,1,10,,36750,15,,,1,10,,36751,15,,,1,50,,36752,15,,,1,10,,36753,15,,,1,10,,36754,15,,,1,6,,36755,15,,,1,6,,36756,15,,,1,6,,36757,15,,,1,6,,36758,15,,,1,6,,36759,15,,,1,6,,36760,15,,,1,46,,36761,15,,,1,6,,36762,15,,,1,6,,36763,15,,,1,6,,36764,15,,,1,6,,36765,15,,,1,6,,36766,15,,,1,6,,36767,15,,,1,6,,36768,15,,,1,6,,36769,15,,,1,6,,36770,15,,,1,46,,36771,15,,,1,6,,36772,15,,,1,6,,36773,15,,,1,6,,36774,15,,,1,6,,36775,15,,,1,6,,36776,15,,,1,6,,36777,15,,,1,6,,36778,15,,,1,6,,36779,15,,,1,6,,36780,15,,,1,46,,36781,15,,,1,6,,36782,15,,,1,6,,36783,15,,,1,6,,36784,15,,,1,6,,36785,15,,,1,6,,36786,15,,,1,6,,36787,15,,,1,6,,36788,15,,,1,6,,36789,15,,,1,6,,36790,15,,,1,46,,36791,15,,,1,6,,36792,15,,,1,6,,36793,15,,,1,6,,36794,15,,,1,6,,36795,15,,,1,9,,36796,15,,,1,15,,36797,15,,,1,55,,36798,15,,,1,15,,36799,15,,,1,15,,36800,15,,,1,15,,36801,15,,,1,55,,36802,15,,,1,15,,36803,15,,,1,15,,36804,15,,,1,15,,36805,15,,,1,55,,36806,15,,,1,15,,36807,15,,,1,15,,36808,15,,,1,15,,36809,15,,,1,55,,36810,15,,,1,15,,36811,15,,,1,15,,36812,15,,,1,15,,36813,15,,,1,55,,36814,15,,,1,15,,36815,15,,,1,15,,36816,15,,,1,15,,36817,15,,,1,55,,36818,15,,,1,15,,36819,15,,,1,15,,36820,15,,,1,15,,36821,15,,,1,55,,36822,15,,,1,15,,36693,15,,,1
18002101,'021R-Weekday-4-26-09',541,,33119,15,,,1,12,,33121,15,,,1,52,,33122,15,,,1,6,,33253,15,,,1,6,,33120,15,,,1,6,,33151,15,,,1,6,,33152,15,,,1,6,,33153,15,,,1,6,,33154,15,,,1,6,,33150,15,,,1,6,,33149,15,,,1,6,,33148,15,,,1,46,,33147,15,,,1,6,,33146,15,,,1,6,,33145,15,,,1,6,,33144,15,,,1,6,,33143,15,,,1,6,,33142,15,,,1,6,,33141,15,,,1,6,,33140,15,,,1,6,,33139,15,,,1,6,,33138,15,,,1,46,,33137,15,,,1,6,,33136,15,,,1,6,,33135,15,,,1,6,,33134,15,,,1,6,,33133,15,,,1,6,,33132,15,,,1,6,,33131,15,,,1,6,,33130,15,,,1,6,,33129,15,,,1,6,,33128,15,,,1,46,,33127,15,,,1,6,,33126,15,,,1,6,,33125,15,,,1,6,,33124,15,,,1,10,,33155,15,,,1,10,,33156,15,,,1,10,,33157,15,,,1,50,,33158,15,,,1,10,,33159,15,,,1,10,,33160,15,,,1,10,,33161,15,,,1,10,,33162,15,,,1,10,,33163,15,,,1,50,,33164,15,,,1,10,,33165,15,,,1,10,,33166,15,,,1,10,,33167,15,,,1,10,,33168,15,,,1,10,,33169,15,,,1,50,,33170,15,,,1,10,,33171,15,,,1,10,,33172,15,,,1,10,,33173,15,,,1,10,,33174,15,,,1,10,,33175,15,,,1,50,,33176,15,,,1,10,,33177,15,,,1,10,,33178,15,,,1,10,,33179,15,,,1,10,,33180,15,,,1,10,,33181,15,,,1,50,,33182,15,,,1,10,,33183,15,,,1,10,,33184,15,,,1,6,,33185,15,,,1,6,,33186,15,,,1,6,,33187,15,,,1,6,,33188,15,,,1,6,,33189,15,,,1,6,,33190,15,,,1,46,,33191,15,,,1,6,,33192,15,,,1,6,,33193,15,,,1,6,,33194,15,,,1,6,,33195,15,,,1,6,,33196,15,,,1,6,,33197,15,,,1,6,,33198,15,,,1,6,,33199,15,,,1,6,,33200,15,,,1,46,,33201,15,,,1,6,,33202,15,,,1,6,,33203,15,,,1,6,,33204,15,,,1,6,,33205,15,,,1,6,,33206,15,,,1,6,,33207,15,,,1,6,,33208,15,,,1,6,,33209,15,,,1,6,,33210,15,,,1,46,,33211,15,,,1,6,,33212,15,,,1,6,,33213,15,,,1,6,,33214,15,,,1,6,,33215,15,,,1,6,,33216,15,,,1,6,,33217,15,,,1,6,,33218,15,,,1,6,,33219,15,,,1,6,,33220,15,,,1,46,,33221,15,,,1,6,,33222,15,,,1,6,,33223,15,,,1,6,,33224,15,,,1,6,,33225,15,,,1,9,,33226,15,,,1,15,,33227,15,,,1,55,,33228,15,,,1,15,,33229,15,,,1,15,,33230,15,,,1,15,,33231,15,,,1,55,,33232,15,,,1,15,,33233,15,,,1,15,,33234,15,,,1,15,,33235,15,,,1,55,,33236,15,,,1,15,,33237,15,,,1,15,,33238,15,,,1,15,,33239,15,,,1,55,,33240,15,,,1,15,,33241,15,,,1,15,,33242,15,,,1,15,,33243,15,,,1,55,,33244,15,,,1,15,,33245,15,,,1,15,,33246,15,,,1,15,,33247,15,,,1,55,,33248,15,,,1,15,,33249,15,,,1,15,,33250,15,,,1,15,,33251,15,,,1,55,,33252,15,,,1,15,,33123,15,,,1
18002101,'021R-Weekday-5-26-09',541,,36824,15,,,1,12,,36826,15,,,1,52,,36827,15,,,1,6,,36958,15,,,1,6,,36825,15,,,1,6,,36856,15,,,1,6,,36857,15,,,1,6,,36858,15,,,1,6,,36859,15,,,1,6,,36855,15,,,1,6,,36854,15,,,1,6,,36853,15,,,1,46,,36852,15,,,1,6,,36851,15,,,1,6,,36850,15,,,1,6,,36849,15,,,1,6,,36848,15,,,1,6,,36847,15,,,1,6,,36846,15,,,1,6,,36845,15,,,1,6,,36844,15,,,1,6,,36843,15,,,1,46,,36842,15,,,1,6,,36841,15,,,1,6,,36840,15,,,1,6,,36839,15,,,1,6,,36838,15,,,1,6,,36837,15,,,1,6,,36836,15,,,1,6,,36835,15,,,1,6,,36834,15,,,1,6,,36833,15,,,1,46,,36832,15,,,1,6,,36831,15,,,1,6,,36830,15,,,1,6,,36829,15,,,1,10,,36860,15,,,1,10,,36861,15,,,1,10,,36862,15,,,1,50,,36863,15,,,1,10,,36864,15,,,1,10,,36865,15,,,1,10,,36866,15,,,1,10,,36867,15,,,1,10,,36868,15,,,1,50,,36869,15,,,1,10,,36870,15,,,1,10,,36871,15,,,1,10,,36872,15,,,1,10,,36873,15,,,1,10,,36874,15,,,1,50,,36875,15,,,1,10,,36876,15,,,1,10,,36877,15,,,1,10,,36878,15,,,1,10,,36879,15,,,1,10,,36880,15,,,1,50,,36881,15,,,1,10,,36882,15,,,1,10,,36883,15,,,1,10,,36884,15,,,1,10,,36885,15,,,1,10,,36886,15,,,1,50,,36887,15,,,1,10,,36888,15,,,1,10,,36889,15,,,1,6,,36890,15,,,1,6,,36891,15,,,1,6,,36892,15,,,1,6,,36893,15,,,1,6,,36894,15,,,1,6,,36895,15,,,1,46,,36896,15,,,1,6,,36897,15,,,1,6,,36898,15,,,1,6,,36899,15,,,1,6,,36900,15,,,1,6,,36901,15,,,1,6,,36902,15,,,1,6,,36903,15,,,1,6,,36904,15,,,1,6,,36905,15,,,1,46,,36906,15,,,1,6,,36907,15,,,1,6,,36908,15,,,1,6,,36909,15,,,1,6,,36910,15,,,1,6,,36911,15,,,1,6,,36912,15,,,1,6,,36913,15,,,1,6,,36914,15,,,1,6,,36915,15,,,1,46,,36916,15,,,1,6,,36917,15,,,1,6,,36918,15,,,1,6,,36919,15,,,1,6,,36920,15,,,1,6,,36921,15,,,1,6,,36922,15,,,1,6,,36923,15,,,1,6,,36924,15,,,1,6,,36925,15,,,1,46,,36926,15,,,1,6,,36927,15,,,1,6,,36928,15,,,1,6,,36929,15,,,1,6,,36930,15,,,1,9,,36931,15,,,1,15,,36932,15,,,1,55,,36933,15,,,1,15,,36934,15,,,1,15,,36935,15,,,1,15,,36936,15,,,1,55,,36937,15,,,1,15,,36938,15,,,1,15,,36939,15,,,1,15,,36940,15,,,1,55,,36941,15,,,1,15,,36942,15,,,1,15,,36943,15,,,1,15,,36944,15,,,1,55,,36945,15,,,1,15,,36946,15,,,1,15,,36947,15,,,1,15,,36948,15,,,1,55,,36949,15,,,1,15,,36950,15,,,1,15,,36951,15,,,1,15,,36952,15,,,1,55,,36953,15,,,1,15,,36954,15,,,1,15,,36955,15,,,1,15,,36956,15,,,1,55,,36957,15,,,1,15,,36828,15,,,1
18002101,'021R-Weekday-6-26-09',541,,36959,15,,,1,12,,36961,15,,,1,52,,36962,15,,,1,6,,37093,15,,,1,6,,36960,15,,,1,6,,36991,15,,,1,6,,36992,15,,,1,6,,36993,15,,,1,6,,36994,15,,,1,6,,36990,15,,,1,6,,36989,15,,,1,6,,36988,15,,,1,46,,36987,15,,,1,6,,36986,15,,,1,6,,36985,15,,,1,6,,36984,15,,,1,6,,36983,15,,,1,6,,36982,15,,,1,6,,36981,15,,,1,6,,36980,15,,,1,6,,36979,15,,,1,6,,36978,15,,,1,46,,36977,15,,,1,6,,36976,15,,,1,6,,36975,15,,,1,6,,36974,15,,,1,6,,36973,15,,,1,6,,36972,15,,,1,6,,36971,15,,,1,6,,36970,15,,,1,6,,36969,15,,,1,6,,36968,15,,,1,46,,36967,15,,,1,6,,36966,15,,,1,6,,36965,15,,,1,6,,36964,15,,,1,10,,36995,15,,,1,10,,36996,15,,,1,10,,36997,15,,,1,50,,36998,15,,,1,10,,36999,15,,,1,10,,37000,15,,,1,10,,37001,15,,,1,10,,37002,15,,,1,10,,37003,15,,,1,50,,37004,15,,,1,10,,37005,15,,,1,10,,37006,15,,,1,10,,37007,15,,,1,10,,37008,15,,,1,10,,37009,15,,,1,50,,37010,15,,,1,10,,37011,15,,,1,10,,37012,15,,,1,10,,37013,15,,,1,10,,37014,15,,,1,10,,37015,15,,,1,50,,37016,15,,,1,10,,37017,15,,,1,10,,37018,15,,,1,10,,37019,15,,,1,10,,37020,15,,,1,10,,37021,15,,,1,50,,37022,15,,,1,10,,37023,15,,,1,10,,37024,15,,,1,6,,37025,15,,,1,6,,37026,15,,,1,6,,37027,15,,,1,6,,37028,15,,,1,6,,37029,15,,,1,6,,37030,15,,,1,46,,37031,15,,,1,6,,37032,15,,,1,6,,37033,15,,,1,6,,37034,15,,,1,6,,37035,15,,,1,6,,37036,15,,,1,6,,37037,15,,,1,6,,37038,15,,,1,6,,37039,15,,,1,6,,37040,15,,,1,46,,37041,15,,,1,6,,37042,15,,,1,6,,37043,15,,,1,6,,37044,15,,,1,6,,37045,15,,,1,6,,37046,15,,,1,6,,37047,15,,,1,6,,37048,15,,,1,6,,37049,15,,,1,6,,37050,15,,,1,46,,37051,15,,,1,6,,37052,15,,,1,6,,37053,15,,,1,6,,37054,15,,,1,6,,37055,15,,,1,6,,37056,15,,,1,6,,37057,15,,,1,6,,37058,15,,,1,6,,37059,15,,,1,6,,37060,15,,,1,46,,37061,15,,,1,6,,37062,15,,,1,6,,37063,15,,,1,6,,37064,15,,,1,6,,37065,15,,,1,9,,37066,15,,,1,15,,37067,15,,,1,55,,37068,15,,,1,15,,37069,15,,,1,15,,37070,15,,,1,15,,37071,15,,,1,55,,37072,15,,,1,15,,37073,15,,,1,15,,37074,15,,,1,15,,37075,15,,,1,55,,37076,15,,,1,15,,37077,15,,,1,15,,37078,15,,,1,15,,37079,15,,,1,55,,37080,15,,,1,15,,37081,15,,,1,15,,37082,15,,,1,15,,37083,15,,,1,55,,37084,15,,,1,15,,37085,15,,,1,15,,37086,15,,,1,15,,37087,15,,,1,55,,37088,15,,,1,15,,37089,15,,,1,15,,37090,15,,,1,15,,37091,15,,,1,55,,37092,15,,,1,15,,36963,15,,,1
18002101,'021R-Weekday-7-26-09',541,,37094,15,,,1,12,,37096,15,,,1,52,,37097,15,,,1,6,,37228,15,,,1,6,,37095,15,,,1,6,,37126,15,,,1,6,,37127,15,,,1,6,,37128,15,,,1,6,,37129,15,,,1,6,,37125,15,,,1,6,,37124,15,,,1,6,,37123,15,,,1,46,,37122,15,,,1,6,,37121,15,,,1,6,,37120,15,,,1,6,,37119,15,,,1,6,,37118,15,,,1,6,,37117,15,,,1,6,,37116,15,,,1,6,,37115,15,,,1,6,,37114,15,,,1,6,,37113,15,,,1,46,,37112,15,,,1,6,,37111,15,,,1,6,,37110,15,,,1,6,,37109,15,,,1,6,,37108,15,,,1,6,,37107,15,,,1,6,,37106,15,,,1,6,,37105,15,,,1,6,,37104,15,,,1,6,,37103,15,,,1,46,,37102,15,,,1,6,,37101,15,,,1,6,,37100,15,,,1,6,,37099,15,,,1,10,,37130,15,,,1,10,,37131,15,,,1,10,,37132,15,,,1,50,,37133,15,,,1,10,,37134,15,,,1,10,,37135,15,,,1,10,,37136,15,,,1,10,,37137,15,,,1,10,,37138,15,,,1,50,,37139,15,,,1,10,,37140,15,,,1,10,,37141,15,,,1,10,,37142,15,,,1,10,,37143,15,,,1,10,,37144,15,,,1,50,,37145,15,,,1,10,,37146,15,,,1,10,,37147,15,,,1,10,,37148,15,,,1,10,,37149,15,,,1,10,,37150,15,,,1,50,,37151,15,,,1,10,,37152,15,,,1,10,,37153,15,,,1,10,,37154,15,,,1,10,,37155,15,,,1,10,,37156,15,,,1,50,,37157,15,,,1,10,,37158,15,,,1,10,,37159,15,,,1,6,,37160,15,,,1,6,,37161,15,,,1,6,,37162,15,,,1,6,,37163,15,,,1,6,,37164,15,,,1,6,,37165,15,,,1,46,,37166,15,,,1,6,,37167,15,,,1,6,,37168,15,,,1,6,,37169,15,,,1,6,,37170,15,,,1,6,,37171,15,,,1,6,,37172,15,,,1,6,,37173,15,,,1,6,,37174,15,,,1,6,,37175,15,,,1,46,,37176,15,,,1,6,,37177,15,,,1,6,,37178,15,,,1,6,,37179,15,,,1,6,,37180,15,,,1,6,,37181,15,,,1,6,,37182,15,,,1,6,,37183,15,,,1,6,,37184,15,,,1,6,,37185,15,,,1,46,,37186,15,,,1,6,,37187,15,,,1,6,,37188,15,,,1,6,,37189,15,,,1,6,,37190,15,,,1,6,,37191,15,,,1,6,,37192,15,,,1,6,,37193,15,,,1,6,,37194,15,,,1,6,,37195,15,,,1,46,,37196,15,,,1,6,,37197,15,,,1,6,,37198,15,,,1,6,,37199,15,,,1,6,,37200,15,,,1,9,,37201,15,,,1,15,,37202,15,,,1,55,,37203,15,,,1,15,,37204,15,,,1,15,,37205,15,,,1,15,,37206,15,,,1,55,,37207,15,,,1,15,,37208,15,,,1,15,,37209,15,,,1,15,,37210,15,,,1,55,,37211,15,,,1,15,,37212,15,,,1,15,,37213,15,,,1,15,,37214,15,,,1,55,,37215,15,,,1,15,,37216,15,,,1,15,,37217,15,,,1,15,,37218,15,,,1,55,,37219,15,,,1,15,,37220,15,,,1,15,,37221,15,,,1,15,,37222,15,,,1,55,,37223,15,,,1,15,,37224,15,,,1,15,,37225,15,,,1,15,,37226,15,,,1,55,,37227,15,,,1,15,,37098,15,,,1
18002101,'021R-Saturday-1-26-09',538,,33254,15,,,1,15,,33255,15,,,1,55,,33256,15,,,1,15,,33257,15,,,1,15,,33258,15,,,1,15,,33259,15,,,1,55,,33260,15,,,1,15,,33261,15,,,1,15,,33262,15,,,1,15,,33263,15,,,1,55,,33264,15,,,1,15,,33265,15,,,1,15,,33266,15,,,1,15,,33267,15,,,1,55,,33268,15,,,1,15,,33269,15,,,1,15,,33270,15,,,1,15,,33271,15,,,1,55,,33272,15,,,1,15,,33273,15,,,1,15,,33274,15,,,1,15,,33275,15,,,1,55,,33276,15,,,1,15,,33277,15,,,1,15,,33278,15,,,1,15,,33279,15,,,1,55,,33280,15,,,1,15,,33281,15,,,1,15,,33282,15,,,1,15,,33283,15,,,1,55,,33284,15,,,1,15,,33285,15,,,1,15,,33286,15,,,1,15,,33287,15,,,1,55,,33288,15,,,1,15,,33289,15,,,1,15,,33290,15,,,1,15,,33291,15,,,1,55,,33292,15,,,1,15,,33293,15,,,1,15,,33294,15,,,1,15,,33295,15,,,1,55,,33296,15,,,1,15,,33297,15,,,1,15,,33298,15,,,1,15,,33299,15,,,1,55,,33300,15,,,1,15,,33301,15,,,1,15,,33302,15,,,1,15,,33303,15,,,1,55,,33304,15,,,1,15,,33305,15,,,1,15,,33306,15,,,1,15,,33307,15,,,1,55,,33308,15,,,1,15,,33309,15,,,1,15,,33310,15,,,1,15,,33311,15,,,1,55,,33312,15,,,1,15,,33313,15,,,1,15,,33314,15,,,1,15,,33315,15,,,1,55,,33316,15,,,1,15,,33317,15,,,1,15,,33318,15,,,1,15,,33319,15,,,1,55,,33320,15,,,1,15,,33321,15,,,1,15,,33322,15,,,1,15,,33323,15,,,1,55,,33324,15,,,1,15,,33325,15,,,1,15,,33326,15,,,1,15,,33327,15,,,1,55,,33328,15,,,1,15,,33329,15,,,1,15,,33330,15,,,1,15,,33331,15,,,1,55,,33332,15,,,1,15,,33333,15,,,1
18002101,'021R-Saturday-2-26-09',540,,37229,15,,,1,15,,37230,15,,,1,55,,37231,15,,,1,15,,37232,15,,,1,15,,37233,15,,,1,15,,37234,15,,,1,55,,37235,15,,,1,15,,37236,15,,,1,15,,37237,15,,,1,15,,37238,15,,,1,55,,37239,15,,,1,15,,37240,15,,,1,15,,37241,15,,,1,15,,37242,15,,,1,55,,37243,15,,,1,15,,37244,15,,,1,15,,37245,15,,,1,15,,37246,15,,,1,55,,37247,15,,,1,15,,37248,15,,,1,15,,37249,15,,,1,15,,37250,15,,,1,55,,37251,15,,,1,15,,37252,15,,,1,15,,37253,15,,,1,15,,37254,15,,,1,55,,37255,15,,,1,15,,37256,15,,,1,15,,37257,15,,,1,15,,37258,15,,,1,55,,37259,15,,,1,15,,37260,15,,,1,15,,37261,15,,,1,15,,37262,15,,,1,55,,37263,15,,,1,15,,37264,15,,,1,15,,37265,15,,,1,15,,37266,15,,,1,55,,37267,15,,,1,15,,37268,15,,,1,15,,37269,15,,,1,15,,37270,15,,,1,55,,37271,15,,,1,15,,37272,15,,,1,15,,37273,15,,,1,15,,37274,15,,,1,55,,37275,15,,,1,15,,37276,15,,,1,15,,37277,15,,,1,15,,37278,15,,,1,55,,37279,15,,,1,15,,37280,15,,,1,15,,37281,15,,,1,15,,37282,15,,,1,55,,37283,15,,,1,15,,37284,15,,,1,15,,37285,15,,,1,15,,37286,15,,,1,55,,37287,15,,,1,15,,37288,15,,,1,15,,37289,15,,,1,15,,37290,15,,,1,55,,37291,15,,,1,15,,37292,15,,,1,15,,37293,15,,,1,15,,37294,15,,,1,55,,37295,15,,,1,15,,37296,15,,,1,15,,37297,15,,,1,15,,37298,15,,,1,55,,37299,15,,,1,15,,37300,15,,,1,15,,37301,15,,,1,15,,37302,15,,,1,55,,37303,15,,,1,15,,37304,15,,,1,15,,37305,15,,,1,15,,37306,15,,,1,55,,37307,15,,,1,15,,37308,15,,,1
18002101,'021R-Sunday-1-26-09',538,,33334,15,,,1,15,,33335,15,,,1,55,,33336,15,,,1,15,,33337,15,,,1,15,,33338,15,,,1,15,,33339,15,,,1,55,,33340,15,,,1,15,,33341,15,,,1,15,,33342,15,,,1,15,,33343,15,,,1,55,,33344,15,,,1,15,,33345,15,,,1,15,,33346,15,,,1,15,,33347,15,,,1,55,,33348,15,,,1,15,,33349,15,,,1,15,,33350,15,,,1,15,,33351,15,,,1,55,,33352,15,,,1,15,,33353,15,,,1,15,,33354,15,,,1,15,,33355,15,,,1,55,,33356,15,,,1,15,,33357,15,,,1,15,,33358,15,,,1,15,,33359,15,,,1,55,,33360,15,,,1,15,,33361,15,,,1,15,,33362,15,,,1,15,,33363,15,,,1,55,,33364,15,,,1,15,,33365,15,,,1,15,,33366,15,,,1,15,,33367,15,,,1,55,,33368,15,,,1,15,,33369,15,,,1,15,,33370,15,,,1,15,,33371,15,,,1,55,,33372,15,,,1,15,,33373,15,,,1,15,,33374,15,,,1,15,,33375,15,,,1,55,,33376,15,,,1,15,,33377,15,,,1,15,,33378,15,,,1,15,,33379,15,,,1,55,,33380,15,,,1,15,,33381,15,,,1,15,,33382,15,,,1,15,,33383,15,,,1,55,,33384,15,,,1,15,,33385,15,,,1,15,,33386,15,,,1,15,,33387,15,,,1,55,,33388,15,,,1,15,,33389,15,,,1,15,,33390,15,,,1,15,,33391,15,,,1,55,,33392,15,,,1,15,,33393,15,,,1,15,,33394,15,,,1,15,,33395,15,,,1,55,,33396,15,,,1,15,,33397,15,,,1,15,,33398,15,,,1,15,,33399,15,,,1,55,,33400,15,,,1,15,,33401,15,,,1,15,,33402,15,,,1,15,,33403,15,,,1,55,,33404,15,,,1,15,,33405,15,,,1,15,,33406,15,,,1,15,,33407,15,,,1,55,,33408,15,,,1,15,,33409,15,,,1,15,,33410,15,,,1
18002101,'021R-Sunday-2-26-09',540,,37309,15,,,1,15,,37310,15,,,1,55,,37311,15,,,1,15,,37312,15,,,1,15,,37313,15,,,1,15,,37314,15,,,1,55,,37315,15,,,1,15,,37316,15,,,1,15,,37317,15,,,1,15,,37318,15,,,1,55,,37319,15,,,1,15,,37320,15,,,1,15,,37321,15,,,1,15,,37322,15,,,1,55,,37323,15,,,1,15,,37324,15,,,1,15,,37325,15,,,1,15,,37326,15,,,1,55,,37327,15,,,1,15,,37328,15,,,1,15,,37329,15,,,1,15,,37330,15,,,1,55,,37331,15,,,1,15,,37332,15,,,1,15,,37333,15,,,1,15,,37334,15,,,1,55,,37335,15,,,1,15,,37336,15,,,1,15,,37337,15,,,1,15,,37338,15,,,1,55,,37339,15,,,1,15,,37340,15,,,1,15,,37341,15,,,1,15,,37342,15,,,1,55,,37343,15,,,1,15,,37344,15,,,1,15,,37345,15,,,1,15,,37346,15,,,1,55,,37347,15,,,1,15,,37348,15,,,1,15,,37349,15,,,1,15,,37350,15,,,1,55,,37351,15,,,1,15,,37352,15,,,1,15,,37353,15,,,1,15,,37354,15,,,1,55,,37355,15,,,1,15,,37356,15,,,1,15,,37357,15,,,1,15,,37358,15,,,1,55,,37359,15,,,1,15,,37360,15,,,1,15,,37361,15,,,1,15,,37362,15,,,1,55,,37363,15,,,1,15,,37364,15,,,1,15,,37365,15,,,1,15,,37366,15,,,1,55,,37367,15,,,1,15,,37368,15,,,1,15,,37369,15,,,1,15,,37370,15,,,1,55,,37371,15,,,1,15,,37372,15,,,1,15,,37373,15,,,1,15,,37374,15,,,1,55,,37375,15,,,1,15,,37376,15,,,1,15,,37377,15,,,1,15,,37378,15,,,1,55,,37379,15,,,1,15,,37380,15,,,1,15,,37381,15,,,1,15,,37382,15,,,1,55,,37383,15,,,1,15,,37384,15,,,1,15,,37385,15,,,1
18002101,'021R-Sunday-4-26-09',540,,37386,15,,,1,15,,37387,15,,,1,55,,37388,15,,,1,15,,37389,15,,,1,15,,37390,15,,,1,15,,37391,15,,,1,55,,37392,15,,,1,15,,37393,15,,,1,15,,37394,15,,,1,15,,37395,15,,,1,55,,37396,15,,,1,15,,37397,15,,,1,15,,37398,15,,,1,15,,37399,15,,,1,55,,37400,15,,,1,15,,37401,15,,,1,15,,37402,15,,,1,15,,37403,15,,,1,55,,37404,15,,,1,15,,37405,15,,,1,15,,37406,15,,,1,15,,37407,15,,,1,55,,37408,15,,,1,15,,37409,15,,,1,15,,37410,15,,,1,15,,37411,15,,,1,55,,37412,15,,,1,15,,37413,15,,,1,15,,37414,15,,,1,15,,37415,15,,,1,55,,37416,15,,,1,15,,37417,15,,,1,15,,37418,15,,,1,15,,37419,15,,,1,55,,37420,15,,,1,15,,37421,15,,,1,15,,37422,15,,,1,15,,37423,15,,,1,55,,37424,15,,,1,15,,37425,15,,,1,15,,37426,15,,,1,15,,37427,15,,,1,55,,37428,15,,,1,15,,37429,15,,,1,15,,37430,15,,,1,15,,37431,15,,,1,55,,37432,15,,,1,15,,37433,15,,,1,15,,37434,15,,,1,15,,37435,15,,,1,55,,37436,15,,,1,15,,37437,15,,,1,15,,37438,15,,,1,15,,37439,15,,,1,55,,37440,15,,,1,15,,37441,15,,,1,15,,37442,15,,,1,15,,37443,15,,,1,55,,37444,15,,,1,15,,37445,15,,,1,15,,37446,15,,,1,15,,37447,15,,,1,55,,37448,15,,,1,15,,37449,15,,,1,15,,37450,15,,,1,15,,37451,15,,,1,55,,37452,15,,,1,15,,37453,15,,,1,15,,37454,15,,,1,15,,37455,15,,,1,55,,37456,15,,,1,15,,37457,15,,,1,15,,37458,15,,,1,15,,37459,15,,,1,55,,37460,15,,,1,15,,37461,15,,,1,15,,37462,15,,,1
18002201,'022R-Saturday-2-26-09',536,,38744,9,,,1,15,,38743,9,,,1,55,,38666,12,,,1,15,,38667,12,,,1,15,,38668,12,,,1,15,,38669,12,,,1,55,,38670,12,,,1,15,,38671,12,,,1,15,,38672,12,,,1,15,,38673,12,,,1,55,,38674,12,,,1,15,,38675,12,,,1,15,,38676,12,,,1,15,,38677,12,,,1,55,,38678,12,,,1,15,,38679,12,,,1,15,,38680,12,,,1,15,,38681,12,,,1,55,,38682,12,,,1,15,,38683,12,,,1,15,,38684,12,,,1,15,,38685,12,,,1,55,,38686,12,,,1,15,,38687,12,,,1,15,,38688,12,,,1,15,,38689,12,,,1,55,,38690,12,,,1,15,,38691,12,,,1,15,,38692,12,,,1,15,,38693,12,,,1,55,,38694,12,,,1,15,,38695,12,,,1,15,,38696,12,,,1,15,,38697,12,,,1,55,,38698,12,,,1,15,,38699,12,,,1,15,,38700,12,,,1,15,,38701,12,,,1,55,,38702,12,,,1,15,,38703,12,,,1,15,,38704,12,,,1,15,,38705,12,,,1,55,,38706,12,,,1,15,,38707,12,,,1,15,,38708,12,,,1,15,,38709,12,,,1,55,,38710,12,,,1,15,,38711,12,,,1,15,,38712,12,,,1,15,,38713,12,,,1,55,,38714,12,,,1,15,,38715,12,,,1,15,,38716,12,,,1,15,,38717,12,,,1,55,,38718,12,,,1,15,,38719,12,,,1,15,,38720,12,,,1,15,,38721,12,,,1,55,,38722,12,,,1,15,,38723,12,,,1,15,,38724,12,,,1,15,,38725,12,,,1,55,,38726,12,,,1,15,,38727,12,,,1,15,,38728,12,,,1,15,,38729,12,,,1,55,,38730,12,,,1,15,,38731,12,,,1,15,,38732,12,,,1,15,,38733,12,,,1,55,,38734,12,,,1,15,,38735,12,,,1,15,,38736,12,,,1,15,,38737,12,,,1,55,,38738,12,,,1,15,,38739,12,,,1,15,,38740,12,,,1,15,,38741,12,,,1,55,,38742,12,,,1
18002201,'022R-Sunday-2-26-09',606,,38901,9,,,1,15,,38900,9,,,1,15,,38903,12,,,1,15,,38904,12,,,1,55,,38905,12,,,1,15,,38906,12,,,1,15,,38907,12,,,1,15,,38908,12,,,1,55,,38909,12,,,1,15,,38910,12,,,1,15,,38911,12,,,1,15,,38912,12,,,1,55,,38913,12,,,1,15,,38914,12,,,1,15,,38915,12,,,1,15,,38916,12,,,1,55,,38917,12,,,1,15,,38918,12,,,1,15,,38919,12,,,1,15,,38920,12,,,1,55,,38921,12,,,1,15,,38922,12,,,1,15,,38923,12,,,1,15,,38924,12,,,1,55,,38925,12,,,1,15,,38926,12,,,1,15,,38927,12,,,1,15,,38928,12,,,1,55,,38929,12,,,1,15,,38930,12,,,1,15,,38931,12,,,1,15,,38932,12,,,1,55,,38933,12,,,1,15,,38934,12,,,1,15,,38935,12,,,1,15,,38936,12,,,1,55,,38937,12,,,1,15,,38938,12,,,1,15,,38939,12,,,1,15,,38940,12,,,1,55,,38941,12,,,1,15,,38942,12,,,1,15,,38943,12,,,1,15,,38944,12,,,1,55,,38945,12,,,1,15,,38946,12,,,1,15,,38947,12,,,1,15,,38948,12,,,1,55,,38949,12,,,1,15,,38950,12,,,1,15,,38951,12,,,1,15,,38952,12,,,1,55,,38953,12,,,1,15,,38954,12,,,1,15,,38955,12,,,1,15,,38956,12,,,1,55,,38957,12,,,1,15,,38958,12,,,1,15,,38959,12,,,1,15,,38960,12,,,1,55,,38961,12,,,1,15,,38962,12,,,1,15,,38963,12,,,1,15,,38964,12,,,1,55,,38965,12,,,1,15,,38966,12,,,1,15,,38967,12,,,1,15,,38968,12,,,1,55,,38969,12,,,1,15,,38970,12,,,1,15,,38971,12,,,1,15,,38902,12,,,1,55,,38899,12,,,1
