18002301,'20260913-Sunday-1-26-09',530,,35104,7,,,1,15,,35120,7,,,1,55,,35058,7,,,1,15,,35074,7,,,1,15,,35089,7,,,1,15,,35105,7,,,1,55,,35121,7,,,1,15,,35059,7,,,1,15,,35075,7,,,1,15,,35090,7,,,1,55,,35106,7,,,1,15,,35122,7,,,1,15,,35060,7,,,1,15,,35076,7,,,1,55,,35091,7,,,1,15,,35107,7,,,1,15,,35123,7,,,1,15,,35061,7,,,1,55,,35077,7,,,1,15,,35092,7,,,1,15,,35108,7,,,1,15,,35124,7,,,1,55,,35062,7,,,1,15,,35078,7,,,1,15,,35093,7,,,1,15,,35109,7,,,1,55,,35125,7,,,1,15,,35063,7,,,1,15,,35079,7,,,1,15,,35094,7,,,1,55,,35110,7,,,1,15,,35126,7,,,1,15,,35064,7,,,1,15,,35080,7,,,1,55,,35095,7,,,1,15,,35111,7,,,1,15,,35127,7,,,1,15,,35065,7,,,1,55,,35081,7,,,1,15,,35096,7,,,1,15,,35112,7,,,1,15,,35128,7,,,1,55,,35066,7,,,1,15,,35082,7,,,1,15,,35097,7,,,1,15,,35113,7,,,1,55,,35129,7,,,1,15,,35067,7,,,1,15,,35083,7,,,1,15,,35098,7,,,1,55,,35114,7,,,1,15,,35130,7,,,1,15,,35068,7,,,1,15,,35084,7,,,1,55,,35099,7,,,1,15,,35115,7,,,1,15,,35131,7,,,1,15,,35069,7,,,1,55,,35085,7,,,1,15,,35100,7,,,1,15,,35116,7,,,1,15,,35132,7,,,1,55,,35070,7,,,1,15,,35086,7,,,1,15,,35101,7,,,1,15,,35117,7,,,1,55,,35133,7,,,1,15,,35071,7,,,1,15,,35087,7,,,1,15,,35102,7,,,1,55,,35118,7,,,1,15,,35134,7,,,1,15,,35072,7,,,1,15,,35088,7,,,1,55,,35103,7,,,1,15,,35119,7,,,1,15,,35135,7,,,1,15,,35073,7,,,1
18002301,'20260914-Weekday-1-26-09',529,,35182,7,,,1,10,,35200,7,,,1,10,,35136,7,,,1,10,,35159,7,,,1,50,,35148,7,,,1,5,,35275,7,,,1,5,,35171,7,,,1,5,,35259,7,,,1,5,,35215,7,,,1,5,,35292,7,,,1,5,,35183,7,,,1,5,,35201,7,,,1,5,,35232,7,,,1,5,,35137,7,,,1,5,,35243,7,,,1,45,,35160,7,,,1,5,,35251,7,,,1,5,,35149,7,,,1,5,,35276,7,,,1,5,,35172,7,,,1,5,,35260,7,,,1,5,,35216,7,,,1,5,,35293,7,,,1,5,,35184,7,,,1,5,,35202,7,,,1,5,,35233,7,,,1,5,,35138,7,,,1,45,,35244,7,,,1,5,,35161,7,,,1,5,,35252,7,,,1,5,,35150,7,,,1,5,,35277,7,,,1,5,,35173,7,,,1,5,,35261,7,,,1,5,,35217,7,,,1,5,,35294,7,,,1,5,,35185,7,,,1,5,,35203,7,,,1,5,,35234,7,,,1,45,,35139,7,,,1,5,,35245,7,,,1,5,,35162,7,,,1,5,,35253,7,,,1,5,,35151,7,,,1,5,,35278,7,,,1,5,,35174,7,,,1,5,,35262,7,,,1,5,,35218,7,,,1,5,,35295,7,,,1,5,,35186,7,,,1,5,,35204,7,,,1,45,,35235,7,,,1,5,,35140,7,,,1,6,,35246,7,,,1,10,,35163,7,,,1,10,,35279,7,,,1,10,,35263,7,,,1,10,,35219,7,,,1,50,,35187,7,,,1,10,,35236,7,,,1,10,,35141,7,,,1,10,,35164,7,,,1,10,,35280,7,,,1,10,,35264,7,,,1,50,,35220,7,,,1,10,,35188,7,,,1,10,,35237,7,,,1,10,,35142,7,,,1,10,,35165,7,,,1,10,,35281,7,,,1,50,,35265,7,,,1,10,,35221,7,,,1,10,,35189,7,,,1,10,,35238,7,,,1,10,,35143,7,,,1,10,,35166,7,,,1,50,,35282,7,,,1,9,,35254,7,,,1,5,,35152,7,,,1,5,,35222,7,,,1,5,,35296,7,,,1,5,,35190,7,,,1,5,,35205,7,,,1,5,,35239,7,,,1,5,,35266,7,,,1,5,,35247,7,,,1,5,,35144,7,,,1,45,,35175,7,,,1,5,,35167,7,,,1,5,,35283,7,,,1,5,,35255,7,,,1,5,,35153,7,,,1,5,,35223,7,,,1,5,,35297,7,,,1,5,,35191,7,,,1,5,,35206,7,,,1,5,,35240,7,,,1,5,,35267,7,,,1,5,,35248,7,,,1,45,,35145,7,,,1,5,,35176,7,,,1,5,,35168,7,,,1,5,,35284,7,,,1,5,,35256,7,,,1,5,,35154,7,,,1,5,,35224,7,,,1,5,,35298,7,,,1,5,,35192,7,,,1,5,,35207,7,,,1,5,,35241,7,,,1,5,,35268,7,,,1,45,,35249,7,,,1,5,,35146,7,,,1,5,,35177,7,,,1,5,,35169,7,,,1,5,,35285,7,,,1,5,,35257,7,,,1,5,,35155,7,,,1,5,,35225,7,,,1,5,,35299,7,,,1,5,,35193,7,,,1,5,,35208,7,,,1,5,,35242,7,,,1,45,,35269,7,,,1,5,,35250,7,,,1,5,,35147,7,,,1,5,,35178,7,,,1,5,,35170,7,,,1,5,,35286,7,,,1,5,,35258,7,,,1,6,,35156,7,,,1,10,,35226,7,,,1,50,,35194,7,,,1,10,,35209,7,,,1,10,,35270,7,,,1,10,,35179,7,,,1,10,,35287,7,,,1,10,,35157,7,,,1,50,,35227,7,,,1,10,,35195,7,,,1,10,,35210,7,,,1,10,,35271,7,,,1,10,,35180,7,,,1,10,,35288,7,,,1,50,,35158,7,,,1,10,,35228,7,,,1,10,,35196,7,,,1,10,,35211,7,,,1,10,,35272,7,,,1,10,,35181,7,,,1,55,,35289,7,,,1,15,,35229,7,,,1,15,,35197,7,,,1,15,,35212,7,,,1,55,,35273,7,,,1,15,,35290,7,,,1,15,,35230,7,,,1,15,,35198,7,,,1,55,,35213,7,,,1,15,,35274,7,,,1,15,,35291,7,,,1,15,,35231,7,,,1,55,,35199,7,,,1,15,,35214,7,,,1
18002301,'20260914-Weekday-2-26-09',529,,35346,7,,,1,10,,35364,7,,,1,10,,35300,7,,,1,10,,35323,7,,,1,50,,35312,7,,,1,5,,35439,7,,,1,5,,35335,7,,,1,5,,35423,7,,,1,5,,35379,7,,,1,5,,35456,7,,,1,5,,35347,7,,,1,5,,35365,7,,,1,5,,35396,7,,,1,5,,35301,7,,,1,5,,35407,7,,,1,45,,35324,7,,,1,5,,35415,7,,,1,5,,35313,7,,,1,5,,35440,7,,,1,5,,35336,7,,,1,5,,35424,7,,,1,5,,35380,7,,,1,5,,35457,7,,,1,5,,35348,7,,,1,5,,35366,7,,,1,5,,35397,7,,,1,5,,35302,7,,,1,45,,35408,7,,,1,5,,35325,7,,,1,5,,35416,7,,,1,5,,35314,7,,,1,5,,35441,7,,,1,5,,35337,7,,,1,5,,35425,7,,,1,5,,35381,7,,,1,5,,35458,7,,,1,5,,35349,7,,,1,5,,35367,7,,,1,5,,35398,7,,,1,45,,35303,7,,,1,5,,35409,7,,,1,5,,35326,7,,,1,5,,35417,7,,,1,5,,35315,7,,,1,5,,35442,7,,,1,5,,35338,7,,,1,5,,35426,7,,,1,5,,35382,7,,,1,5,,35459,7,,,1,5,,35350,7,,,1,5,,35368,7,,,1,45,,35399,7,,,1,5,,35304,7,,,1,6,,35410,7,,,1,10,,35327,7,,,1,10,,35443,7,,,1,10,,35427,7,,,1,10,,35383,7,,,1,50,,35351,7,,,1,10,,35400,7,,,1,10,,35305,7,,,1,10,,35328,7,,,1,10,,35444,7,,,1,10,,35428,7,,,1,50,,35384,7,,,1,10,,35352,7,,,1,10,,35401,7,,,1,10,,35306,7,,,1,10,,35329,7,,,1,10,,35445,7,,,1,50,,35429,7,,,1,10,,35385,7,,,1,10,,35353,7,,,1,10,,35402,7,,,1,10,,35307,7,,,1,10,,35330,7,,,1,50,,35446,7,,,1,9,,35418,7,,,1,5,,35316,7,,,1,5,,35386,7,,,1,5,,35460,7,,,1,5,,35354,7,,,1,5,,35369,7,,,1,5,,35403,7,,,1,5,,35430,7,,,1,5,,35411,7,,,1,5,,35308,7,,,1,45,,35339,7,,,1,5,,35331,7,,,1,5,,35447,7,,,1,5,,35419,7,,,1,5,,35317,7,,,1,5,,35387,7,,,1,5,,35461,7,,,1,5,,35355,7,,,1,5,,35370,7,,,1,5,,35404,7,,,1,5,,35431,7,,,1,5,,35412,7,,,1,45,,35309,7,,,1,5,,35340,7,,,1,5,,35332,7,,,1,5,,35448,7,,,1,5,,35420,7,,,1,5,,35318,7,,,1,5,,35388,7,,,1,5,,35462,7,,,1,5,,35356,7,,,1,5,,35371,7,,,1,5,,35405,7,,,1,5,,35432,7,,,1,45,,35413,7,,,1,5,,35310,7,,,1,5,,35341,7,,,1,5,,35333,7,,,1,5,,35449,7,,,1,5,,35421,7,,,1,5,,35319,7,,,1,5,,35389,7,,,1,5,,35463,7,,,1,5,,35357,7,,,1,5,,35372,7,,,1,5,,35406,7,,,1,45,,35433,7,,,1,5,,35414,7,,,1,5,,35311,7,,,1,5,,35342,7,,,1,5,,35334,7,,,1,5,,35450,7,,,1,5,,35422,7,,,1,6,,35320,7,,,1,10,,35390,7,,,1,50,,35358,7,,,1,10,,35373,7,,,1,10,,35434,7,,,1,10,,35343,7,,,1,10,,35451,7,,,1,10,,35321,7,,,1,50,,35391,7,,,1,10,,35359,7,,,1,10,,35374,7,,,1,10,,35435,7,,,1,10,,35344,7,,,1,10,,35452,7,,,1,50,,35322,7,,,1,10,,35392,7,,,1,10,,35360,7,,,1,10,,35375,7,,,1,10,,35436,7,,,1,10,,35345,7,,,1,55,,35453,7,,,1,15,,35393,7,,,1,15,,35361,7,,,1,15,,35376,7,,,1,55,,35437,7,,,1,15,,35454,7,,,1,15,,35394,7,,,1,15,,35362,7,,,1,55,,35377,7,,,1,15,,35438,7,,,1,15,,35455,7,,,1,15,,35395,7,,,1,55,,35363,7,,,1,15,,35378,7,,,1
18002301,'20260914-Weekday-3-26-09',529,,39882,7,,,1,10,,39900,7,,,1,10,,39836,7,,,1,10,,39859,7,,,1,50,,39848,7,,,1,5,,39975,7,,,1,5,,39871,7,,,1,5,,39959,7,,,1,5,,39915,7,,,1,5,,39992,7,,,1,5,,39883,7,,,1,5,,39901,7,,,1,5,,39932,7,,,1,5,,39837,7,,,1,5,,39943,7,,,1,45,,39860,7,,,1,5,,39951,7,,,1,5,,39849,7,,,1,5,,39976,7,,,1,5,,39872,7,,,1,5,,39960,7,,,1,5,,39916,7,,,1,5,,39993,7,,,1,5,,39884,7,,,1,5,,39902,7,,,1,5,,39933,7,,,1,5,,39838,7,,,1,45,,39944,7,,,1,5,,39861,7,,,1,5,,39952,7,,,1,5,,39850,7,,,1,5,,39977,7,,,1,5,,39873,7,,,1,5,,39961,7,,,1,5,,39917,7,,,1,5,,39994,7,,,1,5,,39885,7,,,1,5,,39903,7,,,1,5,,39934,7,,,1,45,,39839,7,,,1,5,,39945,7,,,1,5,,39862,7,,,1,5,,39953,7,,,1,5,,39851,7,,,1,5,,39978,7,,,1,5,,39874,7,,,1,5,,39962,7,,,1,5,,39918,7,,,1,5,,39995,7,,,1,5,,39886,7,,,1,5,,39904,7,,,1,45,,39935,7,,,1,5,,39840,7,,,1,6,,39946,7,,,1,10,,39863,7,,,1,10,,39979,7,,,1,10,,39963,7,,,1,10,,39919,7,,,1,50,,39887,7,,,1,10,,39936,7,,,1,10,,39841,7,,,1,10,,39864,7,,,1,10,,39980,7,,,1,10,,39964,7,,,1,50,,39920,7,,,1,10,,39888,7,,,1,10,,39937,7,,,1,10,,39842,7,,,1,10,,39865,7,,,1,10,,39981,7,,,1,50,,39965,7,,,1,10,,39921,7,,,1,10,,39889,7,,,1,10,,39938,7,,,1,10,,39843,7,,,1,10,,39866,7,,,1,50,,39982,7,,,1,9,,39954,7,,,1,5,,39852,7,,,1,5,,39922,7,,,1,5,,39996,7,,,1,5,,39890,7,,,1,5,,39905,7,,,1,5,,39939,7,,,1,5,,39966,7,,,1,5,,39947,7,,,1,5,,39844,7,,,1,45,,39875,7,,,1,5,,39867,7,,,1,5,,39983,7,,,1,5,,39955,7,,,1,5,,39853,7,,,1,5,,39923,7,,,1,5,,39997,7,,,1,5,,39891,7,,,1,5,,39906,7,,,1,5,,39940,7,,,1,5,,39967,7,,,1,5,,39948,7,,,1,45,,39845,7,,,1,5,,39876,7,,,1,5,,39868,7,,,1,5,,39984,7,,,1,5,,39956,7,,,1,5,,39854,7,,,1,5,,39924,7,,,1,5,,39998,7,,,1,5,,39892,7,,,1,5,,39907,7,,,1,5,,39941,7,,,1,5,,39968,7,,,1,45,,39949,7,,,1,5,,39846,7,,,1,5,,39877,7,,,1,5,,39869,7,,,1,5,,39985,7,,,1,5,,39957,7,,,1,5,,39855,7,,,1,5,,39925,7,,,1,5,,39999,7,,,1,5,,39893,7,,,1,5,,39908,7,,,1,5,,39942,7,,,1,45,,39969,7,,,1,5,,39950,7,,,1,5,,39847,7,,,1,5,,39878,7,,,1,5,,39870,7,,,1,5,,39986,7,,,1,5,,39958,7,,,1,6,,39856,7,,,1,10,,39926,7,,,1,50,,39894,7,,,1,10,,39909,7,,,1,10,,39970,7,,,1,10,,39879,7,,,1,10,,39987,7,,,1,10,,39857,7,,,1,50,,39927,7,,,1,10,,39895,7,,,1,10,,39910,7,,,1,10,,39971,7,,,1,10,,39880,7,,,1,10,,39988,7,,,1,50,,39858,7,,,1,10,,39928,7,,,1,10,,39896,7,,,1,10,,39911,7,,,1,10,,39972,7,,,1,10,,39881,7,,,1,55,,39989,7,,,1,15,,39929,7,,,1,15,,39897,7,,,1,15,,39912,7,,,1,55,,39973,7,,,1,15,,39990,7,,,1,15,,39930,7,,,1,15,,39898,7,,,1,55,,39913,7,,,1,15,,39974,7,,,1,15,,39991,7,,,1,15,,39931,7,,,1,55,,39899,7,,,1,15,,39914,7,,,1
18002301,'20260914-Weekday-4-26-09',529,,35510,7,,,1,10,,35528,7,,,1,10,,35464,7,,,1,10,,35487,7,,,1,50,,35476,7,,,1,5,,35603,7,,,1,5,,35499,7,,,1,5,,35587,7,,,1,5,,35543,7,,,1,5,,35620,7,,,1,5,,35511,7,,,1,5,,35529,7,,,1,5,,35560,7,,,1,5,,35465,7,,,1,5,,35571,7,,,1,45,,35488,7,,,1,5,,35579,7,,,1,5,,35477,7,,,1,5,,35604,7,,,1,5,,35500,7,,,1,5,,35588,7,,,1,5,,35544,7,,,1,5,,35621,7,,,1,5,,35512,7,,,1,5,,35530,7,,,1,5,,35561,7,,,1,5,,35466,7,,,1,45,,35572,7,,,1,5,,35489,7,,,1,5,,35580,7,,,1,5,,35478,7,,,1,5,,35605,7,,,1,5,,35501,7,,,1,5,,35589,7,,,1,5,,35545,7,,,1,5,,35622,7,,,1,5,,35513,7,,,1,5,,35531,7,,,1,5,,35562,7,,,1,45,,35467,7,,,1,5,,35573,7,,,1,5,,35490,7,,,1,5,,35581,7,,,1,5,,35479,7,,,1,5,,35606,7,,,1,5,,35502,7,,,1,5,,35590,7,,,1,5,,35546,7,,,1,5,,35623,7,,,1,5,,35514,7,,,1,5,,35532,7,,,1,45,,35563,7,,,1,5,,35468,7,,,1,6,,35574,7,,,1,10,,35491,7,,,1,10,,35607,7,,,1,10,,35591,7,,,1,10,,35547,7,,,1,50,,35515,7,,,1,10,,35564,7,,,1,10,,35469,7,,,1,10,,35492,7,,,1,10,,35608,7,,,1,10,,35592,7,,,1,50,,35548,7,,,1,10,,35516,7,,,1,10,,35565,7,,,1,10,,35470,7,,,1,10,,35493,7,,,1,10,,35609,7,,,1,50,,35593,7,,,1,10,,35549,7,,,1,10,,35517,7,,,1,10,,35566,7,,,1,10,,35471,7,,,1,10,,35494,7,,,1,50,,35610,7,,,1,9,,35582,7,,,1,5,,35480,7,,,1,5,,35550,7,,,1,5,,35624,7,,,1,5,,35518,7,,,1,5,,35533,7,,,1,5,,35567,7,,,1,5,,35594,7,,,1,5,,35575,7,,,1,5,,35472,7,,,1,45,,35503,7,,,1,5,,35495,7,,,1,5,,35611,7,,,1,5,,35583,7,,,1,5,,35481,7,,,1,5,,35551,7,,,1,5,,35625,7,,,1,5,,35519,7,,,1,5,,35534,7,,,1,5,,35568,7,,,1,5,,35595,7,,,1,5,,35576,7,,,1,45,,35473,7,,,1,5,,35504,7,,,1,5,,35496,7,,,1,5,,35612,7,,,1,5,,35584,7,,,1,5,,35482,7,,,1,5,,35552,7,,,1,5,,35626,7,,,1,5,,35520,7,,,1,5,,35535,7,,,1,5,,35569,7,,,1,5,,35596,7,,,1,45,,35577,7,,,1,5,,35474,7,,,1,5,,35505,7,,,1,5,,35497,7,,,1,5,,35613,7,,,1,5,,35585,7,,,1,5,,35483,7,,,1,5,,35553,7,,,1,5,,35627,7,,,1,5,,35521,7,,,1,5,,35536,7,,,1,5,,35570,7,,,1,45,,35597,7,,,1,5,,35578,7,,,1,5,,35475,7,,,1,5,,35506,7,,,1,5,,35498,7,,,1,5,,35614,7,,,1,5,,35586,7,,,1,6,,35484,7,,,1,10,,35554,7,,,1,50,,35522,7,,,1,10,,35537,7,,,1,10,,35598,7,,,1,10,,35507,7,,,1,10,,35615,7,,,1,10,,35485,7,,,1,50,,35555,7,,,1,10,,35523,7,,,1,10,,35538,7,,,1,10,,35599,7,,,1,10,,35508,7,,,1,10,,35616,7,,,1,50,,35486,7,,,1,10,,35556,7,,,1,10,,35524,7,,,1,10,,35539,7,,,1,10,,35600,7,,,1,10,,35509,7,,,1,55,,35617,7,,,1,15,,35557,7,,,1,15,,35525,7,,,1,15,,35540,7,,,1,55,,35601,7,,,1,15,,35618,7,,,1,15,,35558,7,,,1,15,,35526,7,,,1,55,,35541,7,,,1,15,,35602,7,,,1,15,,35619,7,,,1,15,,35559,7,,,1,55,,35527,7,,,1,15,,35542,7,,,1
18002301,'20260914-Weekday-5-26-09',529,,40046,7,,,1,10,,40064,7,,,1,10,,40000,7,,,1,10,,40023,7,,,1,50,,40012,7,,,1,5,,40139,7,,,1,5,,40035,7,,,1,5,,40123,7,,,1,5,,40079,7,,,1,5,,40156,7,,,1,5,,40047,7,,,1,5,,40065,7,,,1,5,,40096,7,,,1,5,,40001,7,,,1,5,,40107,7,,,1,45,,40024,7,,,1,5,,40115,7,,,1,5,,40013,7,,,1,5,,40140,7,,,1,5,,40036,7,,,1,5,,40124,7,,,1,5,,40080,7,,,1,5,,40157,7,,,1,5,,40048,7,,,1,5,,40066,7,,,1,5,,40097,7,,,1,5,,40002,7,,,1,45,,40108,7,,,1,5,,40025,7,,,1,5,,40116,7,,,1,5,,40014,7,,,1,5,,40141,7,,,1,5,,40037,7,,,1,5,,40125,7,,,1,5,,40081,7,,,1,5,,40158,7,,,1,5,,40049,7,,,1,5,,40067,7,,,1,5,,40098,7,,,1,45,,40003,7,,,1,5,,40109,7,,,1,5,,40026,7,,,1,5,,40117,7,,,1,5,,40015,7,,,1,5,,40142,7,,,1,5,,40038,7,,,1,5,,40126,7,,,1,5,,40082,7,,,1,5,,40159,7,,,1,5,,40050,7,,,1,5,,40068,7,,,1,45,,40099,7,,,1,5,,40004,7,,,1,6,,40110,7,,,1,10,,40027,7,,,1,10,,40143,7,,,1,10,,40127,7,,,1,10,,40083,7,,,1,50,,40051,7,,,1,10,,40100,7,,,1,10,,40005,7,,,1,10,,40028,7,,,1,10,,40144,7,,,1,10,,40128,7,,,1,50,,40084,7,,,1,10,,40052,7,,,1,10,,40101,7,,,1,10,,40006,7,,,1,10,,40029,7,,,1,10,,40145,7,,,1,50,,40129,7,,,1,10,,40085,7,,,1,10,,40053,7,,,1,10,,40102,7,,,1,10,,40007,7,,,1,10,,40030,7,,,1,50,,40146,7,,,1,9,,40118,7,,,1,5,,40016,7,,,1,5,,40086,7,,,1,5,,40160,7,,,1,5,,40054,7,,,1,5,,40069,7,,,1,5,,40103,7,,,1,5,,40130,7,,,1,5,,40111,7,,,1,5,,40008,7,,,1,45,,40039,7,,,1,5,,40031,7,,,1,5,,40147,7,,,1,5,,40119,7,,,1,5,,40017,7,,,1,5,,40087,7,,,1,5,,40161,7,,,1,5,,40055,7,,,1,5,,40070,7,,,1,5,,40104,7,,,1,5,,40131,7,,,1,5,,40112,7,,,1,45,,40009,7,,,1,5,,40040,7,,,1,5,,40032,7,,,1,5,,40148,7,,,1,5,,40120,7,,,1,5,,40018,7,,,1,5,,40088,7,,,1,5,,40162,7,,,1,5,,40056,7,,,1,5,,40071,7,,,1,5,,40105,7,,,1,5,,40132,7,,,1,45,,40113,7,,,1,5,,40010,7,,,1,5,,40041,7,,,1,5,,40033,7,,,1,5,,40149,7,,,1,5,,40121,7,,,1,5,,40019,7,,,1,5,,40089,7,,,1,5,,40163,7,,,1,5,,40057,7,,,1,5,,40072,7,,,1,5,,40106,7,,,1,45,,40133,7,,,1,5,,40114,7,,,1,5,,40011,7,,,1,5,,40042,7,,,1,5,,40034,7,,,1,5,,40150,7,,,1,5,,40122,7,,,1,6,,40020,7,,,1,10,,40090,7,,,1,50,,40058,7,,,1,10,,40073,7,,,1,10,,40134,7,,,1,10,,40043,7,,,1,10,,40151,7,,,1,10,,40021,7,,,1,50,,40091,7,,,1,10,,40059,7,,,1,10,,40074,7,,,1,10,,40135,7,,,1,10,,40044,7,,,1,10,,40152,7,,,1,50,,40022,7,,,1,10,,40092,7,,,1,10,,40060,7,,,1,10,,40075,7,,,1,10,,40136,7,,,1,10,,40045,7,,,1,55,,40153,7,,,1,15,,40093,7,,,1,15,,40061,7,,,1,15,,40076,7,,,1,55,,40137,7,,,1,15,,40154,7,,,1,15,,40094,7,,,1,15,,40062,7,,,1,55,,40077,7,,,1,15,,40138,7,,,1,15,,40155,7,,,1,15,,40095,7,,,1,55,,40063,7,,,1,15,,40078,7,,,1
18002301,'20260914-Weekday-6-26-09',529,,40210,7,,,1,10,,40228,7,,,1,10,,40164,7,,,1,10,,40187,7,,,1,50,,40176,7,,,1,5,,40303,7,,,1,5,,40199,7,,,1,5,,40287,7,,,1,5,,40243,7,,,1,5,,40320,7,,,1,5,,40211,7,,,1,5,,40229,7,,,1,5,,40260,7,,,1,5,,40165,7,,,1,5,,40271,7,,,1,45,,40188,7,,,1,5,,40279,7,,,1,5,,40177,7,,,1,5,,40304,7,,,1,5,,40200,7,,,1,5,,40288,7,,,1,5,,40244,7,,,1,5,,40321,7,,,1,5,,40212,7,,,1,5,,40230,7,,,1,5,,40261,7,,,1,5,,40166,7,,,1,45,,40272,7,,,1,5,,40189,7,,,1,5,,40280,7,,,1,5,,40178,7,,,1,5,,40305,7,,,1,5,,40201,7,,,1,5,,40289,7,,,1,5,,40245,7,,,1,5,,40322,7,,,1,5,,40213,7,,,1,5,,40231,7,,,1,5,,40262,7,,,1,45,,40167,7,,,1,5,,40273,7,,,1,5,,40190,7,,,1,5,,40281,7,,,1,5,,40179,7,,,1,5,,40306,7,,,1,5,,40202,7,,,1,5,,40290,7,,,1,5,,40246,7,,,1,5,,40323,7,,,1,5,,40214,7,,,1,5,,40232,7,,,1,45,,40263,7,,,1,5,,40168,7,,,1,6,,40274,7,,,1,10,,40191,7,,,1,10,,40307,7,,,1,10,,40291,7,,,1,10,,40247,7,,,1,50,,40215,7,,,1,10,,40264,7,,,1,10,,40169,7,,,1,10,,40192,7,,,1,10,,40308,7,,,1,10,,40292,7,,,1,50,,40248,7,,,1,10,,40216,7,,,1,10,,40265,7,,,1,10,,40170,7,,,1,10,,40193,7,,,1,10,,40309,7,,,1,50,,40293,7,,,1,10,,40249,7,,,1,10,,40217,7,,,1,10,,40266,7,,,1,10,,40171,7,,,1,10,,40194,7,,,1,50,,40310,7,,,1,9,,40282,7,,,1,5,,40180,7,,,1,5,,40250,7,,,1,5,,40324,7,,,1,5,,40218,7,,,1,5,,40233,7,,,1,5,,40267,7,,,1,5,,40294,7,,,1,5,,40275,7,,,1,5,,40172,7,,,1,45,,40203,7,,,1,5,,40195,7,,,1,5,,40311,7,,,1,5,,40283,7,,,1,5,,40181,7,,,1,5,,40251,7,,,1,5,,40325,7,,,1,5,,40219,7,,,1,5,,40234,7,,,1,5,,40268,7,,,1,5,,40295,7,,,1,5,,40276,7,,,1,45,,40173,7,,,1,5,,40204,7,,,1,5,,40196,7,,,1,5,,40312,7,,,1,5,,40284,7,,,1,5,,40182,7,,,1,5,,40252,7,,,1,5,,40326,7,,,1,5,,40220,7,,,1,5,,40235,7,,,1,5,,40269,7,,,1,5,,40296,7,,,1,45,,40277,7,,,1,5,,40174,7,,,1,5,,40205,7,,,1,5,,40197,7,,,1,5,,40313,7,,,1,5,,40285,7,,,1,5,,40183,7,,,1,5,,40253,7,,,1,5,,40327,7,,,1,5,,40221,7,,,1,5,,40236,7,,,1,5,,40270,7,,,1,45,,40297,7,,,1,5,,40278,7,,,1,5,,40175,7,,,1,5,,40206,7,,,1,5,,40198,7,,,1,5,,40314,7,,,1,5,,40286,7,,,1,6,,40184,7,,,1,10,,40254,7,,,1,50,,40222,7,,,1,10,,40237,7,,,1,10,,40298,7,,,1,10,,40207,7,,,1,10,,40315,7,,,1,10,,40185,7,,,1,50,,40255,7,,,1,10,,40223,7,,,1,10,,40238,7,,,1,10,,40299,7,,,1,10,,40208,7,,,1,10,,40316,7,,,1,50,,40186,7,,,1,10,,40256,7,,,1,10,,40224,7,,,1,10,,40239,7,,,1,10,,40300,7,,,1,10,,40209,7,,,1,55,,40317,7,,,1,15,,40257,7,,,1,15,,40225,7,,,1,15,,40240,7,,,1,55,,40301,7,,,1,15,,40318,7,,,1,15,,40258,7,,,1,15,,40226,7,,,1,55,,40241,7,,,1,15,,40302,7,,,1,15,,40319,7,,,1,15,,40259,7,,,1,55,,40227,7,,,1,15,,40242,7,,,1
18002301,'20260914-Weekday-7-26-09',529,,40374,7,,,1,10,,40392,7,,,1,10,,40328,7,,,1,10,,40351,7,,,1,50,,40340,7,,,1,5,,40467,7,,,1,5,,40363,7,,,1,5,,40451,7,,,1,5,,40407,7,,,1,5,,40484,7,,,1,5,,40375,7,,,1,5,,40393,7,,,1,5,,40424,7,,,1,5,,40329,7,,,1,5,,40435,7,,,1,45,,40352,7,,,1,5,,40443,7,,,1,5,,40341,7,,,1,5,,40468,7,,,1,5,,40364,7,,,1,5,,40452,7,,,1,5,,40408,7,,,1,5,,40485,7,,,1,5,,40376,7,,,1,5,,40394,7,,,1,5,,40425,7,,,1,5,,40330,7,,,1,45,,40436,7,,,1,5,,40353,7,,,1,5,,40444,7,,,1,5,,40342,7,,,1,5,,40469,7,,,1,5,,40365,7,,,1,5,,40453,7,,,1,5,,40409,7,,,1,5,,40486,7,,,1,5,,40377,7,,,1,5,,40395,7,,,1,5,,40426,7,,,1,45,,40331,7,,,1,5,,40437,7,,,1,5,,40354,7,,,1,5,,40445,7,,,1,5,,40343,7,,,1,5,,40470,7,,,1,5,,40366,7,,,1,5,,40454,7,,,1,5,,40410,7,,,1,5,,40487,7,,,1,5,,40378,7,,,1,5,,40396,7,,,1,45,,40427,7,,,1,5,,40332,7,,,1,6,,40438,7,,,1,10,,40355,7,,,1,10,,40471,7,,,1,10,,40455,7,,,1,10,,40411,7,,,1,50,,40379,7,,,1,10,,40428,7,,,1,10,,40333,7,,,1,10,,40356,7,,,1,10,,40472,7,,,1,10,,40456,7,,,1,50,,40412,7,,,1,10,,40380,7,,,1,10,,40429,7,,,1,10,,40334,7,,,1,10,,40357,7,,,1,10,,40473,7,,,1,50,,40457,7,,,1,10,,40413,7,,,1,10,,40381,7,,,1,10,,40430,7,,,1,10,,40335,7,,,1,10,,40358,7,,,1,50,,40474,7,,,1,9,,40446,7,,,1,5,,40344,7,,,1,5,,40414,7,,,1,5,,40488,7,,,1,5,,40382,7,,,1,5,,40397,7,,,1,5,,40431,7,,,1,5,,40458,7,,,1,5,,40439,7,,,1,5,,40336,7,,,1,45,,40367,7,,,1,5,,40359,7,,,1,5,,40475,7,,,1,5,,40447,7,,,1,5,,40345,7,,,1,5,,40415,7,,,1,5,,40489,7,,,1,5,,40383,7,,,1,5,,40398,7,,,1,5,,40432,7,,,1,5,,40459,7,,,1,5,,40440,7,,,1,45,,40337,7,,,1,5,,40368,7,,,1,5,,40360,7,,,1,5,,40476,7,,,1,5,,40448,7,,,1,5,,40346,7,,,1,5,,40416,7,,,1,5,,40490,7,,,1,5,,40384,7,,,1,5,,40399,7,,,1,5,,40433,7,,,1,5,,40460,7,,,1,45,,40441,7,,,1,5,,40338,7,,,1,5,,40369,7,,,1,5,,40361,7,,,1,5,,40477,7,,,1,5,,40449,7,,,1,5,,40347,7,,,1,5,,40417,7,,,1,5,,40491,7,,,1,5,,40385,7,,,1,5,,40400,7,,,1,5,,40434,7,,,1,45,,40461,7,,,1,5,,40442,7,,,1,5,,40339,7,,,1,5,,40370,7,,,1,5,,40362,7,,,1,5,,40478,7,,,1,5,,40450,7,,,1,6,,40348,7,,,1,10,,40418,7,,,1,50,,40386,7,,,1,10,,40401,7,,,1,10,,40462,7,,,1,10,,40371,7,,,1,10,,40479,7,,,1,10,,40349,7,,,1,50,,40419,7,,,1,10,,40387,7,,,1,10,,40402,7,,,1,10,,40463,7,,,1,10,,40372,7,,,1,10,,40480,7,,,1,50,,40350,7,,,1,10,,40420,7,,,1,10,,40388,7,,,1,10,,40403,7,,,1,10,,40464,7,,,1,10,,40373,7,,,1,55,,40481,7,,,1,15,,40421,7,,,1,15,,40389,7,,,1,15,,40404,7,,,1,55,,40465,7,,,1,15,,40482,7,,,1,15,,40422,7,,,1,15,,40390,7,,,1,55,,40405,7,,,1,15,,40466,7,,,1,15,,40483,7,,,1,15,,40423,7,,,1,55,,40391,7,,,1,15,,40406,7,,,1
18002301,'20260917-Holiday1-1-26-09',529,,35680,7,,,1,10,,35698,7,,,1,10,,35628,7,,,1,10,,35654,7,,,1,50,,35640,7,,,1,5,,35774,7,,,1,5,,35666,7,,,1,5,,35757,7,,,1,5,,35713,7,,,1,5,,35791,7,,,1,5,,35681,7,,,1,5,,35699,7,,,1,5,,35730,7,,,1,5,,35629,7,,,1,5,,35741,7,,,1,45,,35655,7,,,1,5,,35749,7,,,1,5,,35641,7,,,1,5,,35775,7,,,1,5,,35667,7,,,1,5,,35758,7,,,1,5,,35714,7,,,1,5,,35792,7,,,1,5,,35682,7,,,1,5,,35700,7,,,1,5,,35731,7,,,1,5,,35630,7,,,1,45,,35742,7,,,1,5,,35656,7,,,1,5,,35750,7,,,1,5,,35642,7,,,1,5,,35776,7,,,1,5,,35668,7,,,1,5,,35759,7,,,1,5,,35715,7,,,1,5,,35793,7,,,1,5,,35683,7,,,1,5,,35701,7,,,1,5,,35732,7,,,1,45,,35631,7,,,1,5,,35743,7,,,1,5,,35657,7,,,1,5,,35751,7,,,1,5,,35643,7,,,1,5,,35777,7,,,1,5,,35669,7,,,1,5,,35760,7,,,1,5,,35716,7,,,1,5,,35794,7,,,1,5,,35684,7,,,1,5,,35702,7,,,1,45,,35733,7,,,1,5,,35632,7,,,1,6,,35744,7,,,1,10,,35658,7,,,1,10,,35778,7,,,1,10,,35761,7,,,1,10,,35717,7,,,1,50,,35685,7,,,1,10,,35734,7,,,1,10,,35633,7,,,1,10,,35659,7,,,1,10,,35779,7,,,1,10,,35762,7,,,1,50,,35718,7,,,1,10,,35686,7,,,1,10,,35735,7,,,1,10,,35634,7,,,1,10,,35660,7,,,1,10,,35780,7,,,1,50,,35763,7,,,1,10,,35719,7,,,1,10,,35687,7,,,1,10,,35736,7,,,1,10,,35635,7,,,1,10,,35661,7,,,1,50,,35781,7,,,1,9,,35752,7,,,1,5,,35644,7,,,1,5,,35720,7,,,1,5,,35795,7,,,1,5,,35688,7,,,1,5,,35703,7,,,1,5,,35737,7,,,1,5,,35764,7,,,1,5,,35745,7,,,1,5,,35636,7,,,1,45,,35670,7,,,1,5,,35662,7,,,1,5,,35782,7,,,1,5,,35753,7,,,1,5,,35645,7,,,1,5,,35721,7,,,1,5,,35796,7,,,1,5,,35689,7,,,1,5,,35704,7,,,1,5,,35738,7,,,1,5,,35765,7,,,1,5,,35746,7,,,1,45,,35637,7,,,1,5,,35671,7,,,1,5,,35663,7,,,1,5,,35783,7,,,1,5,,35754,7,,,1,5,,35646,7,,,1,5,,35722,7,,,1,5,,35797,7,,,1,5,,35690,7,,,1,5,,35705,7,,,1,5,,35739,7,,,1,5,,35766,7,,,1,45,,35747,7,,,1,5,,35638,7,,,1,5,,35672,7,,,1,5,,35664,7,,,1,5,,35784,7,,,1,5,,35755,7,,,1,5,,35647,7,,,1,5,,35723,7,,,1,5,,35798,7,,,1,5,,35691,7,,,1,5,,35706,7,,,1,5,,35740,7,,,1,45,,35767,7,,,1,5,,35748,7,,,1,5,,35639,7,,,1,5,,35673,7,,,1,5,,35665,7,,,1,5,,35785,7,,,1,5,,35756,7,,,1,6,,35648,7,,,1,10,,35724,7,,,1,50,,35692,7,,,1,10,,35707,7,,,1,10,,35768,7,,,1,10,,35674,7,,,1,10,,35786,7,,,1,10,,35649,7,,,1,50,,35725,7,,,1,10,,35693,7,,,1,10,,35708,7,,,1,10,,35769,7,,,1,10,,35675,7,,,1,10,,35787,7,,,1,50,,35650,7,,,1,10,,35726,7,,,1,10,,35694,7,,,1,10,,35709,7,,,1,10,,35770,7,,,1,10,,35676,7,,,1,50,,35788,7,,,1,10,,35651,7,,,1,10,,35727,7,,,1,10,,35695,7,,,1,10,,35710,7,,,1,10,,35771,7,,,1,50,,35677,7,,,1,10,,35789,7,,,1,10,,35652,7,,,1,10,,35728,7,,,1,10,,35696,7,,,1,10,,35711,7,,,1,50,,35772,7,,,1,10,,35678,7,,,1,10,,35790,7,,,1,10,,35653,7,,,1,10,,35729,7,,,1,10,,35697,7,,,1,50,,35712,7,,,1,10,,35773,7,,,1,10,,35679,7,,,1
18002301,'20260919-Saturday-1-26-09',530,,35860,7,,,1,10,,35877,7,,,1,10,,35894,7,,,1,50,,35799,7,,,1,10,,35816,7,,,1,10,,35833,7,,,1,10,,35844,7,,,1,10,,35861,7,,,1,10,,35878,7,,,1,50,,35895,7,,,1,10,,35800,7,,,1,10,,35817,7,,,1,10,,35834,7,,,1,10,,35845,7,,,1,10,,35862,7,,,1,50,,35879,7,,,1,10,,35896,7,,,1,10,,35801,7,,,1,10,,35818,7,,,1,10,,35835,7,,,1,10,,35846,7,,,1,50,,35863,7,,,1,10,,35880,7,,,1,10,,35897,7,,,1,10,,35802,7,,,1,10,,35819,7,,,1,10,,35836,7,,,1,50,,35847,7,,,1,10,,35864,7,,,1,10,,35881,7,,,1,10,,35898,7,,,1,10,,35803,7,,,1,10,,35820,7,,,1,50,,35837,7,,,1,10,,35848,7,,,1,10,,35865,7,,,1,10,,35882,7,,,1,10,,35899,7,,,1,10,,35804,7,,,1,50,,35821,7,,,1,10,,35838,7,,,1,10,,35849,7,,,1,10,,35866,7,,,1,10,,35883,7,,,1,10,,35900,7,,,1,50,,35805,7,,,1,10,,35822,7,,,1,10,,35839,7,,,1,10,,35850,7,,,1,10,,35867,7,,,1,10,,35884,7,,,1,50,,35901,7,,,1,10,,35806,7,,,1,10,,35823,7,,,1,10,,35840,7,,,1,10,,35851,7,,,1,10,,35868,7,,,1,50,,35885,7,,,1,10,,35902,7,,,1,10,,35807,7,,,1,10,,35824,7,,,1,10,,35841,7,,,1,10,,35852,7,,,1,50,,35869,7,,,1,10,,35886,7,,,1,10,,35903,7,,,1,10,,35808,7,,,1,10,,35825,7,,,1,10,,35842,7,,,1,50,,35853,7,,,1,10,,35870,7,,,1,10,,35887,7,,,1,10,,35904,7,,,1,10,,35809,7,,,1,10,,35826,7,,,1,50,,35843,7,,,1,10,,35854,7,,,1,10,,35871,7,,,1,10,,35888,7,,,1,10,,35905,7,,,1,10,,35810,7,,,1,55,,35827,7,,,1,15,,35855,7,,,1,15,,35872,7,,,1,15,,35889,7,,,1,55,,35811,7,,,1,15,,35828,7,,,1,15,,35856,7,,,1,15,,35873,7,,,1,55,,35890,7,,,1,15,,35812,7,,,1,15,,35829,7,,,1,15,,35857,7,,,1,55,,35874,7,,,1,15,,35891,7,,,1,15,,35813,7,,,1,15,,35830,7,,,1,55,,35858,7,,,1,15,,35875,7,,,1,15,,35892,7,,,1,15,,35814,7,,,1,55,,35831,7,,,1,15,,35859,7,,,1,15,,35876,7,,,1,15,,35893,7,,,1,55,,35815,7,,,1,15,,35832,7,,,1
