18002100,'021R-Weekday-1-26-09',530,,32280,9,,,1,12,,32281,9,,,1,12,,32282,9,,,1,52,,32283,9,,,1,12,,32284,9,,,1,12,,32285,9,,,1,12,,32286,9,,,1,6,,32287,9,,,1,6,,32288,9,,,1,46,,32289,9,,,1,6,,32290,9,,,1,6,,32291,9,,,1,6,,32292,9,,,1,6,,32293,9,,,1,6,,32294,9,,,1,6,,32295,9,,,1,6,,32296,9,,,1,6,,32297,9,,,1,6,,32298,9,,,1,46,,32299,9,,,1,6,,32300,9,,,1,6,,32301,9,,,1,6,,32302,9,,,1,6,,32303,9,,,1,6,,32304,9,,,1,6,,32305,9,,,1,6,,32306,9,,,1,6,,32307,9,,,1,6,,32308,9,,,1,46,,32309,9,,,1,6,,32310,9,,,1,6,,32311,9,,,1,6,,32312,9,,,1,6,,32313,9,,,1,6,,32314,9,,,1,6,,32315,9,,,1,6,,32316,9,,,1,6,,32317,9,,,1,6,,32318,9,,,1,46,,32319,9,,,1,10,,32320,9,,,1,10,,32321,9,,,1,10,,32322,9,,,1,10,,32323,9,,,1,10,,32324,9,,,1,50,,32325,9,,,1,10,,32326,9,,,1,10,,32327,9,,,1,10,,32328,9,,,1,10,,32329,9,,,1,10,,32330,9,,,1,50,,32331,9,,,1,10,,32332,9,,,1,10,,32333,9,,,1,10,,32334,9,,,1,10,,32335,9,,,1,10,,32336,9,,,1,50,,32337,9,,,1,10,,32338,9,,,1,10,,32339,9,,,1,10,,32340,9,,,1,10,,32341,9,,,1,10,,32342,9,,,1,50,,32343,9,,,1,10,,32344,9,,,1,10,,32345,9,,,1,10,,32346,9,,,1,10,,32347,9,,,1,10,,32348,9,,,1,50,,32349,9,,,1,6,,32350,9,,,1,6,,32351,9,,,1,6,,32352,9,,,1,6,,32353,9,,,1,6,,32354,9,,,1,6,,32355,9,,,1,6,,32356,9,,,1,6,,32357,9,,,1,6,,32358,9,,,1,46,,32359,9,,,1,6,,32360,9,,,1,6,,32361,9,,,1,6,,32362,9,,,1,6,,32363,9,,,1,6,,32364,9,,,1,6,,32365,9,,,1,6,,32366,9,,,1,6,,32367,9,,,1,6,,32368,9,,,1,46,,32369,9,,,1,6,,32370,9,,,1,6,,32371,9,,,1,6,,32372,9,,,1,6,,32373,9,,,1,6,,32374,9,,,1,6,,32375,9,,,1,6,,32376,9,,,1,6,,32377,9,,,1,6,,32378,9,,,1,46,,32379,9,,,1,6,,32380,9,,,1,6,,32381,9,,,1,6,,32382,9,,,1,6,,32383,9,,,1,6,,32384,9,,,1,6,,32385,9,,,1,6,,32386,9,,,1,6,,32387,9,,,1,6,,32388,9,,,1,46,,32389,9,,,1,6,,32390,9,,,1,9,,32415,9,,,1,15,,32391,9,,,1,15,,32392,9,,,1,55,,32393,9,,,1,15,,32394,9,,,1,15,,32395,9,,,1,15,,32396,9,,,1,55,,32397,9,,,1,15,,32398,9,,,1,15,,32399,9,,,1,15,,32400,9,,,1,55,,32401,9,,,1,15,,32402,9,,,1,15,,32403,9,,,1,15,,32404,9,,,1,55,,32405,9,,,1,15,,32406,9,,,1,15,,32407,9,,,1,15,,32408,9,,,1,55,,32409,9,,,1,15,,32410,9,,,1,15,,32411,9,,,1,15,,32412,9,,,1,55,,32413,9,,,1,15,,32414,9,,,1,15,,32416,9,,,1
18002100,'021R-Weekday-2-26-09',530,,32417,9,,,1,12,,32418,9,,,1,12,,32419,9,,,1,52,,32420,9,,,1,12,,32421,9,,,1,12,,32422,9,,,1,12,,32423,9,,,1,6,,32424,9,,,1,6,,32425,9,,,1,46,,32426,9,,,1,6,,32427,9,,,1,6,,32428,9,,,1,6,,32429,9,,,1,6,,32430,9,,,1,6,,32431,9,,,1,6,,32432,9,,,1,6,,32433,9,,,1,6,,32434,9,,,1,6,,32435,9,,,1,46,,32436,9,,,1,6,,32437,9,,,1,6,,32438,9,,,1,6,,32439,9,,,1,6,,32440,9,,,1,6,,32441,9,,,1,6,,32442,9,,,1,6,,32443,9,,,1,6,,32444,9,,,1,6,,32445,9,,,1,46,,32446,9,,,1,6,,32447,9,,,1,6,,32448,9,,,1,6,,32449,9,,,1,6,,32450,9,,,1,6,,32451,9,,,1,6,,32452,9,,,1,6,,32453,9,,,1,6,,32454,9,,,1,6,,32455,9,,,1,46,,32456,9,,,1,10,,32457,9,,,1,10,,32458,9,,,1,10,,32459,9,,,1,10,,32460,9,,,1,10,,32461,9,,,1,50,,32462,9,,,1,10,,32463,9,,,1,10,,32464,9,,,1,10,,32465,9,,,1,10,,32466,9,,,1,10,,32467,9,,,1,50,,32468,9,,,1,10,,32469,9,,,1,10,,32470,9,,,1,10,,32471,9,,,1,10,,32472,9,,,1,10,,32473,9,,,1,50,,32474,9,,,1,10,,32475,9,,,1,10,,32476,9,,,1,10,,32477,9,,,1,10,,32478,9,,,1,10,,32479,9,,,1,50,,32480,9,,,1,10,,32481,9,,,1,10,,32482,9,,,1,10,,32483,9,,,1,10,,32484,9,,,1,10,,32485,9,,,1,50,,32486,9,,,1,6,,32487,9,,,1,6,,32488,9,,,1,6,,32489,9,,,1,6,,32490,9,,,1,6,,32491,9,,,1,6,,32492,9,,,1,6,,32493,9,,,1,6,,32494,9,,,1,6,,32495,9,,,1,46,,32496,9,,,1,6,,32497,9,,,1,6,,32498,9,,,1,6,,32499,9,,,1,6,,32500,9,,,1,6,,32501,9,,,1,6,,32502,9,,,1,6,,32503,9,,,1,6,,32504,9,,,1,6,,32505,9,,,1,46,,32506,9,,,1,6,,32507,9,,,1,6,,32508,9,,,1,6,,32509,9,,,1,6,,32510,9,,,1,6,,32511,9,,,1,6,,32512,9,,,1,6,,32513,9,,,1,6,,32514,9,,,1,6,,32515,9,,,1,46,,32516,9,,,1,6,,32517,9,,,1,6,,32518,9,,,1,6,,32519,9,,,1,6,,32520,9,,,1,6,,32521,9,,,1,6,,32522,9,,,1,6,,32523,9,,,1,6,,32524,9,,,1,6,,32525,9,,,1,46,,32526,9,,,1,6,,32527,9,,,1,9,,32552,9,,,1,15,,32528,9,,,1,15,,32529,9,,,1,55,,32530,9,,,1,15,,32531,9,,,1,15,,32532,9,,,1,15,,32533,9,,,1,55,,32534,9,,,1,15,,32535,9,,,1,15,,32536,9,,,1,15,,32537,9,,,1,55,,32538,9,,,1,15,,32539,9,,,1,15,,32540,9,,,1,15,,32541,9,,,1,55,,32542,9,,,1,15,,32543,9,,,1,15,,32544,9,,,1,15,,32545,9,,,1,55,,32546,9,,,1,15,,32547,9,,,1,15,,32548,9,,,1,15,,32549,9,,,1,55,,32550,9,,,1,15,,32551,9,,,1,15,,32553,9,,,1
18002100,'021R-Weekday-3-26-09',530,,35906,9,,,1,12,,35907,9,,,1,12,,35908,9,,,1,52,,35909,9,,,1,12,,35910,9,,,1,12,,35911,9,,,1,12,,35912,9,,,1,6,,35913,9,,,1,6,,35914,9,,,1,46,,35915,9,,,1,6,,35916,9,,,1,6,,35917,9,,,1,6,,35918,9,,,1,6,,35919,9,,,1,6,,35920,9,,,1,6,,35921,9,,,1,6,,35922,9,,,1,6,,35923,9,,,1,6,,35924,9,,,1,46,,35925,9,,,1,6,,35926,9,,,1,6,,35927,9,,,1,6,,35928,9,,,1,6,,35929,9,,,1,6,,35930,9,,,1,6,,35931,9,,,1,6,,35932,9,,,1,6,,35933,9,,,1,6,,35934,9,,,1,46,,35935,9,,,1,6,,35936,9,,,1,6,,35937,9,,,1,6,,35938,9,,,1,6,,35939,9,,,1,6,,35940,9,,,1,6,,35941,9,,,1,6,,35942,9,,,1,6,,35943,9,,,1,6,,35944,9,,,1,46,,35945,9,,,1,10,,35946,9,,,1,10,,35947,9,,,1,10,,35948,9,,,1,10,,35949,9,,,1,10,,35950,9,,,1,50,,35951,9,,,1,10,,35952,9,,,1,10,,35953,9,,,1,10,,35954,9,,,1,10,,35955,9,,,1,10,,35956,9,,,1,50,,35957,9,,,1,10,,35958,9,,,1,10,,35959,9,,,1,10,,35960,9,,,1,10,,35961,9,,,1,10,,35962,9,,,1,50,,35963,9,,,1,10,,35964,9,,,1,10,,35965,9,,,1,10,,35966,9,,,1,10,,35967,9,,,1,10,,35968,9,,,1,50,,35969,9,,,1,10,,35970,9,,,1,10,,35971,9,,,1,10,,35972,9,,,1,10,,35973,9,,,1,10,,35974,9,,,1,50,,35975,9,,,1,6,,35976,9,,,1,6,,35977,9,,,1,6,,35978,9,,,1,6,,35979,9,,,1,6,,35980,9,,,1,6,,35981,9,,,1,6,,35982,9,,,1,6,,35983,9,,,1,6,,35984,9,,,1,46,,35985,9,,,1,6,,35986,9,,,1,6,,35987,9,,,1,6,,35988,9,,,1,6,,35989,9,,,1,6,,35990,9,,,1,6,,35991,9,,,1,6,,35992,9,,,1,6,,35993,9,,,1,6,,35994,9,,,1,46,,35995,9,,,1,6,,35996,9,,,1,6,,35997,9,,,1,6,,35998,9,,,1,6,,35999,9,,,1,6,,36000,9,,,1,6,,36001,9,,,1,6,,36002,9,,,1,6,,36003,9,,,1,6,,36004,9,,,1,46,,36005,9,,,1,6,,36006,9,,,1,6,,36007,9,,,1,6,,36008,9,,,1,6,,36009,9,,,1,6,,36010,9,,,1,6,,36011,9,,,1,6,,36012,9,,,1,6,,36013,9,,,1,6,,36014,9,,,1,46,,36015,9,,,1,6,,36016,9,,,1,9,,36041,9,,,1,15,,36017,9,,,1,15,,36018,9,,,1,55,,36019,9,,,1,15,,36020,9,,,1,15,,36021,9,,,1,15,,36022,9,,,1,55,,36023,9,,,1,15,,36024,9,,,1,15,,36025,9,,,1,15,,36026,9,,,1,55,,36027,9,,,1,15,,36028,9,,,1,15,,36029,9,,,1,15,,36030,9,,,1,55,,36031,9,,,1,15,,36032,9,,,1,15,,36033,9,,,1,15,,36034,9,,,1,55,,36035,9,,,1,15,,36036,9,,,1,15,,36037,9,,,1,15,,36038,9,,,1,55,,36039,9,,,1,15,,36040,9,,,1,15,,36042,9,,,1
18002100,'021R-Weekday-4-26-09',530,,32554,9,,,1,12,,32555,9,,,1,12,,32556,9,,,1,52,,32557,9,,,1,12,,32558,9,,,1,12,,32559,9,,,1,12,,32560,9,,,1,6,,32561,9,,,1,6,,32562,9,,,1,46,,32563,9,,,1,6,,32564,9,,,1,6,,32565,9,,,1,6,,32566,9,,,1,6,,32567,9,,,1,6,,32568,9,,,1,6,,32569,9,,,1,6,,32570,9,,,1,6,,32571,9,,,1,6,,32572,9,,,1,46,,32573,9,,,1,6,,32574,9,,,1,6,,32575,9,,,1,6,,32576,9,,,1,6,,32577,9,,,1,6,,32578,9,,,1,6,,32579,9,,,1,6,,32580,9,,,1,6,,32581,9,,,1,6,,32582,9,,,1,46,,32583,9,,,1,6,,32584,9,,,1,6,,32585,9,,,1,6,,32586,9,,,1,6,,32587,9,,,1,6,,32588,9,,,1,6,,32589,9,,,1,6,,32590,9,,,1,6,,32591,9,,,1,6,,32592,9,,,1,46,,32593,9,,,1,10,,32594,9,,,1,10,,32595,9,,,1,10,,32596,9,,,1,10,,32597,9,,,1,10,,32598,9,,,1,50,,32599,9,,,1,10,,32600,9,,,1,10,,32601,9,,,1,10,,32602,9,,,1,10,,32603,9,,,1,10,,32604,9,,,1,50,,32605,9,,,1,10,,32606,9,,,1,10,,32607,9,,,1,10,,32608,9,,,1,10,,32609,9,,,1,10,,32610,9,,,1,50,,32611,9,,,1,10,,32612,9,,,1,10,,32613,9,,,1,10,,32614,9,,,1,10,,32615,9,,,1,10,,32616,9,,,1,50,,32617,9,,,1,10,,32618,9,,,1,10,,32619,9,,,1,10,,32620,9,,,1,10,,32621,9,,,1,10,,32622,9,,,1,50,,32623,9,,,1,6,,32624,9,,,1,6,,32625,9,,,1,6,,32626,9,,,1,6,,32627,9,,,1,6,,32628,9,,,1,6,,32629,9,,,1,6,,32630,9,,,1,6,,32631,9,,,1,6,,32632,9,,,1,46,,32633,9,,,1,6,,32634,9,,,1,6,,32635,9,,,1,6,,32636,9,,,1,6,,32637,9,,,1,6,,32638,9,,,1,6,,32639,9,,,1,6,,32640,9,,,1,6,,32641,9,,,1,6,,32642,9,,,1,46,,32643,9,,,1,6,,32644,9,,,1,6,,32645,9,,,1,6,,32646,9,,,1,6,,32647,9,,,1,6,,32648,9,,,1,6,,32649,9,,,1,6,,32650,9,,,1,6,,32651,9,,,1,6,,32652,9,,,1,46,,32653,9,,,1,6,,32654,9,,,1,6,,32655,9,,,1,6,,32656,9,,,1,6,,32657,9,,,1,6,,32658,9,,,1,6,,32659,9,,,1,6,,32660,9,,,1,6,,32661,9,,,1,6,,32662,9,,,1,46,,32663,9,,,1,6,,32664,9,,,1,9,,32689,9,,,1,15,,32665,9,,,1,15,,32666,9,,,1,55,,32667,9,,,1,15,,32668,9,,,1,15,,32669,9,,,1,15,,32670,9,,,1,55,,32671,9,,,1,15,,32672,9,,,1,15,,32673,9,,,1,15,,32674,9,,,1,55,,32675,9,,,1,15,,32676,9,,,1,15,,32677,9,,,1,15,,32678,9,,,1,55,,32679,9,,,1,15,,32680,9,,,1,15,,32681,9,,,1,15,,32682,9,,,1,55,,32683,9,,,1,15,,32684,9,,,1,15,,32685,9,,,1,15,,32686,9,,,1,55,,32687,9,,,1,15,,32688,9,,,1,15,,32690,9,,,1
18002100,'021R-Weekday-5-26-09',530,,36043,9,,,1,12,,36044,9,,,1,12,,36045,9,,,1,52,,36046,9,,,1,12,,36047,9,,,1,12,,36048,9,,,1,12,,36049,9,,,1,6,,36050,9,,,1,6,,36051,9,,,1,46,,36052,9,,,1,6,,36053,9,,,1,6,,36054,9,,,1,6,,36055,9,,,1,6,,36056,9,,,1,6,,36057,9,,,1,6,,36058,9,,,1,6,,36059,9,,,1,6,,36060,9,,,1,6,,36061,9,,,1,46,,36062,9,,,1,6,,36063,9,,,1,6,,36064,9,,,1,6,,36065,9,,,1,6,,36066,9,,,1,6,,36067,9,,,1,6,,36068,9,,,1,6,,36069,9,,,1,6,,36070,9,,,1,6,,36071,9,,,1,46,,36072,9,,,1,6,,36073,9,,,1,6,,36074,9,,,1,6,,36075,9,,,1,6,,36076,9,,,1,6,,36077,9,,,1,6,,36078,9,,,1,6,,36079,9,,,1,6,,36080,9,,,1,6,,36081,9,,,1,46,,36082,9,,,1,10,,36083,9,,,1,10,,36084,9,,,1,10,,36085,9,,,1,10,,36086,9,,,1,10,,36087,9,,,1,50,,36088,9,,,1,10,,36089,9,,,1,10,,36090,9,,,1,10,,36091,9,,,1,10,,36092,9,,,1,10,,36093,9,,,1,50,,36094,9,,,1,10,,36095,9,,,1,10,,36096,9,,,1,10,,36097,9,,,1,10,,36098,9,,,1,10,,36099,9,,,1,50,,36100,9,,,1,10,,36101,9,,,1,10,,36102,9,,,1,10,,36103,9,,,1,10,,36104,9,,,1,10,,36105,9,,,1,50,,36106,9,,,1,10,,36107,9,,,1,10,,36108,9,,,1,10,,36109,9,,,1,10,,36110,9,,,1,10,,36111,9,,,1,50,,36112,9,,,1,6,,36113,9,,,1,6,,36114,9,,,1,6,,36115,9,,,1,6,,36116,9,,,1,6,,36117,9,,,1,6,,36118,9,,,1,6,,36119,9,,,1,6,,36120,9,,,1,6,,36121,9,,,1,46,,36122,9,,,1,6,,36123,9,,,1,6,,36124,9,,,1,6,,36125,9,,,1,6,,36126,9,,,1,6,,36127,9,,,1,6,,36128,9,,,1,6,,36129,9,,,1,6,,36130,9,,,1,6,,36131,9,,,1,46,,36132,9,,,1,6,,36133,9,,,1,6,,36134,9,,,1,6,,36135,9,,,1,6,,36136,9,,,1,6,,36137,9,,,1,6,,36138,9,,,1,6,,36139,9,,,1,6,,36140,9,,,1,6,,36141,9,,,1,46,,36142,9,,,1,6,,36143,9,,,1,6,,36144,9,,,1,6,,36145,9,,,1,6,,36146,9,,,1,6,,36147,9,,,1,6,,36148,9,,,1,6,,36149,9,,,1,6,,36150,9,,,1,6,,36151,9,,,1,46,,36152,9,,,1,6,,36153,9,,,1,9,,36178,9,,,1,15,,36154,9,,,1,15,,36155,9,,,1,55,,36156,9,,,1,15,,36157,9,,,1,15,,36158,9,,,1,15,,36159,9,,,1,55,,36160,9,,,1,15,,36161,9,,,1,15,,36162,9,,,1,15,,36163,9,,,1,55,,36164,9,,,1,15,,36165,9,,,1,15,,36166,9,,,1,15,,36167,9,,,1,55,,36168,9,,,1,15,,36169,9,,,1,15,,36170,9,,,1,15,,36171,9,,,1,55,,36172,9,,,1,15,,36173,9,,,1,15,,36174,9,,,1,15,,36175,9,,,1,55,,36176,9,,,1,15,,36177,9,,,1,15,,36179,9,,,1
18002100,'021R-Weekday-6-26-09',530,,36180,9,,,1,12,,36181,9,,,1,12,,36182,9,,,1,52,,36183,9,,,1,12,,36184,9,,,1,12,,36185,9,,,1,12,,36186,9,,,1,6,,36187,9,,,1,6,,36188,9,,,1,46,,36189,9,,,1,6,,36190,9,,,1,6,,36191,9,,,1,6,,36192,9,,,1,6,,36193,9,,,1,6,,36194,9,,,1,6,,36195,9,,,1,6,,36196,9,,,1,6,,36197,9,,,1,6,,36198,9,,,1,46,,36199,9,,,1,6,,36200,9,,,1,6,,36201,9,,,1,6,,36202,9,,,1,6,,36203,9,,,1,6,,36204,9,,,1,6,,36205,9,,,1,6,,36206,9,,,1,6,,36207,9,,,1,6,,36208,9,,,1,46,,36209,9,,,1,6,,36210,9,,,1,6,,36211,9,,,1,6,,36212,9,,,1,6,,36213,9,,,1,6,,36214,9,,,1,6,,36215,9,,,1,6,,36216,9,,,1,6,,36217,9,,,1,6,,36218,9,,,1,46,,36219,9,,,1,10,,36220,9,,,1,10,,36221,9,,,1,10,,36222,9,,,1,10,,36223,9,,,1,10,,36224,9,,,1,50,,36225,9,,,1,10,,36226,9,,,1,10,,36227,9,,,1,10,,36228,9,,,1,10,,36229,9,,,1,10,,36230,9,,,1,50,,36231,9,,,1,10,,36232,9,,,1,10,,36233,9,,,1,10,,36234,9,,,1,10,,36235,9,,,1,10,,36236,9,,,1,50,,36237,9,,,1,10,,36238,9,,,1,10,,36239,9,,,1,10,,36240,9,,,1,10,,36241,9,,,1,10,,36242,9,,,1,50,,36243,9,,,1,10,,36244,9,,,1,10,,36245,9,,,1,10,,36246,9,,,1,10,,36247,9,,,1,10,,36248,9,,,1,50,,36249,9,,,1,6,,36250,9,,,1,6,,36251,9,,,1,6,,36252,9,,,1,6,,36253,9,,,1,6,,36254,9,,,1,6,,36255,9,,,1,6,,36256,9,,,1,6,,36257,9,,,1,6,,36258,9,,,1,46,,36259,9,,,1,6,,36260,9,,,1,6,,36261,9,,,1,6,,36262,9,,,1,6,,36263,9,,,1,6,,36264,9,,,1,6,,36265,9,,,1,6,,36266,9,,,1,6,,36267,9,,,1,6,,36268,9,,,1,46,,36269,9,,,1,6,,36270,9,,,1,6,,36271,9,,,1,6,,36272,9,,,1,6,,36273,9,,,1,6,,36274,9,,,1,6,,36275,9,,,1,6,,36276,9,,,1,6,,36277,9,,,1,6,,36278,9,,,1,46,,36279,9,,,1,6,,36280,9,,,1,6,,36281,9,,,1,6,,36282,9,,,1,6,,36283,9,,,1,6,,36284,9,,,1,6,,36285,9,,,1,6,,36286,9,,,1,6,,36287,9,,,1,6,,36288,9,,,1,46,,36289,9,,,1,6,,36290,9,,,1,9,,36315,9,,,1,15,,36291,9,,,1,15,,36292,9,,,1,55,,36293,9,,,1,15,,36294,9,,,1,15,,36295,9,,,1,15,,36296,9,,,1,55,,36297,9,,,1,15,,36298,9,,,1,15,,36299,9,,,1,15,,36300,9,,,1,55,,36301,9,,,1,15,,36302,9,,,1,15,,36303,9,,,1,15,,36304,9,,,1,55,,36305,9,,,1,15,,36306,9,,,1,15,,36307,9,,,1,15,,36308,9,,,1,55,,36309,9,,,1,15,,36310,9,,,1,15,,36311,9,,,1,15,,36312,9,,,1,55,,36313,9,,,1,15,,36314,9,,,1,15,,36316,9,,,1
18002100,'021R-Weekday-7-26-09',530,,36317,9,,,1,12,,36318,9,,,1,12,,36319,9,,,1,52,,36320,9,,,1,12,,36321,9,,,1,12,,36322,9,,,1,12,,36323,9,,,1,6,,36324,9,,,1,6,,36325,9,,,1,46,,36326,9,,,1,6,,36327,9,,,1,6,,36328,9,,,1,6,,36329,9,,,1,6,,36330,9,,,1,6,,36331,9,,,1,6,,36332,9,,,1,6,,36333,9,,,1,6,,36334,9,,,1,6,,36335,9,,,1,46,,36336,9,,,1,6,,36337,9,,,1,6,,36338,9,,,1,6,,36339,9,,,1,6,,36340,9,,,1,6,,36341,9,,,1,6,,36342,9,,,1,6,,36343,9,,,1,6,,36344,9,,,1,6,,36345,9,,,1,46,,36346,9,,,1,6,,36347,9,,,1,6,,36348,9,,,1,6,,36349,9,,,1,6,,36350,9,,,1,6,,36351,9,,,1,6,,36352,9,,,1,6,,36353,9,,,1,6,,36354,9,,,1,6,,36355,9,,,1,46,,36356,9,,,1,10,,36357,9,,,1,10,,36358,9,,,1,10,,36359,9,,,1,10,,36360,9,,,1,10,,36361,9,,,1,50,,36362,9,,,1,10,,36363,9,,,1,10,,36364,9,,,1,10,,36365,9,,,1,10,,36366,9,,,1,10,,36367,9,,,1,50,,36368,9,,,1,10,,36369,9,,,1,10,,36370,9,,,1,10,,36371,9,,,1,10,,36372,9,,,1,10,,36373,9,,,1,50,,36374,9,,,1,10,,36375,9,,,1,10,,36376,9,,,1,10,,36377,9,,,1,10,,36378,9,,,1,10,,36379,9,,,1,50,,36380,9,,,1,10,,36381,9,,,1,10,,36382,9,,,1,10,,36383,9,,,1,10,,36384,9,,,1,10,,36385,9,,,1,50,,36386,9,,,1,6,,36387,9,,,1,6,,36388,9,,,1,6,,36389,9,,,1,6,,36390,9,,,1,6,,36391,9,,,1,6,,36392,9,,,1,6,,36393,9,,,1,6,,36394,9,,,1,6,,36395,9,,,1,46,,36396,9,,,1,6,,36397,9,,,1,6,,36398,9,,,1,6,,36399,9,,,1,6,,36400,9,,,1,6,,36401,9,,,1,6,,36402,9,,,1,6,,36403,9,,,1,6,,36404,9,,,1,6,,36405,9,,,1,46,,36406,9,,,1,6,,36407,9,,,1,6,,36408,9,,,1,6,,36409,9,,,1,6,,36410,9,,,1,6,,36411,9,,,1,6,,36412,9,,,1,6,,36413,9,,,1,6,,36414,9,,,1,6,,36415,9,,,1,46,,36416,9,,,1,6,,36417,9,,,1,6,,36418,9,,,1,6,,36419,9,,,1,6,,36420,9,,,1,6,,36421,9,,,1,6,,36422,9,,,1,6,,36423,9,,,1,6,,36424,9,,,1,6,,36425,9,,,1,46,,36426,9,,,1,6,,36427,9,,,1,9,,36452,9,,,1,15,,36428,9,,,1,15,,36429,9,,,1,55,,36430,9,,,1,15,,36431,9,,,1,15,,36432,9,,,1,15,,36433,9,,,1,55,,36434,9,,,1,15,,36435,9,,,1,15,,36436,9,,,1,15,,36437,9,,,1,55,,36438,9,,,1,15,,36439,9,,,1,15,,36440,9,,,1,15,,36441,9,,,1,55,,36442,9,,,1,15,,36443,9,,,1,15,,36444,9,,,1,15,,36445,9,,,1,55,,36446,9,,,1,15,,36447,9,,,1,15,,36448,9,,,1,15,,36449,9,,,1,55,,36450,9,,,1,15,,36451,9,,,1,15,,36453,9,,,1
18002100,'021R-Saturday-1-26-09',530,,32691,9,,,1,15,,32692,9,,,1,55,,32693,9,,,1,15,,32694,9,,,1,15,,32695,9,,,1,15,,32696,9,,,1,55,,32697,9,,,1,15,,32698,9,,,1,15,,32699,9,,,1,15,,32700,9,,,1,55,,32701,9,,,1,15,,32702,9,,,1,15,,32703,9,,,1,15,,32704,9,,,1,55,,32705,9,,,1,15,,32706,9,,,1,15,,32707,9,,,1,15,,32708,9,,,1,55,,32709,9,,,1,15,,32710,9,,,1,15,,32711,9,,,1,15,,32712,9,,,1,55,,32713,9,,,1,15,,32714,9,,,1,15,,32715,9,,,1,15,,32716,9,,,1,55,,32717,9,,,1,15,,32718,9,,,1,15,,32719,9,,,1,15,,32720,9,,,1,55,,32721,9,,,1,15,,32722,9,,,1,15,,32723,9,,,1,15,,32724,9,,,1,55,,32725,9,,,1,15,,32726,9,,,1,15,,32727,9,,,1,15,,32728,9,,,1,55,,32729,9,,,1,15,,32730,9,,,1,15,,32731,9,,,1,15,,32732,9,,,1,55,,32733,9,,,1,15,,32734,9,,,1,15,,32735,9,,,1,15,,32736,9,,,1,55,,32737,9,,,1,15,,32738,9,,,1,15,,32739,9,,,1,15,,32740,9,,,1,55,,32741,9,,,1,15,,32742,9,,,1,15,,32743,9,,,1,15,,32744,9,,,1,55,,32745,9,,,1,15,,32746,9,,,1,15,,32747,9,,,1,15,,32748,9,,,1,55,,32749,9,,,1,15,,32750,9,,,1,15,,32751,9,,,1,15,,32752,9,,,1,55,,32753,9,,,1,15,,32754,9,,,1,15,,32755,9,,,1,15,,32756,9,,,1,55,,32757,9,,,1,15,,32758,9,,,1,15,,32759,9,,,1,15,,32760,9,,,1,55,,32761,9,,,1,15,,32762,9,,,1,15,,32763,9,,,1,15,,32764,9,,,1,55,,32765,9,,,1,15,,32766,9,,,1,15,,32767,9,,,1,15,,32768,9,,,1,55,,32769,9,,,1,15,,32770,9,,,1,15,,32771,9,,,1
18002100,'021R-Saturday-2-26-09',530,,36454,9,,,1,15,,36455,9,,,1,55,,36456,9,,,1,15,,36457,9,,,1,15,,36458,9,,,1,15,,36459,9,,,1,55,,36460,9,,,1,15,,36461,9,,,1,15,,36462,9,,,1,15,,36463,9,,,1,55,,36464,9,,,1,15,,36465,9,,,1,15,,36466,9,,,1,15,,36467,9,,,1,55,,36468,9,,,1,15,,36469,9,,,1,15,,36470,9,,,1,15,,36471,9,,,1,55,,36472,9,,,1,15,,36473,9,,,1,15,,36474,9,,,1,15,,36475,9,,,1,55,,36476,9,,,1,15,,36477,9,,,1,15,,36478,9,,,1,15,,36479,9,,,1,55,,36480,9,,,1,15,,36481,9,,,1,15,,36482,9,,,1,15,,36483,9,,,1,55,,36484,9,,,1,15,,36485,9,,,1,15,,36486,9,,,1,15,,36487,9,,,1,55,,36488,9,,,1,15,,36489,9,,,1,15,,36490,9,,,1,15,,36491,9,,,1,55,,36492,9,,,1,15,,36493,9,,,1,15,,36494,9,,,1,15,,36495,9,,,1,55,,36496,9,,,1,15,,36497,9,,,1,15,,36498,9,,,1,15,,36499,9,,,1,55,,36500,9,,,1,15,,36501,9,,,1,15,,36502,9,,,1,15,,36503,9,,,1,55,,36504,9,,,1,15,,36505,9,,,1,15,,36506,9,,,1,15,,36507,9,,,1,55,,36508,9,,,1,15,,36509,9,,,1,15,,36510,9,,,1,15,,36511,9,,,1,55,,36512,9,,,1,15,,36513,9,,,1,15,,36514,9,,,1,15,,36515,9,,,1,55,,36516,9,,,1,15,,36517,9,,,1,15,,36518,9,,,1,15,,36519,9,,,1,55,,36520,9,,,1,15,,36521,9,,,1,15,,36522,9,,,1,15,,36523,9,,,1,55,,36524,9,,,1,15,,36525,9,,,1,15,,36526,9,,,1,15,,36527,9,,,1,55,,36528,9,,,1,15,,36529,9,,,1,15,,36530,9,,,1,15,,36531,9,,,1,55,,36532,9,,,1,15,,36533,9,,,1,15,,36534,9,,,1
18002100,'021R-Sunday-1-26-09',600,,32772,9,,,1,15,,32773,9,,,1,15,,32774,9,,,1,15,,32775,9,,,1,55,,32776,9,,,1,15,,32777,9,,,1,15,,32778,9,,,1,15,,32779,9,,,1,55,,32780,9,,,1,15,,32781,9,,,1,15,,32782,9,,,1,15,,32783,9,,,1,55,,32784,9,,,1,15,,32785,9,,,1,15,,32786,9,,,1,15,,32787,9,,,1,55,,32788,9,,,1,15,,32789,9,,,1,15,,32790,9,,,1,15,,32791,9,,,1,55,,32792,9,,,1,15,,32793,9,,,1,15,,32794,9,,,1,15,,32795,9,,,1,55,,32796,9,,,1,15,,32797,9,,,1,15,,32798,9,,,1,15,,32799,9,,,1,55,,32800,9,,,1,15,,32801,9,,,1,15,,32802,9,,,1,15,,32803,9,,,1,55,,32804,9,,,1,15,,32805,9,,,1,15,,32806,9,,,1,15,,32807,9,,,1,55,,32808,9,,,1,15,,32809,9,,,1,15,,32810,9,,,1,15,,32811,9,,,1,55,,32812,9,,,1,15,,32813,9,,,1,15,,32814,9,,,1,15,,32815,9,,,1,55,,32816,9,,,1,15,,32817,9,,,1,15,,32818,9,,,1,15,,32819,9,,,1,55,,32820,9,,,1,15,,32821,9,,,1,15,,32822,9,,,1,15,,32823,9,,,1,55,,32824,9,,,1,15,,32825,9,,,1,15,,32826,9,,,1,15,,32827,9,,,1,55,,32828,9,,,1,15,,32829,9,,,1,15,,32830,9,,,1,15,,32831,9,,,1,55,,32832,9,,,1,15,,32833,9,,,1,15,,32834,9,,,1,15,,32835,9,,,1,55,,32836,9,,,1,15,,32837,9,,,1,15,,32838,9,,,1,15,,32839,9,,,1,55,,32840,9,,,1,15,,32841,9,,,1,15,,32842,9,,,1,15,,32843,9,,,1,55,,32844,9,,,1,15,,32845,9,,,1,15,,32846,9,,,1,15,,32847,9,,,1,55,,32848,9,,,1
18002100,'021R-Sunday-2-26-09',600,,36535,9,,,1,15,,36536,9,,,1,15,,36537,9,,,1,15,,36538,9,,,1,55,,36539,9,,,1,15,,36540,9,,,1,15,,36541,9,,,1,15,,36542,9,,,1,55,,36543,9,,,1,15,,36544,9,,,1,15,,36545,9,,,1,15,,36546,9,,,1,55,,36547,9,,,1,15,,36548,9,,,1,15,,36549,9,,,1,15,,36550,9,,,1,55,,36551,9,,,1,15,,36552,9,,,1,15,,36553,9,,,1,15,,36554,9,,,1,55,,36555,9,,,1,15,,36556,9,,,1,15,,36557,9,,,1,15,,36558,9,,,1,55,,36559,9,,,1,15,,36560,9,,,1,15,,36561,9,,,1,15,,36562,9,,,1,55,,36563,9,,,1,15,,36564,9,,,1,15,,36565,9,,,1,15,,36566,9,,,1,55,,36567,9,,,1,15,,36568,9,,,1,15,,36569,9,,,1,15,,36570,9,,,1,55,,36571,9,,,1,15,,36572,9,,,1,15,,36573,9,,,1,15,,36574,9,,,1,55,,36575,9,,,1,15,,36576,9,,,1,15,,36577,9,,,1,15,,36578,9,,,1,55,,36579,9,,,1,15,,36580,9,,,1,15,,36581,9,,,1,15,,36582,9,,,1,55,,36583,9,,,1,15,,36584,9,,,1,15,,36585,9,,,1,15,,36586,9,,,1,55,,36587,9,,,1,15,,36588,9,,,1,15,,36589,9,,,1,15,,36590,9,,,1,55,,36591,9,,,1,15,,36592,9,,,1,15,,36593,9,,,1,15,,36594,9,,,1,55,,36595,9,,,1,15,,36596,9,,,1,15,,36597,9,,,1,15,,36598,9,,,1,55,,36599,9,,,1,15,,36600,9,,,1,15,,36601,9,,,1,15,,36602,9,,,1,55,,36603,9,,,1,15,,36604,9,,,1,15,,36605,9,,,1,15,,36606,9,,,1,55,,36607,9,,,1,15,,36608,9,,,1,15,,36609,9,,,1,15,,36610,9,,,1,55,,36611,9,,,1
18002100,'021R-Sunday-4-26-09',600,,36612,9,,,1,15,,36613,9,,,1,15,,36614,9,,,1,15,,36615,9,,,1,55,,36616,9,,,1,15,,36617,9,,,1,15,,36618,9,,,1,15,,36619,9,,,1,55,,36620,9,,,1,15,,36621,9,,,1,15,,36622,9,,,1,15,,36623,9,,,1,55,,36624,9,,,1,15,,36625,9,,,1,15,,36626,9,,,1,15,,36627,9,,,1,55,,36628,9,,,1,15,,36629,9,,,1,15,,36630,9,,,1,15,,36631,9,,,1,55,,36632,9,,,1,15,,36633,9,,,1,15,,36634,9,,,1,15,,36635,9,,,1,55,,36636,9,,,1,15,,36637,9,,,1,15,,36638,9,,,1,15,,36639,9,,,1,55,,36640,9,,,1,15,,36641,9,,,1,15,,36642,9,,,1,15,,36643,9,,,1,55,,36644,9,,,1,15,,36645,9,,,1,15,,36646,9,,,1,15,,36647,9,,,1,55,,36648,9,,,1,15,,36649,9,,,1,15,,36650,9,,,1,15,,36651,9,,,1,55,,36652,9,,,1,15,,36653,9,,,1,15,,36654,9,,,1,15,,36655,9,,,1,55,,36656,9,,,1,15,,36657,9,,,1,15,,36658,9,,,1,15,,36659,9,,,1,55,,36660,9,,,1,15,,36661,9,,,1,15,,36662,9,,,1,15,,36663,9,,,1,55,,36664,9,,,1,15,,36665,9,,,1,15,,36666,9,,,1,15,,36667,9,,,1,55,,36668,9,,,1,15,,36669,9,,,1,15,,36670,9,,,1,15,,36671,9,,,1,55,,36672,9,,,1,15,,36673,9,,,1,15,,36674,9,,,1,15,,36675,9,,,1,55,,36676,9,,,1,15,,36677,9,,,1,15,,36678,9,,,1,15,,36679,9,,,1,55,,36680,9,,,1,15,,36681,9,,,1,15,,36682,9,,,1,15,,36683,9,,,1,55,,36684,9,,,1,15,,36685,9,,,1,15,,36686,9,,,1,15,,36687,9,,,1,55,,36688,9,,,1
18002200,'022R-Weekday-1-26-09',533,,33412,6,,,1,12,,33413,6,,,1,12,,33414,6,,,1,52,,33415,6,,,1,12,,33416,6,,,1,12,,33417,6,,,1,12,,33418,6,,,1,12,,33419,6,,,1,52,,33420,6,,,1,12,,33421,6,,,1,12,,33422,6,,,1,12,,33453,6,,,1,12,,33454,6,,,1,52,,33455,6,,,1,12,,33456,6,,,1,12,,33457,6,,,1,12,,33458,6,,,1,12,,33459,6,,,1,52,,33426,6,,,1,12,,33427,6,,,1,12,,33428,6,,,1,12,,33429,6,,,1,58,,33460,6,,,1,15,,33461,6,,,1,15,,33462,6,,,1,15,,33463,6,,,1,55,,33430,6,,,1,15,,33431,6,,,1,15,,33432,6,,,1,15,,33433,6,,,1,55,,33434,6,,,1,15,,33435,6,,,1,15,,33436,6,,,1,15,,33437,6,,,1,55,,33438,6,,,1,15,,33439,6,,,1,15,,33440,6,,,1,15,,33441,6,,,1,55,,33423,6,,,1,15,,33424,6,,,1,15,,33425,6,,,1,12,,33486,6,,,1,12,,33487,6,,,1,52,,33488,6,,,1,12,,33489,6,,,1,12,,33490,6,,,1,12,,33491,6,,,1,12,,33492,6,,,1,52,,33493,6,,,1,12,,33494,6,,,1,12,,33495,6,,,1,12,,33442,6,,,1,12,,33443,6,,,1,52,,33444,6,,,1,12,,33445,6,,,1,12,,33446,6,,,1,12,,33447,6,,,1,12,,33448,6,,,1,52,,33449,6,,,1,12,,33450,6,,,1,12,,33451,6,,,1,12,,33452,6,,,1,59,,33464,6,,,1,15,,33465,6,,,1,15,,33466,6,,,1,15,,33467,6,,,1,55,,33468,6,,,1,15,,33469,6,,,1,15,,33470,6,,,1,15,,33471,6,,,1,55,,33472,6,,,1,15,,33473,6,,,1,15,,33474,6,,,1,15,,33475,6,,,1,55,,33476,6,,,1,15,,33477,6,,,1,15,,33478,6,,,1,15,,33479,6,,,1,55,,33480,6,,,1,15,,33481,6,,,1,15,,33482,6,,,1,15,,33483,6,,,1,55,,33484,6,,,1,15,,33485,6,,,1,15,,33411,6,,,1
18002200,'022R-Weekday-2-26-09',533,,33497,6,,,1,12,,33498,6,,,1,12,,33499,6,,,1,52,,33500,6,,,1,12,,33501,6,,,1,12,,33502,6,,,1,12,,33503,6,,,1,12,,33504,6,,,1,52,,33505,6,,,1,12,,33506,6,,,1,12,,33507,6,,,1,12,,33538,6,,,1,12,,33539,6,,,1,52,,33540,6,,,1,12,,33541,6,,,1,12,,33542,6,,,1,12,,33543,6,,,1,12,,33544,6,,,1,52,,33511,6,,,1,12,,33512,6,,,1,12,,33513,6,,,1,12,,33514,6,,,1,58,,33545,6,,,1,15,,33546,6,,,1,15,,33547,6,,,1,15,,33548,6,,,1,55,,33515,6,,,1,15,,33516,6,,,1,15,,33517,6,,,1,15,,33518,6,,,1,55,,33519,6,,,1,15,,33520,6,,,1,15,,33521,6,,,1,15,,33522,6,,,1,55,,33523,6,,,1,15,,33524,6,,,1,15,,33525,6,,,1,15,,33526,6,,,1,55,,33508,6,,,1,15,,33509,6,,,1,15,,33510,6,,,1,12,,33571,6,,,1,12,,33572,6,,,1,52,,33573,6,,,1,12,,33574,6,,,1,12,,33575,6,,,1,12,,33576,6,,,1,12,,33577,6,,,1,52,,33578,6,,,1,12,,33579,6,,,1,12,,33580,6,,,1,12,,33527,6,,,1,12,,33528,6,,,1,52,,33529,6,,,1,12,,33530,6,,,1,12,,33531,6,,,1,12,,33532,6,,,1,12,,33533,6,,,1,52,,33534,6,,,1,12,,33535,6,,,1,12,,33536,6,,,1,12,,33537,6,,,1,59,,33549,6,,,1,15,,33550,6,,,1,15,,33551,6,,,1,15,,33552,6,,,1,55,,33553,6,,,1,15,,33554,6,,,1,15,,33555,6,,,1,15,,33556,6,,,1,55,,33557,6,,,1,15,,33558,6,,,1,15,,33559,6,,,1,15,,33560,6,,,1,55,,33561,6,,,1,15,,33562,6,,,1,15,,33563,6,,,1,15,,33564,6,,,1,55,,33565,6,,,1,15,,33566,6,,,1,15,,33567,6,,,1,15,,33568,6,,,1,55,,33569,6,,,1,15,,33570,6,,,1,15,,33496,6,,,1
18002200,'022R-Weekday-3-26-09',533,,37464,6,,,1,12,,37465,6,,,1,12,,37466,6,,,1,52,,37467,6,,,1,12,,37468,6,,,1,12,,37469,6,,,1,12,,37470,6,,,1,12,,37471,6,,,1,52,,37472,6,,,1,12,,37473,6,,,1,12,,37474,6,,,1,12,,37505,6,,,1,12,,37506,6,,,1,52,,37507,6,,,1,12,,37508,6,,,1,12,,37509,6,,,1,12,,37510,6,,,1,12,,37511,6,,,1,52,,37478,6,,,1,12,,37479,6,,,1,12,,37480,6,,,1,12,,37481,6,,,1,58,,37512,6,,,1,15,,37513,6,,,1,15,,37514,6,,,1,15,,37515,6,,,1,55,,37482,6,,,1,15,,37483,6,,,1,15,,37484,6,,,1,15,,37485,6,,,1,55,,37486,6,,,1,15,,37487,6,,,1,15,,37488,6,,,1,15,,37489,6,,,1,55,,37490,6,,,1,15,,37491,6,,,1,15,,37492,6,,,1,15,,37493,6,,,1,55,,37475,6,,,1,15,,37476,6,,,1,15,,37477,6,,,1,12,,37538,6,,,1,12,,37539,6,,,1,52,,37540,6,,,1,12,,37541,6,,,1,12,,37542,6,,,1,12,,37543,6,,,1,12,,37544,6,,,1,52,,37545,6,,,1,12,,37546,6,,,1,12,,37547,6,,,1,12,,37494,6,,,1,12,,37495,6,,,1,52,,37496,6,,,1,12,,37497,6,,,1,12,,37498,6,,,1,12,,37499,6,,,1,12,,37500,6,,,1,52,,37501,6,,,1,12,,37502,6,,,1,12,,37503,6,,,1,12,,37504,6,,,1,59,,37516,6,,,1,15,,37517,6,,,1,15,,37518,6,,,1,15,,37519,6,,,1,55,,37520,6,,,1,15,,37521,6,,,1,15,,37522,6,,,1,15,,37523,6,,,1,55,,37524,6,,,1,15,,37525,6,,,1,15,,37526,6,,,1,15,,37527,6,,,1,55,,37528,6,,,1,15,,37529,6,,,1,15,,37530,6,,,1,15,,37531,6,,,1,55,,37532,6,,,1,15,,37533,6,,,1,15,,37534,6,,,1,15,,37535,6,,,1,55,,37536,6,,,1,15,,37537,6,,,1,15,,37463,6,,,1
18002200,'022R-Weekday-4-26-09',533,,33582,6,,,1,12,,33583,6,,,1,12,,33584,6,,,1,52,,33585,6,,,1,12,,33586,6,,,1,12,,33587,6,,,1,12,,33588,6,,,1,12,,33589,6,,,1,52,,33590,6,,,1,12,,33591,6,,,1,12,,33592,6,,,1,12,,33623,6,,,1,12,,33624,6,,,1,52,,33625,6,,,1,12,,33626,6,,,1,12,,33627,6,,,1,12,,33628,6,,,1,12,,33629,6,,,1,52,,33596,6,,,1,12,,33597,6,,,1,12,,33598,6,,,1,12,,33599,6,,,1,58,,33630,6,,,1,15,,33631,6,,,1,15,,33632,6,,,1,15,,33633,6,,,1,55,,33600,6,,,1,15,,33601,6,,,1,15,,33602,6,,,1,15,,33603,6,,,1,55,,33604,6,,,1,15,,33605,6,,,1,15,,33606,6,,,1,15,,33607,6,,,1,55,,33608,6,,,1,15,,33609,6,,,1,15,,33610,6,,,1,15,,33611,6,,,1,55,,33593,6,,,1,15,,33594,6,,,1,15,,33595,6,,,1,12,,33656,6,,,1,12,,33657,6,,,1,52,,33658,6,,,1,12,,33659,6,,,1,12,,33660,6,,,1,12,,33661,6,,,1,12,,33662,6,,,1,52,,33663,6,,,1,12,,33664,6,,,1,12,,33665,6,,,1,12,,33612,6,,,1,12,,33613,6,,,1,52,,33614,6,,,1,12,,33615,6,,,1,12,,33616,6,,,1,12,,33617,6,,,1,12,,33618,6,,,1,52,,33619,6,,,1,12,,33620,6,,,1,12,,33621,6,,,1,12,,33622,6,,,1,59,,33634,6,,,1,15,,33635,6,,,1,15,,33636,6,,,1,15,,33637,6,,,1,55,,33638,6,,,1,15,,33639,6,,,1,15,,33640,6,,,1,15,,33641,6,,,1,55,,33642,6,,,1,15,,33643,6,,,1,15,,33644,6,,,1,15,,33645,6,,,1,55,,33646,6,,,1,15,,33647,6,,,1,15,,33648,6,,,1,15,,33649,6,,,1,55,,33650,6,,,1,15,,33651,6,,,1,15,,33652,6,,,1,15,,33653,6,,,1,55,,33654,6,,,1,15,,33655,6,,,1,15,,33581,6,,,1
18002200,'022R-Weekday-5-26-09',533,,37549,6,,,1,12,,37550,6,,,1,12,,37551,6,,,1,52,,37552,6,,,1,12,,37553,6,,,1,12,,37554,6,,,1,12,,37555,6,,,1,12,,37556,6,,,1,52,,37557,6,,,1,12,,37558,6,,,1,12,,37559,6,,,1,12,,37590,6,,,1,12,,37591,6,,,1,52,,37592,6,,,1,12,,37593,6,,,1,12,,37594,6,,,1,12,,37595,6,,,1,12,,37596,6,,,1,52,,37563,6,,,1,12,,37564,6,,,1,12,,37565,6,,,1,12,,37566,6,,,1,58,,37597,6,,,1,15,,37598,6,,,1,15,,37599,6,,,1,15,,37600,6,,,1,55,,37567,6,,,1,15,,37568,6,,,1,15,,37569,6,,,1,15,,37570,6,,,1,55,,37571,6,,,1,15,,37572,6,,,1,15,,37573,6,,,1,15,,37574,6,,,1,55,,37575,6,,,1,15,,37576,6,,,1,15,,37577,6,,,1,15,,37578,6,,,1,55,,37560,6,,,1,15,,37561,6,,,1,15,,37562,6,,,1,12,,37623,6,,,1,12,,37624,6,,,1,52,,37625,6,,,1,12,,37626,6,,,1,12,,37627,6,,,1,12,,37628,6,,,1,12,,37629,6,,,1,52,,37630,6,,,1,12,,37631,6,,,1,12,,37632,6,,,1,12,,37579,6,,,1,12,,37580,6,,,1,52,,37581,6,,,1,12,,37582,6,,,1,12,,37583,6,,,1,12,,37584,6,,,1,12,,37585,6,,,1,52,,37586,6,,,1,12,,37587,6,,,1,12,,37588,6,,,1,12,,37589,6,,,1,59,,37601,6,,,1,15,,37602,6,,,1,15,,37603,6,,,1,15,,37604,6,,,1,55,,37605,6,,,1,15,,37606,6,,,1,15,,37607,6,,,1,15,,37608,6,,,1,55,,37609,6,,,1,15,,37610,6,,,1,15,,37611,6,,,1,15,,37612,6,,,1,55,,37613,6,,,1,15,,37614,6,,,1,15,,37615,6,,,1,15,,37616,6,,,1,55,,37617,6,,,1,15,,37618,6,,,1,15,,37619,6,,,1,15,,37620,6,,,1,55,,37621,6,,,1,15,,37622,6,,,1,15,,37548,6,,,1
18002200,'022R-Weekday-6-26-09',533,,37634,6,,,1,12,,37635,6,,,1,12,,37636,6,,,1,52,,37637,6,,,1,12,,37638,6,,,1,12,,37639,6,,,1,12,,37640,6,,,1,12,,37641,6,,,1,52,,37642,6,,,1,12,,37643,6,,,1,12,,37644,6,,,1,12,,37675,6,,,1,12,,37676,6,,,1,52,,37677,6,,,1,12,,37678,6,,,1,12,,37679,6,,,1,12,,37680,6,,,1,12,,37681,6,,,1,52,,37648,6,,,1,12,,37649,6,,,1,12,,37650,6,,,1,12,,37651,6,,,1,58,,37682,6,,,1,15,,37683,6,,,1,15,,37684,6,,,1,15,,37685,6,,,1,55,,37652,6,,,1,15,,37653,6,,,1,15,,37654,6,,,1,15,,37655,6,,,1,55,,37656,6,,,1,15,,37657,6,,,1,15,,37658,6,,,1,15,,37659,6,,,1,55,,37660,6,,,1,15,,37661,6,,,1,15,,37662,6,,,1,15,,37663,6,,,1,55,,37645,6,,,1,15,,37646,6,,,1,15,,37647,6,,,1,12,,37708,6,,,1,12,,37709,6,,,1,52,,37710,6,,,1,12,,37711,6,,,1,12,,37712,6,,,1,12,,37713,6,,,1,12,,37714,6,,,1,52,,37715,6,,,1,12,,37716,6,,,1,12,,37717,6,,,1,12,,37664,6,,,1,12,,37665,6,,,1,52,,37666,6,,,1,12,,37667,6,,,1,12,,37668,6,,,1,12,,37669,6,,,1,12,,37670,6,,,1,52,,37671,6,,,1,12,,37672,6,,,1,12,,37673,6,,,1,12,,37674,6,,,1,59,,37686,6,,,1,15,,37687,6,,,1,15,,37688,6,,,1,15,,37689,6,,,1,55,,37690,6,,,1,15,,37691,6,,,1,15,,37692,6,,,1,15,,37693,6,,,1,55,,37694,6,,,1,15,,37695,6,,,1,15,,37696,6,,,1,15,,37697,6,,,1,55,,37698,6,,,1,15,,37699,6,,,1,15,,37700,6,,,1,15,,37701,6,,,1,55,,37702,6,,,1,15,,37703,6,,,1,15,,37704,6,,,1,15,,37705,6,,,1,55,,37706,6,,,1,15,,37707,6,,,1,15,,37633,6,,,1
18002200,'022R-Weekday-7-26-09',533,,37719,6,,,1,12,,37720,6,,,1,12,,37721,6,,,1,52,,37722,6,,,1,12,,37723,6,,,1,12,,37724,6,,,1,12,,37725,6,,,1,12,,37726,6,,,1,52,,37727,6,,,1,12,,37728,6,,,1,12,,37729,6,,,1,12,,37760,6,,,1,12,,37761,6,,,1,52,,37762,6,,,1,12,,37763,6,,,1,12,,37764,6,,,1,12,,37765,6,,,1,12,,37766,6,,,1,52,,37733,6,,,1,12,,37734,6,,,1,12,,37735,6,,,1,12,,37736,6,,,1,58,,37767,6,,,1,15,,37768,6,,,1,15,,37769,6,,,1,15,,37770,6,,,1,55,,37737,6,,,1,15,,37738,6,,,1,15,,37739,6,,,1,15,,37740,6,,,1,55,,37741,6,,,1,15,,37742,6,,,1,15,,37743,6,,,1,15,,37744,6,,,1,55,,37745,6,,,1,15,,37746,6,,,1,15,,37747,6,,,1,15,,37748,6,,,1,55,,37730,6,,,1,15,,37731,6,,,1,15,,37732,6,,,1,12,,37793,6,,,1,12,,37794,6,,,1,52,,37795,6,,,1,12,,37796,6,,,1,12,,37797,6,,,1,12,,37798,6,,,1,12,,37799,6,,,1,52,,37800,6,,,1,12,,37801,6,,,1,12,,37802,6,,,1,12,,37749,6,,,1,12,,37750,6,,,1,52,,37751,6,,,1,12,,37752,6,,,1,12,,37753,6,,,1,12,,37754,6,,,1,12,,37755,6,,,1,52,,37756,6,,,1,12,,37757,6,,,1,12,,37758,6,,,1,12,,37759,6,,,1,59,,37771,6,,,1,15,,37772,6,,,1,15,,37773,6,,,1,15,,37774,6,,,1,55,,37775,6,,,1,15,,37776,6,,,1,15,,37777,6,,,1,15,,37778,6,,,1,55,,37779,6,,,1,15,,37780,6,,,1,15,,37781,6,,,1,15,,37782,6,,,1,55,,37783,6,,,1,15,,37784,6,,,1,15,,37785,6,,,1,15,,37786,6,,,1,55,,37787,6,,,1,15,,37788,6,,,1,15,,37789,6,,,1,15,,37790,6,,,1,55,,37791,6,,,1,15,,37792,6,,,1,15,,37718,6,,,1
18002200,'022R-Saturday-1-26-09',533,,33666,6,,,1,15,,33667,6,,,1,55,,33668,6,,,1,15,,33669,6,,,1,15,,33670,6,,,1,15,,33671,6,,,1,55,,33672,6,,,1,15,,33673,6,,,1,15,,33674,6,,,1,15,,33675,6,,,1,55,,33676,6,,,1,15,,33677,6,,,1,15,,33678,6,,,1,15,,33679,6,,,1,55,,33680,6,,,1,15,,33681,6,,,1,15,,33682,6,,,1,15,,33683,6,,,1,55,,33684,6,,,1,15,,33685,6,,,1,15,,33686,6,,,1,15,,33687,6,,,1,55,,33688,6,,,1,15,,33689,6,,,1,15,,33690,6,,,1,15,,33691,6,,,1,55,,33692,6,,,1,15,,33693,6,,,1,15,,33694,6,,,1,15,,33695,6,,,1,55,,33696,6,,,1,15,,33697,6,,,1,15,,33698,6,,,1,15,,33699,6,,,1,55,,33700,6,,,1,15,,33701,6,,,1,15,,33702,6,,,1,15,,33703,6,,,1,55,,33704,6,,,1,15,,33705,6,,,1,15,,33706,6,,,1,15,,33707,6,,,1,55,,33708,6,,,1,15,,33709,6,,,1,15,,33710,6,,,1,15,,33711,6,,,1,55,,33712,6,,,1,15,,33713,6,,,1,15,,33714,6,,,1,15,,33715,6,,,1,55,,33716,6,,,1,15,,33717,6,,,1,15,,33718,6,,,1,15,,33719,6,,,1,55,,33720,6,,,1,15,,33721,6,,,1,15,,33722,6,,,1,15,,33723,6,,,1,55,,33724,6,,,1,15,,33725,6,,,1,15,,33726,6,,,1,15,,33727,6,,,1,55,,33728,6,,,1,15,,33729,6,,,1,15,,33730,6,,,1,15,,33731,6,,,1,55,,33732,6,,,1,15,,33733,6,,,1,15,,33734,6,,,1,15,,33735,6,,,1,55,,33736,6,,,1,15,,33737,6,,,1,15,,33738,6,,,1,15,,33739,6,,,1,55,,33740,6,,,1,15,,33741,6,,,1,15,,33742,6,,,1
18002200,'022R-Saturday-2-26-09',530,,37803,9,,,1,15,,37804,9,,,1,55,,37819,9,,,1,15,,37834,9,,,1,15,,37852,9,,,1,15,,37835,9,,,1,55,,37815,9,,,1,15,,37846,9,,,1,15,,37861,9,,,1,15,,37845,9,,,1,55,,37830,9,,,1,15,,37862,9,,,1,15,,37836,9,,,1,15,,37878,9,,,1,55,,37805,9,,,1,15,,37821,9,,,1,15,,37877,9,,,1,15,,37867,9,,,1,55,,37881,9,,,1,15,,37817,9,,,1,15,,37851,9,,,1,15,,37824,9,,,1,55,,37864,9,,,1,15,,37814,9,,,1,15,,37832,9,,,1,15,,37848,9,,,1,55,,37829,9,,,1,15,,37811,9,,,1,15,,37873,9,,,1,15,,37826,9,,,1,55,,37882,9,,,1,15,,37858,9,,,1,15,,37874,9,,,1,15,,37841,9,,,1,55,,37810,9,,,1,15,,37857,9,,,1,15,,37859,9,,,1,15,,37827,9,,,1,55,,37843,9,,,1,15,,37808,9,,,1,15,,37875,9,,,1,15,,37839,9,,,1,55,,37831,9,,,1,15,,37844,9,,,1,15,,37813,9,,,1,15,,37828,9,,,1,55,,37860,9,,,1,15,,37876,9,,,1,15,,37842,9,,,1,15,,37855,9,,,1,55,,37883,9,,,1,15,,37879,9,,,1,15,,37863,9,,,1,15,,37854,9,,,1,55,,37869,9,,,1,15,,37847,9,,,1,15,,37816,9,,,1,15,,37820,9,,,1,55,,37871,9,,,1,15,,37809,9,,,1,15,,37825,9,,,1,15,,37840,9,,,1,55,,37856,9,,,1,15,,37872,9,,,1,15,,37838,9,,,1,15,,37806,9,,,1,55,,37822,9,,,1,15,,37870,9,,,1,15,,37807,9,,,1,15,,37823,9,,,1,55,,37837,9,,,1,15,,37853,9,,,1,15,,37850,9,,,1,15,,37866,9,,,1,55,,37812,9,,,1,15,,37818,9,,,1,15,,37833,9,,,1,15,,37849,9,,,1,55,,37880,9,,,1,15,,37865,9,,,1,15,,37868,9,,,1
18002200,'022R-Saturday-3-26-09',523,,37891,3,0,5 6 7 8,1,15,,37936,3,0,5 6 7 8,1,15,,37901,3,0,5 6 7 8,1,55,,37885,3,0,5 6 7 8,1,15,,37927,3,0,5 6 7 8,1,15,,37895,3,0,5 6 7 8,1,15,,37907,3,0,5 6 7 8,1,55,,37943,3,0,5 6 7 8,1,15,,37897,3,0,5 6 7 8,1,15,,37959,3,0,5 6 7 8,1,15,,37945,3,0,5 6 7 8,1,55,,37888,3,0,5 6 7 8,1,15,,37913,3,0,5 6 7 8,1,15,,37929,3,0,5 6 7 8,1,15,,37933,3,0,5 6 7 8,1,55,,37917,3,0,5 6 7 8,1,15,,37949,3,0,5 6 7 8,1,15,,37920,3,0,5 6 7 8,1,15,,37931,3,0,5 6 7 8,1,55,,37903,3,0,5 6 7 8,1,15,,37947,3,0,5 6 7 8,1,15,,37899,3,0,5 6 7 8,1,15,,37930,3,0,5 6 7 8,1,55,,37898,3,0,5 6 7 8,1,15,,37914,3,0,5 6 7 8,1,15,,37960,3,0,5 6 7 8,1,15,,37915,3,0,5 6 7 8,1,55,,37909,3,0,5 6 7 8,1,15,,37941,3,0,5 6 7 8,1,15,,37896,3,0,5 6 7 8,1,15,,37912,3,0,5 6 7 8,1,55,,37893,3,0,5 6 7 8,1,15,,37928,3,0,5 6 7 8,1,15,,37925,3,0,5 6 7 8,1,15,,37944,3,0,5 6 7 8,1,55,,37946,3,0,5 6 7 8,1,15,,37932,3,0,5 6 7 8,1,15,,37916,3,0,5 6 7 8,1,15,,37948,3,0,5 6 7 8,1,55,,37900,3,0,5 6 7 8,1,15,,37884,3,0,5 6 7 8,1,15,,37940,3,0,5 6 7 8,1,15,,37958,3,0,5 6 7 8,1,55,,37910,3,0,5 6 7 8,1,15,,37892,3,0,5 6 7 8,1,15,,37926,3,0,5 6 7 8,1,15,,37889,3,0,5 6 7 8,1,55,,37956,3,0,5 6 7 8,1,15,,37924,3,0,5 6 7 8,1,15,,37942,3,0,5 6 7 8,1,15,,37908,3,0,5 6 7 8,1,55,,37894,3,0,5 6 7 8,1,15,,37955,3,0,5 6 7 8,1,15,,37905,3,0,5 6 7 8,1,15,,37937,3,0,5 6 7 8,1,55,,37921,3,0,5 6 7 8,1,15,,37953,3,0,5 6 7 8,1,15,,37904,3,0,5 6 7 8,1,15,,37890,3,0,5 6 7 8,1,55,,37923,3,0,5 6 7 8,1,15,,37887,3,0,5 6 7 8,1,15,,37939,3,0,5 6 7 8,1,15,,37906,3,0,5 6 7 8,1,55,,37922,3,0,5 6 7 8,1,15,,37938,3,0,5 6 7 8,1,15,,37954,3,0,5 6 7 8,1,15,,37918,3,0,5 6 7 8,1,55,,37957,3,0,5 6 7 8,1,15,,37919,3,0,5 6 7 8,1,15,,37911,3,0,5 6 7 8,1,15,,37950,3,0,5 6 7 8,1,55,,37902,3,0,5 6 7 8,1,15,,37886,3,0,5 6 7 8,1,15,,37952,3,0,5 6 7 8,1,15,,37951,3,0,5 6 7 8,1,55,,37935,3,0,5 6 7 8,1,15,,37934,3,0,5 6 7 8,1
18002200,'022R-Saturday-4-26-09',536,,38021,3,0,5 6 7 8,1,15,,38017,3,0,5 6 7 8,1,55,,38013,3,0,5 6 7 8,1,15,,38037,3,0,5 6 7 8,1,15,,38026,3,0,5 6 7 8,1,15,,37996,3,0,5 6 7 8,1,55,,38007,3,0,5 6 7 8,1,15,,38003,3,0,5 6 7 8,1,15,,38006,3,0,5 6 7 8,1,15,,37999,3,0,5 6 7 8,1,55,,38014,3,0,5 6 7 8,1,15,,37995,3,0,5 6 7 8,1,15,,38034,3,0,5 6 7 8,1,15,,38002,3,0,5 6 7 8,1,55,,38030,3,0,5 6 7 8,1,15,,38022,3,0,5 6 7 8,1,15,,38018,3,0,5 6 7 8,1,15,,38010,3,0,5 6 7 8,1,55,,38023,3,0,5 6 7 8,1,15,,38019,3,0,5 6 7 8,1,15,,38015,3,0,5 6 7 8,1,15,,38011,3,0,5 6 7 8,1,55,,38033,3,0,5 6 7 8,1,15,,38027,3,0,5 6 7 8,1,15,,38035,3,0,5 6 7 8,1,15,,37998,3,0,5 6 7 8,1,55,,38031,3,0,5 6 7 8,1,15,,38001,3,0,5 6 7 8,1,15,,37997,3,0,5 6 7 8,1,15,,38036,3,0,5 6 7 8,1,55,,38032,3,0,5 6 7 8,1,15,,38016,3,0,5 6 7 8,1,15,,38012,3,0,5 6 7 8,1,15,,38020,3,0,5 6 7 8,1,55,,38009,3,0,5 6 7 8,1,15,,38005,3,0,5 6 7 8,1,15,,38024,3,0,5 6 7 8,1,15,,38004,3,0,5 6 7 8,1,55,,38008,3,0,5 6 7 8,1,15,,38000,3,0,5 6 7 8,1,15,,38028,3,0,5 6 7 8,1,15,,38029,3,0,5 6 7 8,1,55,,38025,3,0,5 6 7 8,1,12,,37961,6,,,1,15,,37962,6,,,1,15,,37963,6,,,1,55,,37964,6,,,1,15,,37965,6,,,1,15,,37966,6,,,1,15,,37967,6,,,1,55,,37968,6,,,1,15,,37969,6,,,1,15,,37970,6,,,1,15,,37971,6,,,1,55,,37972,6,,,1,15,,37973,6,,,1,15,,37974,6,,,1,15,,37975,6,,,1,55,,37976,6,,,1,15,,37977,6,,,1,15,,37978,6,,,1,15,,37979,6,,,1,55,,37980,6,,,1,15,,37981,6,,,1,15,,37982,6,,,1,15,,37983,6,,,1,55,,37984,6,,,1,15,,37985,6,,,1,15,,37986,6,,,1,15,,37987,6,,,1,55,,37988,6,,,1,15,,37989,6,,,1,15,,37990,6,,,1,15,,37991,6,,,1,55,,37992,6,,,1,15,,37993,6,,,1,15,,37994,6,,,1
18002200,'022R-Sunday-1-26-09',548,,33743,6,,,1,55,,33744,6,,,1,15,,33745,6,,,1,15,,33746,6,,,1,15,,33747,6,,,1,55,,33748,6,,,1,15,,33749,6,,,1,15,,33750,6,,,1,15,,33751,6,,,1,55,,33752,6,,,1,15,,33753,6,,,1,15,,33754,6,,,1,15,,33755,6,,,1,55,,33756,6,,,1,15,,33757,6,,,1,15,,33758,6,,,1,15,,33759,6,,,1,55,,33760,6,,,1,15,,33761,6,,,1,15,,33762,6,,,1,15,,33763,6,,,1,55,,33764,6,,,1,15,,33765,6,,,1,15,,33766,6,,,1,15,,33767,6,,,1,55,,33768,6,,,1,15,,33769,6,,,1,15,,33770,6,,,1,15,,33771,6,,,1,55,,33772,6,,,1,15,,33773,6,,,1,15,,33774,6,,,1,15,,33775,6,,,1,55,,33776,6,,,1,15,,33777,6,,,1,15,,33778,6,,,1,15,,33779,6,,,1,55,,33780,6,,,1,15,,33781,6,,,1,15,,33782,6,,,1,15,,33783,6,,,1,55,,33784,6,,,1,15,,33785,6,,,1,15,,33786,6,,,1,15,,33787,6,,,1,55,,33788,6,,,1,15,,33789,6,,,1,15,,33790,6,,,1,15,,33791,6,,,1,55,,33792,6,,,1,15,,33793,6,,,1,15,,33794,6,,,1,15,,33795,6,,,1,55,,33796,6,,,1,15,,33797,6,,,1,15,,33798,6,,,1,15,,33799,6,,,1,55,,33800,6,,,1,15,,33801,6,,,1,15,,33802,6,,,1,15,,33803,6,,,1,55,,33804,6,,,1,15,,33805,6,,,1,15,,33806,6,,,1,15,,33807,6,,,1,55,,33808,6,,,1,15,,33809,6,,,1,15,,33810,6,,,1,15,,33811,6,,,1,55,,33812,6,,,1,15,,33813,6,,,1,15,,33814,6,,,1,15,,33815,6,,,1
18002200,'022R-Sunday-2-26-09',600,,38109,9,,,1,15,,38110,9,,,1,15,,38111,9,,,1,15,,38112,9,,,1,55,,38080,9,,,1,15,,38095,9,,,1,15,,38041,9,,,1,15,,38052,9,,,1,55,,38067,9,,,1,15,,38064,9,,,1,15,,38081,9,,,1,15,,38066,9,,,1,55,,38094,9,,,1,15,,38093,9,,,1,15,,38096,9,,,1,15,,38048,9,,,1,55,,38106,9,,,1,15,,38091,9,,,1,15,,38079,9,,,1,15,,38057,9,,,1,55,,38063,9,,,1,15,,38108,9,,,1,15,,38050,9,,,1,15,,38078,9,,,1,55,,38076,9,,,1,15,,38045,9,,,1,15,,38105,9,,,1,15,,38047,9,,,1,55,,38083,9,,,1,15,,38071,9,,,1,15,,38055,9,,,1,15,,38102,9,,,1,55,,38089,9,,,1,15,,38068,9,,,1,15,,38061,9,,,1,15,,38103,9,,,1,55,,38042,9,,,1,15,,38088,9,,,1,15,,38046,9,,,1,15,,38092,9,,,1,55,,38070,9,,,1,15,,38086,9,,,1,15,,38040,9,,,1,15,,38085,9,,,1,55,,38062,9,,,1,15,,38098,9,,,1,15,,38099,9,,,1,15,,38044,9,,,1,55,,38053,9,,,1,15,,38058,9,,,1,15,,38060,9,,,1,15,,38059,9,,,1,55,,38056,9,,,1,15,,38100,9,,,1,15,,38073,9,,,1,15,,38075,9,,,1,55,,38090,9,,,1,15,,38104,9,,,1,15,,38043,9,,,1,15,,38039,9,,,1,55,,38077,9,,,1,15,,38074,9,,,1,15,,38107,9,,,1,15,,38049,9,,,1,55,,38101,9,,,1,15,,38082,9,,,1,15,,38087,9,,,1,15,,38097,9,,,1,55,,38051,9,,,1,15,,38038,9,,,1,15,,38054,9,,,1,15,,38069,9,,,1,55,,38072,9,,,1,15,,38065,9,,,1,15,,38084,9,,,1
18002200,'022R-Sunday-3-26-09',553,,38113,3,0,5 6 7 8,1,55,,38114,3,0,5 6 7 8,1,15,,38115,3,0,5 6 7 8,1,15,,38116,3,0,5 6 7 8,1,15,,38117,3,0,5 6 7 8,1,55,,38118,3,0,5 6 7 8,1,15,,38119,3,0,5 6 7 8,1,15,,38120,3,0,5 6 7 8,1,15,,38121,3,0,5 6 7 8,1,55,,38122,3,0,5 6 7 8,1,15,,38123,3,0,5 6 7 8,1,15,,38124,3,0,5 6 7 8,1,15,,38125,3,0,5 6 7 8,1,55,,38126,3,0,5 6 7 8,1,15,,38127,3,0,5 6 7 8,1,15,,38128,3,0,5 6 7 8,1,15,,38129,3,0,5 6 7 8,1,55,,38130,3,0,5 6 7 8,1,15,,38131,3,0,5 6 7 8,1,15,,38132,3,0,5 6 7 8,1,15,,38133,3,0,5 6 7 8,1,55,,38134,3,0,5 6 7 8,1,15,,38135,3,0,5 6 7 8,1,15,,38136,3,0,5 6 7 8,1,15,,38137,3,0,5 6 7 8,1,55,,38138,3,0,5 6 7 8,1,15,,38139,3,0,5 6 7 8,1,15,,38140,3,0,5 6 7 8,1,15,,38141,3,0,5 6 7 8,1,55,,38142,3,0,5 6 7 8,1,15,,38143,3,0,5 6 7 8,1,15,,38144,3,0,5 6 7 8,1,15,,38145,3,0,5 6 7 8,1,55,,38146,3,0,5 6 7 8,1,15,,38147,3,0,5 6 7 8,1,15,,38148,3,0,5 6 7 8,1,15,,38149,3,0,5 6 7 8,1,55,,38150,3,0,5 6 7 8,1,15,,38151,3,0,5 6 7 8,1,15,,38152,3,0,5 6 7 8,1,15,,38153,3,0,5 6 7 8,1,55,,38154,3,0,5 6 7 8,1,15,,38155,3,0,5 6 7 8,1,15,,38156,3,0,5 6 7 8,1,15,,38157,3,0,5 6 7 8,1,55,,38158,3,0,5 6 7 8,1,15,,38159,3,0,5 6 7 8,1,15,,38160,3,0,5 6 7 8,1,15,,38161,3,0,5 6 7 8,1,55,,38162,3,0,5 6 7 8,1,15,,38163,3,0,5 6 7 8,1,15,,38164,3,0,5 6 7 8,1,15,,38165,3,0,5 6 7 8,1,55,,38166,3,0,5 6 7 8,1,15,,38167,3,0,5 6 7 8,1,15,,38168,3,0,5 6 7 8,1,15,,38169,3,0,5 6 7 8,1,55,,38170,3,0,5 6 7 8,1,15,,38171,3,0,5 6 7 8,1,15,,38172,3,0,5 6 7 8,1,15,,38173,3,0,5 6 7 8,1,55,,38174,3,0,5 6 7 8,1,15,,38175,3,0,5 6 7 8,1,15,,38176,3,0,5 6 7 8,1,15,,38177,3,0,5 6 7 8,1,55,,38178,3,0,5 6 7 8,1,15,,38179,3,0,5 6 7 8,1,15,,38180,3,0,5 6 7 8,1,15,,38181,3,0,5 6 7 8,1,55,,38182,3,0,5 6 7 8,1,15,,38183,3,0,5 6 7 8,1,15,,38184,3,0,5 6 7 8,1
18002200,'022R-Sunday-5-26-09',553,,38185,3,0,5 6 7 8,1,55,,38186,3,0,5 6 7 8,1,15,,38187,3,0,5 6 7 8,1,15,,38188,3,0,5 6 7 8,1,15,,38189,3,0,5 6 7 8,1,55,,38190,3,0,5 6 7 8,1,15,,38191,3,0,5 6 7 8,1,15,,38192,3,0,5 6 7 8,1,15,,38193,3,0,5 6 7 8,1,55,,38194,3,0,5 6 7 8,1,15,,38195,3,0,5 6 7 8,1,15,,38196,3,0,5 6 7 8,1,15,,38197,3,0,5 6 7 8,1,55,,38198,3,0,5 6 7 8,1,15,,38199,3,0,5 6 7 8,1,15,,38200,3,0,5 6 7 8,1,15,,38201,3,0,5 6 7 8,1,55,,38202,3,0,5 6 7 8,1,15,,38203,3,0,5 6 7 8,1,15,,38204,3,0,5 6 7 8,1,15,,38205,3,0,5 6 7 8,1,55,,38206,3,0,5 6 7 8,1,15,,38207,3,0,5 6 7 8,1,15,,38208,3,0,5 6 7 8,1,15,,38209,3,0,5 6 7 8,1,55,,38210,3,0,5 6 7 8,1,15,,38211,3,0,5 6 7 8,1,15,,38212,3,0,5 6 7 8,1,15,,38213,3,0,5 6 7 8,1,55,,38214,3,0,5 6 7 8,1,15,,38215,3,0,5 6 7 8,1,15,,38216,3,0,5 6 7 8,1,15,,38217,3,0,5 6 7 8,1,55,,38218,3,0,5 6 7 8,1,15,,38219,3,0,5 6 7 8,1,15,,38220,3,0,5 6 7 8,1,15,,38221,3,0,5 6 7 8,1,55,,38222,3,0,5 6 7 8,1,15,,38223,3,0,5 6 7 8,1,15,,38224,3,0,5 6 7 8,1,15,,38225,3,0,5 6 7 8,1,55,,38226,3,0,5 6 7 8,1,15,,38227,3,0,5 6 7 8,1,15,,38228,3,0,5 6 7 8,1,15,,38229,3,0,5 6 7 8,1,55,,38230,3,0,5 6 7 8,1,15,,38231,3,0,5 6 7 8,1,15,,38232,3,0,5 6 7 8,1,15,,38233,3,0,5 6 7 8,1,55,,38234,3,0,5 6 7 8,1,15,,38235,3,0,5 6 7 8,1,15,,38236,3,0,5 6 7 8,1,15,,38237,3,0,5 6 7 8,1,55,,38238,3,0,5 6 7 8,1,15,,38239,3,0,5 6 7 8,1,15,,38240,3,0,5 6 7 8,1,15,,38241,3,0,5 6 7 8,1,55,,38242,3,0,5 6 7 8,1,15,,38243,3,0,5 6 7 8,1,15,,38244,3,0,5 6 7 8,1,15,,38245,3,0,5 6 7 8,1,55,,38246,3,0,5 6 7 8,1,15,,38247,3,0,5 6 7 8,1,15,,38248,3,0,5 6 7 8,1,15,,38249,3,0,5 6 7 8,1,55,,38250,3,0,5 6 7 8,1,15,,38251,3,0,5 6 7 8,1,15,,38252,3,0,5 6 7 8,1,15,,38253,3,0,5 6 7 8,1,55,,38254,3,0,5 6 7 8,1,15,,38255,3,0,5 6 7 8,1,15,,38256,3,0,5 6 7 8,1
18002200,'022R-Sunday-6-26-09',548,,38279,3,0,5 6 7 8,1,55,,38280,3,0,5 6 7 8,1,15,,38281,3,0,5 6 7 8,1,15,,38282,3,0,5 6 7 8,1,15,,38283,3,0,5 6 7 8,1,55,,38284,3,0,5 6 7 8,1,15,,38285,3,0,5 6 7 8,1,15,,38286,3,0,5 6 7 8,1,15,,38287,3,0,5 6 7 8,1,55,,38288,3,0,5 6 7 8,1,15,,38289,3,0,5 6 7 8,1,15,,38290,3,0,5 6 7 8,1,15,,38291,3,0,5 6 7 8,1,55,,38292,3,0,5 6 7 8,1,15,,38293,3,0,5 6 7 8,1,15,,38294,3,0,5 6 7 8,1,15,,38295,3,0,5 6 7 8,1,55,,38296,3,0,5 6 7 8,1,15,,38297,3,0,5 6 7 8,1,15,,38298,3,0,5 6 7 8,1,15,,38299,3,0,5 6 7 8,1,55,,38300,3,0,5 6 7 8,1,15,,38301,3,0,5 6 7 8,1,15,,38302,3,0,5 6 7 8,1,15,,38303,3,0,5 6 7 8,1,55,,38304,3,0,5 6 7 8,1,15,,38305,3,0,5 6 7 8,1,15,,38306,3,0,5 6 7 8,1,15,,38307,3,0,5 6 7 8,1,55,,38308,3,0,5 6 7 8,1,15,,38309,3,0,5 6 7 8,1,15,,38310,3,0,5 6 7 8,1,15,,38311,3,0,5 6 7 8,1,55,,38312,3,0,5 6 7 8,1,15,,38313,3,0,5 6 7 8,1,15,,38314,3,0,5 6 7 8,1,15,,38315,3,0,5 6 7 8,1,55,,38316,3,0,5 6 7 8,1,15,,38317,3,0,5 6 7 8,1,15,,38318,3,0,5 6 7 8,1,15,,38319,3,0,5 6 7 8,1,55,,38320,3,0,5 6 7 8,1,15,,38321,3,0,5 6 7 8,1,15,,38322,3,0,5 6 7 8,1,15,,38323,3,0,5 6 7 8,1,55,,38324,3,0,5 6 7 8,1,15,,38325,3,0,5 6 7 8,1,15,,38326,3,0,5 6 7 8,1,15,,38327,3,0,5 6 7 8,1,55,,38328,3,0,5 6 7 8,1,15,,38329,3,0,5 6 7 8,1,15,,38257,6,,,1,15,,38258,6,,,1,55,,38259,6,,,1,15,,38260,6,,,1,15,,38261,6,,,1,15,,38262,6,,,1,55,,38263,6,,,1,15,,38264,6,,,1,15,,38265,6,,,1,15,,38266,6,,,1,55,,38267,6,,,1,15,,38268,6,,,1,15,,38269,6,,,1,15,,38270,6,,,1,55,,38271,6,,,1,15,,38272,6,,,1,15,,38273,6,,,1,15,,38274,6,,,1,55,,38275,6,,,1,15,,38276,6,,,1,15,,38277,6,,,1,15,,38278,6,,,1
