18002301,'20260913-Sunday-1-26-09',519,,35104,3,,,1,15,,35120,3,,,1,15,,35058,3,,,1,55,,35074,3,,,1,15,,35089,3,,,1,15,,35105,3,,,1,15,,35121,3,,,1,55,,35059,3,,,1,15,,35075,3,,,1,15,,35090,3,,,1,15,,35106,3,,,1,55,,35122,3,,,1,15,,35060,3,,,1,15,,35076,3,,,1,15,,35091,3,,,1,55,,35107,3,,,1,15,,35123,3,,,1,15,,35061,3,,,1,15,,35077,3,,,1,55,,35092,3,,,1,15,,35108,3,,,1,15,,35124,3,,,1,15,,35062,3,,,1,55,,35078,3,,,1,15,,35093,3,,,1,15,,35109,3,,,1,15,,35125,3,,,1,55,,35063,3,,,1,15,,35079,3,,,1,15,,35094,3,,,1,15,,35110,3,,,1,55,,35126,3,,,1,15,,35064,3,,,1,15,,35080,3,,,1,15,,35095,3,,,1,55,,35111,3,,,1,15,,35127,3,,,1,15,,35065,3,,,1,15,,35081,3,,,1,55,,35096,3,,,1,15,,35112,3,,,1,15,,35128,3,,,1,15,,35066,3,,,1,55,,35082,3,,,1,15,,35097,3,,,1,15,,35113,3,,,1,15,,35129,3,,,1,55,,35067,3,,,1,15,,35083,3,,,1,15,,35098,3,,,1,15,,35114,3,,,1,55,,35130,3,,,1,15,,35068,3,,,1,15,,35084,3,,,1,15,,35099,3,,,1,55,,35115,3,,,1,15,,35131,3,,,1,15,,35069,3,,,1,15,,35085,3,,,1,55,,35100,3,,,1,15,,35116,3,,,1,15,,35132,3,,,1,15,,35070,3,,,1,55,,35086,3,,,1,15,,35101,3,,,1,15,,35117,3,,,1,15,,35133,3,,,1,55,,35071,3,,,1,15,,35087,3,,,1,15,,35102,3,,,1,15,,35118,3,,,1,55,,35134,3,,,1,15,,35072,3,,,1,15,,35088,3,,,1,15,,35103,3,,,1,55,,35119,3,,,1,15,,35135,3,,,1,15,,35073,3,,,1
18002301,'20260914-Weekday-1-26-09',518,,35182,3,,,1,10,,35200,3,,,1,10,,35136,3,,,1,10,,35159,3,,,1,10,,35148,3,,,1,45,,35275,3,,,1,5,,35171,3,,,1,5,,35259,3,,,1,5,,35215,3,,,1,5,,35292,3,,,1,5,,35183,3,,,1,5,,35201,3,,,1,5,,35232,3,,,1,5,,35137,3,,,1,5,,35243,3,,,1,5,,35160,3,,,1,5,,35251,3,,,1,45,,35149,3,,,1,5,,35276,3,,,1,5,,35172,3,,,1,5,,35260,3,,,1,5,,35216,3,,,1,5,,35293,3,,,1,5,,35184,3,,,1,5,,35202,3,,,1,5,,35233,3,,,1,5,,35138,3,,,1,5,,35244,3,,,1,5,,35161,3,,,1,45,,35252,3,,,1,5,,35150,3,,,1,5,,35277,3,,,1,5,,35173,3,,,1,5,,35261,3,,,1,5,,35217,3,,,1,5,,35294,3,,,1,5,,35185,3,,,1,5,,35203,3,,,1,5,,35234,3,,,1,5,,35139,3,,,1,5,,35245,3,,,1,45,,35162,3,,,1,5,,35253,3,,,1,5,,35151,3,,,1,5,,35278,3,,,1,5,,35174,3,,,1,5,,35262,3,,,1,5,,35218,3,,,1,5,,35295,3,,,1,5,,35186,3,,,1,5,,35204,3,,,1,5,,35235,3,,,1,5,,35140,3,,,1,46,,35246,3,,,1,10,,35163,3,,,1,10,,35279,3,,,1,10,,35263,3,,,1,10,,35219,3,,,1,10,,35187,3,,,1,50,,35236,3,,,1,10,,35141,3,,,1,10,,35164,3,,,1,10,,35280,3,,,1,10,,35264,3,,,1,10,,35220,3,,,1,50,,35188,3,,,1,10,,35237,3,,,1,10,,35142,3,,,1,10,,35165,3,,,1,10,,35281,3,,,1,10,,35265,3,,,1,50,,35221,3,,,1,10,,35189,3,,,1,10,,35238,3,,,1,10,,35143,3,,,1,10,,35166,3,,,1,10,,35282,3,,,1,49,,35254,3,,,1,5,,35152,3,,,1,5,,35222,3,,,1,5,,35296,3,,,1,5,,35190,3,,,1,5,,35205,3,,,1,5,,35239,3,,,1,5,,35266,3,,,1,5,,35247,3,,,1,5,,35144,3,,,1,5,,35175,3,,,1,5,,35167,3,,,1,45,,35283,3,,,1,5,,35255,3,,,1,5,,35153,3,,,1,5,,35223,3,,,1,5,,35297,3,,,1,5,,35191,3,,,1,5,,35206,3,,,1,5,,35240,3,,,1,5,,35267,3,,,1,5,,35248,3,,,1,5,,35145,3,,,1,5,,35176,3,,,1,45,,35168,3,,,1,5,,35284,3,,,1,5,,35256,3,,,1,5,,35154,3,,,1,5,,35224,3,,,1,5,,35298,3,,,1,5,,35192,3,,,1,5,,35207,3,,,1,5,,35241,3,,,1,5,,35268,3,,,1,5,,35249,3,,,1,5,,35146,3,,,1,45,,35177,3,,,1,5,,35169,3,,,1,5,,35285,3,,,1,5,,35257,3,,,1,5,,35155,3,,,1,5,,35225,3,,,1,5,,35299,3,,,1,5,,35193,3,,,1,5,,35208,3,,,1,5,,35242,3,,,1,5,,35269,3,,,1,5,,35250,3,,,1,45,,35147,3,,,1,5,,35178,3,,,1,5,,35170,3,,,1,5,,35286,3,,,1,5,,35258,3,,,1,5,,35156,3,,,1,11,,35226,3,,,1,10,,35194,3,,,1,10,,35209,3,,,1,50,,35270,3,,,1,10,,35179,3,,,1,10,,35287,3,,,1,10,,35157,3,,,1,10,,35227,3,,,1,10,,35195,3,,,1,50,,35210,3,,,1,10,,35271,3,,,1,10,,35180,3,,,1,10,,35288,3,,,1,10,,35158,3,,,1,10,,35228,3,,,1,50,,35196,3,,,1,10,,35211,3,,,1,10,,35272,3,,,1,10,,35181,3,,,1,15,,35289,3,,,1,55,,35229,3,,,1,15,,35197,3,,,1,15,,35212,3,,,1,15,,35273,3,,,1,55,,35290,3,,,1,15,,35230,3,,,1,15,,35198,3,,,1,15,,35213,3,,,1,55,,35274,3,,,1,15,,35291,3,,,1,15,,35231,3,,,1,15,,35199,3,,,1,55,,35214,3,,,1
18002301,'20260914-Weekday-2-26-09',518,,35346,3,,,1,10,,35364,3,,,1,10,,35300,3,,,1,10,,35323,3,,,1,10,,35312,3,,,1,45,,35439,3,,,1,5,,35335,3,,,1,5,,35423,3,,,1,5,,35379,3,,,1,5,,35456,3,,,1,5,,35347,3,,,1,5,,35365,3,,,1,5,,35396,3,,,1,5,,35301,3,,,1,5,,35407,3,,,1,5,,35324,3,,,1,5,,35415,3,,,1,45,,35313,3,,,1,5,,35440,3,,,1,5,,35336,3,,,1,5,,35424,3,,,1,5,,35380,3,,,1,5,,35457,3,,,1,5,,35348,3,,,1,5,,35366,3,,,1,5,,35397,3,,,1,5,,35302,3,,,1,5,,35408,3,,,1,5,,35325,3,,,1,45,,35416,3,,,1,5,,35314,3,,,1,5,,35441,3,,,1,5,,35337,3,,,1,5,,35425,3,,,1,5,,35381,3,,,1,5,,35458,3,,,1,5,,35349,3,,,1,5,,35367,3,,,1,5,,35398,3,,,1,5,,35303,3,,,1,5,,35409,3,,,1,45,,35326,3,,,1,5,,35417,3,,,1,5,,35315,3,,,1,5,,35442,3,,,1,5,,35338,3,,,1,5,,35426,3,,,1,5,,35382,3,,,1,5,,35459,3,,,1,5,,35350,3,,,1,5,,35368,3,,,1,5,,35399,3,,,1,5,,35304,3,,,1,46,,35410,3,,,1,10,,35327,3,,,1,10,,35443,3,,,1,10,,35427,3,,,1,10,,35383,3,,,1,10,,35351,3,,,1,50,,35400,3,,,1,10,,35305,3,,,1,10,,35328,3,,,1,10,,35444,3,,,1,10,,35428,3,,,1,10,,35384,3,,,1,50,,35352,3,,,1,10,,35401,3,,,1,10,,35306,3,,,1,10,,35329,3,,,1,10,,35445,3,,,1,10,,35429,3,,,1,50,,35385,3,,,1,10,,35353,3,,,1,10,,35402,3,,,1,10,,35307,3,,,1,10,,35330,3,,,1,10,,35446,3,,,1,49,,35418,3,,,1,5,,35316,3,,,1,5,,35386,3,,,1,5,,35460,3,,,1,5,,35354,3,,,1,5,,35369,3,,,1,5,,35403,3,,,1,5,,35430,3,,,1,5,,35411,3,,,1,5,,35308,3,,,1,5,,35339,3,,,1,5,,35331,3,,,1,45,,35447,3,,,1,5,,35419,3,,,1,5,,35317,3,,,1,5,,35387,3,,,1,5,,35461,3,,,1,5,,35355,3,,,1,5,,35370,3,,,1,5,,35404,3,,,1,5,,35431,3,,,1,5,,35412,3,,,1,5,,35309,3,,,1,5,,35340,3,,,1,45,,35332,3,,,1,5,,35448,3,,,1,5,,35420,3,,,1,5,,35318,3,,,1,5,,35388,3,,,1,5,,35462,3,,,1,5,,35356,3,,,1,5,,35371,3,,,1,5,,35405,3,,,1,5,,35432,3,,,1,5,,35413,3,,,1,5,,35310,3,,,1,45,,35341,3,,,1,5,,35333,3,,,1,5,,35449,3,,,1,5,,35421,3,,,1,5,,35319,3,,,1,5,,35389,3,,,1,5,,35463,3,,,1,5,,35357,3,,,1,5,,35372,3,,,1,5,,35406,3,,,1,5,,35433,3,,,1,5,,35414,3,,,1,45,,35311,3,,,1,5,,35342,3,,,1,5,,35334,3,,,1,5,,35450,3,,,1,5,,35422,3,,,1,5,,35320,3,,,1,11,,35390,3,,,1,10,,35358,3,,,1,10,,35373,3,,,1,50,,35434,3,,,1,10,,35343,3,,,1,10,,35451,3,,,1,10,,35321,3,,,1,10,,35391,3,,,1,10,,35359,3,,,1,50,,35374,3,,,1,10,,35435,3,,,1,10,,35344,3,,,1,10,,35452,3,,,1,10,,35322,3,,,1,10,,35392,3,,,1,50,,35360,3,,,1,10,,35375,3,,,1,10,,35436,3,,,1,10,,35345,3,,,1,15,,35453,3,,,1,55,,35393,3,,,1,15,,35361,3,,,1,15,,35376,3,,,1,15,,35437,3,,,1,55,,35454,3,,,1,15,,35394,3,,,1,15,,35362,3,,,1,15,,35377,3,,,1,55,,35438,3,,,1,15,,35455,3,,,1,15,,35395,3,,,1,15,,35363,3,,,1,55,,35378,3,,,1
18002301,'20260914-Weekday-3-26-09',518,,39882,3,,,1,10,,39900,3,,,1,10,,39836,3,,,1,10,,39859,3,,,1,10,,39848,3,,,1,45,,39975,3,,,1,5,,39871,3,,,1,5,,39959,3,,,1,5,,39915,3,,,1,5,,39992,3,,,1,5,,39883,3,,,1,5,,39901,3,,,1,5,,39932,3,,,1,5,,39837,3,,,1,5,,39943,3,,,1,5,,39860,3,,,1,5,,39951,3,,,1,45,,39849,3,,,1,5,,39976,3,,,1,5,,39872,3,,,1,5,,39960,3,,,1,5,,39916,3,,,1,5,,39993,3,,,1,5,,39884,3,,,1,5,,39902,3,,,1,5,,39933,3,,,1,5,,39838,3,,,1,5,,39944,3,,,1,5,,39861,3,,,1,45,,39952,3,,,1,5,,39850,3,,,1,5,,39977,3,,,1,5,,39873,3,,,1,5,,39961,3,,,1,5,,39917,3,,,1,5,,39994,3,,,1,5,,39885,3,,,1,5,,39903,3,,,1,5,,39934,3,,,1,5,,39839,3,,,1,5,,39945,3,,,1,45,,39862,3,,,1,5,,39953,3,,,1,5,,39851,3,,,1,5,,39978,3,,,1,5,,39874,3,,,1,5,,39962,3,,,1,5,,39918,3,,,1,5,,39995,3,,,1,5,,39886,3,,,1,5,,39904,3,,,1,5,,39935,3,,,1,5,,39840,3,,,1,46,,39946,3,,,1,10,,39863,3,,,1,10,,39979,3,,,1,10,,39963,3,,,1,10,,39919,3,,,1,10,,39887,3,,,1,50,,39936,3,,,1,10,,39841,3,,,1,10,,39864,3,,,1,10,,39980,3,,,1,10,,39964,3,,,1,10,,39920,3,,,1,50,,39888,3,,,1,10,,39937,3,,,1,10,,39842,3,,,1,10,,39865,3,,,1,10,,39981,3,,,1,10,,39965,3,,,1,50,,39921,3,,,1,10,,39889,3,,,1,10,,39938,3,,,1,10,,39843,3,,,1,10,,39866,3,,,1,10,,39982,3,,,1,49,,39954,3,,,1,5,,39852,3,,,1,5,,39922,3,,,1,5,,39996,3,,,1,5,,39890,3,,,1,5,,39905,3,,,1,5,,39939,3,,,1,5,,39966,3,,,1,5,,39947,3,,,1,5,,39844,3,,,1,5,,39875,3,,,1,5,,39867,3,,,1,45,,39983,3,,,1,5,,39955,3,,,1,5,,39853,3,,,1,5,,39923,3,,,1,5,,39997,3,,,1,5,,39891,3,,,1,5,,39906,3,,,1,5,,39940,3,,,1,5,,39967,3,,,1,5,,39948,3,,,1,5,,39845,3,,,1,5,,39876,3,,,1,45,,39868,3,,,1,5,,39984,3,,,1,5,,39956,3,,,1,5,,39854,3,,,1,5,,39924,3,,,1,5,,39998,3,,,1,5,,39892,3,,,1,5,,39907,3,,,1,5,,39941,3,,,1,5,,39968,3,,,1,5,,39949,3,,,1,5,,39846,3,,,1,45,,39877,3,,,1,5,,39869,3,,,1,5,,39985,3,,,1,5,,39957,3,,,1,5,,39855,3,,,1,5,,39925,3,,,1,5,,39999,3,,,1,5,,39893,3,,,1,5,,39908,3,,,1,5,,39942,3,,,1,5,,39969,3,,,1,5,,39950,3,,,1,45,,39847,3,,,1,5,,39878,3,,,1,5,,39870,3,,,1,5,,39986,3,,,1,5,,39958,3,,,1,5,,39856,3,,,1,11,,39926,3,,,1,10,,39894,3,,,1,10,,39909,3,,,1,50,,39970,3,,,1,10,,39879,3,,,1,10,,39987,3,,,1,10,,39857,3,,,1,10,,39927,3,,,1,10,,39895,3,,,1,50,,39910,3,,,1,10,,39971,3,,,1,10,,39880,3,,,1,10,,39988,3,,,1,10,,39858,3,,,1,10,,39928,3,,,1,50,,39896,3,,,1,10,,39911,3,,,1,10,,39972,3,,,1,10,,39881,3,,,1,15,,39989,3,,,1,55,,39929,3,,,1,15,,39897,3,,,1,15,,39912,3,,,1,15,,39973,3,,,1,55,,39990,3,,,1,15,,39930,3,,,1,15,,39898,3,,,1,15,,39913,3,,,1,55,,39974,3,,,1,15,,39991,3,,,1,15,,39931,3,,,1,15,,39899,3,,,1,55,,39914,3,,,1
18002301,'20260914-Weekday-4-26-09',518,,35510,3,,,1,10,,35528,3,,,1,10,,35464,3,,,1,10,,35487,3,,,1,10,,35476,3,,,1,45,,35603,3,,,1,5,,35499,3,,,1,5,,35587,3,,,1,5,,35543,3,,,1,5,,35620,3,,,1,5,,35511,3,,,1,5,,35529,3,,,1,5,,35560,3,,,1,5,,35465,3,,,1,5,,35571,3,,,1,5,,35488,3,,,1,5,,35579,3,,,1,45,,35477,3,,,1,5,,35604,3,,,1,5,,35500,3,,,1,5,,35588,3,,,1,5,,35544,3,,,1,5,,35621,3,,,1,5,,35512,3,,,1,5,,35530,3,,,1,5,,35561,3,,,1,5,,35466,3,,,1,5,,35572,3,,,1,5,,35489,3,,,1,45,,35580,3,,,1,5,,35478,3,,,1,5,,35605,3,,,1,5,,35501,3,,,1,5,,35589,3,,,1,5,,35545,3,,,1,5,,35622,3,,,1,5,,35513,3,,,1,5,,35531,3,,,1,5,,35562,3,,,1,5,,35467,3,,,1,5,,35573,3,,,1,45,,35490,3,,,1,5,,35581,3,,,1,5,,35479,3,,,1,5,,35606,3,,,1,5,,35502,3,,,1,5,,35590,3,,,1,5,,35546,3,,,1,5,,35623,3,,,1,5,,35514,3,,,1,5,,35532,3,,,1,5,,35563,3,,,1,5,,35468,3,,,1,46,,35574,3,,,1,10,,35491,3,,,1,10,,35607,3,,,1,10,,35591,3,,,1,10,,35547,3,,,1,10,,35515,3,,,1,50,,35564,3,,,1,10,,35469,3,,,1,10,,35492,3,,,1,10,,35608,3,,,1,10,,35592,3,,,1,10,,35548,3,,,1,50,,35516,3,,,1,10,,35565,3,,,1,10,,35470,3,,,1,10,,35493,3,,,1,10,,35609,3,,,1,10,,35593,3,,,1,50,,35549,3,,,1,10,,35517,3,,,1,10,,35566,3,,,1,10,,35471,3,,,1,10,,35494,3,,,1,10,,35610,3,,,1,49,,35582,3,,,1,5,,35480,3,,,1,5,,35550,3,,,1,5,,35624,3,,,1,5,,35518,3,,,1,5,,35533,3,,,1,5,,35567,3,,,1,5,,35594,3,,,1,5,,35575,3,,,1,5,,35472,3,,,1,5,,35503,3,,,1,5,,35495,3,,,1,45,,35611,3,,,1,5,,35583,3,,,1,5,,35481,3,,,1,5,,35551,3,,,1,5,,35625,3,,,1,5,,35519,3,,,1,5,,35534,3,,,1,5,,35568,3,,,1,5,,35595,3,,,1,5,,35576,3,,,1,5,,35473,3,,,1,5,,35504,3,,,1,45,,35496,3,,,1,5,,35612,3,,,1,5,,35584,3,,,1,5,,35482,3,,,1,5,,35552,3,,,1,5,,35626,3,,,1,5,,35520,3,,,1,5,,35535,3,,,1,5,,35569,3,,,1,5,,35596,3,,,1,5,,35577,3,,,1,5,,35474,3,,,1,45,,35505,3,,,1,5,,35497,3,,,1,5,,35613,3,,,1,5,,35585,3,,,1,5,,35483,3,,,1,5,,35553,3,,,1,5,,35627,3,,,1,5,,35521,3,,,1,5,,35536,3,,,1,5,,35570,3,,,1,5,,35597,3,,,1,5,,35578,3,,,1,45,,35475,3,,,1,5,,35506,3,,,1,5,,35498,3,,,1,5,,35614,3,,,1,5,,35586,3,,,1,5,,35484,3,,,1,11,,35554,3,,,1,10,,35522,3,,,1,10,,35537,3,,,1,50,,35598,3,,,1,10,,35507,3,,,1,10,,35615,3,,,1,10,,35485,3,,,1,10,,35555,3,,,1,10,,35523,3,,,1,50,,35538,3,,,1,10,,35599,3,,,1,10,,35508,3,,,1,10,,35616,3,,,1,10,,35486,3,,,1,10,,35556,3,,,1,50,,35524,3,,,1,10,,35539,3,,,1,10,,35600,3,,,1,10,,35509,3,,,1,15,,35617,3,,,1,55,,35557,3,,,1,15,,35525,3,,,1,15,,35540,3,,,1,15,,35601,3,,,1,55,,35618,3,,,1,15,,35558,3,,,1,15,,35526,3,,,1,15,,35541,3,,,1,55,,35602,3,,,1,15,,35619,3,,,1,15,,35559,3,,,1,15,,35527,3,,,1,55,,35542,3,,,1
18002301,'20260914-Weekday-5-26-09',518,,40046,3,,,1,10,,40064,3,,,1,10,,40000,3,,,1,10,,40023,3,,,1,10,,40012,3,,,1,45,,40139,3,,,1,5,,40035,3,,,1,5,,40123,3,,,1,5,,40079,3,,,1,5,,40156,3,,,1,5,,40047,3,,,1,5,,40065,3,,,1,5,,40096,3,,,1,5,,40001,3,,,1,5,,40107,3,,,1,5,,40024,3,,,1,5,,40115,3,,,1,45,,40013,3,,,1,5,,40140,3,,,1,5,,40036,3,,,1,5,,40124,3,,,1,5,,40080,3,,,1,5,,40157,3,,,1,5,,40048,3,,,1,5,,40066,3,,,1,5,,40097,3,,,1,5,,40002,3,,,1,5,,40108,3,,,1,5,,40025,3,,,1,45,,40116,3,,,1,5,,40014,3,,,1,5,,40141,3,,,1,5,,40037,3,,,1,5,,40125,3,,,1,5,,40081,3,,,1,5,,40158,3,,,1,5,,40049,3,,,1,5,,40067,3,,,1,5,,40098,3,,,1,5,,40003,3,,,1,5,,40109,3,,,1,45,,40026,3,,,1,5,,40117,3,,,1,5,,40015,3,,,1,5,,40142,3,,,1,5,,40038,3,,,1,5,,40126,3,,,1,5,,40082,3,,,1,5,,40159,3,,,1,5,,40050,3,,,1,5,,40068,3,,,1,5,,40099,3,,,1,5,,40004,3,,,1,46,,40110,3,,,1,10,,40027,3,,,1,10,,40143,3,,,1,10,,40127,3,,,1,10,,40083,3,,,1,10,,40051,3,,,1,50,,40100,3,,,1,10,,40005,3,,,1,10,,40028,3,,,1,10,,40144,3,,,1,10,,40128,3,,,1,10,,40084,3,,,1,50,,40052,3,,,1,10,,40101,3,,,1,10,,40006,3,,,1,10,,40029,3,,,1,10,,40145,3,,,1,10,,40129,3,,,1,50,,40085,3,,,1,10,,40053,3,,,1,10,,40102,3,,,1,10,,40007,3,,,1,10,,40030,3,,,1,10,,40146,3,,,1,49,,40118,3,,,1,5,,40016,3,,,1,5,,40086,3,,,1,5,,40160,3,,,1,5,,40054,3,,,1,5,,40069,3,,,1,5,,40103,3,,,1,5,,40130,3,,,1,5,,40111,3,,,1,5,,40008,3,,,1,5,,40039,3,,,1,5,,40031,3,,,1,45,,40147,3,,,1,5,,40119,3,,,1,5,,40017,3,,,1,5,,40087,3,,,1,5,,40161,3,,,1,5,,40055,3,,,1,5,,40070,3,,,1,5,,40104,3,,,1,5,,40131,3,,,1,5,,40112,3,,,1,5,,40009,3,,,1,5,,40040,3,,,1,45,,40032,3,,,1,5,,40148,3,,,1,5,,40120,3,,,1,5,,40018,3,,,1,5,,40088,3,,,1,5,,40162,3,,,1,5,,40056,3,,,1,5,,40071,3,,,1,5,,40105,3,,,1,5,,40132,3,,,1,5,,40113,3,,,1,5,,40010,3,,,1,45,,40041,3,,,1,5,,40033,3,,,1,5,,40149,3,,,1,5,,40121,3,,,1,5,,40019,3,,,1,5,,40089,3,,,1,5,,40163,3,,,1,5,,40057,3,,,1,5,,40072,3,,,1,5,,40106,3,,,1,5,,40133,3,,,1,5,,40114,3,,,1,45,,40011,3,,,1,5,,40042,3,,,1,5,,40034,3,,,1,5,,40150,3,,,1,5,,40122,3,,,1,5,,40020,3,,,1,11,,40090,3,,,1,10,,40058,3,,,1,10,,40073,3,,,1,50,,40134,3,,,1,10,,40043,3,,,1,10,,40151,3,,,1,10,,40021,3,,,1,10,,40091,3,,,1,10,,40059,3,,,1,50,,40074,3,,,1,10,,40135,3,,,1,10,,40044,3,,,1,10,,40152,3,,,1,10,,40022,3,,,1,10,,40092,3,,,1,50,,40060,3,,,1,10,,40075,3,,,1,10,,40136,3,,,1,10,,40045,3,,,1,15,,40153,3,,,1,55,,40093,3,,,1,15,,40061,3,,,1,15,,40076,3,,,1,15,,40137,3,,,1,55,,40154,3,,,1,15,,40094,3,,,1,15,,40062,3,,,1,15,,40077,3,,,1,55,,40138,3,,,1,15,,40155,3,,,1,15,,40095,3,,,1,15,,40063,3,,,1,55,,40078,3,,,1
18002301,'20260914-Weekday-6-26-09',518,,40210,3,,,1,10,,40228,3,,,1,10,,40164,3,,,1,10,,40187,3,,,1,10,,40176,3,,,1,45,,40303,3,,,1,5,,40199,3,,,1,5,,40287,3,,,1,5,,40243,3,,,1,5,,40320,3,,,1,5,,40211,3,,,1,5,,40229,3,,,1,5,,40260,3,,,1,5,,40165,3,,,1,5,,40271,3,,,1,5,,40188,3,,,1,5,,40279,3,,,1,45,,40177,3,,,1,5,,40304,3,,,1,5,,40200,3,,,1,5,,40288,3,,,1,5,,40244,3,,,1,5,,40321,3,,,1,5,,40212,3,,,1,5,,40230,3,,,1,5,,40261,3,,,1,5,,40166,3,,,1,5,,40272,3,,,1,5,,40189,3,,,1,45,,40280,3,,,1,5,,40178,3,,,1,5,,40305,3,,,1,5,,40201,3,,,1,5,,40289,3,,,1,5,,40245,3,,,1,5,,40322,3,,,1,5,,40213,3,,,1,5,,40231,3,,,1,5,,40262,3,,,1,5,,40167,3,,,1,5,,40273,3,,,1,45,,40190,3,,,1,5,,40281,3,,,1,5,,40179,3,,,1,5,,40306,3,,,1,5,,40202,3,,,1,5,,40290,3,,,1,5,,40246,3,,,1,5,,40323,3,,,1,5,,40214,3,,,1,5,,40232,3,,,1,5,,40263,3,,,1,5,,40168,3,,,1,46,,40274,3,,,1,10,,40191,3,,,1,10,,40307,3,,,1,10,,40291,3,,,1,10,,40247,3,,,1,10,,40215,3,,,1,50,,40264,3,,,1,10,,40169,3,,,1,10,,40192,3,,,1,10,,40308,3,,,1,10,,40292,3,,,1,10,,40248,3,,,1,50,,40216,3,,,1,10,,40265,3,,,1,10,,40170,3,,,1,10,,40193,3,,,1,10,,40309,3,,,1,10,,40293,3,,,1,50,,40249,3,,,1,10,,40217,3,,,1,10,,40266,3,,,1,10,,40171,3,,,1,10,,40194,3,,,1,10,,40310,3,,,1,49,,40282,3,,,1,5,,40180,3,,,1,5,,40250,3,,,1,5,,40324,3,,,1,5,,40218,3,,,1,5,,40233,3,,,1,5,,40267,3,,,1,5,,40294,3,,,1,5,,40275,3,,,1,5,,40172,3,,,1,5,,40203,3,,,1,5,,40195,3,,,1,45,,40311,3,,,1,5,,40283,3,,,1,5,,40181,3,,,1,5,,40251,3,,,1,5,,40325,3,,,1,5,,40219,3,,,1,5,,40234,3,,,1,5,,40268,3,,,1,5,,40295,3,,,1,5,,40276,3,,,1,5,,40173,3,,,1,5,,40204,3,,,1,45,,40196,3,,,1,5,,40312,3,,,1,5,,40284,3,,,1,5,,40182,3,,,1,5,,40252,3,,,1,5,,40326,3,,,1,5,,40220,3,,,1,5,,40235,3,,,1,5,,40269,3,,,1,5,,40296,3,,,1,5,,40277,3,,,1,5,,40174,3,,,1,45,,40205,3,,,1,5,,40197,3,,,1,5,,40313,3,,,1,5,,40285,3,,,1,5,,40183,3,,,1,5,,40253,3,,,1,5,,40327,3,,,1,5,,40221,3,,,1,5,,40236,3,,,1,5,,40270,3,,,1,5,,40297,3,,,1,5,,40278,3,,,1,45,,40175,3,,,1,5,,40206,3,,,1,5,,40198,3,,,1,5,,40314,3,,,1,5,,40286,3,,,1,5,,40184,3,,,1,11,,40254,3,,,1,10,,40222,3,,,1,10,,40237,3,,,1,50,,40298,3,,,1,10,,40207,3,,,1,10,,40315,3,,,1,10,,40185,3,,,1,10,,40255,3,,,1,10,,40223,3,,,1,50,,40238,3,,,1,10,,40299,3,,,1,10,,40208,3,,,1,10,,40316,3,,,1,10,,40186,3,,,1,10,,40256,3,,,1,50,,40224,3,,,1,10,,40239,3,,,1,10,,40300,3,,,1,10,,40209,3,,,1,15,,40317,3,,,1,55,,40257,3,,,1,15,,40225,3,,,1,15,,40240,3,,,1,15,,40301,3,,,1,55,,40318,3,,,1,15,,40258,3,,,1,15,,40226,3,,,1,15,,40241,3,,,1,55,,40302,3,,,1,15,,40319,3,,,1,15,,40259,3,,,1,15,,40227,3,,,1,55,,40242,3,,,1
18002301,'20260914-Weekday-7-26-09',518,,40374,3,,,1,10,,40392,3,,,1,10,,40328,3,,,1,10,,40351,3,,,1,10,,40340,3,,,1,45,,40467,3,,,1,5,,40363,3,,,1,5,,40451,3,,,1,5,,40407,3,,,1,5,,40484,3,,,1,5,,40375,3,,,1,5,,40393,3,,,1,5,,40424,3,,,1,5,,40329,3,,,1,5,,40435,3,,,1,5,,40352,3,,,1,5,,40443,3,,,1,45,,40341,3,,,1,5,,40468,3,,,1,5,,40364,3,,,1,5,,40452,3,,,1,5,,40408,3,,,1,5,,40485,3,,,1,5,,40376,3,,,1,5,,40394,3,,,1,5,,40425,3,,,1,5,,40330,3,,,1,5,,40436,3,,,1,5,,40353,3,,,1,45,,40444,3,,,1,5,,40342,3,,,1,5,,40469,3,,,1,5,,40365,3,,,1,5,,40453,3,,,1,5,,40409,3,,,1,5,,40486,3,,,1,5,,40377,3,,,1,5,,40395,3,,,1,5,,40426,3,,,1,5,,40331,3,,,1,5,,40437,3,,,1,45,,40354,3,,,1,5,,40445,3,,,1,5,,40343,3,,,1,5,,40470,3,,,1,5,,40366,3,,,1,5,,40454,3,,,1,5,,40410,3,,,1,5,,40487,3,,,1,5,,40378,3,,,1,5,,40396,3,,,1,5,,40427,3,,,1,5,,40332,3,,,1,46,,40438,3,,,1,10,,40355,3,,,1,10,,40471,3,,,1,10,,40455,3,,,1,10,,40411,3,,,1,10,,40379,3,,,1,50,,40428,3,,,1,10,,40333,3,,,1,10,,40356,3,,,1,10,,40472,3,,,1,10,,40456,3,,,1,10,,40412,3,,,1,50,,40380,3,,,1,10,,40429,3,,,1,10,,40334,3,,,1,10,,40357,3,,,1,10,,40473,3,,,1,10,,40457,3,,,1,50,,40413,3,,,1,10,,40381,3,,,1,10,,40430,3,,,1,10,,40335,3,,,1,10,,40358,3,,,1,10,,40474,3,,,1,49,,40446,3,,,1,5,,40344,3,,,1,5,,40414,3,,,1,5,,40488,3,,,1,5,,40382,3,,,1,5,,40397,3,,,1,5,,40431,3,,,1,5,,40458,3,,,1,5,,40439,3,,,1,5,,40336,3,,,1,5,,40367,3,,,1,5,,40359,3,,,1,45,,40475,3,,,1,5,,40447,3,,,1,5,,40345,3,,,1,5,,40415,3,,,1,5,,40489,3,,,1,5,,40383,3,,,1,5,,40398,3,,,1,5,,40432,3,,,1,5,,40459,3,,,1,5,,40440,3,,,1,5,,40337,3,,,1,5,,40368,3,,,1,45,,40360,3,,,1,5,,40476,3,,,1,5,,40448,3,,,1,5,,40346,3,,,1,5,,40416,3,,,1,5,,40490,3,,,1,5,,40384,3,,,1,5,,40399,3,,,1,5,,40433,3,,,1,5,,40460,3,,,1,5,,40441,3,,,1,5,,40338,3,,,1,45,,40369,3,,,1,5,,40361,3,,,1,5,,40477,3,,,1,5,,40449,3,,,1,5,,40347,3,,,1,5,,40417,3,,,1,5,,40491,3,,,1,5,,40385,3,,,1,5,,40400,3,,,1,5,,40434,3,,,1,5,,40461,3,,,1,5,,40442,3,,,1,45,,40339,3,,,1,5,,40370,3,,,1,5,,40362,3,,,1,5,,40478,3,,,1,5,,40450,3,,,1,5,,40348,3,,,1,11,,40418,3,,,1,10,,40386,3,,,1,10,,40401,3,,,1,50,,40462,3,,,1,10,,40371,3,,,1,10,,40479,3,,,1,10,,40349,3,,,1,10,,40419,3,,,1,10,,40387,3,,,1,50,,40402,3,,,1,10,,40463,3,,,1,10,,40372,3,,,1,10,,40480,3,,,1,10,,40350,3,,,1,10,,40420,3,,,1,50,,40388,3,,,1,10,,40403,3,,,1,10,,40464,3,,,1,10,,40373,3,,,1,15,,40481,3,,,1,55,,40421,3,,,1,15,,40389,3,,,1,15,,40404,3,,,1,15,,40465,3,,,1,55,,40482,3,,,1,15,,40422,3,,,1,15,,40390,3,,,1,15,,40405,3,,,1,55,,40466,3,,,1,15,,40483,3,,,1,15,,40423,3,,,1,15,,40391,3,,,1,55,,40406,3,,,1
18002301,'20260917-Holiday1-1-26-09',518,,35680,3,,,1,10,,35698,3,,,1,10,,35628,3,,,1,10,,35654,3,,,1,10,,35640,3,,,1,45,,35774,3,,,1,5,,35666,3,,,1,5,,35757,3,,,1,5,,35713,3,,,1,5,,35791,3,,,1,5,,35681,3,,,1,5,,35699,3,,,1,5,,35730,3,,,1,5,,35629,3,,,1,5,,35741,3,,,1,5,,35655,3,,,1,5,,35749,3,,,1,45,,35641,3,,,1,5,,35775,3,,,1,5,,35667,3,,,1,5,,35758,3,,,1,5,,35714,3,,,1,5,,35792,3,,,1,5,,35682,3,,,1,5,,35700,3,,,1,5,,35731,3,,,1,5,,35630,3,,,1,5,,35742,3,,,1,5,,35656,3,,,1,45,,35750,3,,,1,5,,35642,3,,,1,5,,35776,3,,,1,5,,35668,3,,,1,5,,35759,3,,,1,5,,35715,3,,,1,5,,35793,3,,,1,5,,35683,3,,,1,5,,35701,3,,,1,5,,35732,3,,,1,5,,35631,3,,,1,5,,35743,3,,,1,45,,35657,3,,,1,5,,35751,3,,,1,5,,35643,3,,,1,5,,35777,3,,,1,5,,35669,3,,,1,5,,35760,3,,,1,5,,35716,3,,,1,5,,35794,3,,,1,5,,35684,3,,,1,5,,35702,3,,,1,5,,35733,3,,,1,5,,35632,3,,,1,46,,35744,3,,,1,10,,35658,3,,,1,10,,35778,3,,,1,10,,35761,3,,,1,10,,35717,3,,,1,10,,35685,3,,,1,50,,35734,3,,,1,10,,35633,3,,,1,10,,35659,3,,,1,10,,35779,3,,,1,10,,35762,3,,,1,10,,35718,3,,,1,50,,35686,3,,,1,10,,35735,3,,,1,10,,35634,3,,,1,10,,35660,3,,,1,10,,35780,3,,,1,10,,35763,3,,,1,50,,35719,3,,,1,10,,35687,3,,,1,10,,35736,3,,,1,10,,35635,3,,,1,10,,35661,3,,,1,10,,35781,3,,,1,49,,35752,3,,,1,5,,35644,3,,,1,5,,35720,3,,,1,5,,35795,3,,,1,5,,35688,3,,,1,5,,35703,3,,,1,5,,35737,3,,,1,5,,35764,3,,,1,5,,35745,3,,,1,5,,35636,3,,,1,5,,35670,3,,,1,5,,35662,3,,,1,45,,35782,3,,,1,5,,35753,3,,,1,5,,35645,3,,,1,5,,35721,3,,,1,5,,35796,3,,,1,5,,35689,3,,,1,5,,35704,3,,,1,5,,35738,3,,,1,5,,35765,3,,,1,5,,35746,3,,,1,5,,35637,3,,,1,5,,35671,3,,,1,45,,35663,3,,,1,5,,35783,3,,,1,5,,35754,3,,,1,5,,35646,3,,,1,5,,35722,3,,,1,5,,35797,3,,,1,5,,35690,3,,,1,5,,35705,3,,,1,5,,35739,3,,,1,5,,35766,3,,,1,5,,35747,3,,,1,5,,35638,3,,,1,45,,35672,3,,,1,5,,35664,3,,,1,5,,35784,3,,,1,5,,35755,3,,,1,5,,35647,3,,,1,5,,35723,3,,,1,5,,35798,3,,,1,5,,35691,3,,,1,5,,35706,3,,,1,5,,35740,3,,,1,5,,35767,3,,,1,5,,35748,3,,,1,45,,35639,3,,,1,5,,35673,3,,,1,5,,35665,3,,,1,5,,35785,3,,,1,5,,35756,3,,,1,5,,35648,3,,,1,11,,35724,3,,,1,10,,35692,3,,,1,10,,35707,3,,,1,50,,35768,3,,,1,10,,35674,3,,,1,10,,35786,3,,,1,10,,35649,3,,,1,10,,35725,3,,,1,10,,35693,3,,,1,50,,35708,3,,,1,10,,35769,3,,,1,10,,35675,3,,,1,10,,35787,3,,,1,10,,35650,3,,,1,10,,35726,3,,,1,50,,35694,3,,,1,10,,35709,3,,,1,10,,35770,3,,,1,10,,35676,3,,,1,10,,35788,3,,,1,10,,35651,3,,,1,50,,35727,3,,,1,10,,35695,3,,,1,10,,35710,3,,,1,10,,35771,3,,,1,10,,35677,3,,,1,10,,35789,3,,,1,50,,35652,3,,,1,10,,35728,3,,,1,10,,35696,3,,,1,10,,35711,3,,,1,10,,35772,3,,,1,10,,35678,3,,,1,50,,35790,3,,,1,10,,35653,3,,,1,10,,35729,3,,,1,10,,35697,3,,,1,10,,35712,3,,,1,10,,35773,3,,,1,50,,35679,3,,,1
18002301,'20260919-Saturday-1-26-09',519,,35860,3,,,1,10,,35877,3,,,1,10,,35894,3,,,1,10,,35799,3,,,1,10,,35816,3,,,1,50,,35833,3,,,1,10,,35844,3,,,1,10,,35861,3,,,1,10,,35878,3,,,1,10,,35895,3,,,1,10,,35800,3,,,1,50,,35817,3,,,1,10,,35834,3,,,1,10,,35845,3,,,1,10,,35862,3,,,1,10,,35879,3,,,1,10,,35896,3,,,1,50,,35801,3,,,1,10,,35818,3,,,1,10,,35835,3,,,1,10,,35846,3,,,1,10,,35863,3,,,1,10,,35880,3,,,1,50,,35897,3,,,1,10,,35802,3,,,1,10,,35819,3,,,1,10,,35836,3,,,1,10,,35847,3,,,1,10,,35864,3,,,1,50,,35881,3,,,1,10,,35898,3,,,1,10,,35803,3,,,1,10,,35820,3,,,1,10,,35837,3,,,1,10,,35848,3,,,1,50,,35865,3,,,1,10,,35882,3,,,1,10,,35899,3,,,1,10,,35804,3,,,1,10,,35821,3,,,1,10,,35838,3,,,1,50,,35849,3,,,1,10,,35866,3,,,1,10,,35883,3,,,1,10,,35900,3,,,1,10,,35805,3,,,1,10,,35822,3,,,1,50,,35839,3,,,1,10,,35850,3,,,1,10,,35867,3,,,1,10,,35884,3,,,1,10,,35901,3,,,1,10,,35806,3,,,1,50,,35823,3,,,1,10,,35840,3,,,1,10,,35851,3,,,1,10,,35868,3,,,1,10,,35885,3,,,1,10,,35902,3,,,1,50,,35807,3,,,1,10,,35824,3,,,1,10,,35841,3,,,1,10,,35852,3,,,1,10,,35869,3,,,1,10,,35886,3,,,1,50,,35903,3,,,1,10,,35808,3,,,1,10,,35825,3,,,1,10,,35842,3,,,1,10,,35853,3,,,1,10,,35870,3,,,1,50,,35887,3,,,1,10,,35904,3,,,1,10,,35809,3,,,1,10,,35826,3,,,1,10,,35843,3,,,1,10,,35854,3,,,1,50,,35871,3,,,1,10,,35888,3,,,1,10,,35905,3,,,1,10,,35810,3,,,1,15,,35827,3,,,1,55,,35855,3,,,1,15,,35872,3,,,1,15,,35889,3,,,1,15,,35811,3,,,1,55,,35828,3,,,1,15,,35856,3,,,1,15,,35873,3,,,1,15,,35890,3,,,1,55,,35812,3,,,1,15,,35829,3,,,1,15,,35857,3,,,1,15,,35874,3,,,1,55,,35891,3,,,1,15,,35813,3,,,1,15,,35830,3,,,1,15,,35858,3,,,1,55,,35875,3,,,1,15,,35892,3,,,1,15,,35814,3,,,1,15,,35831,3,,,1,55,,35859,3,,,1,15,,35876,3,,,1,15,,35893,3,,,1,15,,35815,3,,,1,55,,35832,3,,,1
