18002101,'021R-Weekday-1-26-09',515,,32849,3,,,1,12,,32851,3,,,1,12,,32852,3,,,1,6,,32983,3,,,1,6,,32850,3,,,1,6,,32881,3,,,1,46,,32882,3,,,1,6,,32883,3,,,1,6,,32884,3,,,1,6,,32880,3,,,1,6,,32879,3,,,1,6,,32878,3,,,1,6,,32877,3,,,1,6,,32876,3,,,1,6,,32875,3,,,1,6,,32874,3,,,1,46,,32873,3,,,1,6,,32872,3,,,1,6,,32871,3,,,1,6,,32870,3,,,1,6,,32869,3,,,1,6,,32868,3,,,1,6,,32867,3,,,1,6,,32866,3,,,1,6,,32865,3,,,1,6,,32864,3,,,1,46,,32863,3,,,1,6,,32862,3,,,1,6,,32861,3,,,1,6,,32860,3,,,1,6,,32859,3,,,1,6,,32858,3,,,1,6,,32857,3,,,1,6,,32856,3,,,1,6,,32855,3,,,1,6,,32854,3,,,1,50,,32885,3,,,1,10,,32886,3,,,1,10,,32887,3,,,1,10,,32888,3,,,1,10,,32889,3,,,1,10,,32890,3,,,1,50,,32891,3,,,1,10,,32892,3,,,1,10,,32893,3,,,1,10,,32894,3,,,1,10,,32895,3,,,1,10,,32896,3,,,1,50,,32897,3,,,1,10,,32898,3,,,1,10,,32899,3,,,1,10,,32900,3,,,1,10,,32901,3,,,1,10,,32902,3,,,1,50,,32903,3,,,1,10,,32904,3,,,1,10,,32905,3,,,1,10,,32906,3,,,1,10,,32907,3,,,1,10,,32908,3,,,1,50,,32909,3,,,1,10,,32910,3,,,1,10,,32911,3,,,1,10,,32912,3,,,1,10,,32913,3,,,1,10,,32914,3,,,1,46,,32915,3,,,1,6,,32916,3,,,1,6,,32917,3,,,1,6,,32918,3,,,1,6,,32919,3,,,1,6,,32920,3,,,1,6,,32921,3,,,1,6,,32922,3,,,1,6,,32923,3,,,1,6,,32924,3,,,1,46,,32925,3,,,1,6,,32926,3,,,1,6,,32927,3,,,1,6,,32928,3,,,1,6,,32929,3,,,1,6,,32930,3,,,1,6,,32931,3,,,1,6,,32932,3,,,1,6,,32933,3,,,1,6,,32934,3,,,1,46,,32935,3,,,1,6,,32936,3,,,1,6,,32937,3,,,1,6,,32938,3,,,1,6,,32939,3,,,1,6,,32940,3,,,1,6,,32941,3,,,1,6,,32942,3,,,1,6,,32943,3,,,1,6,,32944,3,,,1,46,,32945,3,,,1,6,,32946,3,,,1,6,,32947,3,,,1,6,,32948,3,,,1,6,,32949,3,,,1,6,,32950,3,,,1,6,,32951,3,,,1,6,,32952,3,,,1,6,,32953,3,,,1,6,,32954,3,,,1,46,,32955,3,,,1,9,,32956,3,,,1,15,,32957,3,,,1,15,,32958,3,,,1,15,,32959,3,,,1,55,,32960,3,,,1,15,,32961,3,,,1,15,,32962,3,,,1,15,,32963,3,,,1,55,,32964,3,,,1,15,,32965,3,,,1,15,,32966,3,,,1,15,,32967,3,,,1,55,,32968,3,,,1,15,,32969,3,,,1,15,,32970,3,,,1,15,,32971,3,,,1,55,,32972,3,,,1,15,,32973,3,,,1,15,,32974,3,,,1,15,,32975,3,,,1,55,,32976,3,,,1,15,,32977,3,,,1,15,,32978,3,,,1,15,,32979,3,,,1,55,,32980,3,,,1,15,,32981,3,,,1,15,,32982,3,,,1,15,,32853,3,,,1
18002101,'021R-Weekday-2-26-09',515,,32984,3,,,1,12,,32986,3,,,1,12,,32987,3,,,1,6,,33118,3,,,1,6,,32985,3,,,1,6,,33016,3,,,1,46,,33017,3,,,1,6,,33018,3,,,1,6,,33019,3,,,1,6,,33015,3,,,1,6,,33014,3,,,1,6,,33013,3,,,1,6,,33012,3,,,1,6,,33011,3,,,1,6,,33010,3,,,1,6,,33009,3,,,1,46,,33008,3,,,1,6,,33007,3,,,1,6,,33006,3,,,1,6,,33005,3,,,1,6,,33004,3,,,1,6,,33003,3,,,1,6,,33002,3,,,1,6,,33001,3,,,1,6,,33000,3,,,1,6,,32999,3,,,1,46,,32998,3,,,1,6,,32997,3,,,1,6,,32996,3,,,1,6,,32995,3,,,1,6,,32994,3,,,1,6,,32993,3,,,1,6,,32992,3,,,1,6,,32991,3,,,1,6,,32990,3,,,1,6,,32989,3,,,1,50,,33020,3,,,1,10,,33021,3,,,1,10,,33022,3,,,1,10,,33023,3,,,1,10,,33024,3,,,1,10,,33025,3,,,1,50,,33026,3,,,1,10,,33027,3,,,1,10,,33028,3,,,1,10,,33029,3,,,1,10,,33030,3,,,1,10,,33031,3,,,1,50,,33032,3,,,1,10,,33033,3,,,1,10,,33034,3,,,1,10,,33035,3,,,1,10,,33036,3,,,1,10,,33037,3,,,1,50,,33038,3,,,1,10,,33039,3,,,1,10,,33040,3,,,1,10,,33041,3,,,1,10,,33042,3,,,1,10,,33043,3,,,1,50,,33044,3,,,1,10,,33045,3,,,1,10,,33046,3,,,1,10,,33047,3,,,1,10,,33048,3,,,1,10,,33049,3,,,1,46,,33050,3,,,1,6,,33051,3,,,1,6,,33052,3,,,1,6,,33053,3,,,1,6,,33054,3,,,1,6,,33055,3,,,1,6,,33056,3,,,1,6,,33057,3,,,1,6,,33058,3,,,1,6,,33059,3,,,1,46,,33060,3,,,1,6,,33061,3,,,1,6,,33062,3,,,1,6,,33063,3,,,1,6,,33064,3,,,1,6,,33065,3,,,1,6,,33066,3,,,1,6,,33067,3,,,1,6,,33068,3,,,1,6,,33069,3,,,1,46,,33070,3,,,1,6,,33071,3,,,1,6,,33072,3,,,1,6,,33073,3,,,1,6,,33074,3,,,1,6,,33075,3,,,1,6,,33076,3,,,1,6,,33077,3,,,1,6,,33078,3,,,1,6,,33079,3,,,1,46,,33080,3,,,1,6,,33081,3,,,1,6,,33082,3,,,1,6,,33083,3,,,1,6,,33084,3,,,1,6,,33085,3,,,1,6,,33086,3,,,1,6,,33087,3,,,1,6,,33088,3,,,1,6,,33089,3,,,1,46,,33090,3,,,1,9,,33091,3,,,1,15,,33092,3,,,1,15,,33093,3,,,1,15,,33094,3,,,1,55,,33095,3,,,1,15,,33096,3,,,1,15,,33097,3,,,1,15,,33098,3,,,1,55,,33099,3,,,1,15,,33100,3,,,1,15,,33101,3,,,1,15,,33102,3,,,1,55,,33103,3,,,1,15,,33104,3,,,1,15,,33105,3,,,1,15,,33106,3,,,1,55,,33107,3,,,1,15,,33108,3,,,1,15,,33109,3,,,1,15,,33110,3,,,1,55,,33111,3,,,1,15,,33112,3,,,1,15,,33113,3,,,1,15,,33114,3,,,1,55,,33115,3,,,1,15,,33116,3,,,1,15,,33117,3,,,1,15,,32988,3,,,1
18002101,'021R-Weekday-3-26-09',515,,36689,3,,,1,12,,36691,3,,,1,12,,36692,3,,,1,6,,36823,3,,,1,6,,36690,3,,,1,6,,36721,3,,,1,46,,36722,3,,,1,6,,36723,3,,,1,6,,36724,3,,,1,6,,36720,3,,,1,6,,36719,3,,,1,6,,36718,3,,,1,6,,36717,3,,,1,6,,36716,3,,,1,6,,36715,3,,,1,6,,36714,3,,,1,46,,36713,3,,,1,6,,36712,3,,,1,6,,36711,3,,,1,6,,36710,3,,,1,6,,36709,3,,,1,6,,36708,3,,,1,6,,36707,3,,,1,6,,36706,3,,,1,6,,36705,3,,,1,6,,36704,3,,,1,46,,36703,3,,,1,6,,36702,3,,,1,6,,36701,3,,,1,6,,36700,3,,,1,6,,36699,3,,,1,6,,36698,3,,,1,6,,36697,3,,,1,6,,36696,3,,,1,6,,36695,3,,,1,6,,36694,3,,,1,50,,36725,3,,,1,10,,36726,3,,,1,10,,36727,3,,,1,10,,36728,3,,,1,10,,36729,3,,,1,10,,36730,3,,,1,50,,36731,3,,,1,10,,36732,3,,,1,10,,36733,3,,,1,10,,36734,3,,,1,10,,36735,3,,,1,10,,36736,3,,,1,50,,36737,3,,,1,10,,36738,3,,,1,10,,36739,3,,,1,10,,36740,3,,,1,10,,36741,3,,,1,10,,36742,3,,,1,50,,36743,3,,,1,10,,36744,3,,,1,10,,36745,3,,,1,10,,36746,3,,,1,10,,36747,3,,,1,10,,36748,3,,,1,50,,36749,3,,,1,10,,36750,3,,,1,10,,36751,3,,,1,10,,36752,3,,,1,10,,36753,3,,,1,10,,36754,3,,,1,46,,36755,3,,,1,6,,36756,3,,,1,6,,36757,3,,,1,6,,36758,3,,,1,6,,36759,3,,,1,6,,36760,3,,,1,6,,36761,3,,,1,6,,36762,3,,,1,6,,36763,3,,,1,6,,36764,3,,,1,46,,36765,3,,,1,6,,36766,3,,,1,6,,36767,3,,,1,6,,36768,3,,,1,6,,36769,3,,,1,6,,36770,3,,,1,6,,36771,3,,,1,6,,36772,3,,,1,6,,36773,3,,,1,6,,36774,3,,,1,46,,36775,3,,,1,6,,36776,3,,,1,6,,36777,3,,,1,6,,36778,3,,,1,6,,36779,3,,,1,6,,36780,3,,,1,6,,36781,3,,,1,6,,36782,3,,,1,6,,36783,3,,,1,6,,36784,3,,,1,46,,36785,3,,,1,6,,36786,3,,,1,6,,36787,3,,,1,6,,36788,3,,,1,6,,36789,3,,,1,6,,36790,3,,,1,6,,36791,3,,,1,6,,36792,3,,,1,6,,36793,3,,,1,6,,36794,3,,,1,46,,36795,3,,,1,9,,36796,3,,,1,15,,36797,3,,,1,15,,36798,3,,,1,15,,36799,3,,,1,55,,36800,3,,,1,15,,36801,3,,,1,15,,36802,3,,,1,15,,36803,3,,,1,55,,36804,3,,,1,15,,36805,3,,,1,15,,36806,3,,,1,15,,36807,3,,,1,55,,36808,3,,,1,15,,36809,3,,,1,15,,36810,3,,,1,15,,36811,3,,,1,55,,36812,3,,,1,15,,36813,3,,,1,15,,36814,3,,,1,15,,36815,3,,,1,55,,36816,3,,,1,15,,36817,3,,,1,15,,36818,3,,,1,15,,36819,3,,,1,55,,36820,3,,,1,15,,36821,3,,,1,15,,36822,3,,,1,15,,36693,3,,,1
18002101,'021R-Weekday-4-26-09',515,,33119,3,,,1,12,,33121,3,,,1,12,,33122,3,,,1,6,,33253,3,,,1,6,,33120,3,,,1,6,,33151,3,,,1,46,,33152,3,,,1,6,,33153,3,,,1,6,,33154,3,,,1,6,,33150,3,,,1,6,,33149,3,,,1,6,,33148,3,,,1,6,,33147,3,,,1,6,,33146,3,,,1,6,,33145,3,,,1,6,,33144,3,,,1,46,,33143,3,,,1,6,,33142,3,,,1,6,,33141,3,,,1,6,,33140,3,,,1,6,,33139,3,,,1,6,,33138,3,,,1,6,,33137,3,,,1,6,,33136,3,,,1,6,,33135,3,,,1,6,,33134,3,,,1,46,,33133,3,,,1,6,,33132,3,,,1,6,,33131,3,,,1,6,,33130,3,,,1,6,,33129,3,,,1,6,,33128,3,,,1,6,,33127,3,,,1,6,,33126,3,,,1,6,,33125,3,,,1,6,,33124,3,,,1,50,,33155,3,,,1,10,,33156,3,,,1,10,,33157,3,,,1,10,,33158,3,,,1,10,,33159,3,,,1,10,,33160,3,,,1,50,,33161,3,,,1,10,,33162,3,,,1,10,,33163,3,,,1,10,,33164,3,,,1,10,,33165,3,,,1,10,,33166,3,,,1,50,,33167,3,,,1,10,,33168,3,,,1,10,,33169,3,,,1,10,,33170,3,,,1,10,,33171,3,,,1,10,,33172,3,,,1,50,,33173,3,,,1,10,,33174,3,,,1,10,,33175,3,,,1,10,,33176,3,,,1,10,,33177,3,,,1,10,,33178,3,,,1,50,,33179,3,,,1,10,,33180,3,,,1,10,,33181,3,,,1,10,,33182,3,,,1,10,,33183,3,,,1,10,,33184,3,,,1,46,,33185,3,,,1,6,,33186,3,,,1,6,,33187,3,,,1,6,,33188,3,,,1,6,,33189,3,,,1,6,,33190,3,,,1,6,,33191,3,,,1,6,,33192,3,,,1,6,,33193,3,,,1,6,,33194,3,,,1,46,,33195,3,,,1,6,,33196,3,,,1,6,,33197,3,,,1,6,,33198,3,,,1,6,,33199,3,,,1,6,,33200,3,,,1,6,,33201,3,,,1,6,,33202,3,,,1,6,,33203,3,,,1,6,,33204,3,,,1,46,,33205,3,,,1,6,,33206,3,,,1,6,,33207,3,,,1,6,,33208,3,,,1,6,,33209,3,,,1,6,,33210,3,,,1,6,,33211,3,,,1,6,,33212,3,,,1,6,,33213,3,,,1,6,,33214,3,,,1,46,,33215,3,,,1,6,,33216,3,,,1,6,,33217,3,,,1,6,,33218,3,,,1,6,,33219,3,,,1,6,,33220,3,,,1,6,,33221,3,,,1,6,,33222,3,,,1,6,,33223,3,,,1,6,,33224,3,,,1,46,,33225,3,,,1,9,,33226,3,,,1,15,,33227,3,,,1,15,,33228,3,,,1,15,,33229,3,,,1,55,,33230,3,,,1,15,,33231,3,,,1,15,,33232,3,,,1,15,,33233,3,,,1,55,,33234,3,,,1,15,,33235,3,,,1,15,,33236,3,,,1,15,,33237,3,,,1,55,,33238,3,,,1,15,,33239,3,,,1,15,,33240,3,,,1,15,,33241,3,,,1,55,,33242,3,,,1,15,,33243,3,,,1,15,,33244,3,,,1,15,,33245,3,,,1,55,,33246,3,,,1,15,,33247,3,,,1,15,,33248,3,,,1,15,,33249,3,,,1,55,,33250,3,,,1,15,,33251,3,,,1,15,,33252,3,,,1,15,,33123,3,,,1
18002101,'021R-Weekday-5-26-09',515,,36824,3,,,1,12,,36826,3,,,1,12,,36827,3,,,1,6,,36958,3,,,1,6,,36825,3,,,1,6,,36856,3,,,1,46,,36857,3,,,1,6,,36858,3,,,1,6,,36859,3,,,1,6,,36855,3,,,1,6,,36854,3,,,1,6,,36853,3,,,1,6,,36852,3,,,1,6,,36851,3,,,1,6,,36850,3,,,1,6,,36849,3,,,1,46,,36848,3,,,1,6,,36847,3,,,1,6,,36846,3,,,1,6,,36845,3,,,1,6,,36844,3,,,1,6,,36843,3,,,1,6,,36842,3,,,1,6,,36841,3,,,1,6,,36840,3,,,1,6,,36839,3,,,1,46,,36838,3,,,1,6,,36837,3,,,1,6,,36836,3,,,1,6,,36835,3,,,1,6,,36834,3,,,1,6,,36833,3,,,1,6,,36832,3,,,1,6,,36831,3,,,1,6,,36830,3,,,1,6,,36829,3,,,1,50,,36860,3,,,1,10,,36861,3,,,1,10,,36862,3,,,1,10,,36863,3,,,1,10,,36864,3,,,1,10,,36865,3,,,1,50,,36866,3,,,1,10,,36867,3,,,1,10,,36868,3,,,1,10,,36869,3,,,1,10,,36870,3,,,1,10,,36871,3,,,1,50,,36872,3,,,1,10,,36873,3,,,1,10,,36874,3,,,1,10,,36875,3,,,1,10,,36876,3,,,1,10,,36877,3,,,1,50,,36878,3,,,1,10,,36879,3,,,1,10,,36880,3,,,1,10,,36881,3,,,1,10,,36882,3,,,1,10,,36883,3,,,1,50,,36884,3,,,1,10,,36885,3,,,1,10,,36886,3,,,1,10,,36887,3,,,1,10,,36888,3,,,1,10,,36889,3,,,1,46,,36890,3,,,1,6,,36891,3,,,1,6,,36892,3,,,1,6,,36893,3,,,1,6,,36894,3,,,1,6,,36895,3,,,1,6,,36896,3,,,1,6,,36897,3,,,1,6,,36898,3,,,1,6,,36899,3,,,1,46,,36900,3,,,1,6,,36901,3,,,1,6,,36902,3,,,1,6,,36903,3,,,1,6,,36904,3,,,1,6,,36905,3,,,1,6,,36906,3,,,1,6,,36907,3,,,1,6,,36908,3,,,1,6,,36909,3,,,1,46,,36910,3,,,1,6,,36911,3,,,1,6,,36912,3,,,1,6,,36913,3,,,1,6,,36914,3,,,1,6,,36915,3,,,1,6,,36916,3,,,1,6,,36917,3,,,1,6,,36918,3,,,1,6,,36919,3,,,1,46,,36920,3,,,1,6,,36921,3,,,1,6,,36922,3,,,1,6,,36923,3,,,1,6,,36924,3,,,1,6,,36925,3,,,1,6,,36926,3,,,1,6,,36927,3,,,1,6,,36928,3,,,1,6,,36929,3,,,1,46,,36930,3,,,1,9,,36931,3,,,1,15,,36932,3,,,1,15,,36933,3,,,1,15,,36934,3,,,1,55,,36935,3,,,1,15,,36936,3,,,1,15,,36937,3,,,1,15,,36938,3,,,1,55,,36939,3,,,1,15,,36940,3,,,1,15,,36941,3,,,1,15,,36942,3,,,1,55,,36943,3,,,1,15,,36944,3,,,1,15,,36945,3,,,1,15,,36946,3,,,1,55,,36947,3,,,1,15,,36948,3,,,1,15,,36949,3,,,1,15,,36950,3,,,1,55,,36951,3,,,1,15,,36952,3,,,1,15,,36953,3,,,1,15,,36954,3,,,1,55,,36955,3,,,1,15,,36956,3,,,1,15,,36957,3,,,1,15,,36828,3,,,1
18002101,'021R-Weekday-6-26-09',515,,36959,3,,,1,12,,36961,3,,,1,12,,36962,3,,,1,6,,37093,3,,,1,6,,36960,3,,,1,6,,36991,3,,,1,46,,36992,3,,,1,6,,36993,3,,,1,6,,36994,3,,,1,6,,36990,3,,,1,6,,36989,3,,,1,6,,36988,3,,,1,6,,36987,3,,,1,6,,36986,3,,,1,6,,36985,3,,,1,6,,36984,3,,,1,46,,36983,3,,,1,6,,36982,3,,,1,6,,36981,3,,,1,6,,36980,3,,,1,6,,36979,3,,,1,6,,36978,3,,,1,6,,36977,3,,,1,6,,36976,3,,,1,6,,36975,3,,,1,6,,36974,3,,,1,46,,36973,3,,,1,6,,36972,3,,,1,6,,36971,3,,,1,6,,36970,3,,,1,6,,36969,3,,,1,6,,36968,3,,,1,6,,36967,3,,,1,6,,36966,3,,,1,6,,36965,3,,,1,6,,36964,3,,,1,50,,36995,3,,,1,10,,36996,3,,,1,10,,36997,3,,,1,10,,36998,3,,,1,10,,36999,3,,,1,10,,37000,3,,,1,50,,37001,3,,,1,10,,37002,3,,,1,10,,37003,3,,,1,10,,37004,3,,,1,10,,37005,3,,,1,10,,37006,3,,,1,50,,37007,3,,,1,10,,37008,3,,,1,10,,37009,3,,,1,10,,37010,3,,,1,10,,37011,3,,,1,10,,37012,3,,,1,50,,37013,3,,,1,10,,37014,3,,,1,10,,37015,3,,,1,10,,37016,3,,,1,10,,37017,3,,,1,10,,37018,3,,,1,50,,37019,3,,,1,10,,37020,3,,,1,10,,37021,3,,,1,10,,37022,3,,,1,10,,37023,3,,,1,10,,37024,3,,,1,46,,37025,3,,,1,6,,37026,3,,,1,6,,37027,3,,,1,6,,37028,3,,,1,6,,37029,3,,,1,6,,37030,3,,,1,6,,37031,3,,,1,6,,37032,3,,,1,6,,37033,3,,,1,6,,37034,3,,,1,46,,37035,3,,,1,6,,37036,3,,,1,6,,37037,3,,,1,6,,37038,3,,,1,6,,37039,3,,,1,6,,37040,3,,,1,6,,37041,3,,,1,6,,37042,3,,,1,6,,37043,3,,,1,6,,37044,3,,,1,46,,37045,3,,,1,6,,37046,3,,,1,6,,37047,3,,,1,6,,37048,3,,,1,6,,37049,3,,,1,6,,37050,3,,,1,6,,37051,3,,,1,6,,37052,3,,,1,6,,37053,3,,,1,6,,37054,3,,,1,46,,37055,3,,,1,6,,37056,3,,,1,6,,37057,3,,,1,6,,37058,3,,,1,6,,37059,3,,,1,6,,37060,3,,,1,6,,37061,3,,,1,6,,37062,3,,,1,6,,37063,3,,,1,6,,37064,3,,,1,46,,37065,3,,,1,9,,37066,3,,,1,15,,37067,3,,,1,15,,37068,3,,,1,15,,37069,3,,,1,55,,37070,3,,,1,15,,37071,3,,,1,15,,37072,3,,,1,15,,37073,3,,,1,55,,37074,3,,,1,15,,37075,3,,,1,15,,37076,3,,,1,15,,37077,3,,,1,55,,37078,3,,,1,15,,37079,3,,,1,15,,37080,3,,,1,15,,37081,3,,,1,55,,37082,3,,,1,15,,37083,3,,,1,15,,37084,3,,,1,15,,37085,3,,,1,55,,37086,3,,,1,15,,37087,3,,,1,15,,37088,3,,,1,15,,37089,3,,,1,55,,37090,3,,,1,15,,37091,3,,,1,15,,37092,3,,,1,15,,36963,3,,,1
18002101,'021R-Weekday-7-26-09',515,,37094,3,,,1,12,,37096,3,,,1,12,,37097,3,,,1,6,,37228,3,,,1,6,,37095,3,,,1,6,,37126,3,,,1,46,,37127,3,,,1,6,,37128,3,,,1,6,,37129,3,,,1,6,,37125,3,,,1,6,,37124,3,,,1,6,,37123,3,,,1,6,,37122,3,,,1,6,,37121,3,,,1,6,,37120,3,,,1,6,,37119,3,,,1,46,,37118,3,,,1,6,,37117,3,,,1,6,,37116,3,,,1,6,,37115,3,,,1,6,,37114,3,,,1,6,,37113,3,,,1,6,,37112,3,,,1,6,,37111,3,,,1,6,,37110,3,,,1,6,,37109,3,,,1,46,,37108,3,,,1,6,,37107,3,,,1,6,,37106,3,,,1,6,,37105,3,,,1,6,,37104,3,,,1,6,,37103,3,,,1,6,,37102,3,,,1,6,,37101,3,,,1,6,,37100,3,,,1,6,,37099,3,,,1,50,,37130,3,,,1,10,,37131,3,,,1,10,,37132,3,,,1,10,,37133,3,,,1,10,,37134,3,,,1,10,,37135,3,,,1,50,,37136,3,,,1,10,,37137,3,,,1,10,,37138,3,,,1,10,,37139,3,,,1,10,,37140,3,,,1,10,,37141,3,,,1,50,,37142,3,,,1,10,,37143,3,,,1,10,,37144,3,,,1,10,,37145,3,,,1,10,,37146,3,,,1,10,,37147,3,,,1,50,,37148,3,,,1,10,,37149,3,,,1,10,,37150,3,,,1,10,,37151,3,,,1,10,,37152,3,,,1,10,,37153,3,,,1,50,,37154,3,,,1,10,,37155,3,,,1,10,,37156,3,,,1,10,,37157,3,,,1,10,,37158,3,,,1,10,,37159,3,,,1,46,,37160,3,,,1,6,,37161,3,,,1,6,,37162,3,,,1,6,,37163,3,,,1,6,,37164,3,,,1,6,,37165,3,,,1,6,,37166,3,,,1,6,,37167,3,,,1,6,,37168,3,,,1,6,,37169,3,,,1,46,,37170,3,,,1,6,,37171,3,,,1,6,,37172,3,,,1,6,,37173,3,,,1,6,,37174,3,,,1,6,,37175,3,,,1,6,,37176,3,,,1,6,,37177,3,,,1,6,,37178,3,,,1,6,,37179,3,,,1,46,,37180,3,,,1,6,,37181,3,,,1,6,,37182,3,,,1,6,,37183,3,,,1,6,,37184,3,,,1,6,,37185,3,,,1,6,,37186,3,,,1,6,,37187,3,,,1,6,,37188,3,,,1,6,,37189,3,,,1,46,,37190,3,,,1,6,,37191,3,,,1,6,,37192,3,,,1,6,,37193,3,,,1,6,,37194,3,,,1,6,,37195,3,,,1,6,,37196,3,,,1,6,,37197,3,,,1,6,,37198,3,,,1,6,,37199,3,,,1,46,,37200,3,,,1,9,,37201,3,,,1,15,,37202,3,,,1,15,,37203,3,,,1,15,,37204,3,,,1,55,,37205,3,,,1,15,,37206,3,,,1,15,,37207,3,,,1,15,,37208,3,,,1,55,,37209,3,,,1,15,,37210,3,,,1,15,,37211,3,,,1,15,,37212,3,,,1,55,,37213,3,,,1,15,,37214,3,,,1,15,,37215,3,,,1,15,,37216,3,,,1,55,,37217,3,,,1,15,,37218,3,,,1,15,,37219,3,,,1,15,,37220,3,,,1,55,,37221,3,,,1,15,,37222,3,,,1,15,,37223,3,,,1,15,,37224,3,,,1,55,,37225,3,,,1,15,,37226,3,,,1,15,,37227,3,,,1,15,,37098,3,,,1
18002101,'021R-Saturday-1-26-09',512,,33254,3,,,1,15,,33255,3,,,1,15,,33256,3,,,1,15,,33257,3,,,1,55,,33258,3,,,1,15,,33259,3,,,1,15,,33260,3,,,1,15,,33261,3,,,1,55,,33262,3,,,1,15,,33263,3,,,1,15,,33264,3,,,1,15,,33265,3,,,1,55,,33266,3,,,1,15,,33267,3,,,1,15,,33268,3,,,1,15,,33269,3,,,1,55,,33270,3,,,1,15,,33271,3,,,1,15,,33272,3,,,1,15,,33273,3,,,1,55,,33274,3,,,1,15,,33275,3,,,1,15,,33276,3,,,1,15,,33277,3,,,1,55,,33278,3,,,1,15,,33279,3,,,1,15,,33280,3,,,1,15,,33281,3,,,1,55,,33282,3,,,1,15,,33283,3,,,1,15,,33284,3,,,1,15,,33285,3,,,1,55,,33286,3,,,1,15,,33287,3,,,1,15,,33288,3,,,1,15,,33289,3,,,1,55,,33290,3,,,1,15,,33291,3,,,1,15,,33292,3,,,1,15,,33293,3,,,1,55,,33294,3,,,1,15,,33295,3,,,1,15,,33296,3,,,1,15,,33297,3,,,1,55,,33298,3,,,1,15,,33299,3,,,1,15,,33300,3,,,1,15,,33301,3,,,1,55,,33302,3,,,1,15,,33303,3,,,1,15,,33304,3,,,1,15,,33305,3,,,1,55,,33306,3,,,1,15,,33307,3,,,1,15,,33308,3,,,1,15,,33309,3,,,1,55,,33310,3,,,1,15,,33311,3,,,1,15,,33312,3,,,1,15,,33313,3,,,1,55,,33314,3,,,1,15,,33315,3,,,1,15,,33316,3,,,1,15,,33317,3,,,1,55,,33318,3,,,1,15,,33319,3,,,1,15,,33320,3,,,1,15,,33321,3,,,1,55,,33322,3,,,1,15,,33323,3,,,1,15,,33324,3,,,1,15,,33325,3,,,1,55,,33326,3,,,1,15,,33327,3,,,1,15,,33328,3,,,1,15,,33329,3,,,1,55,,33330,3,,,1,15,,33331,3,,,1,15,,33332,3,,,1,15,,33333,3,,,1
18002101,'021R-Saturday-2-26-09',514,,37229,3,,,1,15,,37230,3,,,1,15,,37231,3,,,1,15,,37232,3,,,1,55,,37233,3,,,1,15,,37234,3,,,1,15,,37235,3,,,1,15,,37236,3,,,1,55,,37237,3,,,1,15,,37238,3,,,1,15,,37239,3,,,1,15,,37240,3,,,1,55,,37241,3,,,1,15,,37242,3,,,1,15,,37243,3,,,1,15,,37244,3,,,1,55,,37245,3,,,1,15,,37246,3,,,1,15,,37247,3,,,1,15,,37248,3,,,1,55,,37249,3,,,1,15,,37250,3,,,1,15,,37251,3,,,1,15,,37252,3,,,1,55,,37253,3,,,1,15,,37254,3,,,1,15,,37255,3,,,1,15,,37256,3,,,1,55,,37257,3,,,1,15,,37258,3,,,1,15,,37259,3,,,1,15,,37260,3,,,1,55,,37261,3,,,1,15,,37262,3,,,1,15,,37263,3,,,1,15,,37264,3,,,1,55,,37265,3,,,1,15,,37266,3,,,1,15,,37267,3,,,1,15,,37268,3,,,1,55,,37269,3,,,1,15,,37270,3,,,1,15,,37271,3,,,1,15,,37272,3,,,1,55,,37273,3,,,1,15,,37274,3,,,1,15,,37275,3,,,1,15,,37276,3,,,1,55,,37277,3,,,1,15,,37278,3,,,1,15,,37279,3,,,1,15,,37280,3,,,1,55,,37281,3,,,1,15,,37282,3,,,1,15,,37283,3,,,1,15,,37284,3,,,1,55,,37285,3,,,1,15,,37286,3,,,1,15,,37287,3,,,1,15,,37288,3,,,1,55,,37289,3,,,1,15,,37290,3,,,1,15,,37291,3,,,1,15,,37292,3,,,1,55,,37293,3,,,1,15,,37294,3,,,1,15,,37295,3,,,1,15,,37296,3,,,1,55,,37297,3,,,1,15,,37298,3,,,1,15,,37299,3,,,1,15,,37300,3,,,1,55,,37301,3,,,1,15,,37302,3,,,1,15,,37303,3,,,1,15,,37304,3,,,1,55,,37305,3,,,1,15,,37306,3,,,1,15,,37307,3,,,1,15,,37308,3,,,1
18002101,'021R-Sunday-1-26-09',512,,33334,3,,,1,15,,33335,3,,,1,15,,33336,3,,,1,15,,33337,3,,,1,55,,33338,3,,,1,15,,33339,3,,,1,15,,33340,3,,,1,15,,33341,3,,,1,55,,33342,3,,,1,15,,33343,3,,,1,15,,33344,3,,,1,15,,33345,3,,,1,55,,33346,3,,,1,15,,33347,3,,,1,15,,33348,3,,,1,15,,33349,3,,,1,55,,33350,3,,,1,15,,33351,3,,,1,15,,33352,3,,,1,15,,33353,3,,,1,55,,33354,3,,,1,15,,33355,3,,,1,15,,33356,3,,,1,15,,33357,3,,,1,55,,33358,3,,,1,15,,33359,3,,,1,15,,33360,3,,,1,15,,33361,3,,,1,55,,33362,3,,,1,15,,33363,3,,,1,15,,33364,3,,,1,15,,33365,3,,,1,55,,33366,3,,,1,15,,33367,3,,,1,15,,33368,3,,,1,15,,33369,3,,,1,55,,33370,3,,,1,15,,33371,3,,,1,15,,33372,3,,,1,15,,33373,3,,,1,55,,33374,3,,,1,15,,33375,3,,,1,15,,33376,3,,,1,15,,33377,3,,,1,55,,33378,3,,,1,15,,33379,3,,,1,15,,33380,3,,,1,15,,33381,3,,,1,55,,33382,3,,,1,15,,33383,3,,,1,15,,33384,3,,,1,15,,33385,3,,,1,55,,33386,3,,,1,15,,33387,3,,,1,15,,33388,3,,,1,15,,33389,3,,,1,55,,33390,3,,,1,15,,33391,3,,,1,15,,33392,3,,,1,15,,33393,3,,,1,55,,33394,3,,,1,15,,33395,3,,,1,15,,33396,3,,,1,15,,33397,3,,,1,55,,33398,3,,,1,15,,33399,3,,,1,15,,33400,3,,,1,15,,33401,3,,,1,55,,33402,3,,,1,15,,33403,3,,,1,15,,33404,3,,,1,15,,33405,3,,,1,55,,33406,3,,,1,15,,33407,3,,,1,15,,33408,3,,,1,15,,33409,3,,,1,55,,33410,3,,,1
18002101,'021R-Sunday-2-26-09',514,,37309,3,,,1,15,,37310,3,,,1,15,,37311,3,,,1,15,,37312,3,,,1,55,,37313,3,,,1,15,,37314,3,,,1,15,,37315,3,,,1,15,,37316,3,,,1,55,,37317,3,,,1,15,,37318,3,,,1,15,,37319,3,,,1,15,,37320,3,,,1,55,,37321,3,,,1,15,,37322,3,,,1,15,,37323,3,,,1,15,,37324,3,,,1,55,,37325,3,,,1,15,,37326,3,,,1,15,,37327,3,,,1,15,,37328,3,,,1,55,,37329,3,,,1,15,,37330,3,,,1,15,,37331,3,,,1,15,,37332,3,,,1,55,,37333,3,,,1,15,,37334,3,,,1,15,,37335,3,,,1,15,,37336,3,,,1,55,,37337,3,,,1,15,,37338,3,,,1,15,,37339,3,,,1,15,,37340,3,,,1,55,,37341,3,,,1,15,,37342,3,,,1,15,,37343,3,,,1,15,,37344,3,,,1,55,,37345,3,,,1,15,,37346,3,,,1,15,,37347,3,,,1,15,,37348,3,,,1,55,,37349,3,,,1,15,,37350,3,,,1,15,,37351,3,,,1,15,,37352,3,,,1,55,,37353,3,,,1,15,,37354,3,,,1,15,,37355,3,,,1,15,,37356,3,,,1,55,,37357,3,,,1,15,,37358,3,,,1,15,,37359,3,,,1,15,,37360,3,,,1,55,,37361,3,,,1,15,,37362,3,,,1,15,,37363,3,,,1,15,,37364,3,,,1,55,,37365,3,,,1,15,,37366,3,,,1,15,,37367,3,,,1,15,,37368,3,,,1,55,,37369,3,,,1,15,,37370,3,,,1,15,,37371,3,,,1,15,,37372,3,,,1,55,,37373,3,,,1,15,,37374,3,,,1,15,,37375,3,,,1,15,,37376,3,,,1,55,,37377,3,,,1,15,,37378,3,,,1,15,,37379,3,,,1,15,,37380,3,,,1,55,,37381,3,,,1,15,,37382,3,,,1,15,,37383,3,,,1,15,,37384,3,,,1,55,,37385,3,,,1
18002101,'021R-Sunday-4-26-09',514,,37386,3,,,1,15,,37387,3,,,1,15,,37388,3,,,1,15,,37389,3,,,1,55,,37390,3,,,1,15,,37391,3,,,1,15,,37392,3,,,1,15,,37393,3,,,1,55,,37394,3,,,1,15,,37395,3,,,1,15,,37396,3,,,1,15,,37397,3,,,1,55,,37398,3,,,1,15,,37399,3,,,1,15,,37400,3,,,1,15,,37401,3,,,1,55,,37402,3,,,1,15,,37403,3,,,1,15,,37404,3,,,1,15,,37405,3,,,1,55,,37406,3,,,1,15,,37407,3,,,1,15,,37408,3,,,1,15,,37409,3,,,1,55,,37410,3,,,1,15,,37411,3,,,1,15,,37412,3,,,1,15,,37413,3,,,1,55,,37414,3,,,1,15,,37415,3,,,1,15,,37416,3,,,1,15,,37417,3,,,1,55,,37418,3,,,1,15,,37419,3,,,1,15,,37420,3,,,1,15,,37421,3,,,1,55,,37422,3,,,1,15,,37423,3,,,1,15,,37424,3,,,1,15,,37425,3,,,1,55,,37426,3,,,1,15,,37427,3,,,1,15,,37428,3,,,1,15,,37429,3,,,1,55,,37430,3,,,1,15,,37431,3,,,1,15,,37432,3,,,1,15,,37433,3,,,1,55,,37434,3,,,1,15,,37435,3,,,1,15,,37436,3,,,1,15,,37437,3,,,1,55,,37438,3,,,1,15,,37439,3,,,1,15,,37440,3,,,1,15,,37441,3,,,1,55,,37442,3,,,1,15,,37443,3,,,1,15,,37444,3,,,1,15,,37445,3,,,1,55,,37446,3,,,1,15,,37447,3,,,1,15,,37448,3,,,1,15,,37449,3,,,1,55,,37450,3,,,1,15,,37451,3,,,1,15,,37452,3,,,1,15,,37453,3,,,1,55,,37454,3,,,1,15,,37455,3,,,1,15,,37456,3,,,1,15,,37457,3,,,1,55,,37458,3,,,1,15,,37459,3,,,1,15,,37460,3,,,1,15,,37461,3,,,1,55,,37462,3,,,1
