18002101,'021R-Weekday-1-26-09',549,,32849,17,4,,1,52,,32851,17,4,,1,12,,32852,17,4,,1,6,,32983,17,4,,1,6,,32850,17,4,,1,6,,32881,17,4,,1,6,,32882,17,4,,1,6,,32883,17,4,,1,6,,32884,17,4,,1,6,,32880,17,4,,1,46,,32879,17,4,,1,6,,32878,17,4,,1,6,,32877,17,4,,1,6,,32876,17,4,,1,6,,32875,17,4,,1,6,,32874,17,4,,1,6,,32873,17,4,,1,6,,32872,17,4,,1,6,,32871,17,4,,1,6,,32870,17,4,,1,46,,32869,17,4,,1,6,,32868,17,4,,1,6,,32867,17,4,,1,6,,32866,17,4,,1,6,,32865,17,4,,1,6,,32864,17,4,,1,6,,32863,17,4,,1,6,,32862,17,4,,1,6,,32861,17,4,,1,6,,32860,17,4,,1,46,,32859,17,4,,1,6,,32858,17,4,,1,6,,32857,17,4,,1,6,,32856,17,4,,1,6,,32855,17,4,,1,6,,32854,17,4,,1,10,,32885,17,4,,1,10,,32886,17,4,,1,50,,32887,17,4,,1,10,,32888,17,4,,1,10,,32889,17,4,,1,10,,32890,17,4,,1,10,,32891,17,4,,1,10,,32892,17,4,,1,50,,32893,17,4,,1,10,,32894,17,4,,1,10,,32895,17,4,,1,10,,32896,17,4,,1,10,,32897,17,4,,1,10,,32898,17,4,,1,50,,32899,17,4,,1,10,,32900,17,4,,1,10,,32901,17,4,,1,10,,32902,17,4,,1,10,,32903,17,4,,1,10,,32904,17,4,,1,50,,32905,17,4,,1,10,,32906,17,4,,1,10,,32907,17,4,,1,10,,32908,17,4,,1,10,,32909,17,4,,1,10,,32910,17,4,,1,50,,32911,17,4,,1,10,,32912,17,4,,1,10,,32913,17,4,,1,10,,32914,17,4,,1,6,,32915,17,4,,1,6,,32916,17,4,,1,6,,32917,17,4,,1,6,,32918,17,4,,1,46,,32919,17,4,,1,6,,32920,17,4,,1,6,,32921,17,4,,1,6,,32922,17,4,,1,6,,32923,17,4,,1,6,,32924,17,4,,1,6,,32925,17,4,,1,6,,32926,17,4,,1,6,,32927,17,4,,1,6,,32928,17,4,,1,46,,32929,17,4,,1,6,,32930,17,4,,1,6,,32931,17,4,,1,6,,32932,17,4,,1,6,,32933,17,4,,1,6,,32934,17,4,,1,6,,32935,17,4,,1,6,,32936,17,4,,1,6,,32937,17,4,,1,6,,32938,17,4,,1,46,,32939,17,4,,1,6,,32940,17,4,,1,6,,32941,17,4,,1,6,,32942,17,4,,1,6,,32943,17,4,,1,6,,32944,17,4,,1,6,,32945,17,4,,1,6,,32946,17,4,,1,6,,32947,17,4,,1,6,,32948,17,4,,1,46,,32949,17,4,,1,6,,32950,17,4,,1,6,,32951,17,4,,1,6,,32952,17,4,,1,6,,32953,17,4,,1,6,,32954,17,4,,1,6,,32955,17,4,,1,9,,32956,17,4,,1,55,,32957,17,4,,1,15,,32958,17,4,,1,15,,32959,17,4,,1,15,,32960,17,4,,1,55,,32961,17,4,,1,15,,32962,17,4,,1,15,,32963,17,4,,1,15,,32964,17,4,,1,55,,32965,17,4,,1,15,,32966,17,4,,1,15,,32967,17,4,,1,15,,32968,17,4,,1,55,,32969,17,4,,1,15,,32970,17,4,,1,15,,32971,17,4,,1,15,,32972,17,4,,1,55,,32973,17,4,,1,15,,32974,17,4,,1,15,,32975,17,4,,1,15,,32976,17,4,,1,55,,32977,17,4,,1,15,,32978,17,4,,1,15,,32979,17,4,,1,15,,32980,17,4,,1,55,,32981,17,4,,1,15,,32982,17,4,,1,15,,32853,17,4,,1
18002101,'021R-Weekday-2-26-09',549,,32984,17,4,,1,52,,32986,17,4,,1,12,,32987,17,4,,1,6,,33118,17,4,,1,6,,32985,17,4,,1,6,,33016,17,4,,1,6,,33017,17,4,,1,6,,33018,17,4,,1,6,,33019,17,4,,1,6,,33015,17,4,,1,46,,33014,17,4,,1,6,,33013,17,4,,1,6,,33012,17,4,,1,6,,33011,17,4,,1,6,,33010,17,4,,1,6,,33009,17,4,,1,6,,33008,17,4,,1,6,,33007,17,4,,1,6,,33006,17,4,,1,6,,33005,17,4,,1,46,,33004,17,4,,1,6,,33003,17,4,,1,6,,33002,17,4,,1,6,,33001,17,4,,1,6,,33000,17,4,,1,6,,32999,17,4,,1,6,,32998,17,4,,1,6,,32997,17,4,,1,6,,32996,17,4,,1,6,,32995,17,4,,1,46,,32994,17,4,,1,6,,32993,17,4,,1,6,,32992,17,4,,1,6,,32991,17,4,,1,6,,32990,17,4,,1,6,,32989,17,4,,1,10,,33020,17,4,,1,10,,33021,17,4,,1,50,,33022,17,4,,1,10,,33023,17,4,,1,10,,33024,17,4,,1,10,,33025,17,4,,1,10,,33026,17,4,,1,10,,33027,17,4,,1,50,,33028,17,4,,1,10,,33029,17,4,,1,10,,33030,17,4,,1,10,,33031,17,4,,1,10,,33032,17,4,,1,10,,33033,17,4,,1,50,,33034,17,4,,1,10,,33035,17,4,,1,10,,33036,17,4,,1,10,,33037,17,4,,1,10,,33038,17,4,,1,10,,33039,17,4,,1,50,,33040,17,4,,1,10,,33041,17,4,,1,10,,33042,17,4,,1,10,,33043,17,4,,1,10,,33044,17,4,,1,10,,33045,17,4,,1,50,,33046,17,4,,1,10,,33047,17,4,,1,10,,33048,17,4,,1,10,,33049,17,4,,1,6,,33050,17,4,,1,6,,33051,17,4,,1,6,,33052,17,4,,1,6,,33053,17,4,,1,46,,33054,17,4,,1,6,,33055,17,4,,1,6,,33056,17,4,,1,6,,33057,17,4,,1,6,,33058,17,4,,1,6,,33059,17,4,,1,6,,33060,17,4,,1,6,,33061,17,4,,1,6,,33062,17,4,,1,6,,33063,17,4,,1,46,,33064,17,4,,1,6,,33065,17,4,,1,6,,33066,17,4,,1,6,,33067,17,4,,1,6,,33068,17,4,,1,6,,33069,17,4,,1,6,,33070,17,4,,1,6,,33071,17,4,,1,6,,33072,17,4,,1,6,,33073,17,4,,1,46,,33074,17,4,,1,6,,33075,17,4,,1,6,,33076,17,4,,1,6,,33077,17,4,,1,6,,33078,17,4,,1,6,,33079,17,4,,1,6,,33080,17,4,,1,6,,33081,17,4,,1,6,,33082,17,4,,1,6,,33083,17,4,,1,46,,33084,17,4,,1,6,,33085,17,4,,1,6,,33086,17,4,,1,6,,33087,17,4,,1,6,,33088,17,4,,1,6,,33089,17,4,,1,6,,33090,17,4,,1,9,,33091,17,4,,1,55,,33092,17,4,,1,15,,33093,17,4,,1,15,,33094,17,4,,1,15,,33095,17,4,,1,55,,33096,17,4,,1,15,,33097,17,4,,1,15,,33098,17,4,,1,15,,33099,17,4,,1,55,,33100,17,4,,1,15,,33101,17,4,,1,15,,33102,17,4,,1,15,,33103,17,4,,1,55,,33104,17,4,,1,15,,33105,17,4,,1,15,,33106,17,4,,1,15,,33107,17,4,,1,55,,33108,17,4,,1,15,,33109,17,4,,1,15,,33110,17,4,,1,15,,33111,17,4,,1,55,,33112,17,4,,1,15,,33113,17,4,,1,15,,33114,17,4,,1,15,,33115,17,4,,1,55,,33116,17,4,,1,15,,33117,17,4,,1,15,,32988,17,4,,1
18002101,'021R-Weekday-3-26-09',549,,36689,17,4,,1,52,,36691,17,4,,1,12,,36692,17,4,,1,6,,36823,17,4,,1,6,,36690,17,4,,1,6,,36721,17,4,,1,6,,36722,17,4,,1,6,,36723,17,4,,1,6,,36724,17,4,,1,6,,36720,17,4,,1,46,,36719,17,4,,1,6,,36718,17,4,,1,6,,36717,17,4,,1,6,,36716,17,4,,1,6,,36715,17,4,,1,6,,36714,17,4,,1,6,,36713,17,4,,1,6,,36712,17,4,,1,6,,36711,17,4,,1,6,,36710,17,4,,1,46,,36709,17,4,,1,6,,36708,17,4,,1,6,,36707,17,4,,1,6,,36706,17,4,,1,6,,36705,17,4,,1,6,,36704,17,4,,1,6,,36703,17,4,,1,6,,36702,17,4,,1,6,,36701,17,4,,1,6,,36700,17,4,,1,46,,36699,17,4,,1,6,,36698,17,4,,1,6,,36697,17,4,,1,6,,36696,17,4,,1,6,,36695,17,4,,1,6,,36694,17,4,,1,10,,36725,17,4,,1,10,,36726,17,4,,1,50,,36727,17,4,,1,10,,36728,17,4,,1,10,,36729,17,4,,1,10,,36730,17,4,,1,10,,36731,17,4,,1,10,,36732,17,4,,1,50,,36733,17,4,,1,10,,36734,17,4,,1,10,,36735,17,4,,1,10,,36736,17,4,,1,10,,36737,17,4,,1,10,,36738,17,4,,1,50,,36739,17,4,,1,10,,36740,17,4,,1,10,,36741,17,4,,1,10,,36742,17,4,,1,10,,36743,17,4,,1,10,,36744,17,4,,1,50,,36745,17,4,,1,10,,36746,17,4,,1,10,,36747,17,4,,1,10,,36748,17,4,,1,10,,36749,17,4,,1,10,,36750,17,4,,1,50,,36751,17,4,,1,10,,36752,17,4,,1,10,,36753,17,4,,1,10,,36754,17,4,,1,6,,36755,17,4,,1,6,,36756,17,4,,1,6,,36757,17,4,,1,6,,36758,17,4,,1,46,,36759,17,4,,1,6,,36760,17,4,,1,6,,36761,17,4,,1,6,,36762,17,4,,1,6,,36763,17,4,,1,6,,36764,17,4,,1,6,,36765,17,4,,1,6,,36766,17,4,,1,6,,36767,17,4,,1,6,,36768,17,4,,1,46,,36769,17,4,,1,6,,36770,17,4,,1,6,,36771,17,4,,1,6,,36772,17,4,,1,6,,36773,17,4,,1,6,,36774,17,4,,1,6,,36775,17,4,,1,6,,36776,17,4,,1,6,,36777,17,4,,1,6,,36778,17,4,,1,46,,36779,17,4,,1,6,,36780,17,4,,1,6,,36781,17,4,,1,6,,36782,17,4,,1,6,,36783,17,4,,1,6,,36784,17,4,,1,6,,36785,17,4,,1,6,,36786,17,4,,1,6,,36787,17,4,,1,6,,36788,17,4,,1,46,,36789,17,4,,1,6,,36790,17,4,,1,6,,36791,17,4,,1,6,,36792,17,4,,1,6,,36793,17,4,,1,6,,36794,17,4,,1,6,,36795,17,4,,1,9,,36796,17,4,,1,55,,36797,17,4,,1,15,,36798,17,4,,1,15,,36799,17,4,,1,15,,36800,17,4,,1,55,,36801,17,4,,1,15,,36802,17,4,,1,15,,36803,17,4,,1,15,,36804,17,4,,1,55,,36805,17,4,,1,15,,36806,17,4,,1,15,,36807,17,4,,1,15,,36808,17,4,,1,55,,36809,17,4,,1,15,,36810,17,4,,1,15,,36811,17,4,,1,15,,36812,17,4,,1,55,,36813,17,4,,1,15,,36814,17,4,,1,15,,36815,17,4,,1,15,,36816,17,4,,1,55,,36817,17,4,,1,15,,36818,17,4,,1,15,,36819,17,4,,1,15,,36820,17,4,,1,55,,36821,17,4,,1,15,,36822,17,4,,1,15,,36693,17,4,,1
18002101,'021R-Weekday-4-26-09',549,,33119,17,4,,1,52,,33121,17,4,,1,12,,33122,17,4,,1,6,,33253,17,4,,1,6,,33120,17,4,,1,6,,33151,17,4,,1,6,,33152,17,4,,1,6,,33153,17,4,,1,6,,33154,17,4,,1,6,,33150,17,4,,1,46,,33149,17,4,,1,6,,33148,17,4,,1,6,,33147,17,4,,1,6,,33146,17,4,,1,6,,33145,17,4,,1,6,,33144,17,4,,1,6,,33143,17,4,,1,6,,33142,17,4,,1,6,,33141,17,4,,1,6,,33140,17,4,,1,46,,33139,17,4,,1,6,,33138,17,4,,1,6,,33137,17,4,,1,6,,33136,17,4,,1,6,,33135,17,4,,1,6,,33134,17,4,,1,6,,33133,17,4,,1,6,,33132,17,4,,1,6,,33131,17,4,,1,6,,33130,17,4,,1,46,,33129,17,4,,1,6,,33128,17,4,,1,6,,33127,17,4,,1,6,,33126,17,4,,1,6,,33125,17,4,,1,6,,33124,17,4,,1,10,,33155,17,4,,1,10,,33156,17,4,,1,50,,33157,17,4,,1,10,,33158,17,4,,1,10,,33159,17,4,,1,10,,33160,17,4,,1,10,,33161,17,4,,1,10,,33162,17,4,,1,50,,33163,17,4,,1,10,,33164,17,4,,1,10,,33165,17,4,,1,10,,33166,17,4,,1,10,,33167,17,4,,1,10,,33168,17,4,,1,50,,33169,17,4,,1,10,,33170,17,4,,1,10,,33171,17,4,,1,10,,33172,17,4,,1,10,,33173,17,4,,1,10,,33174,17,4,,1,50,,33175,17,4,,1,10,,33176,17,4,,1,10,,33177,17,4,,1,10,,33178,17,4,,1,10,,33179,17,4,,1,10,,33180,17,4,,1,50,,33181,17,4,,1,10,,33182,17,4,,1,10,,33183,17,4,,1,10,,33184,17,4,,1,6,,33185,17,4,,1,6,,33186,17,4,,1,6,,33187,17,4,,1,6,,33188,17,4,,1,46,,33189,17,4,,1,6,,33190,17,4,,1,6,,33191,17,4,,1,6,,33192,17,4,,1,6,,33193,17,4,,1,6,,33194,17,4,,1,6,,33195,17,4,,1,6,,33196,17,4,,1,6,,33197,17,4,,1,6,,33198,17,4,,1,46,,33199,17,4,,1,6,,33200,17,4,,1,6,,33201,17,4,,1,6,,33202,17,4,,1,6,,33203,17,4,,1,6,,33204,17,4,,1,6,,33205,17,4,,1,6,,33206,17,4,,1,6,,33207,17,4,,1,6,,33208,17,4,,1,46,,33209,17,4,,1,6,,33210,17,4,,1,6,,33211,17,4,,1,6,,33212,17,4,,1,6,,33213,17,4,,1,6,,33214,17,4,,1,6,,33215,17,4,,1,6,,33216,17,4,,1,6,,33217,17,4,,1,6,,33218,17,4,,1,46,,33219,17,4,,1,6,,33220,17,4,,1,6,,33221,17,4,,1,6,,33222,17,4,,1,6,,33223,17,4,,1,6,,33224,17,4,,1,6,,33225,17,4,,1,9,,33226,17,4,,1,55,,33227,17,4,,1,15,,33228,17,4,,1,15,,33229,17,4,,1,15,,33230,17,4,,1,55,,33231,17,4,,1,15,,33232,17,4,,1,15,,33233,17,4,,1,15,,33234,17,4,,1,55,,33235,17,4,,1,15,,33236,17,4,,1,15,,33237,17,4,,1,15,,33238,17,4,,1,55,,33239,17,4,,1,15,,33240,17,4,,1,15,,33241,17,4,,1,15,,33242,17,4,,1,55,,33243,17,4,,1,15,,33244,17,4,,1,15,,33245,17,4,,1,15,,33246,17,4,,1,55,,33247,17,4,,1,15,,33248,17,4,,1,15,,33249,17,4,,1,15,,33250,17,4,,1,55,,33251,17,4,,1,15,,33252,17,4,,1,15,,33123,17,4,,1
18002101,'021R-Weekday-5-26-09',549,,36824,17,4,,1,52,,36826,17,4,,1,12,,36827,17,4,,1,6,,36958,17,4,,1,6,,36825,17,4,,1,6,,36856,17,4,,1,6,,36857,17,4,,1,6,,36858,17,4,,1,6,,36859,17,4,,1,6,,36855,17,4,,1,46,,36854,17,4,,1,6,,36853,17,4,,1,6,,36852,17,4,,1,6,,36851,17,4,,1,6,,36850,17,4,,1,6,,36849,17,4,,1,6,,36848,17,4,,1,6,,36847,17,4,,1,6,,36846,17,4,,1,6,,36845,17,4,,1,46,,36844,17,4,,1,6,,36843,17,4,,1,6,,36842,17,4,,1,6,,36841,17,4,,1,6,,36840,17,4,,1,6,,36839,17,4,,1,6,,36838,17,4,,1,6,,36837,17,4,,1,6,,36836,17,4,,1,6,,36835,17,4,,1,46,,36834,17,4,,1,6,,36833,17,4,,1,6,,36832,17,4,,1,6,,36831,17,4,,1,6,,36830,17,4,,1,6,,36829,17,4,,1,10,,36860,17,4,,1,10,,36861,17,4,,1,50,,36862,17,4,,1,10,,36863,17,4,,1,10,,36864,17,4,,1,10,,36865,17,4,,1,10,,36866,17,4,,1,10,,36867,17,4,,1,50,,36868,17,4,,1,10,,36869,17,4,,1,10,,36870,17,4,,1,10,,36871,17,4,,1,10,,36872,17,4,,1,10,,36873,17,4,,1,50,,36874,17,4,,1,10,,36875,17,4,,1,10,,36876,17,4,,1,10,,36877,17,4,,1,10,,36878,17,4,,1,10,,36879,17,4,,1,50,,36880,17,4,,1,10,,36881,17,4,,1,10,,36882,17,4,,1,10,,36883,17,4,,1,10,,36884,17,4,,1,10,,36885,17,4,,1,50,,36886,17,4,,1,10,,36887,17,4,,1,10,,36888,17,4,,1,10,,36889,17,4,,1,6,,36890,17,4,,1,6,,36891,17,4,,1,6,,36892,17,4,,1,6,,36893,17,4,,1,46,,36894,17,4,,1,6,,36895,17,4,,1,6,,36896,17,4,,1,6,,36897,17,4,,1,6,,36898,17,4,,1,6,,36899,17,4,,1,6,,36900,17,4,,1,6,,36901,17,4,,1,6,,36902,17,4,,1,6,,36903,17,4,,1,46,,36904,17,4,,1,6,,36905,17,4,,1,6,,36906,17,4,,1,6,,36907,17,4,,1,6,,36908,17,4,,1,6,,36909,17,4,,1,6,,36910,17,4,,1,6,,36911,17,4,,1,6,,36912,17,4,,1,6,,36913,17,4,,1,46,,36914,17,4,,1,6,,36915,17,4,,1,6,,36916,17,4,,1,6,,36917,17,4,,1,6,,36918,17,4,,1,6,,36919,17,4,,1,6,,36920,17,4,,1,6,,36921,17,4,,1,6,,36922,17,4,,1,6,,36923,17,4,,1,46,,36924,17,4,,1,6,,36925,17,4,,1,6,,36926,17,4,,1,6,,36927,17,4,,1,6,,36928,17,4,,1,6,,36929,17,4,,1,6,,36930,17,4,,1,9,,36931,17,4,,1,55,,36932,17,4,,1,15,,36933,17,4,,1,15,,36934,17,4,,1,15,,36935,17,4,,1,55,,36936,17,4,,1,15,,36937,17,4,,1,15,,36938,17,4,,1,15,,36939,17,4,,1,55,,36940,17,4,,1,15,,36941,17,4,,1,15,,36942,17,4,,1,15,,36943,17,4,,1,55,,36944,17,4,,1,15,,36945,17,4,,1,15,,36946,17,4,,1,15,,36947,17,4,,1,55,,36948,17,4,,1,15,,36949,17,4,,1,15,,36950,17,4,,1,15,,36951,17,4,,1,55,,36952,17,4,,1,15,,36953,17,4,,1,15,,36954,17,4,,1,15,,36955,17,4,,1,55,,36956,17,4,,1,15,,36957,17,4,,1,15,,36828,17,4,,1
18002101,'021R-Weekday-6-26-09',549,,36959,17,4,,1,52,,36961,17,4,,1,12,,36962,17,4,,1,6,,37093,17,4,,1,6,,36960,17,4,,1,6,,36991,17,4,,1,6,,36992,17,4,,1,6,,36993,17,4,,1,6,,36994,17,4,,1,6,,36990,17,4,,1,46,,36989,17,4,,1,6,,36988,17,4,,1,6,,36987,17,4,,1,6,,36986,17,4,,1,6,,36985,17,4,,1,6,,36984,17,4,,1,6,,36983,17,4,,1,6,,36982,17,4,,1,6,,36981,17,4,,1,6,,36980,17,4,,1,46,,36979,17,4,,1,6,,36978,17,4,,1,6,,36977,17,4,,1,6,,36976,17,4,,1,6,,36975,17,4,,1,6,,36974,17,4,,1,6,,36973,17,4,,1,6,,36972,17,4,,1,6,,36971,17,4,,1,6,,36970,17,4,,1,46,,36969,17,4,,1,6,,36968,17,4,,1,6,,36967,17,4,,1,6,,36966,17,4,,1,6,,36965,17,4,,1,6,,36964,17,4,,1,10,,36995,17,4,,1,10,,36996,17,4,,1,50,,36997,17,4,,1,10,,36998,17,4,,1,10,,36999,17,4,,1,10,,37000,17,4,,1,10,,37001,17,4,,1,10,,37002,17,4,,1,50,,37003,17,4,,1,10,,37004,17,4,,1,10,,37005,17,4,,1,10,,37006,17,4,,1,10,,37007,17,4,,1,10,,37008,17,4,,1,50,,37009,17,4,,1,10,,37010,17,4,,1,10,,37011,17,4,,1,10,,37012,17,4,,1,10,,37013,17,4,,1,10,,37014,17,4,,1,50,,37015,17,4,,1,10,,37016,17,4,,1,10,,37017,17,4,,1,10,,37018,17,4,,1,10,,37019,17,4,,1,10,,37020,17,4,,1,50,,37021,17,4,,1,10,,37022,17,4,,1,10,,37023,17,4,,1,10,,37024,17,4,,1,6,,37025,17,4,,1,6,,37026,17,4,,1,6,,37027,17,4,,1,6,,37028,17,4,,1,46,,37029,17,4,,1,6,,37030,17,4,,1,6,,37031,17,4,,1,6,,37032,17,4,,1,6,,37033,17,4,,1,6,,37034,17,4,,1,6,,37035,17,4,,1,6,,37036,17,4,,1,6,,37037,17,4,,1,6,,37038,17,4,,1,46,,37039,17,4,,1,6,,37040,17,4,,1,6,,37041,17,4,,1,6,,37042,17,4,,1,6,,37043,17,4,,1,6,,37044,17,4,,1,6,,37045,17,4,,1,6,,37046,17,4,,1,6,,37047,17,4,,1,6,,37048,17,4,,1,46,,37049,17,4,,1,6,,37050,17,4,,1,6,,37051,17,4,,1,6,,37052,17,4,,1,6,,37053,17,4,,1,6,,37054,17,4,,1,6,,37055,17,4,,1,6,,37056,17,4,,1,6,,37057,17,4,,1,6,,37058,17,4,,1,46,,37059,17,4,,1,6,,37060,17,4,,1,6,,37061,17,4,,1,6,,37062,17,4,,1,6,,37063,17,4,,1,6,,37064,17,4,,1,6,,37065,17,4,,1,9,,37066,17,4,,1,55,,37067,17,4,,1,15,,37068,17,4,,1,15,,37069,17,4,,1,15,,37070,17,4,,1,55,,37071,17,4,,1,15,,37072,17,4,,1,15,,37073,17,4,,1,15,,37074,17,4,,1,55,,37075,17,4,,1,15,,37076,17,4,,1,15,,37077,17,4,,1,15,,37078,17,4,,1,55,,37079,17,4,,1,15,,37080,17,4,,1,15,,37081,17,4,,1,15,,37082,17,4,,1,55,,37083,17,4,,1,15,,37084,17,4,,1,15,,37085,17,4,,1,15,,37086,17,4,,1,55,,37087,17,4,,1,15,,37088,17,4,,1,15,,37089,17,4,,1,15,,37090,17,4,,1,55,,37091,17,4,,1,15,,37092,17,4,,1,15,,36963,17,4,,1
18002101,'021R-Weekday-7-26-09',549,,37094,17,4,,1,52,,37096,17,4,,1,12,,37097,17,4,,1,6,,37228,17,4,,1,6,,37095,17,4,,1,6,,37126,17,4,,1,6,,37127,17,4,,1,6,,37128,17,4,,1,6,,37129,17,4,,1,6,,37125,17,4,,1,46,,37124,17,4,,1,6,,37123,17,4,,1,6,,37122,17,4,,1,6,,37121,17,4,,1,6,,37120,17,4,,1,6,,37119,17,4,,1,6,,37118,17,4,,1,6,,37117,17,4,,1,6,,37116,17,4,,1,6,,37115,17,4,,1,46,,37114,17,4,,1,6,,37113,17,4,,1,6,,37112,17,4,,1,6,,37111,17,4,,1,6,,37110,17,4,,1,6,,37109,17,4,,1,6,,37108,17,4,,1,6,,37107,17,4,,1,6,,37106,17,4,,1,6,,37105,17,4,,1,46,,37104,17,4,,1,6,,37103,17,4,,1,6,,37102,17,4,,1,6,,37101,17,4,,1,6,,37100,17,4,,1,6,,37099,17,4,,1,10,,37130,17,4,,1,10,,37131,17,4,,1,50,,37132,17,4,,1,10,,37133,17,4,,1,10,,37134,17,4,,1,10,,37135,17,4,,1,10,,37136,17,4,,1,10,,37137,17,4,,1,50,,37138,17,4,,1,10,,37139,17,4,,1,10,,37140,17,4,,1,10,,37141,17,4,,1,10,,37142,17,4,,1,10,,37143,17,4,,1,50,,37144,17,4,,1,10,,37145,17,4,,1,10,,37146,17,4,,1,10,,37147,17,4,,1,10,,37148,17,4,,1,10,,37149,17,4,,1,50,,37150,17,4,,1,10,,37151,17,4,,1,10,,37152,17,4,,1,10,,37153,17,4,,1,10,,37154,17,4,,1,10,,37155,17,4,,1,50,,37156,17,4,,1,10,,37157,17,4,,1,10,,37158,17,4,,1,10,,37159,17,4,,1,6,,37160,17,4,,1,6,,37161,17,4,,1,6,,37162,17,4,,1,6,,37163,17,4,,1,46,,37164,17,4,,1,6,,37165,17,4,,1,6,,37166,17,4,,1,6,,37167,17,4,,1,6,,37168,17,4,,1,6,,37169,17,4,,1,6,,37170,17,4,,1,6,,37171,17,4,,1,6,,37172,17,4,,1,6,,37173,17,4,,1,46,,37174,17,4,,1,6,,37175,17,4,,1,6,,37176,17,4,,1,6,,37177,17,4,,1,6,,37178,17,4,,1,6,,37179,17,4,,1,6,,37180,17,4,,1,6,,37181,17,4,,1,6,,37182,17,4,,1,6,,37183,17,4,,1,46,,37184,17,4,,1,6,,37185,17,4,,1,6,,37186,17,4,,1,6,,37187,17,4,,1,6,,37188,17,4,,1,6,,37189,17,4,,1,6,,37190,17,4,,1,6,,37191,17,4,,1,6,,37192,17,4,,1,6,,37193,17,4,,1,46,,37194,17,4,,1,6,,37195,17,4,,1,6,,37196,17,4,,1,6,,37197,17,4,,1,6,,37198,17,4,,1,6,,37199,17,4,,1,6,,37200,17,4,,1,9,,37201,17,4,,1,55,,37202,17,4,,1,15,,37203,17,4,,1,15,,37204,17,4,,1,15,,37205,17,4,,1,55,,37206,17,4,,1,15,,37207,17,4,,1,15,,37208,17,4,,1,15,,37209,17,4,,1,55,,37210,17,4,,1,15,,37211,17,4,,1,15,,37212,17,4,,1,15,,37213,17,4,,1,55,,37214,17,4,,1,15,,37215,17,4,,1,15,,37216,17,4,,1,15,,37217,17,4,,1,55,,37218,17,4,,1,15,,37219,17,4,,1,15,,37220,17,4,,1,15,,37221,17,4,,1,55,,37222,17,4,,1,15,,37223,17,4,,1,15,,37224,17,4,,1,15,,37225,17,4,,1,55,,37226,17,4,,1,15,,37227,17,4,,1,15,,37098,17,4,,1
18002101,'021R-Saturday-1-26-09',546,,33254,17,4,,1,55,,33255,17,4,,1,15,,33256,17,4,,1,15,,33257,17,4,,1,15,,33258,17,4,,1,55,,33259,17,4,,1,15,,33260,17,4,,1,15,,33261,17,4,,1,15,,33262,17,4,,1,55,,33263,17,4,,1,15,,33264,17,4,,1,15,,33265,17,4,,1,15,,33266,17,4,,1,55,,33267,17,4,,1,15,,33268,17,4,,1,15,,33269,17,4,,1,15,,33270,17,4,,1,55,,33271,17,4,,1,15,,33272,17,4,,1,15,,33273,17,4,,1,15,,33274,17,4,,1,55,,33275,17,4,,1,15,,33276,17,4,,1,15,,33277,17,4,,1,15,,33278,17,4,,1,55,,33279,17,4,,1,15,,33280,17,4,,1,15,,33281,17,4,,1,15,,33282,17,4,,1,55,,33283,17,4,,1,15,,33284,17,4,,1,15,,33285,17,4,,1,15,,33286,17,4,,1,55,,33287,17,4,,1,15,,33288,17,4,,1,15,,33289,17,4,,1,15,,33290,17,4,,1,55,,33291,17,4,,1,15,,33292,17,4,,1,15,,33293,17,4,,1,15,,33294,17,4,,1,55,,33295,17,4,,1,15,,33296,17,4,,1,15,,33297,17,4,,1,15,,33298,17,4,,1,55,,33299,17,4,,1,15,,33300,17,4,,1,15,,33301,17,4,,1,15,,33302,17,4,,1,55,,33303,17,4,,1,15,,33304,17,4,,1,15,,33305,17,4,,1,15,,33306,17,4,,1,55,,33307,17,4,,1,15,,33308,17,4,,1,15,,33309,17,4,,1,15,,33310,17,4,,1,55,,33311,17,4,,1,15,,33312,17,4,,1,15,,33313,17,4,,1,15,,33314,17,4,,1,55,,33315,17,4,,1,15,,33316,17,4,,1,15,,33317,17,4,,1,15,,33318,17,4,,1,55,,33319,17,4,,1,15,,33320,17,4,,1,15,,33321,17,4,,1,15,,33322,17,4,,1,55,,33323,17,4,,1,15,,33324,17,4,,1,15,,33325,17,4,,1,15,,33326,17,4,,1,55,,33327,17,4,,1,15,,33328,17,4,,1,15,,33329,17,4,,1,15,,33330,17,4,,1,55,,33331,17,4,,1,15,,33332,17,4,,1,15,,33333,17,4,,1
18002101,'021R-Saturday-2-26-09',548,,37229,17,4,,1,55,,37230,17,4,,1,15,,37231,17,4,,1,15,,37232,17,4,,1,15,,37233,17,4,,1,55,,37234,17,4,,1,15,,37235,17,4,,1,15,,37236,17,4,,1,15,,37237,17,4,,1,55,,37238,17,4,,1,15,,37239,17,4,,1,15,,37240,17,4,,1,15,,37241,17,4,,1,55,,37242,17,4,,1,15,,37243,17,4,,1,15,,37244,17,4,,1,15,,37245,17,4,,1,55,,37246,17,4,,1,15,,37247,17,4,,1,15,,37248,17,4,,1,15,,37249,17,4,,1,55,,37250,17,4,,1,15,,37251,17,4,,1,15,,37252,17,4,,1,15,,37253,17,4,,1,55,,37254,17,4,,1,15,,37255,17,4,,1,15,,37256,17,4,,1,15,,37257,17,4,,1,55,,37258,17,4,,1,15,,37259,17,4,,1,15,,37260,17,4,,1,15,,37261,17,4,,1,55,,37262,17,4,,1,15,,37263,17,4,,1,15,,37264,17,4,,1,15,,37265,17,4,,1,55,,37266,17,4,,1,15,,37267,17,4,,1,15,,37268,17,4,,1,15,,37269,17,4,,1,55,,37270,17,4,,1,15,,37271,17,4,,1,15,,37272,17,4,,1,15,,37273,17,4,,1,55,,37274,17,4,,1,15,,37275,17,4,,1,15,,37276,17,4,,1,15,,37277,17,4,,1,55,,37278,17,4,,1,15,,37279,17,4,,1,15,,37280,17,4,,1,15,,37281,17,4,,1,55,,37282,17,4,,1,15,,37283,17,4,,1,15,,37284,17,4,,1,15,,37285,17,4,,1,55,,37286,17,4,,1,15,,37287,17,4,,1,15,,37288,17,4,,1,15,,37289,17,4,,1,55,,37290,17,4,,1,15,,37291,17,4,,1,15,,37292,17,4,,1,15,,37293,17,4,,1,55,,37294,17,4,,1,15,,37295,17,4,,1,15,,37296,17,4,,1,15,,37297,17,4,,1,55,,37298,17,4,,1,15,,37299,17,4,,1,15,,37300,17,4,,1,15,,37301,17,4,,1,55,,37302,17,4,,1,15,,37303,17,4,,1,15,,37304,17,4,,1,15,,37305,17,4,,1,55,,37306,17,4,,1,15,,37307,17,4,,1,15,,37308,17,4,,1
18002101,'021R-Sunday-1-26-09',546,,33334,17,4,,1,55,,33335,17,4,,1,15,,33336,17,4,,1,15,,33337,17,4,,1,15,,33338,17,4,,1,55,,33339,17,4,,1,15,,33340,17,4,,1,15,,33341,17,4,,1,15,,33342,17,4,,1,55,,33343,17,4,,1,15,,33344,17,4,,1,15,,33345,17,4,,1,15,,33346,17,4,,1,55,,33347,17,4,,1,15,,33348,17,4,,1,15,,33349,17,4,,1,15,,33350,17,4,,1,55,,33351,17,4,,1,15,,33352,17,4,,1,15,,33353,17,4,,1,15,,33354,17,4,,1,55,,33355,17,4,,1,15,,33356,17,4,,1,15,,33357,17,4,,1,15,,33358,17,4,,1,55,,33359,17,4,,1,15,,33360,17,4,,1,15,,33361,17,4,,1,15,,33362,17,4,,1,55,,33363,17,4,,1,15,,33364,17,4,,1,15,,33365,17,4,,1,15,,33366,17,4,,1,55,,33367,17,4,,1,15,,33368,17,4,,1,15,,33369,17,4,,1,15,,33370,17,4,,1,55,,33371,17,4,,1,15,,33372,17,4,,1,15,,33373,17,4,,1,15,,33374,17,4,,1,55,,33375,17,4,,1,15,,33376,17,4,,1,15,,33377,17,4,,1,15,,33378,17,4,,1,55,,33379,17,4,,1,15,,33380,17,4,,1,15,,33381,17,4,,1,15,,33382,17,4,,1,55,,33383,17,4,,1,15,,33384,17,4,,1,15,,33385,17,4,,1,15,,33386,17,4,,1,55,,33387,17,4,,1,15,,33388,17,4,,1,15,,33389,17,4,,1,15,,33390,17,4,,1,55,,33391,17,4,,1,15,,33392,17,4,,1,15,,33393,17,4,,1,15,,33394,17,4,,1,55,,33395,17,4,,1,15,,33396,17,4,,1,15,,33397,17,4,,1,15,,33398,17,4,,1,55,,33399,17,4,,1,15,,33400,17,4,,1,15,,33401,17,4,,1,15,,33402,17,4,,1,55,,33403,17,4,,1,15,,33404,17,4,,1,15,,33405,17,4,,1,15,,33406,17,4,,1,55,,33407,17,4,,1,15,,33408,17,4,,1,15,,33409,17,4,,1,15,,33410,17,4,,1
18002101,'021R-Sunday-2-26-09',548,,37309,17,4,,1,55,,37310,17,4,,1,15,,37311,17,4,,1,15,,37312,17,4,,1,15,,37313,17,4,,1,55,,37314,17,4,,1,15,,37315,17,4,,1,15,,37316,17,4,,1,15,,37317,17,4,,1,55,,37318,17,4,,1,15,,37319,17,4,,1,15,,37320,17,4,,1,15,,37321,17,4,,1,55,,37322,17,4,,1,15,,37323,17,4,,1,15,,37324,17,4,,1,15,,37325,17,4,,1,55,,37326,17,4,,1,15,,37327,17,4,,1,15,,37328,17,4,,1,15,,37329,17,4,,1,55,,37330,17,4,,1,15,,37331,17,4,,1,15,,37332,17,4,,1,15,,37333,17,4,,1,55,,37334,17,4,,1,15,,37335,17,4,,1,15,,37336,17,4,,1,15,,37337,17,4,,1,55,,37338,17,4,,1,15,,37339,17,4,,1,15,,37340,17,4,,1,15,,37341,17,4,,1,55,,37342,17,4,,1,15,,37343,17,4,,1,15,,37344,17,4,,1,15,,37345,17,4,,1,55,,37346,17,4,,1,15,,37347,17,4,,1,15,,37348,17,4,,1,15,,37349,17,4,,1,55,,37350,17,4,,1,15,,37351,17,4,,1,15,,37352,17,4,,1,15,,37353,17,4,,1,55,,37354,17,4,,1,15,,37355,17,4,,1,15,,37356,17,4,,1,15,,37357,17,4,,1,55,,37358,17,4,,1,15,,37359,17,4,,1,15,,37360,17,4,,1,15,,37361,17,4,,1,55,,37362,17,4,,1,15,,37363,17,4,,1,15,,37364,17,4,,1,15,,37365,17,4,,1,55,,37366,17,4,,1,15,,37367,17,4,,1,15,,37368,17,4,,1,15,,37369,17,4,,1,55,,37370,17,4,,1,15,,37371,17,4,,1,15,,37372,17,4,,1,15,,37373,17,4,,1,55,,37374,17,4,,1,15,,37375,17,4,,1,15,,37376,17,4,,1,15,,37377,17,4,,1,55,,37378,17,4,,1,15,,37379,17,4,,1,15,,37380,17,4,,1,15,,37381,17,4,,1,55,,37382,17,4,,1,15,,37383,17,4,,1,15,,37384,17,4,,1,15,,37385,17,4,,1
18002101,'021R-Sunday-4-26-09',548,,37386,17,4,,1,55,,37387,17,4,,1,15,,37388,17,4,,1,15,,37389,17,4,,1,15,,37390,17,4,,1,55,,37391,17,4,,1,15,,37392,17,4,,1,15,,37393,17,4,,1,15,,37394,17,4,,1,55,,37395,17,4,,1,15,,37396,17,4,,1,15,,37397,17,4,,1,15,,37398,17,4,,1,55,,37399,17,4,,1,15,,37400,17,4,,1,15,,37401,17,4,,1,15,,37402,17,4,,1,55,,37403,17,4,,1,15,,37404,17,4,,1,15,,37405,17,4,,1,15,,37406,17,4,,1,55,,37407,17,4,,1,15,,37408,17,4,,1,15,,37409,17,4,,1,15,,37410,17,4,,1,55,,37411,17,4,,1,15,,37412,17,4,,1,15,,37413,17,4,,1,15,,37414,17,4,,1,55,,37415,17,4,,1,15,,37416,17,4,,1,15,,37417,17,4,,1,15,,37418,17,4,,1,55,,37419,17,4,,1,15,,37420,17,4,,1,15,,37421,17,4,,1,15,,37422,17,4,,1,55,,37423,17,4,,1,15,,37424,17,4,,1,15,,37425,17,4,,1,15,,37426,17,4,,1,55,,37427,17,4,,1,15,,37428,17,4,,1,15,,37429,17,4,,1,15,,37430,17,4,,1,55,,37431,17,4,,1,15,,37432,17,4,,1,15,,37433,17,4,,1,15,,37434,17,4,,1,55,,37435,17,4,,1,15,,37436,17,4,,1,15,,37437,17,4,,1,15,,37438,17,4,,1,55,,37439,17,4,,1,15,,37440,17,4,,1,15,,37441,17,4,,1,15,,37442,17,4,,1,55,,37443,17,4,,1,15,,37444,17,4,,1,15,,37445,17,4,,1,15,,37446,17,4,,1,55,,37447,17,4,,1,15,,37448,17,4,,1,15,,37449,17,4,,1,15,,37450,17,4,,1,55,,37451,17,4,,1,15,,37452,17,4,,1,15,,37453,17,4,,1,15,,37454,17,4,,1,55,,37455,17,4,,1,15,,37456,17,4,,1,15,,37457,17,4,,1,15,,37458,17,4,,1,55,,37459,17,4,,1,15,,37460,17,4,,1,15,,37461,17,4,,1,15,,37462,17,4,,1
18002201,'022R-Saturday-2-26-09',544,,38744,11,4,,1,15,,38743,11,4,,1,55,,38666,14,4,,1,15,,38667,14,4,,1,15,,38668,14,4,,1,15,,38669,14,4,,1,55,,38670,14,4,,1,15,,38671,14,4,,1,15,,38672,14,4,,1,15,,38673,14,4,,1,55,,38674,14,4,,1,15,,38675,14,4,,1,15,,38676,14,4,,1,15,,38677,14,4,,1,55,,38678,14,4,,1,15,,38679,14,4,,1,15,,38680,14,4,,1,15,,38681,14,4,,1,55,,38682,14,4,,1,15,,38683,14,4,,1,15,,38684,14,4,,1,15,,38685,14,4,,1,55,,38686,14,4,,1,15,,38687,14,4,,1,15,,38688,14,4,,1,15,,38689,14,4,,1,55,,38690,14,4,,1,15,,38691,14,4,,1,15,,38692,14,4,,1,15,,38693,14,4,,1,55,,38694,14,4,,1,15,,38695,14,4,,1,15,,38696,14,4,,1,15,,38697,14,4,,1,55,,38698,14,4,,1,15,,38699,14,4,,1,15,,38700,14,4,,1,15,,38701,14,4,,1,55,,38702,14,4,,1,15,,38703,14,4,,1,15,,38704,14,4,,1,15,,38705,14,4,,1,55,,38706,14,4,,1,15,,38707,14,4,,1,15,,38708,14,4,,1,15,,38709,14,4,,1,55,,38710,14,4,,1,15,,38711,14,4,,1,15,,38712,14,4,,1,15,,38713,14,4,,1,55,,38714,14,4,,1,15,,38715,14,4,,1,15,,38716,14,4,,1,15,,38717,14,4,,1,55,,38718,14,4,,1,15,,38719,14,4,,1,15,,38720,14,4,,1,15,,38721,14,4,,1,55,,38722,14,4,,1,15,,38723,14,4,,1,15,,38724,14,4,,1,15,,38725,14,4,,1,55,,38726,14,4,,1,15,,38727,14,4,,1,15,,38728,14,4,,1,15,,38729,14,4,,1,55,,38730,14,4,,1,15,,38731,14,4,,1,15,,38732,14,4,,1,15,,38733,14,4,,1,55,,38734,14,4,,1,15,,38735,14,4,,1,15,,38736,14,4,,1,15,,38737,14,4,,1,55,,38738,14,4,,1,15,,38739,14,4,,1,15,,38740,14,4,,1,15,,38741,14,4,,1,55,,38742,14,4,,1
18002201,'022R-Sunday-2-26-09',614,,38901,11,4,,1,15,,38900,11,4,,1,15,,38903,14,4,,1,15,,38904,14,4,,1,55,,38905,14,4,,1,15,,38906,14,4,,1,15,,38907,14,4,,1,15,,38908,14,4,,1,55,,38909,14,4,,1,15,,38910,14,4,,1,15,,38911,14,4,,1,15,,38912,14,4,,1,55,,38913,14,4,,1,15,,38914,14,4,,1,15,,38915,14,4,,1,15,,38916,14,4,,1,55,,38917,14,4,,1,15,,38918,14,4,,1,15,,38919,14,4,,1,15,,38920,14,4,,1,55,,38921,14,4,,1,15,,38922,14,4,,1,15,,38923,14,4,,1,15,,38924,14,4,,1,55,,38925,14,4,,1,15,,38926,14,4,,1,15,,38927,14,4,,1,15,,38928,14,4,,1,55,,38929,14,4,,1,15,,38930,14,4,,1,15,,38931,14,4,,1,15,,38932,14,4,,1,55,,38933,14,4,,1,15,,38934,14,4,,1,15,,38935,14,4,,1,15,,38936,14,4,,1,55,,38937,14,4,,1,15,,38938,14,4,,1,15,,38939,14,4,,1,15,,38940,14,4,,1,55,,38941,14,4,,1,15,,38942,14,4,,1,15,,38943,14,4,,1,15,,38944,14,4,,1,55,,38945,14,4,,1,15,,38946,14,4,,1,15,,38947,14,4,,1,15,,38948,14,4,,1,55,,38949,14,4,,1,15,,38950,14,4,,1,15,,38951,14,4,,1,15,,38952,14,4,,1,55,,38953,14,4,,1,15,,38954,14,4,,1,15,,38955,14,4,,1,15,,38956,14,4,,1,55,,38957,14,4,,1,15,,38958,14,4,,1,15,,38959,14,4,,1,15,,38960,14,4,,1,55,,38961,14,4,,1,15,,38962,14,4,,1,15,,38963,14,4,,1,15,,38964,14,4,,1,55,,38965,14,4,,1,15,,38966,14,4,,1,15,,38967,14,4,,1,15,,38968,14,4,,1,55,,38969,14,4,,1,15,,38970,14,4,,1,15,,38971,14,4,,1,15,,38902,14,4,,1,55,,38899,14,4,,1
