18002101,'021R-Weekday-1-26-09',531,,32849,11,,,1,12,,32851,11,,,1,12,,32852,11,,,1,46,,32983,11,,,1,6,,32850,11,,,1,6,,32881,11,,,1,6,,32882,11,,,1,6,,32883,11,,,1,6,,32884,11,,,1,6,,32880,11,,,1,6,,32879,11,,,1,6,,32878,11,,,1,6,,32877,11,,,1,46,,32876,11,,,1,6,,32875,11,,,1,6,,32874,11,,,1,6,,32873,11,,,1,6,,32872,11,,,1,6,,32871,11,,,1,6,,32870,11,,,1,6,,32869,11,,,1,6,,32868,11,,,1,6,,32867,11,,,1,46,,32866,11,,,1,6,,32865,11,,,1,6,,32864,11,,,1,6,,32863,11,,,1,6,,32862,11,,,1,6,,32861,11,,,1,6,,32860,11,,,1,6,,32859,11,,,1,6,,32858,11,,,1,6,,32857,11,,,1,46,,32856,11,,,1,6,,32855,11,,,1,6,,32854,11,,,1,10,,32885,11,,,1,10,,32886,11,,,1,10,,32887,11,,,1,10,,32888,11,,,1,50,,32889,11,,,1,10,,32890,11,,,1,10,,32891,11,,,1,10,,32892,11,,,1,10,,32893,11,,,1,10,,32894,11,,,1,50,,32895,11,,,1,10,,32896,11,,,1,10,,32897,11,,,1,10,,32898,11,,,1,10,,32899,11,,,1,10,,32900,11,,,1,50,,32901,11,,,1,10,,32902,11,,,1,10,,32903,11,,,1,10,,32904,11,,,1,10,,32905,11,,,1,10,,32906,11,,,1,50,,32907,11,,,1,10,,32908,11,,,1,10,,32909,11,,,1,10,,32910,11,,,1,10,,32911,11,,,1,10,,32912,11,,,1,50,,32913,11,,,1,10,,32914,11,,,1,6,,32915,11,,,1,6,,32916,11,,,1,6,,32917,11,,,1,6,,32918,11,,,1,6,,32919,11,,,1,6,,32920,11,,,1,6,,32921,11,,,1,46,,32922,11,,,1,6,,32923,11,,,1,6,,32924,11,,,1,6,,32925,11,,,1,6,,32926,11,,,1,6,,32927,11,,,1,6,,32928,11,,,1,6,,32929,11,,,1,6,,32930,11,,,1,6,,32931,11,,,1,46,,32932,11,,,1,6,,32933,11,,,1,6,,32934,11,,,1,6,,32935,11,,,1,6,,32936,11,,,1,6,,32937,11,,,1,6,,32938,11,,,1,6,,32939,11,,,1,6,,32940,11,,,1,6,,32941,11,,,1,46,,32942,11,,,1,6,,32943,11,,,1,6,,32944,11,,,1,6,,32945,11,,,1,6,,32946,11,,,1,6,,32947,11,,,1,6,,32948,11,,,1,6,,32949,11,,,1,6,,32950,11,,,1,6,,32951,11,,,1,46,,32952,11,,,1,6,,32953,11,,,1,6,,32954,11,,,1,6,,32955,11,,,1,9,,32956,11,,,1,15,,32957,11,,,1,15,,32958,11,,,1,55,,32959,11,,,1,15,,32960,11,,,1,15,,32961,11,,,1,15,,32962,11,,,1,55,,32963,11,,,1,15,,32964,11,,,1,15,,32965,11,,,1,15,,32966,11,,,1,55,,32967,11,,,1,15,,32968,11,,,1,15,,32969,11,,,1,15,,32970,11,,,1,55,,32971,11,,,1,15,,32972,11,,,1,15,,32973,11,,,1,15,,32974,11,,,1,55,,32975,11,,,1,15,,32976,11,,,1,15,,32977,11,,,1,15,,32978,11,,,1,55,,32979,11,,,1,15,,32980,11,,,1,15,,32981,11,,,1,15,,32982,11,,,1,55,,32853,11,,,1
18002101,'021R-Weekday-2-26-09',531,,32984,11,,,1,12,,32986,11,,,1,12,,32987,11,,,1,46,,33118,11,,,1,6,,32985,11,,,1,6,,33016,11,,,1,6,,33017,11,,,1,6,,33018,11,,,1,6,,33019,11,,,1,6,,33015,11,,,1,6,,33014,11,,,1,6,,33013,11,,,1,6,,33012,11,,,1,46,,33011,11,,,1,6,,33010,11,,,1,6,,33009,11,,,1,6,,33008,11,,,1,6,,33007,11,,,1,6,,33006,11,,,1,6,,33005,11,,,1,6,,33004,11,,,1,6,,33003,11,,,1,6,,33002,11,,,1,46,,33001,11,,,1,6,,33000,11,,,1,6,,32999,11,,,1,6,,32998,11,,,1,6,,32997,11,,,1,6,,32996,11,,,1,6,,32995,11,,,1,6,,32994,11,,,1,6,,32993,11,,,1,6,,32992,11,,,1,46,,32991,11,,,1,6,,32990,11,,,1,6,,32989,11,,,1,10,,33020,11,,,1,10,,33021,11,,,1,10,,33022,11,,,1,10,,33023,11,,,1,50,,33024,11,,,1,10,,33025,11,,,1,10,,33026,11,,,1,10,,33027,11,,,1,10,,33028,11,,,1,10,,33029,11,,,1,50,,33030,11,,,1,10,,33031,11,,,1,10,,33032,11,,,1,10,,33033,11,,,1,10,,33034,11,,,1,10,,33035,11,,,1,50,,33036,11,,,1,10,,33037,11,,,1,10,,33038,11,,,1,10,,33039,11,,,1,10,,33040,11,,,1,10,,33041,11,,,1,50,,33042,11,,,1,10,,33043,11,,,1,10,,33044,11,,,1,10,,33045,11,,,1,10,,33046,11,,,1,10,,33047,11,,,1,50,,33048,11,,,1,10,,33049,11,,,1,6,,33050,11,,,1,6,,33051,11,,,1,6,,33052,11,,,1,6,,33053,11,,,1,6,,33054,11,,,1,6,,33055,11,,,1,6,,33056,11,,,1,46,,33057,11,,,1,6,,33058,11,,,1,6,,33059,11,,,1,6,,33060,11,,,1,6,,33061,11,,,1,6,,33062,11,,,1,6,,33063,11,,,1,6,,33064,11,,,1,6,,33065,11,,,1,6,,33066,11,,,1,46,,33067,11,,,1,6,,33068,11,,,1,6,,33069,11,,,1,6,,33070,11,,,1,6,,33071,11,,,1,6,,33072,11,,,1,6,,33073,11,,,1,6,,33074,11,,,1,6,,33075,11,,,1,6,,33076,11,,,1,46,,33077,11,,,1,6,,33078,11,,,1,6,,33079,11,,,1,6,,33080,11,,,1,6,,33081,11,,,1,6,,33082,11,,,1,6,,33083,11,,,1,6,,33084,11,,,1,6,,33085,11,,,1,6,,33086,11,,,1,46,,33087,11,,,1,6,,33088,11,,,1,6,,33089,11,,,1,6,,33090,11,,,1,9,,33091,11,,,1,15,,33092,11,,,1,15,,33093,11,,,1,55,,33094,11,,,1,15,,33095,11,,,1,15,,33096,11,,,1,15,,33097,11,,,1,55,,33098,11,,,1,15,,33099,11,,,1,15,,33100,11,,,1,15,,33101,11,,,1,55,,33102,11,,,1,15,,33103,11,,,1,15,,33104,11,,,1,15,,33105,11,,,1,55,,33106,11,,,1,15,,33107,11,,,1,15,,33108,11,,,1,15,,33109,11,,,1,55,,33110,11,,,1,15,,33111,11,,,1,15,,33112,11,,,1,15,,33113,11,,,1,55,,33114,11,,,1,15,,33115,11,,,1,15,,33116,11,,,1,15,,33117,11,,,1,55,,32988,11,,,1
18002101,'021R-Weekday-3-26-09',531,,36689,11,,,1,12,,36691,11,,,1,12,,36692,11,,,1,46,,36823,11,,,1,6,,36690,11,,,1,6,,36721,11,,,1,6,,36722,11,,,1,6,,36723,11,,,1,6,,36724,11,,,1,6,,36720,11,,,1,6,,36719,11,,,1,6,,36718,11,,,1,6,,36717,11,,,1,46,,36716,11,,,1,6,,36715,11,,,1,6,,36714,11,,,1,6,,36713,11,,,1,6,,36712,11,,,1,6,,36711,11,,,1,6,,36710,11,,,1,6,,36709,11,,,1,6,,36708,11,,,1,6,,36707,11,,,1,46,,36706,11,,,1,6,,36705,11,,,1,6,,36704,11,,,1,6,,36703,11,,,1,6,,36702,11,,,1,6,,36701,11,,,1,6,,36700,11,,,1,6,,36699,11,,,1,6,,36698,11,,,1,6,,36697,11,,,1,46,,36696,11,,,1,6,,36695,11,,,1,6,,36694,11,,,1,10,,36725,11,,,1,10,,36726,11,,,1,10,,36727,11,,,1,10,,36728,11,,,1,50,,36729,11,,,1,10,,36730,11,,,1,10,,36731,11,,,1,10,,36732,11,,,1,10,,36733,11,,,1,10,,36734,11,,,1,50,,36735,11,,,1,10,,36736,11,,,1,10,,36737,11,,,1,10,,36738,11,,,1,10,,36739,11,,,1,10,,36740,11,,,1,50,,36741,11,,,1,10,,36742,11,,,1,10,,36743,11,,,1,10,,36744,11,,,1,10,,36745,11,,,1,10,,36746,11,,,1,50,,36747,11,,,1,10,,36748,11,,,1,10,,36749,11,,,1,10,,36750,11,,,1,10,,36751,11,,,1,10,,36752,11,,,1,50,,36753,11,,,1,10,,36754,11,,,1,6,,36755,11,,,1,6,,36756,11,,,1,6,,36757,11,,,1,6,,36758,11,,,1,6,,36759,11,,,1,6,,36760,11,,,1,6,,36761,11,,,1,46,,36762,11,,,1,6,,36763,11,,,1,6,,36764,11,,,1,6,,36765,11,,,1,6,,36766,11,,,1,6,,36767,11,,,1,6,,36768,11,,,1,6,,36769,11,,,1,6,,36770,11,,,1,6,,36771,11,,,1,46,,36772,11,,,1,6,,36773,11,,,1,6,,36774,11,,,1,6,,36775,11,,,1,6,,36776,11,,,1,6,,36777,11,,,1,6,,36778,11,,,1,6,,36779,11,,,1,6,,36780,11,,,1,6,,36781,11,,,1,46,,36782,11,,,1,6,,36783,11,,,1,6,,36784,11,,,1,6,,36785,11,,,1,6,,36786,11,,,1,6,,36787,11,,,1,6,,36788,11,,,1,6,,36789,11,,,1,6,,36790,11,,,1,6,,36791,11,,,1,46,,36792,11,,,1,6,,36793,11,,,1,6,,36794,11,,,1,6,,36795,11,,,1,9,,36796,11,,,1,15,,36797,11,,,1,15,,36798,11,,,1,55,,36799,11,,,1,15,,36800,11,,,1,15,,36801,11,,,1,15,,36802,11,,,1,55,,36803,11,,,1,15,,36804,11,,,1,15,,36805,11,,,1,15,,36806,11,,,1,55,,36807,11,,,1,15,,36808,11,,,1,15,,36809,11,,,1,15,,36810,11,,,1,55,,36811,11,,,1,15,,36812,11,,,1,15,,36813,11,,,1,15,,36814,11,,,1,55,,36815,11,,,1,15,,36816,11,,,1,15,,36817,11,,,1,15,,36818,11,,,1,55,,36819,11,,,1,15,,36820,11,,,1,15,,36821,11,,,1,15,,36822,11,,,1,55,,36693,11,,,1
18002101,'021R-Weekday-4-26-09',531,,33119,11,,,1,12,,33121,11,,,1,12,,33122,11,,,1,46,,33253,11,,,1,6,,33120,11,,,1,6,,33151,11,,,1,6,,33152,11,,,1,6,,33153,11,,,1,6,,33154,11,,,1,6,,33150,11,,,1,6,,33149,11,,,1,6,,33148,11,,,1,6,,33147,11,,,1,46,,33146,11,,,1,6,,33145,11,,,1,6,,33144,11,,,1,6,,33143,11,,,1,6,,33142,11,,,1,6,,33141,11,,,1,6,,33140,11,,,1,6,,33139,11,,,1,6,,33138,11,,,1,6,,33137,11,,,1,46,,33136,11,,,1,6,,33135,11,,,1,6,,33134,11,,,1,6,,33133,11,,,1,6,,33132,11,,,1,6,,33131,11,,,1,6,,33130,11,,,1,6,,33129,11,,,1,6,,33128,11,,,1,6,,33127,11,,,1,46,,33126,11,,,1,6,,33125,11,,,1,6,,33124,11,,,1,10,,33155,11,,,1,10,,33156,11,,,1,10,,33157,11,,,1,10,,33158,11,,,1,50,,33159,11,,,1,10,,33160,11,,,1,10,,33161,11,,,1,10,,33162,11,,,1,10,,33163,11,,,1,10,,33164,11,,,1,50,,33165,11,,,1,10,,33166,11,,,1,10,,33167,11,,,1,10,,33168,11,,,1,10,,33169,11,,,1,10,,33170,11,,,1,50,,33171,11,,,1,10,,33172,11,,,1,10,,33173,11,,,1,10,,33174,11,,,1,10,,33175,11,,,1,10,,33176,11,,,1,50,,33177,11,,,1,10,,33178,11,,,1,10,,33179,11,,,1,10,,33180,11,,,1,10,,33181,11,,,1,10,,33182,11,,,1,50,,33183,11,,,1,10,,33184,11,,,1,6,,33185,11,,,1,6,,33186,11,,,1,6,,33187,11,,,1,6,,33188,11,,,1,6,,33189,11,,,1,6,,33190,11,,,1,6,,33191,11,,,1,46,,33192,11,,,1,6,,33193,11,,,1,6,,33194,11,,,1,6,,33195,11,,,1,6,,33196,11,,,1,6,,33197,11,,,1,6,,33198,11,,,1,6,,33199,11,,,1,6,,33200,11,,,1,6,,33201,11,,,1,46,,33202,11,,,1,6,,33203,11,,,1,6,,33204,11,,,1,6,,33205,11,,,1,6,,33206,11,,,1,6,,33207,11,,,1,6,,33208,11,,,1,6,,33209,11,,,1,6,,33210,11,,,1,6,,33211,11,,,1,46,,33212,11,,,1,6,,33213,11,,,1,6,,33214,11,,,1,6,,33215,11,,,1,6,,33216,11,,,1,6,,33217,11,,,1,6,,33218,11,,,1,6,,33219,11,,,1,6,,33220,11,,,1,6,,33221,11,,,1,46,,33222,11,,,1,6,,33223,11,,,1,6,,33224,11,,,1,6,,33225,11,,,1,9,,33226,11,,,1,15,,33227,11,,,1,15,,33228,11,,,1,55,,33229,11,,,1,15,,33230,11,,,1,15,,33231,11,,,1,15,,33232,11,,,1,55,,33233,11,,,1,15,,33234,11,,,1,15,,33235,11,,,1,15,,33236,11,,,1,55,,33237,11,,,1,15,,33238,11,,,1,15,,33239,11,,,1,15,,33240,11,,,1,55,,33241,11,,,1,15,,33242,11,,,1,15,,33243,11,,,1,15,,33244,11,,,1,55,,33245,11,,,1,15,,33246,11,,,1,15,,33247,11,,,1,15,,33248,11,,,1,55,,33249,11,,,1,15,,33250,11,,,1,15,,33251,11,,,1,15,,33252,11,,,1,55,,33123,11,,,1
18002101,'021R-Weekday-5-26-09',531,,36824,11,,,1,12,,36826,11,,,1,12,,36827,11,,,1,46,,36958,11,,,1,6,,36825,11,,,1,6,,36856,11,,,1,6,,36857,11,,,1,6,,36858,11,,,1,6,,36859,11,,,1,6,,36855,11,,,1,6,,36854,11,,,1,6,,36853,11,,,1,6,,36852,11,,,1,46,,36851,11,,,1,6,,36850,11,,,1,6,,36849,11,,,1,6,,36848,11,,,1,6,,36847,11,,,1,6,,36846,11,,,1,6,,36845,11,,,1,6,,36844,11,,,1,6,,36843,11,,,1,6,,36842,11,,,1,46,,36841,11,,,1,6,,36840,11,,,1,6,,36839,11,,,1,6,,36838,11,,,1,6,,36837,11,,,1,6,,36836,11,,,1,6,,36835,11,,,1,6,,36834,11,,,1,6,,36833,11,,,1,6,,36832,11,,,1,46,,36831,11,,,1,6,,36830,11,,,1,6,,36829,11,,,1,10,,36860,11,,,1,10,,36861,11,,,1,10,,36862,11,,,1,10,,36863,11,,,1,50,,36864,11,,,1,10,,36865,11,,,1,10,,36866,11,,,1,10,,36867,11,,,1,10,,36868,11,,,1,10,,36869,11,,,1,50,,36870,11,,,1,10,,36871,11,,,1,10,,36872,11,,,1,10,,36873,11,,,1,10,,36874,11,,,1,10,,36875,11,,,1,50,,36876,11,,,1,10,,36877,11,,,1,10,,36878,11,,,1,10,,36879,11,,,1,10,,36880,11,,,1,10,,36881,11,,,1,50,,36882,11,,,1,10,,36883,11,,,1,10,,36884,11,,,1,10,,36885,11,,,1,10,,36886,11,,,1,10,,36887,11,,,1,50,,36888,11,,,1,10,,36889,11,,,1,6,,36890,11,,,1,6,,36891,11,,,1,6,,36892,11,,,1,6,,36893,11,,,1,6,,36894,11,,,1,6,,36895,11,,,1,6,,36896,11,,,1,46,,36897,11,,,1,6,,36898,11,,,1,6,,36899,11,,,1,6,,36900,11,,,1,6,,36901,11,,,1,6,,36902,11,,,1,6,,36903,11,,,1,6,,36904,11,,,1,6,,36905,11,,,1,6,,36906,11,,,1,46,,36907,11,,,1,6,,36908,11,,,1,6,,36909,11,,,1,6,,36910,11,,,1,6,,36911,11,,,1,6,,36912,11,,,1,6,,36913,11,,,1,6,,36914,11,,,1,6,,36915,11,,,1,6,,36916,11,,,1,46,,36917,11,,,1,6,,36918,11,,,1,6,,36919,11,,,1,6,,36920,11,,,1,6,,36921,11,,,1,6,,36922,11,,,1,6,,36923,11,,,1,6,,36924,11,,,1,6,,36925,11,,,1,6,,36926,11,,,1,46,,36927,11,,,1,6,,36928,11,,,1,6,,36929,11,,,1,6,,36930,11,,,1,9,,36931,11,,,1,15,,36932,11,,,1,15,,36933,11,,,1,55,,36934,11,,,1,15,,36935,11,,,1,15,,36936,11,,,1,15,,36937,11,,,1,55,,36938,11,,,1,15,,36939,11,,,1,15,,36940,11,,,1,15,,36941,11,,,1,55,,36942,11,,,1,15,,36943,11,,,1,15,,36944,11,,,1,15,,36945,11,,,1,55,,36946,11,,,1,15,,36947,11,,,1,15,,36948,11,,,1,15,,36949,11,,,1,55,,36950,11,,,1,15,,36951,11,,,1,15,,36952,11,,,1,15,,36953,11,,,1,55,,36954,11,,,1,15,,36955,11,,,1,15,,36956,11,,,1,15,,36957,11,,,1,55,,36828,11,,,1
18002101,'021R-Weekday-6-26-09',531,,36959,11,,,1,12,,36961,11,,,1,12,,36962,11,,,1,46,,37093,11,,,1,6,,36960,11,,,1,6,,36991,11,,,1,6,,36992,11,,,1,6,,36993,11,,,1,6,,36994,11,,,1,6,,36990,11,,,1,6,,36989,11,,,1,6,,36988,11,,,1,6,,36987,11,,,1,46,,36986,11,,,1,6,,36985,11,,,1,6,,36984,11,,,1,6,,36983,11,,,1,6,,36982,11,,,1,6,,36981,11,,,1,6,,36980,11,,,1,6,,36979,11,,,1,6,,36978,11,,,1,6,,36977,11,,,1,46,,36976,11,,,1,6,,36975,11,,,1,6,,36974,11,,,1,6,,36973,11,,,1,6,,36972,11,,,1,6,,36971,11,,,1,6,,36970,11,,,1,6,,36969,11,,,1,6,,36968,11,,,1,6,,36967,11,,,1,46,,36966,11,,,1,6,,36965,11,,,1,6,,36964,11,,,1,10,,36995,11,,,1,10,,36996,11,,,1,10,,36997,11,,,1,10,,36998,11,,,1,50,,36999,11,,,1,10,,37000,11,,,1,10,,37001,11,,,1,10,,37002,11,,,1,10,,37003,11,,,1,10,,37004,11,,,1,50,,37005,11,,,1,10,,37006,11,,,1,10,,37007,11,,,1,10,,37008,11,,,1,10,,37009,11,,,1,10,,37010,11,,,1,50,,37011,11,,,1,10,,37012,11,,,1,10,,37013,11,,,1,10,,37014,11,,,1,10,,37015,11,,,1,10,,37016,11,,,1,50,,37017,11,,,1,10,,37018,11,,,1,10,,37019,11,,,1,10,,37020,11,,,1,10,,37021,11,,,1,10,,37022,11,,,1,50,,37023,11,,,1,10,,37024,11,,,1,6,,37025,11,,,1,6,,37026,11,,,1,6,,37027,11,,,1,6,,37028,11,,,1,6,,37029,11,,,1,6,,37030,11,,,1,6,,37031,11,,,1,46,,37032,11,,,1,6,,37033,11,,,1,6,,37034,11,,,1,6,,37035,11,,,1,6,,37036,11,,,1,6,,37037,11,,,1,6,,37038,11,,,1,6,,37039,11,,,1,6,,37040,11,,,1,6,,37041,11,,,1,46,,37042,11,,,1,6,,37043,11,,,1,6,,37044,11,,,1,6,,37045,11,,,1,6,,37046,11,,,1,6,,37047,11,,,1,6,,37048,11,,,1,6,,37049,11,,,1,6,,37050,11,,,1,6,,37051,11,,,1,46,,37052,11,,,1,6,,37053,11,,,1,6,,37054,11,,,1,6,,37055,11,,,1,6,,37056,11,,,1,6,,37057,11,,,1,6,,37058,11,,,1,6,,37059,11,,,1,6,,37060,11,,,1,6,,37061,11,,,1,46,,37062,11,,,1,6,,37063,11,,,1,6,,37064,11,,,1,6,,37065,11,,,1,9,,37066,11,,,1,15,,37067,11,,,1,15,,37068,11,,,1,55,,37069,11,,,1,15,,37070,11,,,1,15,,37071,11,,,1,15,,37072,11,,,1,55,,37073,11,,,1,15,,37074,11,,,1,15,,37075,11,,,1,15,,37076,11,,,1,55,,37077,11,,,1,15,,37078,11,,,1,15,,37079,11,,,1,15,,37080,11,,,1,55,,37081,11,,,1,15,,37082,11,,,1,15,,37083,11,,,1,15,,37084,11,,,1,55,,37085,11,,,1,15,,37086,11,,,1,15,,37087,11,,,1,15,,37088,11,,,1,55,,37089,11,,,1,15,,37090,11,,,1,15,,37091,11,,,1,15,,37092,11,,,1,55,,36963,11,,,1
18002101,'021R-Weekday-7-26-09',531,,37094,11,,,1,12,,37096,11,,,1,12,,37097,11,,,1,46,,37228,11,,,1,6,,37095,11,,,1,6,,37126,11,,,1,6,,37127,11,,,1,6,,37128,11,,,1,6,,37129,11,,,1,6,,37125,11,,,1,6,,37124,11,,,1,6,,37123,11,,,1,6,,37122,11,,,1,46,,37121,11,,,1,6,,37120,11,,,1,6,,37119,11,,,1,6,,37118,11,,,1,6,,37117,11,,,1,6,,37116,11,,,1,6,,37115,11,,,1,6,,37114,11,,,1,6,,37113,11,,,1,6,,37112,11,,,1,46,,37111,11,,,1,6,,37110,11,,,1,6,,37109,11,,,1,6,,37108,11,,,1,6,,37107,11,,,1,6,,37106,11,,,1,6,,37105,11,,,1,6,,37104,11,,,1,6,,37103,11,,,1,6,,37102,11,,,1,46,,37101,11,,,1,6,,37100,11,,,1,6,,37099,11,,,1,10,,37130,11,,,1,10,,37131,11,,,1,10,,37132,11,,,1,10,,37133,11,,,1,50,,37134,11,,,1,10,,37135,11,,,1,10,,37136,11,,,1,10,,37137,11,,,1,10,,37138,11,,,1,10,,37139,11,,,1,50,,37140,11,,,1,10,,37141,11,,,1,10,,37142,11,,,1,10,,37143,11,,,1,10,,37144,11,,,1,10,,37145,11,,,1,50,,37146,11,,,1,10,,37147,11,,,1,10,,37148,11,,,1,10,,37149,11,,,1,10,,37150,11,,,1,10,,37151,11,,,1,50,,37152,11,,,1,10,,37153,11,,,1,10,,37154,11,,,1,10,,37155,11,,,1,10,,37156,11,,,1,10,,37157,11,,,1,50,,37158,11,,,1,10,,37159,11,,,1,6,,37160,11,,,1,6,,37161,11,,,1,6,,37162,11,,,1,6,,37163,11,,,1,6,,37164,11,,,1,6,,37165,11,,,1,6,,37166,11,,,1,46,,37167,11,,,1,6,,37168,11,,,1,6,,37169,11,,,1,6,,37170,11,,,1,6,,37171,11,,,1,6,,37172,11,,,1,6,,37173,11,,,1,6,,37174,11,,,1,6,,37175,11,,,1,6,,37176,11,,,1,46,,37177,11,,,1,6,,37178,11,,,1,6,,37179,11,,,1,6,,37180,11,,,1,6,,37181,11,,,1,6,,37182,11,,,1,6,,37183,11,,,1,6,,37184,11,,,1,6,,37185,11,,,1,6,,37186,11,,,1,46,,37187,11,,,1,6,,37188,11,,,1,6,,37189,11,,,1,6,,37190,11,,,1,6,,37191,11,,,1,6,,37192,11,,,1,6,,37193,11,,,1,6,,37194,11,,,1,6,,37195,11,,,1,6,,37196,11,,,1,46,,37197,11,,,1,6,,37198,11,,,1,6,,37199,11,,,1,6,,37200,11,,,1,9,,37201,11,,,1,15,,37202,11,,,1,15,,37203,11,,,1,55,,37204,11,,,1,15,,37205,11,,,1,15,,37206,11,,,1,15,,37207,11,,,1,55,,37208,11,,,1,15,,37209,11,,,1,15,,37210,11,,,1,15,,37211,11,,,1,55,,37212,11,,,1,15,,37213,11,,,1,15,,37214,11,,,1,15,,37215,11,,,1,55,,37216,11,,,1,15,,37217,11,,,1,15,,37218,11,,,1,15,,37219,11,,,1,55,,37220,11,,,1,15,,37221,11,,,1,15,,37222,11,,,1,15,,37223,11,,,1,55,,37224,11,,,1,15,,37225,11,,,1,15,,37226,11,,,1,15,,37227,11,,,1,55,,37098,11,,,1
18002101,'021R-Saturday-1-26-09',528,,33254,11,,,1,15,,33255,11,,,1,15,,33256,11,,,1,55,,33257,11,,,1,15,,33258,11,,,1,15,,33259,11,,,1,15,,33260,11,,,1,55,,33261,11,,,1,15,,33262,11,,,1,15,,33263,11,,,1,15,,33264,11,,,1,55,,33265,11,,,1,15,,33266,11,,,1,15,,33267,11,,,1,15,,33268,11,,,1,55,,33269,11,,,1,15,,33270,11,,,1,15,,33271,11,,,1,15,,33272,11,,,1,55,,33273,11,,,1,15,,33274,11,,,1,15,,33275,11,,,1,15,,33276,11,,,1,55,,33277,11,,,1,15,,33278,11,,,1,15,,33279,11,,,1,15,,33280,11,,,1,55,,33281,11,,,1,15,,33282,11,,,1,15,,33283,11,,,1,15,,33284,11,,,1,55,,33285,11,,,1,15,,33286,11,,,1,15,,33287,11,,,1,15,,33288,11,,,1,55,,33289,11,,,1,15,,33290,11,,,1,15,,33291,11,,,1,15,,33292,11,,,1,55,,33293,11,,,1,15,,33294,11,,,1,15,,33295,11,,,1,15,,33296,11,,,1,55,,33297,11,,,1,15,,33298,11,,,1,15,,33299,11,,,1,15,,33300,11,,,1,55,,33301,11,,,1,15,,33302,11,,,1,15,,33303,11,,,1,15,,33304,11,,,1,55,,33305,11,,,1,15,,33306,11,,,1,15,,33307,11,,,1,15,,33308,11,,,1,55,,33309,11,,,1,15,,33310,11,,,1,15,,33311,11,,,1,15,,33312,11,,,1,55,,33313,11,,,1,15,,33314,11,,,1,15,,33315,11,,,1,15,,33316,11,,,1,55,,33317,11,,,1,15,,33318,11,,,1,15,,33319,11,,,1,15,,33320,11,,,1,55,,33321,11,,,1,15,,33322,11,,,1,15,,33323,11,,,1,15,,33324,11,,,1,55,,33325,11,,,1,15,,33326,11,,,1,15,,33327,11,,,1,15,,33328,11,,,1,55,,33329,11,,,1,15,,33330,11,,,1,15,,33331,11,,,1,15,,33332,11,,,1,55,,33333,11,,,1
18002101,'021R-Saturday-2-26-09',530,,37229,11,,,1,15,,37230,11,,,1,55,,37231,11,,,1,15,,37232,11,,,1,15,,37233,11,,,1,15,,37234,11,,,1,55,,37235,11,,,1,15,,37236,11,,,1,15,,37237,11,,,1,15,,37238,11,,,1,55,,37239,11,,,1,15,,37240,11,,,1,15,,37241,11,,,1,15,,37242,11,,,1,55,,37243,11,,,1,15,,37244,11,,,1,15,,37245,11,,,1,15,,37246,11,,,1,55,,37247,11,,,1,15,,37248,11,,,1,15,,37249,11,,,1,15,,37250,11,,,1,55,,37251,11,,,1,15,,37252,11,,,1,15,,37253,11,,,1,15,,37254,11,,,1,55,,37255,11,,,1,15,,37256,11,,,1,15,,37257,11,,,1,15,,37258,11,,,1,55,,37259,11,,,1,15,,37260,11,,,1,15,,37261,11,,,1,15,,37262,11,,,1,55,,37263,11,,,1,15,,37264,11,,,1,15,,37265,11,,,1,15,,37266,11,,,1,55,,37267,11,,,1,15,,37268,11,,,1,15,,37269,11,,,1,15,,37270,11,,,1,55,,37271,11,,,1,15,,37272,11,,,1,15,,37273,11,,,1,15,,37274,11,,,1,55,,37275,11,,,1,15,,37276,11,,,1,15,,37277,11,,,1,15,,37278,11,,,1,55,,37279,11,,,1,15,,37280,11,,,1,15,,37281,11,,,1,15,,37282,11,,,1,55,,37283,11,,,1,15,,37284,11,,,1,15,,37285,11,,,1,15,,37286,11,,,1,55,,37287,11,,,1,15,,37288,11,,,1,15,,37289,11,,,1,15,,37290,11,,,1,55,,37291,11,,,1,15,,37292,11,,,1,15,,37293,11,,,1,15,,37294,11,,,1,55,,37295,11,,,1,15,,37296,11,,,1,15,,37297,11,,,1,15,,37298,11,,,1,55,,37299,11,,,1,15,,37300,11,,,1,15,,37301,11,,,1,15,,37302,11,,,1,55,,37303,11,,,1,15,,37304,11,,,1,15,,37305,11,,,1,15,,37306,11,,,1,55,,37307,11,,,1,15,,37308,11,,,1
18002101,'021R-Sunday-1-26-09',528,,33334,11,,,1,15,,33335,11,,,1,15,,33336,11,,,1,55,,33337,11,,,1,15,,33338,11,,,1,15,,33339,11,,,1,15,,33340,11,,,1,55,,33341,11,,,1,15,,33342,11,,,1,15,,33343,11,,,1,15,,33344,11,,,1,55,,33345,11,,,1,15,,33346,11,,,1,15,,33347,11,,,1,15,,33348,11,,,1,55,,33349,11,,,1,15,,33350,11,,,1,15,,33351,11,,,1,15,,33352,11,,,1,55,,33353,11,,,1,15,,33354,11,,,1,15,,33355,11,,,1,15,,33356,11,,,1,55,,33357,11,,,1,15,,33358,11,,,1,15,,33359,11,,,1,15,,33360,11,,,1,55,,33361,11,,,1,15,,33362,11,,,1,15,,33363,11,,,1,15,,33364,11,,,1,55,,33365,11,,,1,15,,33366,11,,,1,15,,33367,11,,,1,15,,33368,11,,,1,55,,33369,11,,,1,15,,33370,11,,,1,15,,33371,11,,,1,15,,33372,11,,,1,55,,33373,11,,,1,15,,33374,11,,,1,15,,33375,11,,,1,15,,33376,11,,,1,55,,33377,11,,,1,15,,33378,11,,,1,15,,33379,11,,,1,15,,33380,11,,,1,55,,33381,11,,,1,15,,33382,11,,,1,15,,33383,11,,,1,15,,33384,11,,,1,55,,33385,11,,,1,15,,33386,11,,,1,15,,33387,11,,,1,15,,33388,11,,,1,55,,33389,11,,,1,15,,33390,11,,,1,15,,33391,11,,,1,15,,33392,11,,,1,55,,33393,11,,,1,15,,33394,11,,,1,15,,33395,11,,,1,15,,33396,11,,,1,55,,33397,11,,,1,15,,33398,11,,,1,15,,33399,11,,,1,15,,33400,11,,,1,55,,33401,11,,,1,15,,33402,11,,,1,15,,33403,11,,,1,15,,33404,11,,,1,55,,33405,11,,,1,15,,33406,11,,,1,15,,33407,11,,,1,15,,33408,11,,,1,55,,33409,11,,,1,15,,33410,11,,,1
18002101,'021R-Sunday-2-26-09',530,,37309,11,,,1,15,,37310,11,,,1,55,,37311,11,,,1,15,,37312,11,,,1,15,,37313,11,,,1,15,,37314,11,,,1,55,,37315,11,,,1,15,,37316,11,,,1,15,,37317,11,,,1,15,,37318,11,,,1,55,,37319,11,,,1,15,,37320,11,,,1,15,,37321,11,,,1,15,,37322,11,,,1,55,,37323,11,,,1,15,,37324,11,,,1,15,,37325,11,,,1,15,,37326,11,,,1,55,,37327,11,,,1,15,,37328,11,,,1,15,,37329,11,,,1,15,,37330,11,,,1,55,,37331,11,,,1,15,,37332,11,,,1,15,,37333,11,,,1,15,,37334,11,,,1,55,,37335,11,,,1,15,,37336,11,,,1,15,,37337,11,,,1,15,,37338,11,,,1,55,,37339,11,,,1,15,,37340,11,,,1,15,,37341,11,,,1,15,,37342,11,,,1,55,,37343,11,,,1,15,,37344,11,,,1,15,,37345,11,,,1,15,,37346,11,,,1,55,,37347,11,,,1,15,,37348,11,,,1,15,,37349,11,,,1,15,,37350,11,,,1,55,,37351,11,,,1,15,,37352,11,,,1,15,,37353,11,,,1,15,,37354,11,,,1,55,,37355,11,,,1,15,,37356,11,,,1,15,,37357,11,,,1,15,,37358,11,,,1,55,,37359,11,,,1,15,,37360,11,,,1,15,,37361,11,,,1,15,,37362,11,,,1,55,,37363,11,,,1,15,,37364,11,,,1,15,,37365,11,,,1,15,,37366,11,,,1,55,,37367,11,,,1,15,,37368,11,,,1,15,,37369,11,,,1,15,,37370,11,,,1,55,,37371,11,,,1,15,,37372,11,,,1,15,,37373,11,,,1,15,,37374,11,,,1,55,,37375,11,,,1,15,,37376,11,,,1,15,,37377,11,,,1,15,,37378,11,,,1,55,,37379,11,,,1,15,,37380,11,,,1,15,,37381,11,,,1,15,,37382,11,,,1,55,,37383,11,,,1,15,,37384,11,,,1,15,,37385,11,,,1
18002101,'021R-Sunday-4-26-09',530,,37386,11,,,1,15,,37387,11,,,1,55,,37388,11,,,1,15,,37389,11,,,1,15,,37390,11,,,1,15,,37391,11,,,1,55,,37392,11,,,1,15,,37393,11,,,1,15,,37394,11,,,1,15,,37395,11,,,1,55,,37396,11,,,1,15,,37397,11,,,1,15,,37398,11,,,1,15,,37399,11,,,1,55,,37400,11,,,1,15,,37401,11,,,1,15,,37402,11,,,1,15,,37403,11,,,1,55,,37404,11,,,1,15,,37405,11,,,1,15,,37406,11,,,1,15,,37407,11,,,1,55,,37408,11,,,1,15,,37409,11,,,1,15,,37410,11,,,1,15,,37411,11,,,1,55,,37412,11,,,1,15,,37413,11,,,1,15,,37414,11,,,1,15,,37415,11,,,1,55,,37416,11,,,1,15,,37417,11,,,1,15,,37418,11,,,1,15,,37419,11,,,1,55,,37420,11,,,1,15,,37421,11,,,1,15,,37422,11,,,1,15,,37423,11,,,1,55,,37424,11,,,1,15,,37425,11,,,1,15,,37426,11,,,1,15,,37427,11,,,1,55,,37428,11,,,1,15,,37429,11,,,1,15,,37430,11,,,1,15,,37431,11,,,1,55,,37432,11,,,1,15,,37433,11,,,1,15,,37434,11,,,1,15,,37435,11,,,1,55,,37436,11,,,1,15,,37437,11,,,1,15,,37438,11,,,1,15,,37439,11,,,1,55,,37440,11,,,1,15,,37441,11,,,1,15,,37442,11,,,1,15,,37443,11,,,1,55,,37444,11,,,1,15,,37445,11,,,1,15,,37446,11,,,1,15,,37447,11,,,1,55,,37448,11,,,1,15,,37449,11,,,1,15,,37450,11,,,1,15,,37451,11,,,1,55,,37452,11,,,1,15,,37453,11,,,1,15,,37454,11,,,1,15,,37455,11,,,1,55,,37456,11,,,1,15,,37457,11,,,1,15,,37458,11,,,1,15,,37459,11,,,1,55,,37460,11,,,1,15,,37461,11,,,1,15,,37462,11,,,1
18002201,'022R-Weekday-1-26-09',610,,33824,8,0,12 13,1,12,,33825,8,0,12 13,1,12,,33826,8,0,12 13,1,12,,33827,8,0,12 13,1,12,,33828,8,0,12 13,1,52,,33829,8,0,12 13,1,12,,33830,8,0,12 13,1,12,,33831,8,0,12 13,1,12,,33832,8,0,12 13,1,12,,33833,8,0,12 13,1,52,,33834,8,0,12 13,1,12,,33835,8,0,12 13,1,12,,33836,8,0,12 13,1,12,,33837,8,0,12 13,1,12,,33838,8,0,12 13,1,52,,33839,8,0,12 13,1,12,,33840,8,0,12 13,1,18,,33841,8,0,12 13,1,60,,33842,8,0,12 13,1,15,,33843,8,0,12 13,1,15,,33844,8,0,12 13,1,15,,33845,8,0,12 13,1,55,,33846,8,0,12 13,1,15,,33847,8,0,12 13,1,15,,33848,8,0,12 13,1,15,,33849,8,0,12 13,1,55,,33850,8,0,12 13,1,15,,33851,8,0,12 13,1,15,,33852,8,0,12 13,1,15,,33853,8,0,12 13,1,55,,33854,8,0,12 13,1,15,,33855,8,0,12 13,1,15,,33856,8,0,12 13,1,15,,33857,8,0,12 13,1,13,,33858,8,0,12 13,1,52,,33859,8,0,12 13,1,12,,33860,8,0,12 13,1,12,,33861,8,0,12 13,1,12,,33862,8,0,12 13,1,12,,33863,8,0,12 13,1,52,,33864,8,0,12 13,1,12,,33865,8,0,12 13,1,12,,33866,8,0,12 13,1,12,,33867,8,0,12 13,1,12,,33868,8,0,12 13,1,52,,33869,8,0,12 13,1,12,,33870,8,0,12 13,1,12,,33871,8,0,12 13,1,12,,33872,8,0,12 13,1,12,,33873,8,0,12 13,1,52,,33874,8,0,12 13,1,12,,33875,8,0,12 13,1,12,,33876,8,0,12 13,1,12,,33877,8,0,12 13,1,12,,33878,8,0,12 13,1,52,,33879,8,0,12 13,1,12,,33880,8,0,12 13,1,17,,33881,8,0,12 13,1,15,,33882,8,0,12 13,1,55,,33883,8,0,12 13,1,15,,33884,8,0,12 13,1,15,,33885,8,0,12 13,1,15,,33886,8,0,12 13,1,55,,33887,8,0,12 13,1,15,,33888,8,0,12 13,1,15,,33889,8,0,12 13,1,15,,33890,8,0,12 13,1,55,,33891,8,0,12 13,1,15,,33892,8,0,12 13,1,15,,33893,8,0,12 13,1,15,,33894,8,0,12 13,1,55,,33895,8,0,12 13,1,15,,33896,8,0,12 13,1,15,,33897,8,0,12 13,1,15,,33898,8,0,12 13,1,55,,33899,8,0,12 13,1,15,,33823,8,0,12 13,1,15,,33822,8,0,12 13,1,15,,33821,8,0,12 13,1,55,,33820,8,0,12 13,1,15,,33819,8,0,12 13,1,15,,33818,8,0,12 13,1,15,,33817,8,0,12 13,1,55,,33816,8,0,12 13,1
18002201,'022R-Weekday-2-26-09',610,,33908,8,0,12 13,1,12,,33909,8,0,12 13,1,12,,33910,8,0,12 13,1,12,,33911,8,0,12 13,1,12,,33912,8,0,12 13,1,52,,33913,8,0,12 13,1,12,,33914,8,0,12 13,1,12,,33915,8,0,12 13,1,12,,33916,8,0,12 13,1,12,,33917,8,0,12 13,1,52,,33918,8,0,12 13,1,12,,33919,8,0,12 13,1,12,,33920,8,0,12 13,1,12,,33921,8,0,12 13,1,12,,33922,8,0,12 13,1,52,,33923,8,0,12 13,1,12,,33924,8,0,12 13,1,18,,33925,8,0,12 13,1,60,,33926,8,0,12 13,1,15,,33927,8,0,12 13,1,15,,33928,8,0,12 13,1,15,,33929,8,0,12 13,1,55,,33930,8,0,12 13,1,15,,33931,8,0,12 13,1,15,,33932,8,0,12 13,1,15,,33933,8,0,12 13,1,55,,33934,8,0,12 13,1,15,,33935,8,0,12 13,1,15,,33936,8,0,12 13,1,15,,33937,8,0,12 13,1,55,,33938,8,0,12 13,1,15,,33939,8,0,12 13,1,15,,33940,8,0,12 13,1,15,,33941,8,0,12 13,1,13,,33942,8,0,12 13,1,52,,33943,8,0,12 13,1,12,,33944,8,0,12 13,1,12,,33945,8,0,12 13,1,12,,33946,8,0,12 13,1,12,,33947,8,0,12 13,1,52,,33948,8,0,12 13,1,12,,33949,8,0,12 13,1,12,,33950,8,0,12 13,1,12,,33951,8,0,12 13,1,12,,33952,8,0,12 13,1,52,,33953,8,0,12 13,1,12,,33954,8,0,12 13,1,12,,33955,8,0,12 13,1,12,,33956,8,0,12 13,1,12,,33957,8,0,12 13,1,52,,33958,8,0,12 13,1,12,,33959,8,0,12 13,1,12,,33960,8,0,12 13,1,12,,33961,8,0,12 13,1,12,,33962,8,0,12 13,1,52,,33963,8,0,12 13,1,12,,33964,8,0,12 13,1,17,,33965,8,0,12 13,1,15,,33966,8,0,12 13,1,55,,33967,8,0,12 13,1,15,,33968,8,0,12 13,1,15,,33969,8,0,12 13,1,15,,33970,8,0,12 13,1,55,,33971,8,0,12 13,1,15,,33972,8,0,12 13,1,15,,33973,8,0,12 13,1,15,,33974,8,0,12 13,1,55,,33975,8,0,12 13,1,15,,33976,8,0,12 13,1,15,,33977,8,0,12 13,1,15,,33978,8,0,12 13,1,55,,33979,8,0,12 13,1,15,,33980,8,0,12 13,1,15,,33981,8,0,12 13,1,15,,33982,8,0,12 13,1,55,,33983,8,0,12 13,1,15,,33907,8,0,12 13,1,15,,33906,8,0,12 13,1,15,,33905,8,0,12 13,1,55,,33904,8,0,12 13,1,15,,33903,8,0,12 13,1,15,,33902,8,0,12 13,1,15,,33901,8,0,12 13,1,55,,33900,8,0,12 13,1
18002201,'022R-Weekday-3-26-09',610,,38338,8,0,12 13,1,12,,38339,8,0,12 13,1,12,,38340,8,0,12 13,1,12,,38341,8,0,12 13,1,12,,38342,8,0,12 13,1,52,,38343,8,0,12 13,1,12,,38344,8,0,12 13,1,12,,38345,8,0,12 13,1,12,,38346,8,0,12 13,1,12,,38347,8,0,12 13,1,52,,38348,8,0,12 13,1,12,,38349,8,0,12 13,1,12,,38350,8,0,12 13,1,12,,38351,8,0,12 13,1,12,,38352,8,0,12 13,1,52,,38353,8,0,12 13,1,12,,38354,8,0,12 13,1,18,,38355,8,0,12 13,1,60,,38356,8,0,12 13,1,15,,38357,8,0,12 13,1,15,,38358,8,0,12 13,1,15,,38359,8,0,12 13,1,55,,38360,8,0,12 13,1,15,,38361,8,0,12 13,1,15,,38362,8,0,12 13,1,15,,38363,8,0,12 13,1,55,,38364,8,0,12 13,1,15,,38365,8,0,12 13,1,15,,38366,8,0,12 13,1,15,,38367,8,0,12 13,1,55,,38368,8,0,12 13,1,15,,38369,8,0,12 13,1,15,,38370,8,0,12 13,1,15,,38371,8,0,12 13,1,13,,38372,8,0,12 13,1,52,,38373,8,0,12 13,1,12,,38374,8,0,12 13,1,12,,38375,8,0,12 13,1,12,,38376,8,0,12 13,1,12,,38377,8,0,12 13,1,52,,38378,8,0,12 13,1,12,,38379,8,0,12 13,1,12,,38380,8,0,12 13,1,12,,38381,8,0,12 13,1,12,,38382,8,0,12 13,1,52,,38383,8,0,12 13,1,12,,38384,8,0,12 13,1,12,,38385,8,0,12 13,1,12,,38386,8,0,12 13,1,12,,38387,8,0,12 13,1,52,,38388,8,0,12 13,1,12,,38389,8,0,12 13,1,12,,38390,8,0,12 13,1,12,,38391,8,0,12 13,1,12,,38392,8,0,12 13,1,52,,38393,8,0,12 13,1,12,,38394,8,0,12 13,1,17,,38395,8,0,12 13,1,15,,38396,8,0,12 13,1,55,,38397,8,0,12 13,1,15,,38398,8,0,12 13,1,15,,38399,8,0,12 13,1,15,,38400,8,0,12 13,1,55,,38401,8,0,12 13,1,15,,38402,8,0,12 13,1,15,,38403,8,0,12 13,1,15,,38404,8,0,12 13,1,55,,38405,8,0,12 13,1,15,,38406,8,0,12 13,1,15,,38407,8,0,12 13,1,15,,38408,8,0,12 13,1,55,,38409,8,0,12 13,1,15,,38410,8,0,12 13,1,15,,38411,8,0,12 13,1,15,,38412,8,0,12 13,1,55,,38413,8,0,12 13,1,15,,38337,8,0,12 13,1,15,,38336,8,0,12 13,1,15,,38335,8,0,12 13,1,55,,38334,8,0,12 13,1,15,,38333,8,0,12 13,1,15,,38332,8,0,12 13,1,15,,38331,8,0,12 13,1,55,,38330,8,0,12 13,1
18002201,'022R-Weekday-4-26-09',610,,33992,8,0,12 13,1,12,,33993,8,0,12 13,1,12,,33994,8,0,12 13,1,12,,33995,8,0,12 13,1,12,,33996,8,0,12 13,1,52,,33997,8,0,12 13,1,12,,33998,8,0,12 13,1,12,,33999,8,0,12 13,1,12,,34000,8,0,12 13,1,12,,34001,8,0,12 13,1,52,,34002,8,0,12 13,1,12,,34003,8,0,12 13,1,12,,34004,8,0,12 13,1,12,,34005,8,0,12 13,1,12,,34006,8,0,12 13,1,52,,34007,8,0,12 13,1,12,,34008,8,0,12 13,1,18,,34009,8,0,12 13,1,60,,34010,8,0,12 13,1,15,,34011,8,0,12 13,1,15,,34012,8,0,12 13,1,15,,34013,8,0,12 13,1,55,,34014,8,0,12 13,1,15,,34015,8,0,12 13,1,15,,34016,8,0,12 13,1,15,,34017,8,0,12 13,1,55,,34018,8,0,12 13,1,15,,34019,8,0,12 13,1,15,,34020,8,0,12 13,1,15,,34021,8,0,12 13,1,55,,34022,8,0,12 13,1,15,,34023,8,0,12 13,1,15,,34024,8,0,12 13,1,15,,34025,8,0,12 13,1,13,,34026,8,0,12 13,1,52,,34027,8,0,12 13,1,12,,34028,8,0,12 13,1,12,,34029,8,0,12 13,1,12,,34030,8,0,12 13,1,12,,34031,8,0,12 13,1,52,,34032,8,0,12 13,1,12,,34033,8,0,12 13,1,12,,34034,8,0,12 13,1,12,,34035,8,0,12 13,1,12,,34036,8,0,12 13,1,52,,34037,8,0,12 13,1,12,,34038,8,0,12 13,1,12,,34039,8,0,12 13,1,12,,34040,8,0,12 13,1,12,,34041,8,0,12 13,1,52,,34042,8,0,12 13,1,12,,34043,8,0,12 13,1,12,,34044,8,0,12 13,1,12,,34045,8,0,12 13,1,12,,34046,8,0,12 13,1,52,,34047,8,0,12 13,1,12,,34048,8,0,12 13,1,17,,34049,8,0,12 13,1,15,,34050,8,0,12 13,1,55,,34051,8,0,12 13,1,15,,34052,8,0,12 13,1,15,,34053,8,0,12 13,1,15,,34054,8,0,12 13,1,55,,34055,8,0,12 13,1,15,,34056,8,0,12 13,1,15,,34057,8,0,12 13,1,15,,34058,8,0,12 13,1,55,,34059,8,0,12 13,1,15,,34060,8,0,12 13,1,15,,34061,8,0,12 13,1,15,,34062,8,0,12 13,1,55,,34063,8,0,12 13,1,15,,34064,8,0,12 13,1,15,,34065,8,0,12 13,1,15,,34066,8,0,12 13,1,55,,34067,8,0,12 13,1,15,,33991,8,0,12 13,1,15,,33990,8,0,12 13,1,15,,33989,8,0,12 13,1,55,,33988,8,0,12 13,1,15,,33987,8,0,12 13,1,15,,33986,8,0,12 13,1,15,,33985,8,0,12 13,1,55,,33984,8,0,12 13,1
18002201,'022R-Weekday-5-26-09',610,,38422,8,0,12 13,1,12,,38423,8,0,12 13,1,12,,38424,8,0,12 13,1,12,,38425,8,0,12 13,1,12,,38426,8,0,12 13,1,52,,38427,8,0,12 13,1,12,,38428,8,0,12 13,1,12,,38429,8,0,12 13,1,12,,38430,8,0,12 13,1,12,,38431,8,0,12 13,1,52,,38432,8,0,12 13,1,12,,38433,8,0,12 13,1,12,,38434,8,0,12 13,1,12,,38435,8,0,12 13,1,12,,38436,8,0,12 13,1,52,,38437,8,0,12 13,1,12,,38438,8,0,12 13,1,18,,38439,8,0,12 13,1,60,,38440,8,0,12 13,1,15,,38441,8,0,12 13,1,15,,38442,8,0,12 13,1,15,,38443,8,0,12 13,1,55,,38444,8,0,12 13,1,15,,38445,8,0,12 13,1,15,,38446,8,0,12 13,1,15,,38447,8,0,12 13,1,55,,38448,8,0,12 13,1,15,,38449,8,0,12 13,1,15,,38450,8,0,12 13,1,15,,38451,8,0,12 13,1,55,,38452,8,0,12 13,1,15,,38453,8,0,12 13,1,15,,38454,8,0,12 13,1,15,,38455,8,0,12 13,1,13,,38456,8,0,12 13,1,52,,38457,8,0,12 13,1,12,,38458,8,0,12 13,1,12,,38459,8,0,12 13,1,12,,38460,8,0,12 13,1,12,,38461,8,0,12 13,1,52,,38462,8,0,12 13,1,12,,38463,8,0,12 13,1,12,,38464,8,0,12 13,1,12,,38465,8,0,12 13,1,12,,38466,8,0,12 13,1,52,,38467,8,0,12 13,1,12,,38468,8,0,12 13,1,12,,38469,8,0,12 13,1,12,,38470,8,0,12 13,1,12,,38471,8,0,12 13,1,52,,38472,8,0,12 13,1,12,,38473,8,0,12 13,1,12,,38474,8,0,12 13,1,12,,38475,8,0,12 13,1,12,,38476,8,0,12 13,1,52,,38477,8,0,12 13,1,12,,38478,8,0,12 13,1,17,,38479,8,0,12 13,1,15,,38480,8,0,12 13,1,55,,38481,8,0,12 13,1,15,,38482,8,0,12 13,1,15,,38483,8,0,12 13,1,15,,38484,8,0,12 13,1,55,,38485,8,0,12 13,1,15,,38486,8,0,12 13,1,15,,38487,8,0,12 13,1,15,,38488,8,0,12 13,1,55,,38489,8,0,12 13,1,15,,38490,8,0,12 13,1,15,,38491,8,0,12 13,1,15,,38492,8,0,12 13,1,55,,38493,8,0,12 13,1,15,,38494,8,0,12 13,1,15,,38495,8,0,12 13,1,15,,38496,8,0,12 13,1,55,,38497,8,0,12 13,1,15,,38421,8,0,12 13,1,15,,38420,8,0,12 13,1,15,,38419,8,0,12 13,1,55,,38418,8,0,12 13,1,15,,38417,8,0,12 13,1,15,,38416,8,0,12 13,1,15,,38415,8,0,12 13,1,55,,38414,8,0,12 13,1
18002201,'022R-Weekday-6-26-09',610,,38506,8,0,12 13,1,12,,38507,8,0,12 13,1,12,,38508,8,0,12 13,1,12,,38509,8,0,12 13,1,12,,38510,8,0,12 13,1,52,,38511,8,0,12 13,1,12,,38512,8,0,12 13,1,12,,38513,8,0,12 13,1,12,,38514,8,0,12 13,1,12,,38515,8,0,12 13,1,52,,38516,8,0,12 13,1,12,,38517,8,0,12 13,1,12,,38518,8,0,12 13,1,12,,38519,8,0,12 13,1,12,,38520,8,0,12 13,1,52,,38521,8,0,12 13,1,12,,38522,8,0,12 13,1,18,,38523,8,0,12 13,1,60,,38524,8,0,12 13,1,15,,38525,8,0,12 13,1,15,,38526,8,0,12 13,1,15,,38527,8,0,12 13,1,55,,38528,8,0,12 13,1,15,,38529,8,0,12 13,1,15,,38530,8,0,12 13,1,15,,38531,8,0,12 13,1,55,,38532,8,0,12 13,1,15,,38533,8,0,12 13,1,15,,38534,8,0,12 13,1,15,,38535,8,0,12 13,1,55,,38536,8,0,12 13,1,15,,38537,8,0,12 13,1,15,,38538,8,0,12 13,1,15,,38539,8,0,12 13,1,13,,38540,8,0,12 13,1,52,,38541,8,0,12 13,1,12,,38542,8,0,12 13,1,12,,38543,8,0,12 13,1,12,,38544,8,0,12 13,1,12,,38545,8,0,12 13,1,52,,38546,8,0,12 13,1,12,,38547,8,0,12 13,1,12,,38548,8,0,12 13,1,12,,38549,8,0,12 13,1,12,,38550,8,0,12 13,1,52,,38551,8,0,12 13,1,12,,38552,8,0,12 13,1,12,,38553,8,0,12 13,1,12,,38554,8,0,12 13,1,12,,38555,8,0,12 13,1,52,,38556,8,0,12 13,1,12,,38557,8,0,12 13,1,12,,38558,8,0,12 13,1,12,,38559,8,0,12 13,1,12,,38560,8,0,12 13,1,52,,38561,8,0,12 13,1,12,,38562,8,0,12 13,1,17,,38563,8,0,12 13,1,15,,38564,8,0,12 13,1,55,,38565,8,0,12 13,1,15,,38566,8,0,12 13,1,15,,38567,8,0,12 13,1,15,,38568,8,0,12 13,1,55,,38569,8,0,12 13,1,15,,38570,8,0,12 13,1,15,,38571,8,0,12 13,1,15,,38572,8,0,12 13,1,55,,38573,8,0,12 13,1,15,,38574,8,0,12 13,1,15,,38575,8,0,12 13,1,15,,38576,8,0,12 13,1,55,,38577,8,0,12 13,1,15,,38578,8,0,12 13,1,15,,38579,8,0,12 13,1,15,,38580,8,0,12 13,1,55,,38581,8,0,12 13,1,15,,38505,8,0,12 13,1,15,,38504,8,0,12 13,1,15,,38503,8,0,12 13,1,55,,38502,8,0,12 13,1,15,,38501,8,0,12 13,1,15,,38500,8,0,12 13,1,15,,38499,8,0,12 13,1,55,,38498,8,0,12 13,1
18002201,'022R-Weekday-7-26-09',610,,38590,8,0,12 13,1,12,,38591,8,0,12 13,1,12,,38592,8,0,12 13,1,12,,38593,8,0,12 13,1,12,,38594,8,0,12 13,1,52,,38595,8,0,12 13,1,12,,38596,8,0,12 13,1,12,,38597,8,0,12 13,1,12,,38598,8,0,12 13,1,12,,38599,8,0,12 13,1,52,,38600,8,0,12 13,1,12,,38601,8,0,12 13,1,12,,38602,8,0,12 13,1,12,,38603,8,0,12 13,1,12,,38604,8,0,12 13,1,52,,38605,8,0,12 13,1,12,,38606,8,0,12 13,1,18,,38607,8,0,12 13,1,60,,38608,8,0,12 13,1,15,,38609,8,0,12 13,1,15,,38610,8,0,12 13,1,15,,38611,8,0,12 13,1,55,,38612,8,0,12 13,1,15,,38613,8,0,12 13,1,15,,38614,8,0,12 13,1,15,,38615,8,0,12 13,1,55,,38616,8,0,12 13,1,15,,38617,8,0,12 13,1,15,,38618,8,0,12 13,1,15,,38619,8,0,12 13,1,55,,38620,8,0,12 13,1,15,,38621,8,0,12 13,1,15,,38622,8,0,12 13,1,15,,38623,8,0,12 13,1,13,,38624,8,0,12 13,1,52,,38625,8,0,12 13,1,12,,38626,8,0,12 13,1,12,,38627,8,0,12 13,1,12,,38628,8,0,12 13,1,12,,38629,8,0,12 13,1,52,,38630,8,0,12 13,1,12,,38631,8,0,12 13,1,12,,38632,8,0,12 13,1,12,,38633,8,0,12 13,1,12,,38634,8,0,12 13,1,52,,38635,8,0,12 13,1,12,,38636,8,0,12 13,1,12,,38637,8,0,12 13,1,12,,38638,8,0,12 13,1,12,,38639,8,0,12 13,1,52,,38640,8,0,12 13,1,12,,38641,8,0,12 13,1,12,,38642,8,0,12 13,1,12,,38643,8,0,12 13,1,12,,38644,8,0,12 13,1,52,,38645,8,0,12 13,1,12,,38646,8,0,12 13,1,17,,38647,8,0,12 13,1,15,,38648,8,0,12 13,1,55,,38649,8,0,12 13,1,15,,38650,8,0,12 13,1,15,,38651,8,0,12 13,1,15,,38652,8,0,12 13,1,55,,38653,8,0,12 13,1,15,,38654,8,0,12 13,1,15,,38655,8,0,12 13,1,15,,38656,8,0,12 13,1,55,,38657,8,0,12 13,1,15,,38658,8,0,12 13,1,15,,38659,8,0,12 13,1,15,,38660,8,0,12 13,1,55,,38661,8,0,12 13,1,15,,38662,8,0,12 13,1,15,,38663,8,0,12 13,1,15,,38664,8,0,12 13,1,55,,38665,8,0,12 13,1,15,,38589,8,0,12 13,1,15,,38588,8,0,12 13,1,15,,38587,8,0,12 13,1,55,,38586,8,0,12 13,1,15,,38585,8,0,12 13,1,15,,38584,8,0,12 13,1,15,,38583,8,0,12 13,1,55,,38582,8,0,12 13,1
18002201,'022R-Saturday-1-26-09',608,,34068,8,0,12 13,1,15,,34069,8,0,12 13,1,15,,34070,8,0,12 13,1,15,,34071,8,0,12 13,1,55,,34072,8,0,12 13,1,15,,34073,8,0,12 13,1,15,,34074,8,0,12 13,1,15,,34075,8,0,12 13,1,55,,34076,8,0,12 13,1,15,,34077,8,0,12 13,1,15,,34078,8,0,12 13,1,15,,34079,8,0,12 13,1,55,,34080,8,0,12 13,1,15,,34081,8,0,12 13,1,15,,34082,8,0,12 13,1,15,,34083,8,0,12 13,1,55,,34084,8,0,12 13,1,15,,34085,8,0,12 13,1,15,,34086,8,0,12 13,1,15,,34087,8,0,12 13,1,55,,34088,8,0,12 13,1,15,,34089,8,0,12 13,1,15,,34090,8,0,12 13,1,15,,34091,8,0,12 13,1,55,,34092,8,0,12 13,1,15,,34093,8,0,12 13,1,15,,34094,8,0,12 13,1,15,,34095,8,0,12 13,1,55,,34096,8,0,12 13,1,15,,34097,8,0,12 13,1,15,,34098,8,0,12 13,1,15,,34099,8,0,12 13,1,55,,34100,8,0,12 13,1,15,,34101,8,0,12 13,1,15,,34102,8,0,12 13,1,15,,34103,8,0,12 13,1,55,,34104,8,0,12 13,1,15,,34105,8,0,12 13,1,15,,34106,8,0,12 13,1,15,,34107,8,0,12 13,1,55,,34108,8,0,12 13,1,15,,34109,8,0,12 13,1,15,,34110,8,0,12 13,1,15,,34111,8,0,12 13,1,55,,34112,8,0,12 13,1,15,,34113,8,0,12 13,1,15,,34114,8,0,12 13,1,15,,34115,8,0,12 13,1,55,,34116,8,0,12 13,1,15,,34117,8,0,12 13,1,15,,34118,8,0,12 13,1,15,,34119,8,0,12 13,1,55,,34120,8,0,12 13,1,15,,34121,8,0,12 13,1,15,,34122,8,0,12 13,1,15,,34123,8,0,12 13,1,55,,34124,8,0,12 13,1,15,,34125,8,0,12 13,1,15,,34126,8,0,12 13,1,15,,34127,8,0,12 13,1,55,,34128,8,0,12 13,1,15,,34129,8,0,12 13,1,15,,34130,8,0,12 13,1,15,,34131,8,0,12 13,1,55,,34132,8,0,12 13,1,15,,34133,8,0,12 13,1,15,,34134,8,0,12 13,1,15,,34135,8,0,12 13,1,55,,34136,8,0,12 13,1,15,,34137,8,0,12 13,1,15,,34138,8,0,12 13,1,15,,34139,8,0,12 13,1,55,,34140,8,0,12 13,1,15,,34141,8,0,12 13,1,15,,34142,8,0,12 13,1,15,,34143,8,0,12 13,1,55,,34144,8,0,12 13,1
18002201,'022R-Saturday-2-26-09',526,,38744,5,,,1,15,,38743,5,,,1,15,,38666,8,,,1,55,,38667,8,,,1,15,,38668,8,,,1,15,,38669,8,,,1,15,,38670,8,,,1,55,,38671,8,,,1,15,,38672,8,,,1,15,,38673,8,,,1,15,,38674,8,,,1,55,,38675,8,,,1,15,,38676,8,,,1,15,,38677,8,,,1,15,,38678,8,,,1,55,,38679,8,,,1,15,,38680,8,,,1,15,,38681,8,,,1,15,,38682,8,,,1,55,,38683,8,,,1,15,,38684,8,,,1,15,,38685,8,,,1,15,,38686,8,,,1,55,,38687,8,,,1,15,,38688,8,,,1,15,,38689,8,,,1,15,,38690,8,,,1,55,,38691,8,,,1,15,,38692,8,,,1,15,,38693,8,,,1,15,,38694,8,,,1,55,,38695,8,,,1,15,,38696,8,,,1,15,,38697,8,,,1,15,,38698,8,,,1,55,,38699,8,,,1,15,,38700,8,,,1,15,,38701,8,,,1,15,,38702,8,,,1,55,,38703,8,,,1,15,,38704,8,,,1,15,,38705,8,,,1,15,,38706,8,,,1,55,,38707,8,,,1,15,,38708,8,,,1,15,,38709,8,,,1,15,,38710,8,,,1,55,,38711,8,,,1,15,,38712,8,,,1,15,,38713,8,,,1,15,,38714,8,,,1,55,,38715,8,,,1,15,,38716,8,,,1,15,,38717,8,,,1,15,,38718,8,,,1,55,,38719,8,,,1,15,,38720,8,,,1,15,,38721,8,,,1,15,,38722,8,,,1,55,,38723,8,,,1,15,,38724,8,,,1,15,,38725,8,,,1,15,,38726,8,,,1,55,,38727,8,,,1,15,,38728,8,,,1,15,,38729,8,,,1,15,,38730,8,,,1,55,,38731,8,,,1,15,,38732,8,,,1,15,,38733,8,,,1,15,,38734,8,,,1,55,,38735,8,,,1,15,,38736,8,,,1,15,,38737,8,,,1,15,,38738,8,,,1,55,,38739,8,,,1,15,,38740,8,,,1,15,,38741,8,,,1,15,,38742,8,,,1
18002201,'022R-Saturday-3-26-09',604,,38745,8,4,,1,15,,38746,8,4,,1,15,,38747,8,4,,1,15,,38748,8,4,,1,55,,38749,8,4,,1,15,,38750,8,4,,1,15,,38751,8,4,,1,15,,38752,8,4,,1,55,,38753,8,4,,1,15,,38754,8,4,,1,15,,38755,8,4,,1,15,,38756,8,4,,1,55,,38757,8,4,,1,15,,38758,8,4,,1,15,,38759,8,4,,1,15,,38760,8,4,,1,55,,38761,8,4,,1,15,,38762,8,4,,1,15,,38763,8,4,,1,15,,38764,8,4,,1,55,,38765,8,4,,1,15,,38766,8,4,,1,15,,38767,8,4,,1,15,,38768,8,4,,1,55,,38769,8,4,,1,15,,38770,8,4,,1,15,,38771,8,4,,1,15,,38772,8,4,,1,55,,38773,8,4,,1,15,,38774,8,4,,1,15,,38775,8,4,,1,15,,38776,8,4,,1,55,,38777,8,4,,1,15,,38778,8,4,,1,15,,38779,8,4,,1,15,,38780,8,4,,1,55,,38781,8,4,,1,15,,38782,8,4,,1,15,,38783,8,4,,1,15,,38784,8,4,,1,55,,38785,8,4,,1,15,,38786,8,4,,1,15,,38787,8,4,,1,15,,38788,8,4,,1,55,,38789,8,4,,1,15,,38790,8,4,,1,15,,38791,8,4,,1,15,,38792,8,4,,1,55,,38793,8,4,,1,15,,38794,8,4,,1,15,,38795,8,4,,1,15,,38796,8,4,,1,55,,38797,8,4,,1,15,,38798,8,4,,1,15,,38799,8,4,,1,15,,38800,8,4,,1,55,,38801,8,4,,1,15,,38802,8,4,,1,15,,38803,8,4,,1,15,,38804,8,4,,1,55,,38805,8,4,,1,15,,38806,8,4,,1,15,,38807,8,4,,1,15,,38808,8,4,,1,55,,38809,8,4,,1,15,,38810,8,4,,1,15,,38811,8,4,,1,15,,38812,8,4,,1,55,,38813,8,4,,1,15,,38814,8,4,,1,15,,38815,8,4,,1,15,,38816,8,4,,1,55,,38817,8,4,,1,15,,38818,8,4,,1,15,,38819,8,4,,1,15,,38820,8,4,,1,55,,38821,8,4,,1
18002201,'022R-Saturday-4-26-09',617,,38856,8,4,,1,15,,38857,8,4,,1,15,,38858,8,4,,1,55,,38859,8,4,,1,15,,38860,8,4,,1,15,,38861,8,4,,1,15,,38862,8,4,,1,55,,38863,8,4,,1,15,,38864,8,4,,1,15,,38865,8,4,,1,15,,38866,8,4,,1,55,,38867,8,4,,1,15,,38868,8,4,,1,15,,38869,8,4,,1,15,,38870,8,4,,1,55,,38871,8,4,,1,15,,38872,8,4,,1,15,,38873,8,4,,1,15,,38874,8,4,,1,55,,38875,8,4,,1,15,,38876,8,4,,1,15,,38877,8,4,,1,15,,38878,8,4,,1,55,,38879,8,4,,1,15,,38880,8,4,,1,15,,38881,8,4,,1,15,,38882,8,4,,1,55,,38883,8,4,,1,15,,38884,8,4,,1,15,,38885,8,4,,1,15,,38886,8,4,,1,55,,38887,8,4,,1,15,,38888,8,4,,1,15,,38889,8,4,,1,15,,38890,8,4,,1,55,,38891,8,4,,1,15,,38892,8,4,,1,15,,38893,8,4,,1,15,,38894,8,4,,1,55,,38895,8,4,,1,9,,38898,8,0,12 13,1,15,,38897,8,0,12 13,1,15,,38896,8,0,12 13,1,12,,38822,8,0,12 13,1,55,,38823,8,0,12 13,1,15,,38824,8,0,12 13,1,15,,38825,8,0,12 13,1,15,,38826,8,0,12 13,1,55,,38827,8,0,12 13,1,15,,38828,8,0,12 13,1,15,,38829,8,0,12 13,1,15,,38830,8,0,12 13,1,55,,38831,8,0,12 13,1,15,,38832,8,0,12 13,1,15,,38833,8,0,12 13,1,15,,38834,8,0,12 13,1,55,,38835,8,0,12 13,1,15,,38836,8,0,12 13,1,15,,38837,8,0,12 13,1,15,,38838,8,0,12 13,1,55,,38839,8,0,12 13,1,15,,38840,8,0,12 13,1,15,,38841,8,0,12 13,1,15,,38842,8,0,12 13,1,55,,38843,8,0,12 13,1,15,,38844,8,0,12 13,1,15,,38845,8,0,12 13,1,15,,38846,8,0,12 13,1,55,,38847,8,0,12 13,1,15,,38848,8,0,12 13,1,15,,38849,8,0,12 13,1,15,,38850,8,0,12 13,1,55,,38851,8,0,12 13,1,15,,38852,8,0,12 13,1,15,,38853,8,0,12 13,1,15,,38854,8,0,12 13,1,55,,38855,8,0,12 13,1
18002201,'022R-Sunday-1-26-09',623,,34145,8,0,12 13,1,15,,34146,8,0,12 13,1,15,,34147,8,0,12 13,1,55,,34148,8,0,12 13,1,15,,34149,8,0,12 13,1,15,,34150,8,0,12 13,1,15,,34151,8,0,12 13,1,55,,34152,8,0,12 13,1,15,,34153,8,0,12 13,1,15,,34154,8,0,12 13,1,15,,34155,8,0,12 13,1,55,,34156,8,0,12 13,1,15,,34157,8,0,12 13,1,15,,34158,8,0,12 13,1,15,,34159,8,0,12 13,1,55,,34160,8,0,12 13,1,15,,34161,8,0,12 13,1,15,,34162,8,0,12 13,1,15,,34163,8,0,12 13,1,55,,34164,8,0,12 13,1,15,,34165,8,0,12 13,1,15,,34166,8,0,12 13,1,15,,34167,8,0,12 13,1,55,,34168,8,0,12 13,1,15,,34169,8,0,12 13,1,15,,34170,8,0,12 13,1,15,,34171,8,0,12 13,1,55,,34172,8,0,12 13,1,15,,34173,8,0,12 13,1,15,,34174,8,0,12 13,1,15,,34175,8,0,12 13,1,55,,34176,8,0,12 13,1,15,,34177,8,0,12 13,1,15,,34178,8,0,12 13,1,15,,34179,8,0,12 13,1,55,,34180,8,0,12 13,1,15,,34181,8,0,12 13,1,15,,34182,8,0,12 13,1,15,,34183,8,0,12 13,1,55,,34184,8,0,12 13,1,15,,34185,8,0,12 13,1,15,,34186,8,0,12 13,1,15,,34187,8,0,12 13,1,55,,34188,8,0,12 13,1,15,,34189,8,0,12 13,1,15,,34190,8,0,12 13,1,15,,34191,8,0,12 13,1,55,,34192,8,0,12 13,1,15,,34193,8,0,12 13,1,15,,34194,8,0,12 13,1,15,,34195,8,0,12 13,1,55,,34196,8,0,12 13,1,15,,34197,8,0,12 13,1,15,,34198,8,0,12 13,1,15,,34199,8,0,12 13,1,55,,34200,8,0,12 13,1,15,,34201,8,0,12 13,1,15,,34202,8,0,12 13,1,15,,34203,8,0,12 13,1,55,,34204,8,0,12 13,1,15,,34205,8,0,12 13,1,15,,34206,8,0,12 13,1,15,,34207,8,0,12 13,1,55,,34208,8,0,12 13,1,15,,34209,8,0,12 13,1,15,,34210,8,0,12 13,1,15,,34211,8,0,12 13,1,55,,34212,8,0,12 13,1,15,,34213,8,0,12 13,1,15,,34214,8,0,12 13,1,15,,34215,8,0,12 13,1,55,,34216,8,0,12 13,1
18002201,'022R-Sunday-2-26-09',556,,38901,5,,,1,55,,38900,5,,,1,15,,38903,8,,,1,15,,38904,8,,,1,15,,38905,8,,,1,55,,38906,8,,,1,15,,38907,8,,,1,15,,38908,8,,,1,15,,38909,8,,,1,55,,38910,8,,,1,15,,38911,8,,,1,15,,38912,8,,,1,15,,38913,8,,,1,55,,38914,8,,,1,15,,38915,8,,,1,15,,38916,8,,,1,15,,38917,8,,,1,55,,38918,8,,,1,15,,38919,8,,,1,15,,38920,8,,,1,15,,38921,8,,,1,55,,38922,8,,,1,15,,38923,8,,,1,15,,38924,8,,,1,15,,38925,8,,,1,55,,38926,8,,,1,15,,38927,8,,,1,15,,38928,8,,,1,15,,38929,8,,,1,55,,38930,8,,,1,15,,38931,8,,,1,15,,38932,8,,,1,15,,38933,8,,,1,55,,38934,8,,,1,15,,38935,8,,,1,15,,38936,8,,,1,15,,38937,8,,,1,55,,38938,8,,,1,15,,38939,8,,,1,15,,38940,8,,,1,15,,38941,8,,,1,55,,38942,8,,,1,15,,38943,8,,,1,15,,38944,8,,,1,15,,38945,8,,,1,55,,38946,8,,,1,15,,38947,8,,,1,15,,38948,8,,,1,15,,38949,8,,,1,55,,38950,8,,,1,15,,38951,8,,,1,15,,38952,8,,,1,15,,38953,8,,,1,55,,38954,8,,,1,15,,38955,8,,,1,15,,38956,8,,,1,15,,38957,8,,,1,55,,38958,8,,,1,15,,38959,8,,,1,15,,38960,8,,,1,15,,38961,8,,,1,55,,38962,8,,,1,15,,38963,8,,,1,15,,38964,8,,,1,15,,38965,8,,,1,55,,38966,8,,,1,15,,38967,8,,,1,15,,38968,8,,,1,15,,38969,8,,,1,55,,38970,8,,,1,15,,38971,8,,,1,15,,38902,8,,,1,15,,38899,8,,,1
18002201,'022R-Sunday-3-26-09',634,,38972,8,4,,1,15,,38973,8,4,,1,55,,38974,8,4,,1,15,,38975,8,4,,1,15,,38976,8,4,,1,15,,38977,8,4,,1,55,,38978,8,4,,1,15,,38979,8,4,,1,15,,38980,8,4,,1,15,,38981,8,4,,1,55,,38982,8,4,,1,15,,38983,8,4,,1,15,,38984,8,4,,1,15,,38985,8,4,,1,55,,38986,8,4,,1,15,,38987,8,4,,1,15,,38988,8,4,,1,15,,38989,8,4,,1,55,,38990,8,4,,1,15,,38991,8,4,,1,15,,38992,8,4,,1,15,,38993,8,4,,1,55,,38994,8,4,,1,15,,38995,8,4,,1,15,,38996,8,4,,1,15,,38997,8,4,,1,55,,38998,8,4,,1,15,,38999,8,4,,1,15,,39000,8,4,,1,15,,39001,8,4,,1,55,,39002,8,4,,1,15,,39003,8,4,,1,15,,39004,8,4,,1,15,,39005,8,4,,1,55,,39006,8,4,,1,15,,39007,8,4,,1,15,,39008,8,4,,1,15,,39009,8,4,,1,55,,39010,8,4,,1,15,,39011,8,4,,1,15,,39012,8,4,,1,15,,39013,8,4,,1,55,,39014,8,4,,1,15,,39015,8,4,,1,15,,39016,8,4,,1,15,,39017,8,4,,1,55,,39018,8,4,,1,15,,39019,8,4,,1,15,,39020,8,4,,1,15,,39021,8,4,,1,55,,39022,8,4,,1,15,,39023,8,4,,1,15,,39024,8,4,,1,15,,39025,8,4,,1,55,,39026,8,4,,1,15,,39027,8,4,,1,15,,39028,8,4,,1,15,,39029,8,4,,1,55,,39030,8,4,,1,15,,39031,8,4,,1,15,,39032,8,4,,1,15,,39033,8,4,,1,55,,39034,8,4,,1,15,,39035,8,4,,1,15,,39036,8,4,,1,15,,39037,8,4,,1,55,,39038,8,4,,1,15,,39039,8,4,,1,15,,39040,8,4,,1,15,,39041,8,4,,1,55,,39042,8,4,,1,15,,39043,8,4,,1
18002201,'022R-Sunday-5-26-09',634,,39044,8,4,,1,15,,39045,8,4,,1,55,,39046,8,4,,1,15,,39047,8,4,,1,15,,39048,8,4,,1,15,,39049,8,4,,1,55,,39050,8,4,,1,15,,39051,8,4,,1,15,,39052,8,4,,1,15,,39053,8,4,,1,55,,39054,8,4,,1,15,,39055,8,4,,1,15,,39056,8,4,,1,15,,39057,8,4,,1,55,,39058,8,4,,1,15,,39059,8,4,,1,15,,39060,8,4,,1,15,,39061,8,4,,1,55,,39062,8,4,,1,15,,39063,8,4,,1,15,,39064,8,4,,1,15,,39065,8,4,,1,55,,39066,8,4,,1,15,,39067,8,4,,1,15,,39068,8,4,,1,15,,39069,8,4,,1,55,,39070,8,4,,1,15,,39071,8,4,,1,15,,39072,8,4,,1,15,,39073,8,4,,1,55,,39074,8,4,,1,15,,39075,8,4,,1,15,,39076,8,4,,1,15,,39077,8,4,,1,55,,39078,8,4,,1,15,,39079,8,4,,1,15,,39080,8,4,,1,15,,39081,8,4,,1,55,,39082,8,4,,1,15,,39083,8,4,,1,15,,39084,8,4,,1,15,,39085,8,4,,1,55,,39086,8,4,,1,15,,39087,8,4,,1,15,,39088,8,4,,1,15,,39089,8,4,,1,55,,39090,8,4,,1,15,,39091,8,4,,1,15,,39092,8,4,,1,15,,39093,8,4,,1,55,,39094,8,4,,1,15,,39095,8,4,,1,15,,39096,8,4,,1,15,,39097,8,4,,1,55,,39098,8,4,,1,15,,39099,8,4,,1,15,,39100,8,4,,1,15,,39101,8,4,,1,55,,39102,8,4,,1,15,,39103,8,4,,1,15,,39104,8,4,,1,15,,39105,8,4,,1,55,,39106,8,4,,1,15,,39107,8,4,,1,15,,39108,8,4,,1,15,,39109,8,4,,1,55,,39110,8,4,,1,15,,39111,8,4,,1,15,,39112,8,4,,1,15,,39113,8,4,,1,55,,39114,8,4,,1,15,,39115,8,4,,1
18002201,'022R-Sunday-6-26-09',627,,39140,8,4,,1,15,,39141,8,4,,1,15,,39142,8,4,,1,55,,39143,8,4,,1,15,,39144,8,4,,1,15,,39145,8,4,,1,15,,39146,8,4,,1,55,,39147,8,4,,1,15,,39148,8,4,,1,15,,39149,8,4,,1,15,,39150,8,4,,1,55,,39151,8,4,,1,15,,39152,8,4,,1,15,,39153,8,4,,1,15,,39154,8,4,,1,55,,39155,8,4,,1,15,,39156,8,4,,1,15,,39157,8,4,,1,15,,39158,8,4,,1,55,,39159,8,4,,1,15,,39160,8,4,,1,15,,39161,8,4,,1,15,,39162,8,4,,1,55,,39163,8,4,,1,15,,39164,8,4,,1,15,,39165,8,4,,1,15,,39166,8,4,,1,55,,39167,8,4,,1,15,,39168,8,4,,1,15,,39169,8,4,,1,15,,39170,8,4,,1,55,,39171,8,4,,1,15,,39172,8,4,,1,15,,39173,8,4,,1,15,,39174,8,4,,1,55,,39175,8,4,,1,15,,39176,8,4,,1,15,,39177,8,4,,1,15,,39178,8,4,,1,55,,39179,8,4,,1,15,,39180,8,4,,1,15,,39181,8,4,,1,15,,39182,8,4,,1,55,,39183,8,4,,1,15,,39184,8,4,,1,15,,39185,8,4,,1,15,,39186,8,4,,1,55,,39187,8,4,,1,11,,39116,8,0,12 13,1,15,,39117,8,0,12 13,1,15,,39118,8,0,12 13,1,55,,39119,8,0,12 13,1,15,,39120,8,0,12 13,1,15,,39121,8,0,12 13,1,15,,39122,8,0,12 13,1,55,,39123,8,0,12 13,1,15,,39124,8,0,12 13,1,15,,39125,8,0,12 13,1,15,,39126,8,0,12 13,1,55,,39127,8,0,12 13,1,15,,39128,8,0,12 13,1,15,,39129,8,0,12 13,1,15,,39130,8,0,12 13,1,55,,39131,8,0,12 13,1,15,,39132,8,0,12 13,1,15,,39133,8,0,12 13,1,15,,39134,8,0,12 13,1,55,,39135,8,0,12 13,1,15,,39136,8,0,12 13,1,15,,39137,8,0,12 13,1,15,,39138,8,0,12 13,1,55,,39139,8,0,12 13,1
