18002200,'022R-Weekday-1-26-09',544,,33412,11,4,,1,12,,33413,11,4,,1,52,,33414,11,4,,1,12,,33415,11,4,,1,12,,33416,11,4,,1,12,,33417,11,4,,1,12,,33418,11,4,,1,52,,33419,11,4,,1,12,,33420,11,4,,1,12,,33421,11,4,,1,12,,33422,11,4,,1,12,,33453,11,4,,1,52,,33454,11,4,,1,12,,33455,11,4,,1,12,,33456,11,4,,1,12,,33457,11,4,,1,12,,33458,11,4,,1,52,,33459,11,4,,1,12,,33426,11,4,,1,12,,33427,11,4,,1,12,,33428,11,4,,1,12,,33429,11,4,,1,58,,33460,11,4,,1,15,,33461,11,4,,1,15,,33462,11,4,,1,15,,33463,11,4,,1,55,,33430,11,4,,1,15,,33431,11,4,,1,15,,33432,11,4,,1,15,,33433,11,4,,1,55,,33434,11,4,,1,15,,33435,11,4,,1,15,,33436,11,4,,1,15,,33437,11,4,,1,55,,33438,11,4,,1,15,,33439,11,4,,1,15,,33440,11,4,,1,15,,33441,11,4,,1,55,,33423,11,4,,1,15,,33424,11,4,,1,15,,33425,11,4,,1,12,,33486,11,4,,1,52,,33487,11,4,,1,12,,33488,11,4,,1,12,,33489,11,4,,1,12,,33490,11,4,,1,12,,33491,11,4,,1,52,,33492,11,4,,1,12,,33493,11,4,,1,12,,33494,11,4,,1,12,,33495,11,4,,1,12,,33442,11,4,,1,52,,33443,11,4,,1,12,,33444,11,4,,1,12,,33445,11,4,,1,12,,33446,11,4,,1,12,,33447,11,4,,1,52,,33448,11,4,,1,12,,33449,11,4,,1,12,,33450,11,4,,1,12,,33451,11,4,,1,12,,33452,11,4,,1,59,,33464,11,4,,1,15,,33465,11,4,,1,15,,33466,11,4,,1,55,,33467,11,4,,1,15,,33468,11,4,,1,15,,33469,11,4,,1,15,,33470,11,4,,1,55,,33471,11,4,,1,15,,33472,11,4,,1,15,,33473,11,4,,1,15,,33474,11,4,,1,55,,33475,11,4,,1,15,,33476,11,4,,1,15,,33477,11,4,,1,15,,33478,11,4,,1,55,,33479,11,4,,1,15,,33480,11,4,,1,15,,33481,11,4,,1,15,,33482,11,4,,1,55,,33483,11,4,,1,15,,33484,11,4,,1,15,,33485,11,4,,1,15,,33411,11,4,,1
18002200,'022R-Weekday-2-26-09',544,,33497,11,4,,1,12,,33498,11,4,,1,52,,33499,11,4,,1,12,,33500,11,4,,1,12,,33501,11,4,,1,12,,33502,11,4,,1,12,,33503,11,4,,1,52,,33504,11,4,,1,12,,33505,11,4,,1,12,,33506,11,4,,1,12,,33507,11,4,,1,12,,33538,11,4,,1,52,,33539,11,4,,1,12,,33540,11,4,,1,12,,33541,11,4,,1,12,,33542,11,4,,1,12,,33543,11,4,,1,52,,33544,11,4,,1,12,,33511,11,4,,1,12,,33512,11,4,,1,12,,33513,11,4,,1,12,,33514,11,4,,1,58,,33545,11,4,,1,15,,33546,11,4,,1,15,,33547,11,4,,1,15,,33548,11,4,,1,55,,33515,11,4,,1,15,,33516,11,4,,1,15,,33517,11,4,,1,15,,33518,11,4,,1,55,,33519,11,4,,1,15,,33520,11,4,,1,15,,33521,11,4,,1,15,,33522,11,4,,1,55,,33523,11,4,,1,15,,33524,11,4,,1,15,,33525,11,4,,1,15,,33526,11,4,,1,55,,33508,11,4,,1,15,,33509,11,4,,1,15,,33510,11,4,,1,12,,33571,11,4,,1,52,,33572,11,4,,1,12,,33573,11,4,,1,12,,33574,11,4,,1,12,,33575,11,4,,1,12,,33576,11,4,,1,52,,33577,11,4,,1,12,,33578,11,4,,1,12,,33579,11,4,,1,12,,33580,11,4,,1,12,,33527,11,4,,1,52,,33528,11,4,,1,12,,33529,11,4,,1,12,,33530,11,4,,1,12,,33531,11,4,,1,12,,33532,11,4,,1,52,,33533,11,4,,1,12,,33534,11,4,,1,12,,33535,11,4,,1,12,,33536,11,4,,1,12,,33537,11,4,,1,59,,33549,11,4,,1,15,,33550,11,4,,1,15,,33551,11,4,,1,55,,33552,11,4,,1,15,,33553,11,4,,1,15,,33554,11,4,,1,15,,33555,11,4,,1,55,,33556,11,4,,1,15,,33557,11,4,,1,15,,33558,11,4,,1,15,,33559,11,4,,1,55,,33560,11,4,,1,15,,33561,11,4,,1,15,,33562,11,4,,1,15,,33563,11,4,,1,55,,33564,11,4,,1,15,,33565,11,4,,1,15,,33566,11,4,,1,15,,33567,11,4,,1,55,,33568,11,4,,1,15,,33569,11,4,,1,15,,33570,11,4,,1,15,,33496,11,4,,1
18002200,'022R-Weekday-3-26-09',544,,37464,11,4,,1,12,,37465,11,4,,1,52,,37466,11,4,,1,12,,37467,11,4,,1,12,,37468,11,4,,1,12,,37469,11,4,,1,12,,37470,11,4,,1,52,,37471,11,4,,1,12,,37472,11,4,,1,12,,37473,11,4,,1,12,,37474,11,4,,1,12,,37505,11,4,,1,52,,37506,11,4,,1,12,,37507,11,4,,1,12,,37508,11,4,,1,12,,37509,11,4,,1,12,,37510,11,4,,1,52,,37511,11,4,,1,12,,37478,11,4,,1,12,,37479,11,4,,1,12,,37480,11,4,,1,12,,37481,11,4,,1,58,,37512,11,4,,1,15,,37513,11,4,,1,15,,37514,11,4,,1,15,,37515,11,4,,1,55,,37482,11,4,,1,15,,37483,11,4,,1,15,,37484,11,4,,1,15,,37485,11,4,,1,55,,37486,11,4,,1,15,,37487,11,4,,1,15,,37488,11,4,,1,15,,37489,11,4,,1,55,,37490,11,4,,1,15,,37491,11,4,,1,15,,37492,11,4,,1,15,,37493,11,4,,1,55,,37475,11,4,,1,15,,37476,11,4,,1,15,,37477,11,4,,1,12,,37538,11,4,,1,52,,37539,11,4,,1,12,,37540,11,4,,1,12,,37541,11,4,,1,12,,37542,11,4,,1,12,,37543,11,4,,1,52,,37544,11,4,,1,12,,37545,11,4,,1,12,,37546,11,4,,1,12,,37547,11,4,,1,12,,37494,11,4,,1,52,,37495,11,4,,1,12,,37496,11,4,,1,12,,37497,11,4,,1,12,,37498,11,4,,1,12,,37499,11,4,,1,52,,37500,11,4,,1,12,,37501,11,4,,1,12,,37502,11,4,,1,12,,37503,11,4,,1,12,,37504,11,4,,1,59,,37516,11,4,,1,15,,37517,11,4,,1,15,,37518,11,4,,1,55,,37519,11,4,,1,15,,37520,11,4,,1,15,,37521,11,4,,1,15,,37522,11,4,,1,55,,37523,11,4,,1,15,,37524,11,4,,1,15,,37525,11,4,,1,15,,37526,11,4,,1,55,,37527,11,4,,1,15,,37528,11,4,,1,15,,37529,11,4,,1,15,,37530,11,4,,1,55,,37531,11,4,,1,15,,37532,11,4,,1,15,,37533,11,4,,1,15,,37534,11,4,,1,55,,37535,11,4,,1,15,,37536,11,4,,1,15,,37537,11,4,,1,15,,37463,11,4,,1
18002200,'022R-Weekday-4-26-09',544,,33582,11,4,,1,12,,33583,11,4,,1,52,,33584,11,4,,1,12,,33585,11,4,,1,12,,33586,11,4,,1,12,,33587,11,4,,1,12,,33588,11,4,,1,52,,33589,11,4,,1,12,,33590,11,4,,1,12,,33591,11,4,,1,12,,33592,11,4,,1,12,,33623,11,4,,1,52,,33624,11,4,,1,12,,33625,11,4,,1,12,,33626,11,4,,1,12,,33627,11,4,,1,12,,33628,11,4,,1,52,,33629,11,4,,1,12,,33596,11,4,,1,12,,33597,11,4,,1,12,,33598,11,4,,1,12,,33599,11,4,,1,58,,33630,11,4,,1,15,,33631,11,4,,1,15,,33632,11,4,,1,15,,33633,11,4,,1,55,,33600,11,4,,1,15,,33601,11,4,,1,15,,33602,11,4,,1,15,,33603,11,4,,1,55,,33604,11,4,,1,15,,33605,11,4,,1,15,,33606,11,4,,1,15,,33607,11,4,,1,55,,33608,11,4,,1,15,,33609,11,4,,1,15,,33610,11,4,,1,15,,33611,11,4,,1,55,,33593,11,4,,1,15,,33594,11,4,,1,15,,33595,11,4,,1,12,,33656,11,4,,1,52,,33657,11,4,,1,12,,33658,11,4,,1,12,,33659,11,4,,1,12,,33660,11,4,,1,12,,33661,11,4,,1,52,,33662,11,4,,1,12,,33663,11,4,,1,12,,33664,11,4,,1,12,,33665,11,4,,1,12,,33612,11,4,,1,52,,33613,11,4,,1,12,,33614,11,4,,1,12,,33615,11,4,,1,12,,33616,11,4,,1,12,,33617,11,4,,1,52,,33618,11,4,,1,12,,33619,11,4,,1,12,,33620,11,4,,1,12,,33621,11,4,,1,12,,33622,11,4,,1,59,,33634,11,4,,1,15,,33635,11,4,,1,15,,33636,11,4,,1,55,,33637,11,4,,1,15,,33638,11,4,,1,15,,33639,11,4,,1,15,,33640,11,4,,1,55,,33641,11,4,,1,15,,33642,11,4,,1,15,,33643,11,4,,1,15,,33644,11,4,,1,55,,33645,11,4,,1,15,,33646,11,4,,1,15,,33647,11,4,,1,15,,33648,11,4,,1,55,,33649,11,4,,1,15,,33650,11,4,,1,15,,33651,11,4,,1,15,,33652,11,4,,1,55,,33653,11,4,,1,15,,33654,11,4,,1,15,,33655,11,4,,1,15,,33581,11,4,,1
18002200,'022R-Weekday-5-26-09',544,,37549,11,4,,1,12,,37550,11,4,,1,52,,37551,11,4,,1,12,,37552,11,4,,1,12,,37553,11,4,,1,12,,37554,11,4,,1,12,,37555,11,4,,1,52,,37556,11,4,,1,12,,37557,11,4,,1,12,,37558,11,4,,1,12,,37559,11,4,,1,12,,37590,11,4,,1,52,,37591,11,4,,1,12,,37592,11,4,,1,12,,37593,11,4,,1,12,,37594,11,4,,1,12,,37595,11,4,,1,52,,37596,11,4,,1,12,,37563,11,4,,1,12,,37564,11,4,,1,12,,37565,11,4,,1,12,,37566,11,4,,1,58,,37597,11,4,,1,15,,37598,11,4,,1,15,,37599,11,4,,1,15,,37600,11,4,,1,55,,37567,11,4,,1,15,,37568,11,4,,1,15,,37569,11,4,,1,15,,37570,11,4,,1,55,,37571,11,4,,1,15,,37572,11,4,,1,15,,37573,11,4,,1,15,,37574,11,4,,1,55,,37575,11,4,,1,15,,37576,11,4,,1,15,,37577,11,4,,1,15,,37578,11,4,,1,55,,37560,11,4,,1,15,,37561,11,4,,1,15,,37562,11,4,,1,12,,37623,11,4,,1,52,,37624,11,4,,1,12,,37625,11,4,,1,12,,37626,11,4,,1,12,,37627,11,4,,1,12,,37628,11,4,,1,52,,37629,11,4,,1,12,,37630,11,4,,1,12,,37631,11,4,,1,12,,37632,11,4,,1,12,,37579,11,4,,1,52,,37580,11,4,,1,12,,37581,11,4,,1,12,,37582,11,4,,1,12,,37583,11,4,,1,12,,37584,11,4,,1,52,,37585,11,4,,1,12,,37586,11,4,,1,12,,37587,11,4,,1,12,,37588,11,4,,1,12,,37589,11,4,,1,59,,37601,11,4,,1,15,,37602,11,4,,1,15,,37603,11,4,,1,55,,37604,11,4,,1,15,,37605,11,4,,1,15,,37606,11,4,,1,15,,37607,11,4,,1,55,,37608,11,4,,1,15,,37609,11,4,,1,15,,37610,11,4,,1,15,,37611,11,4,,1,55,,37612,11,4,,1,15,,37613,11,4,,1,15,,37614,11,4,,1,15,,37615,11,4,,1,55,,37616,11,4,,1,15,,37617,11,4,,1,15,,37618,11,4,,1,15,,37619,11,4,,1,55,,37620,11,4,,1,15,,37621,11,4,,1,15,,37622,11,4,,1,15,,37548,11,4,,1
18002200,'022R-Weekday-6-26-09',544,,37634,11,4,,1,12,,37635,11,4,,1,52,,37636,11,4,,1,12,,37637,11,4,,1,12,,37638,11,4,,1,12,,37639,11,4,,1,12,,37640,11,4,,1,52,,37641,11,4,,1,12,,37642,11,4,,1,12,,37643,11,4,,1,12,,37644,11,4,,1,12,,37675,11,4,,1,52,,37676,11,4,,1,12,,37677,11,4,,1,12,,37678,11,4,,1,12,,37679,11,4,,1,12,,37680,11,4,,1,52,,37681,11,4,,1,12,,37648,11,4,,1,12,,37649,11,4,,1,12,,37650,11,4,,1,12,,37651,11,4,,1,58,,37682,11,4,,1,15,,37683,11,4,,1,15,,37684,11,4,,1,15,,37685,11,4,,1,55,,37652,11,4,,1,15,,37653,11,4,,1,15,,37654,11,4,,1,15,,37655,11,4,,1,55,,37656,11,4,,1,15,,37657,11,4,,1,15,,37658,11,4,,1,15,,37659,11,4,,1,55,,37660,11,4,,1,15,,37661,11,4,,1,15,,37662,11,4,,1,15,,37663,11,4,,1,55,,37645,11,4,,1,15,,37646,11,4,,1,15,,37647,11,4,,1,12,,37708,11,4,,1,52,,37709,11,4,,1,12,,37710,11,4,,1,12,,37711,11,4,,1,12,,37712,11,4,,1,12,,37713,11,4,,1,52,,37714,11,4,,1,12,,37715,11,4,,1,12,,37716,11,4,,1,12,,37717,11,4,,1,12,,37664,11,4,,1,52,,37665,11,4,,1,12,,37666,11,4,,1,12,,37667,11,4,,1,12,,37668,11,4,,1,12,,37669,11,4,,1,52,,37670,11,4,,1,12,,37671,11,4,,1,12,,37672,11,4,,1,12,,37673,11,4,,1,12,,37674,11,4,,1,59,,37686,11,4,,1,15,,37687,11,4,,1,15,,37688,11,4,,1,55,,37689,11,4,,1,15,,37690,11,4,,1,15,,37691,11,4,,1,15,,37692,11,4,,1,55,,37693,11,4,,1,15,,37694,11,4,,1,15,,37695,11,4,,1,15,,37696,11,4,,1,55,,37697,11,4,,1,15,,37698,11,4,,1,15,,37699,11,4,,1,15,,37700,11,4,,1,55,,37701,11,4,,1,15,,37702,11,4,,1,15,,37703,11,4,,1,15,,37704,11,4,,1,55,,37705,11,4,,1,15,,37706,11,4,,1,15,,37707,11,4,,1,15,,37633,11,4,,1
18002200,'022R-Weekday-7-26-09',544,,37719,11,4,,1,12,,37720,11,4,,1,52,,37721,11,4,,1,12,,37722,11,4,,1,12,,37723,11,4,,1,12,,37724,11,4,,1,12,,37725,11,4,,1,52,,37726,11,4,,1,12,,37727,11,4,,1,12,,37728,11,4,,1,12,,37729,11,4,,1,12,,37760,11,4,,1,52,,37761,11,4,,1,12,,37762,11,4,,1,12,,37763,11,4,,1,12,,37764,11,4,,1,12,,37765,11,4,,1,52,,37766,11,4,,1,12,,37733,11,4,,1,12,,37734,11,4,,1,12,,37735,11,4,,1,12,,37736,11,4,,1,58,,37767,11,4,,1,15,,37768,11,4,,1,15,,37769,11,4,,1,15,,37770,11,4,,1,55,,37737,11,4,,1,15,,37738,11,4,,1,15,,37739,11,4,,1,15,,37740,11,4,,1,55,,37741,11,4,,1,15,,37742,11,4,,1,15,,37743,11,4,,1,15,,37744,11,4,,1,55,,37745,11,4,,1,15,,37746,11,4,,1,15,,37747,11,4,,1,15,,37748,11,4,,1,55,,37730,11,4,,1,15,,37731,11,4,,1,15,,37732,11,4,,1,12,,37793,11,4,,1,52,,37794,11,4,,1,12,,37795,11,4,,1,12,,37796,11,4,,1,12,,37797,11,4,,1,12,,37798,11,4,,1,52,,37799,11,4,,1,12,,37800,11,4,,1,12,,37801,11,4,,1,12,,37802,11,4,,1,12,,37749,11,4,,1,52,,37750,11,4,,1,12,,37751,11,4,,1,12,,37752,11,4,,1,12,,37753,11,4,,1,12,,37754,11,4,,1,52,,37755,11,4,,1,12,,37756,11,4,,1,12,,37757,11,4,,1,12,,37758,11,4,,1,12,,37759,11,4,,1,59,,37771,11,4,,1,15,,37772,11,4,,1,15,,37773,11,4,,1,55,,37774,11,4,,1,15,,37775,11,4,,1,15,,37776,11,4,,1,15,,37777,11,4,,1,55,,37778,11,4,,1,15,,37779,11,4,,1,15,,37780,11,4,,1,15,,37781,11,4,,1,55,,37782,11,4,,1,15,,37783,11,4,,1,15,,37784,11,4,,1,15,,37785,11,4,,1,55,,37786,11,4,,1,15,,37787,11,4,,1,15,,37788,11,4,,1,15,,37789,11,4,,1,55,,37790,11,4,,1,15,,37791,11,4,,1,15,,37792,11,4,,1,15,,37718,11,4,,1
18002200,'022R-Saturday-1-26-09',544,,33666,11,4,,1,15,,33667,11,4,,1,55,,33668,11,4,,1,15,,33669,11,4,,1,15,,33670,11,4,,1,15,,33671,11,4,,1,55,,33672,11,4,,1,15,,33673,11,4,,1,15,,33674,11,4,,1,15,,33675,11,4,,1,55,,33676,11,4,,1,15,,33677,11,4,,1,15,,33678,11,4,,1,15,,33679,11,4,,1,55,,33680,11,4,,1,15,,33681,11,4,,1,15,,33682,11,4,,1,15,,33683,11,4,,1,55,,33684,11,4,,1,15,,33685,11,4,,1,15,,33686,11,4,,1,15,,33687,11,4,,1,55,,33688,11,4,,1,15,,33689,11,4,,1,15,,33690,11,4,,1,15,,33691,11,4,,1,55,,33692,11,4,,1,15,,33693,11,4,,1,15,,33694,11,4,,1,15,,33695,11,4,,1,55,,33696,11,4,,1,15,,33697,11,4,,1,15,,33698,11,4,,1,15,,33699,11,4,,1,55,,33700,11,4,,1,15,,33701,11,4,,1,15,,33702,11,4,,1,15,,33703,11,4,,1,55,,33704,11,4,,1,15,,33705,11,4,,1,15,,33706,11,4,,1,15,,33707,11,4,,1,55,,33708,11,4,,1,15,,33709,11,4,,1,15,,33710,11,4,,1,15,,33711,11,4,,1,55,,33712,11,4,,1,15,,33713,11,4,,1,15,,33714,11,4,,1,15,,33715,11,4,,1,55,,33716,11,4,,1,15,,33717,11,4,,1,15,,33718,11,4,,1,15,,33719,11,4,,1,55,,33720,11,4,,1,15,,33721,11,4,,1,15,,33722,11,4,,1,15,,33723,11,4,,1,55,,33724,11,4,,1,15,,33725,11,4,,1,15,,33726,11,4,,1,15,,33727,11,4,,1,55,,33728,11,4,,1,15,,33729,11,4,,1,15,,33730,11,4,,1,15,,33731,11,4,,1,55,,33732,11,4,,1,15,,33733,11,4,,1,15,,33734,11,4,,1,15,,33735,11,4,,1,55,,33736,11,4,,1,15,,33737,11,4,,1,15,,33738,11,4,,1,15,,33739,11,4,,1,55,,33740,11,4,,1,15,,33741,11,4,,1,15,,33742,11,4,,1
18002200,'022R-Saturday-2-26-09',541,,37803,14,4,,1,15,,37804,14,4,,1,55,,37819,14,4,,1,15,,37834,14,4,,1,15,,37852,14,4,,1,15,,37835,14,4,,1,55,,37815,14,4,,1,15,,37846,14,4,,1,15,,37861,14,4,,1,15,,37845,14,4,,1,55,,37830,14,4,,1,15,,37862,14,4,,1,15,,37836,14,4,,1,15,,37878,14,4,,1,55,,37805,14,4,,1,15,,37821,14,4,,1,15,,37877,14,4,,1,15,,37867,14,4,,1,55,,37881,14,4,,1,15,,37817,14,4,,1,15,,37851,14,4,,1,15,,37824,14,4,,1,55,,37864,14,4,,1,15,,37814,14,4,,1,15,,37832,14,4,,1,15,,37848,14,4,,1,55,,37829,14,4,,1,15,,37811,14,4,,1,15,,37873,14,4,,1,15,,37826,14,4,,1,55,,37882,14,4,,1,15,,37858,14,4,,1,15,,37874,14,4,,1,15,,37841,14,4,,1,55,,37810,14,4,,1,15,,37857,14,4,,1,15,,37859,14,4,,1,15,,37827,14,4,,1,55,,37843,14,4,,1,15,,37808,14,4,,1,15,,37875,14,4,,1,15,,37839,14,4,,1,55,,37831,14,4,,1,15,,37844,14,4,,1,15,,37813,14,4,,1,15,,37828,14,4,,1,55,,37860,14,4,,1,15,,37876,14,4,,1,15,,37842,14,4,,1,15,,37855,14,4,,1,55,,37883,14,4,,1,15,,37879,14,4,,1,15,,37863,14,4,,1,15,,37854,14,4,,1,55,,37869,14,4,,1,15,,37847,14,4,,1,15,,37816,14,4,,1,15,,37820,14,4,,1,55,,37871,14,4,,1,15,,37809,14,4,,1,15,,37825,14,4,,1,15,,37840,14,4,,1,55,,37856,14,4,,1,15,,37872,14,4,,1,15,,37838,14,4,,1,15,,37806,14,4,,1,55,,37822,14,4,,1,15,,37870,14,4,,1,15,,37807,14,4,,1,15,,37823,14,4,,1,55,,37837,14,4,,1,15,,37853,14,4,,1,15,,37850,14,4,,1,15,,37866,14,4,,1,55,,37812,14,4,,1,15,,37818,14,4,,1,15,,37833,14,4,,1,15,,37849,14,4,,1,55,,37880,14,4,,1,15,,37865,14,4,,1,15,,37868,14,4,,1
18002200,'022R-Saturday-3-26-09',534,,37891,8,4,,1,15,,37936,8,4,,1,55,,37901,8,4,,1,15,,37885,8,4,,1,15,,37927,8,4,,1,15,,37895,8,4,,1,55,,37907,8,4,,1,15,,37943,8,4,,1,15,,37897,8,4,,1,15,,37959,8,4,,1,55,,37945,8,4,,1,15,,37888,8,4,,1,15,,37913,8,4,,1,15,,37929,8,4,,1,55,,37933,8,4,,1,15,,37917,8,4,,1,15,,37949,8,4,,1,15,,37920,8,4,,1,55,,37931,8,4,,1,15,,37903,8,4,,1,15,,37947,8,4,,1,15,,37899,8,4,,1,55,,37930,8,4,,1,15,,37898,8,4,,1,15,,37914,8,4,,1,15,,37960,8,4,,1,55,,37915,8,4,,1,15,,37909,8,4,,1,15,,37941,8,4,,1,15,,37896,8,4,,1,55,,37912,8,4,,1,15,,37893,8,4,,1,15,,37928,8,4,,1,15,,37925,8,4,,1,55,,37944,8,4,,1,15,,37946,8,4,,1,15,,37932,8,4,,1,15,,37916,8,4,,1,55,,37948,8,4,,1,15,,37900,8,4,,1,15,,37884,8,4,,1,15,,37940,8,4,,1,55,,37958,8,4,,1,15,,37910,8,4,,1,15,,37892,8,4,,1,15,,37926,8,4,,1,55,,37889,8,4,,1,15,,37956,8,4,,1,15,,37924,8,4,,1,15,,37942,8,4,,1,55,,37908,8,4,,1,15,,37894,8,4,,1,15,,37955,8,4,,1,15,,37905,8,4,,1,55,,37937,8,4,,1,15,,37921,8,4,,1,15,,37953,8,4,,1,15,,37904,8,4,,1,55,,37890,8,4,,1,15,,37923,8,4,,1,15,,37887,8,4,,1,15,,37939,8,4,,1,55,,37906,8,4,,1,15,,37922,8,4,,1,15,,37938,8,4,,1,15,,37954,8,4,,1,55,,37918,8,4,,1,15,,37957,8,4,,1,15,,37919,8,4,,1,15,,37911,8,4,,1,55,,37950,8,4,,1,15,,37902,8,4,,1,15,,37886,8,4,,1,15,,37952,8,4,,1,55,,37951,8,4,,1,15,,37935,8,4,,1,15,,37934,8,4,,1
18002200,'022R-Saturday-4-26-09',547,,38021,8,4,,1,55,,38017,8,4,,1,15,,38013,8,4,,1,15,,38037,8,4,,1,15,,38026,8,4,,1,55,,37996,8,4,,1,15,,38007,8,4,,1,15,,38003,8,4,,1,15,,38006,8,4,,1,55,,37999,8,4,,1,15,,38014,8,4,,1,15,,37995,8,4,,1,15,,38034,8,4,,1,55,,38002,8,4,,1,15,,38030,8,4,,1,15,,38022,8,4,,1,15,,38018,8,4,,1,55,,38010,8,4,,1,15,,38023,8,4,,1,15,,38019,8,4,,1,15,,38015,8,4,,1,55,,38011,8,4,,1,15,,38033,8,4,,1,15,,38027,8,4,,1,15,,38035,8,4,,1,55,,37998,8,4,,1,15,,38031,8,4,,1,15,,38001,8,4,,1,15,,37997,8,4,,1,55,,38036,8,4,,1,15,,38032,8,4,,1,15,,38016,8,4,,1,15,,38012,8,4,,1,55,,38020,8,4,,1,15,,38009,8,4,,1,15,,38005,8,4,,1,15,,38024,8,4,,1,55,,38004,8,4,,1,15,,38008,8,4,,1,15,,38000,8,4,,1,15,,38028,8,4,,1,55,,38029,8,4,,1,15,,38025,8,4,,1,12,,37961,11,4,,1,15,,37962,11,4,,1,15,,37963,11,4,,1,55,,37964,11,4,,1,15,,37965,11,4,,1,15,,37966,11,4,,1,15,,37967,11,4,,1,55,,37968,11,4,,1,15,,37969,11,4,,1,15,,37970,11,4,,1,15,,37971,11,4,,1,55,,37972,11,4,,1,15,,37973,11,4,,1,15,,37974,11,4,,1,15,,37975,11,4,,1,55,,37976,11,4,,1,15,,37977,11,4,,1,15,,37978,11,4,,1,15,,37979,11,4,,1,55,,37980,11,4,,1,15,,37981,11,4,,1,15,,37982,11,4,,1,15,,37983,11,4,,1,55,,37984,11,4,,1,15,,37985,11,4,,1,15,,37986,11,4,,1,15,,37987,11,4,,1,55,,37988,11,4,,1,15,,37989,11,4,,1,15,,37990,11,4,,1,15,,37991,11,4,,1,55,,37992,11,4,,1,15,,37993,11,4,,1,15,,37994,11,4,,1
18002200,'022R-Sunday-1-26-09',559,,33743,11,4,,1,55,,33744,11,4,,1,15,,33745,11,4,,1,15,,33746,11,4,,1,15,,33747,11,4,,1,55,,33748,11,4,,1,15,,33749,11,4,,1,15,,33750,11,4,,1,15,,33751,11,4,,1,55,,33752,11,4,,1,15,,33753,11,4,,1,15,,33754,11,4,,1,15,,33755,11,4,,1,55,,33756,11,4,,1,15,,33757,11,4,,1,15,,33758,11,4,,1,15,,33759,11,4,,1,55,,33760,11,4,,1,15,,33761,11,4,,1,15,,33762,11,4,,1,15,,33763,11,4,,1,55,,33764,11,4,,1,15,,33765,11,4,,1,15,,33766,11,4,,1,15,,33767,11,4,,1,55,,33768,11,4,,1,15,,33769,11,4,,1,15,,33770,11,4,,1,15,,33771,11,4,,1,55,,33772,11,4,,1,15,,33773,11,4,,1,15,,33774,11,4,,1,15,,33775,11,4,,1,55,,33776,11,4,,1,15,,33777,11,4,,1,15,,33778,11,4,,1,15,,33779,11,4,,1,55,,33780,11,4,,1,15,,33781,11,4,,1,15,,33782,11,4,,1,15,,33783,11,4,,1,55,,33784,11,4,,1,15,,33785,11,4,,1,15,,33786,11,4,,1,15,,33787,11,4,,1,55,,33788,11,4,,1,15,,33789,11,4,,1,15,,33790,11,4,,1,15,,33791,11,4,,1,55,,33792,11,4,,1,15,,33793,11,4,,1,15,,33794,11,4,,1,15,,33795,11,4,,1,55,,33796,11,4,,1,15,,33797,11,4,,1,15,,33798,11,4,,1,15,,33799,11,4,,1,55,,33800,11,4,,1,15,,33801,11,4,,1,15,,33802,11,4,,1,15,,33803,11,4,,1,55,,33804,11,4,,1,15,,33805,11,4,,1,15,,33806,11,4,,1,15,,33807,11,4,,1,55,,33808,11,4,,1,15,,33809,11,4,,1,15,,33810,11,4,,1,15,,33811,11,4,,1,55,,33812,11,4,,1,15,,33813,11,4,,1,15,,33814,11,4,,1,15,,33815,11,4,,1
18002200,'022R-Sunday-2-26-09',611,,38109,14,4,,1,15,,38110,14,4,,1,15,,38111,14,4,,1,15,,38112,14,4,,1,55,,38080,14,4,,1,15,,38095,14,4,,1,15,,38041,14,4,,1,15,,38052,14,4,,1,55,,38067,14,4,,1,15,,38064,14,4,,1,15,,38081,14,4,,1,15,,38066,14,4,,1,55,,38094,14,4,,1,15,,38093,14,4,,1,15,,38096,14,4,,1,15,,38048,14,4,,1,55,,38106,14,4,,1,15,,38091,14,4,,1,15,,38079,14,4,,1,15,,38057,14,4,,1,55,,38063,14,4,,1,15,,38108,14,4,,1,15,,38050,14,4,,1,15,,38078,14,4,,1,55,,38076,14,4,,1,15,,38045,14,4,,1,15,,38105,14,4,,1,15,,38047,14,4,,1,55,,38083,14,4,,1,15,,38071,14,4,,1,15,,38055,14,4,,1,15,,38102,14,4,,1,55,,38089,14,4,,1,15,,38068,14,4,,1,15,,38061,14,4,,1,15,,38103,14,4,,1,55,,38042,14,4,,1,15,,38088,14,4,,1,15,,38046,14,4,,1,15,,38092,14,4,,1,55,,38070,14,4,,1,15,,38086,14,4,,1,15,,38040,14,4,,1,15,,38085,14,4,,1,55,,38062,14,4,,1,15,,38098,14,4,,1,15,,38099,14,4,,1,15,,38044,14,4,,1,55,,38053,14,4,,1,15,,38058,14,4,,1,15,,38060,14,4,,1,15,,38059,14,4,,1,55,,38056,14,4,,1,15,,38100,14,4,,1,15,,38073,14,4,,1,15,,38075,14,4,,1,55,,38090,14,4,,1,15,,38104,14,4,,1,15,,38043,14,4,,1,15,,38039,14,4,,1,55,,38077,14,4,,1,15,,38074,14,4,,1,15,,38107,14,4,,1,15,,38049,14,4,,1,55,,38101,14,4,,1,15,,38082,14,4,,1,15,,38087,14,4,,1,15,,38097,14,4,,1,55,,38051,14,4,,1,15,,38038,14,4,,1,15,,38054,14,4,,1,15,,38069,14,4,,1,55,,38072,14,4,,1,15,,38065,14,4,,1,15,,38084,14,4,,1
18002200,'022R-Sunday-3-26-09',604,,38113,8,4,,1,15,,38114,8,4,,1,15,,38115,8,4,,1,15,,38116,8,4,,1,55,,38117,8,4,,1,15,,38118,8,4,,1,15,,38119,8,4,,1,15,,38120,8,4,,1,55,,38121,8,4,,1,15,,38122,8,4,,1,15,,38123,8,4,,1,15,,38124,8,4,,1,55,,38125,8,4,,1,15,,38126,8,4,,1,15,,38127,8,4,,1,15,,38128,8,4,,1,55,,38129,8,4,,1,15,,38130,8,4,,1,15,,38131,8,4,,1,15,,38132,8,4,,1,55,,38133,8,4,,1,15,,38134,8,4,,1,15,,38135,8,4,,1,15,,38136,8,4,,1,55,,38137,8,4,,1,15,,38138,8,4,,1,15,,38139,8,4,,1,15,,38140,8,4,,1,55,,38141,8,4,,1,15,,38142,8,4,,1,15,,38143,8,4,,1,15,,38144,8,4,,1,55,,38145,8,4,,1,15,,38146,8,4,,1,15,,38147,8,4,,1,15,,38148,8,4,,1,55,,38149,8,4,,1,15,,38150,8,4,,1,15,,38151,8,4,,1,15,,38152,8,4,,1,55,,38153,8,4,,1,15,,38154,8,4,,1,15,,38155,8,4,,1,15,,38156,8,4,,1,55,,38157,8,4,,1,15,,38158,8,4,,1,15,,38159,8,4,,1,15,,38160,8,4,,1,55,,38161,8,4,,1,15,,38162,8,4,,1,15,,38163,8,4,,1,15,,38164,8,4,,1,55,,38165,8,4,,1,15,,38166,8,4,,1,15,,38167,8,4,,1,15,,38168,8,4,,1,55,,38169,8,4,,1,15,,38170,8,4,,1,15,,38171,8,4,,1,15,,38172,8,4,,1,55,,38173,8,4,,1,15,,38174,8,4,,1,15,,38175,8,4,,1,15,,38176,8,4,,1,55,,38177,8,4,,1,15,,38178,8,4,,1,15,,38179,8,4,,1,15,,38180,8,4,,1,55,,38181,8,4,,1,15,,38182,8,4,,1,15,,38183,8,4,,1,15,,38184,8,4,,1
18002200,'022R-Sunday-5-26-09',604,,38185,8,4,,1,15,,38186,8,4,,1,15,,38187,8,4,,1,15,,38188,8,4,,1,55,,38189,8,4,,1,15,,38190,8,4,,1,15,,38191,8,4,,1,15,,38192,8,4,,1,55,,38193,8,4,,1,15,,38194,8,4,,1,15,,38195,8,4,,1,15,,38196,8,4,,1,55,,38197,8,4,,1,15,,38198,8,4,,1,15,,38199,8,4,,1,15,,38200,8,4,,1,55,,38201,8,4,,1,15,,38202,8,4,,1,15,,38203,8,4,,1,15,,38204,8,4,,1,55,,38205,8,4,,1,15,,38206,8,4,,1,15,,38207,8,4,,1,15,,38208,8,4,,1,55,,38209,8,4,,1,15,,38210,8,4,,1,15,,38211,8,4,,1,15,,38212,8,4,,1,55,,38213,8,4,,1,15,,38214,8,4,,1,15,,38215,8,4,,1,15,,38216,8,4,,1,55,,38217,8,4,,1,15,,38218,8,4,,1,15,,38219,8,4,,1,15,,38220,8,4,,1,55,,38221,8,4,,1,15,,38222,8,4,,1,15,,38223,8,4,,1,15,,38224,8,4,,1,55,,38225,8,4,,1,15,,38226,8,4,,1,15,,38227,8,4,,1,15,,38228,8,4,,1,55,,38229,8,4,,1,15,,38230,8,4,,1,15,,38231,8,4,,1,15,,38232,8,4,,1,55,,38233,8,4,,1,15,,38234,8,4,,1,15,,38235,8,4,,1,15,,38236,8,4,,1,55,,38237,8,4,,1,15,,38238,8,4,,1,15,,38239,8,4,,1,15,,38240,8,4,,1,55,,38241,8,4,,1,15,,38242,8,4,,1,15,,38243,8,4,,1,15,,38244,8,4,,1,55,,38245,8,4,,1,15,,38246,8,4,,1,15,,38247,8,4,,1,15,,38248,8,4,,1,55,,38249,8,4,,1,15,,38250,8,4,,1,15,,38251,8,4,,1,15,,38252,8,4,,1,55,,38253,8,4,,1,15,,38254,8,4,,1,15,,38255,8,4,,1,15,,38256,8,4,,1
18002200,'022R-Sunday-6-26-09',559,,38279,8,4,,1,55,,38280,8,4,,1,15,,38281,8,4,,1,15,,38282,8,4,,1,15,,38283,8,4,,1,55,,38284,8,4,,1,15,,38285,8,4,,1,15,,38286,8,4,,1,15,,38287,8,4,,1,55,,38288,8,4,,1,15,,38289,8,4,,1,15,,38290,8,4,,1,15,,38291,8,4,,1,55,,38292,8,4,,1,15,,38293,8,4,,1,15,,38294,8,4,,1,15,,38295,8,4,,1,55,,38296,8,4,,1,15,,38297,8,4,,1,15,,38298,8,4,,1,15,,38299,8,4,,1,55,,38300,8,4,,1,15,,38301,8,4,,1,15,,38302,8,4,,1,15,,38303,8,4,,1,55,,38304,8,4,,1,15,,38305,8,4,,1,15,,38306,8,4,,1,15,,38307,8,4,,1,55,,38308,8,4,,1,15,,38309,8,4,,1,15,,38310,8,4,,1,15,,38311,8,4,,1,55,,38312,8,4,,1,15,,38313,8,4,,1,15,,38314,8,4,,1,15,,38315,8,4,,1,55,,38316,8,4,,1,15,,38317,8,4,,1,15,,38318,8,4,,1,15,,38319,8,4,,1,55,,38320,8,4,,1,15,,38321,8,4,,1,15,,38322,8,4,,1,15,,38323,8,4,,1,55,,38324,8,4,,1,15,,38325,8,4,,1,15,,38326,8,4,,1,15,,38327,8,4,,1,55,,38328,8,4,,1,15,,38329,8,4,,1,15,,38257,11,4,,1,15,,38258,11,4,,1,55,,38259,11,4,,1,15,,38260,11,4,,1,15,,38261,11,4,,1,15,,38262,11,4,,1,55,,38263,11,4,,1,15,,38264,11,4,,1,15,,38265,11,4,,1,15,,38266,11,4,,1,55,,38267,11,4,,1,15,,38268,11,4,,1,15,,38269,11,4,,1,15,,38270,11,4,,1,55,,38271,11,4,,1,15,,38272,11,4,,1,15,,38273,11,4,,1,15,,38274,11,4,,1,55,,38275,11,4,,1,15,,38276,11,4,,1,15,,38277,11,4,,1,15,,38278,11,4,,1
