18002101,'021R-Weekday-1-26-09',520,,32849,5,,,1,12,,32851,5,,,1,12,,32852,5,,,1,6,,32983,5,,,1,6,,32850,5,,,1,46,,32881,5,,,1,6,,32882,5,,,1,6,,32883,5,,,1,6,,32884,5,,,1,6,,32880,5,,,1,6,,32879,5,,,1,6,,32878,5,,,1,6,,32877,5,,,1,6,,32876,5,,,1,6,,32875,5,,,1,46,,32874,5,,,1,6,,32873,5,,,1,6,,32872,5,,,1,6,,32871,5,,,1,6,,32870,5,,,1,6,,32869,5,,,1,6,,32868,5,,,1,6,,32867,5,,,1,6,,32866,5,,,1,6,,32865,5,,,1,46,,32864,5,,,1,6,,32863,5,,,1,6,,32862,5,,,1,6,,32861,5,,,1,6,,32860,5,,,1,6,,32859,5,,,1,6,,32858,5,,,1,6,,32857,5,,,1,6,,32856,5,,,1,6,,32855,5,,,1,46,,32854,5,,,1,10,,32885,5,,,1,10,,32886,5,,,1,10,,32887,5,,,1,10,,32888,5,,,1,10,,32889,5,,,1,50,,32890,5,,,1,10,,32891,5,,,1,10,,32892,5,,,1,10,,32893,5,,,1,10,,32894,5,,,1,10,,32895,5,,,1,50,,32896,5,,,1,10,,32897,5,,,1,10,,32898,5,,,1,10,,32899,5,,,1,10,,32900,5,,,1,10,,32901,5,,,1,50,,32902,5,,,1,10,,32903,5,,,1,10,,32904,5,,,1,10,,32905,5,,,1,10,,32906,5,,,1,10,,32907,5,,,1,50,,32908,5,,,1,10,,32909,5,,,1,10,,32910,5,,,1,10,,32911,5,,,1,10,,32912,5,,,1,10,,32913,5,,,1,50,,32914,5,,,1,6,,32915,5,,,1,6,,32916,5,,,1,6,,32917,5,,,1,6,,32918,5,,,1,6,,32919,5,,,1,6,,32920,5,,,1,6,,32921,5,,,1,6,,32922,5,,,1,6,,32923,5,,,1,46,,32924,5,,,1,6,,32925,5,,,1,6,,32926,5,,,1,6,,32927,5,,,1,6,,32928,5,,,1,6,,32929,5,,,1,6,,32930,5,,,1,6,,32931,5,,,1,6,,32932,5,,,1,6,,32933,5,,,1,46,,32934,5,,,1,6,,32935,5,,,1,6,,32936,5,,,1,6,,32937,5,,,1,6,,32938,5,,,1,6,,32939,5,,,1,6,,32940,5,,,1,6,,32941,5,,,1,6,,32942,5,,,1,6,,32943,5,,,1,46,,32944,5,,,1,6,,32945,5,,,1,6,,32946,5,,,1,6,,32947,5,,,1,6,,32948,5,,,1,6,,32949,5,,,1,6,,32950,5,,,1,6,,32951,5,,,1,6,,32952,5,,,1,6,,32953,5,,,1,46,,32954,5,,,1,6,,32955,5,,,1,9,,32956,5,,,1,15,,32957,5,,,1,15,,32958,5,,,1,55,,32959,5,,,1,15,,32960,5,,,1,15,,32961,5,,,1,15,,32962,5,,,1,55,,32963,5,,,1,15,,32964,5,,,1,15,,32965,5,,,1,15,,32966,5,,,1,55,,32967,5,,,1,15,,32968,5,,,1,15,,32969,5,,,1,15,,32970,5,,,1,55,,32971,5,,,1,15,,32972,5,,,1,15,,32973,5,,,1,15,,32974,5,,,1,55,,32975,5,,,1,15,,32976,5,,,1,15,,32977,5,,,1,15,,32978,5,,,1,55,,32979,5,,,1,15,,32980,5,,,1,15,,32981,5,,,1,15,,32982,5,,,1,55,,32853,5,,,1
18002101,'021R-Weekday-2-26-09',520,,32984,5,,,1,12,,32986,5,,,1,12,,32987,5,,,1,6,,33118,5,,,1,6,,32985,5,,,1,46,,33016,5,,,1,6,,33017,5,,,1,6,,33018,5,,,1,6,,33019,5,,,1,6,,33015,5,,,1,6,,33014,5,,,1,6,,33013,5,,,1,6,,33012,5,,,1,6,,33011,5,,,1,6,,33010,5,,,1,46,,33009,5,,,1,6,,33008,5,,,1,6,,33007,5,,,1,6,,33006,5,,,1,6,,33005,5,,,1,6,,33004,5,,,1,6,,33003,5,,,1,6,,33002,5,,,1,6,,33001,5,,,1,6,,33000,5,,,1,46,,32999,5,,,1,6,,32998,5,,,1,6,,32997,5,,,1,6,,32996,5,,,1,6,,32995,5,,,1,6,,32994,5,,,1,6,,32993,5,,,1,6,,32992,5,,,1,6,,32991,5,,,1,6,,32990,5,,,1,46,,32989,5,,,1,10,,33020,5,,,1,10,,33021,5,,,1,10,,33022,5,,,1,10,,33023,5,,,1,10,,33024,5,,,1,50,,33025,5,,,1,10,,33026,5,,,1,10,,33027,5,,,1,10,,33028,5,,,1,10,,33029,5,,,1,10,,33030,5,,,1,50,,33031,5,,,1,10,,33032,5,,,1,10,,33033,5,,,1,10,,33034,5,,,1,10,,33035,5,,,1,10,,33036,5,,,1,50,,33037,5,,,1,10,,33038,5,,,1,10,,33039,5,,,1,10,,33040,5,,,1,10,,33041,5,,,1,10,,33042,5,,,1,50,,33043,5,,,1,10,,33044,5,,,1,10,,33045,5,,,1,10,,33046,5,,,1,10,,33047,5,,,1,10,,33048,5,,,1,50,,33049,5,,,1,6,,33050,5,,,1,6,,33051,5,,,1,6,,33052,5,,,1,6,,33053,5,,,1,6,,33054,5,,,1,6,,33055,5,,,1,6,,33056,5,,,1,6,,33057,5,,,1,6,,33058,5,,,1,46,,33059,5,,,1,6,,33060,5,,,1,6,,33061,5,,,1,6,,33062,5,,,1,6,,33063,5,,,1,6,,33064,5,,,1,6,,33065,5,,,1,6,,33066,5,,,1,6,,33067,5,,,1,6,,33068,5,,,1,46,,33069,5,,,1,6,,33070,5,,,1,6,,33071,5,,,1,6,,33072,5,,,1,6,,33073,5,,,1,6,,33074,5,,,1,6,,33075,5,,,1,6,,33076,5,,,1,6,,33077,5,,,1,6,,33078,5,,,1,46,,33079,5,,,1,6,,33080,5,,,1,6,,33081,5,,,1,6,,33082,5,,,1,6,,33083,5,,,1,6,,33084,5,,,1,6,,33085,5,,,1,6,,33086,5,,,1,6,,33087,5,,,1,6,,33088,5,,,1,46,,33089,5,,,1,6,,33090,5,,,1,9,,33091,5,,,1,15,,33092,5,,,1,15,,33093,5,,,1,55,,33094,5,,,1,15,,33095,5,,,1,15,,33096,5,,,1,15,,33097,5,,,1,55,,33098,5,,,1,15,,33099,5,,,1,15,,33100,5,,,1,15,,33101,5,,,1,55,,33102,5,,,1,15,,33103,5,,,1,15,,33104,5,,,1,15,,33105,5,,,1,55,,33106,5,,,1,15,,33107,5,,,1,15,,33108,5,,,1,15,,33109,5,,,1,55,,33110,5,,,1,15,,33111,5,,,1,15,,33112,5,,,1,15,,33113,5,,,1,55,,33114,5,,,1,15,,33115,5,,,1,15,,33116,5,,,1,15,,33117,5,,,1,55,,32988,5,,,1
18002101,'021R-Weekday-3-26-09',520,,36689,5,,,1,12,,36691,5,,,1,12,,36692,5,,,1,6,,36823,5,,,1,6,,36690,5,,,1,46,,36721,5,,,1,6,,36722,5,,,1,6,,36723,5,,,1,6,,36724,5,,,1,6,,36720,5,,,1,6,,36719,5,,,1,6,,36718,5,,,1,6,,36717,5,,,1,6,,36716,5,,,1,6,,36715,5,,,1,46,,36714,5,,,1,6,,36713,5,,,1,6,,36712,5,,,1,6,,36711,5,,,1,6,,36710,5,,,1,6,,36709,5,,,1,6,,36708,5,,,1,6,,36707,5,,,1,6,,36706,5,,,1,6,,36705,5,,,1,46,,36704,5,,,1,6,,36703,5,,,1,6,,36702,5,,,1,6,,36701,5,,,1,6,,36700,5,,,1,6,,36699,5,,,1,6,,36698,5,,,1,6,,36697,5,,,1,6,,36696,5,,,1,6,,36695,5,,,1,46,,36694,5,,,1,10,,36725,5,,,1,10,,36726,5,,,1,10,,36727,5,,,1,10,,36728,5,,,1,10,,36729,5,,,1,50,,36730,5,,,1,10,,36731,5,,,1,10,,36732,5,,,1,10,,36733,5,,,1,10,,36734,5,,,1,10,,36735,5,,,1,50,,36736,5,,,1,10,,36737,5,,,1,10,,36738,5,,,1,10,,36739,5,,,1,10,,36740,5,,,1,10,,36741,5,,,1,50,,36742,5,,,1,10,,36743,5,,,1,10,,36744,5,,,1,10,,36745,5,,,1,10,,36746,5,,,1,10,,36747,5,,,1,50,,36748,5,,,1,10,,36749,5,,,1,10,,36750,5,,,1,10,,36751,5,,,1,10,,36752,5,,,1,10,,36753,5,,,1,50,,36754,5,,,1,6,,36755,5,,,1,6,,36756,5,,,1,6,,36757,5,,,1,6,,36758,5,,,1,6,,36759,5,,,1,6,,36760,5,,,1,6,,36761,5,,,1,6,,36762,5,,,1,6,,36763,5,,,1,46,,36764,5,,,1,6,,36765,5,,,1,6,,36766,5,,,1,6,,36767,5,,,1,6,,36768,5,,,1,6,,36769,5,,,1,6,,36770,5,,,1,6,,36771,5,,,1,6,,36772,5,,,1,6,,36773,5,,,1,46,,36774,5,,,1,6,,36775,5,,,1,6,,36776,5,,,1,6,,36777,5,,,1,6,,36778,5,,,1,6,,36779,5,,,1,6,,36780,5,,,1,6,,36781,5,,,1,6,,36782,5,,,1,6,,36783,5,,,1,46,,36784,5,,,1,6,,36785,5,,,1,6,,36786,5,,,1,6,,36787,5,,,1,6,,36788,5,,,1,6,,36789,5,,,1,6,,36790,5,,,1,6,,36791,5,,,1,6,,36792,5,,,1,6,,36793,5,,,1,46,,36794,5,,,1,6,,36795,5,,,1,9,,36796,5,,,1,15,,36797,5,,,1,15,,36798,5,,,1,55,,36799,5,,,1,15,,36800,5,,,1,15,,36801,5,,,1,15,,36802,5,,,1,55,,36803,5,,,1,15,,36804,5,,,1,15,,36805,5,,,1,15,,36806,5,,,1,55,,36807,5,,,1,15,,36808,5,,,1,15,,36809,5,,,1,15,,36810,5,,,1,55,,36811,5,,,1,15,,36812,5,,,1,15,,36813,5,,,1,15,,36814,5,,,1,55,,36815,5,,,1,15,,36816,5,,,1,15,,36817,5,,,1,15,,36818,5,,,1,55,,36819,5,,,1,15,,36820,5,,,1,15,,36821,5,,,1,15,,36822,5,,,1,55,,36693,5,,,1
18002101,'021R-Weekday-4-26-09',520,,33119,5,,,1,12,,33121,5,,,1,12,,33122,5,,,1,6,,33253,5,,,1,6,,33120,5,,,1,46,,33151,5,,,1,6,,33152,5,,,1,6,,33153,5,,,1,6,,33154,5,,,1,6,,33150,5,,,1,6,,33149,5,,,1,6,,33148,5,,,1,6,,33147,5,,,1,6,,33146,5,,,1,6,,33145,5,,,1,46,,33144,5,,,1,6,,33143,5,,,1,6,,33142,5,,,1,6,,33141,5,,,1,6,,33140,5,,,1,6,,33139,5,,,1,6,,33138,5,,,1,6,,33137,5,,,1,6,,33136,5,,,1,6,,33135,5,,,1,46,,33134,5,,,1,6,,33133,5,,,1,6,,33132,5,,,1,6,,33131,5,,,1,6,,33130,5,,,1,6,,33129,5,,,1,6,,33128,5,,,1,6,,33127,5,,,1,6,,33126,5,,,1,6,,33125,5,,,1,46,,33124,5,,,1,10,,33155,5,,,1,10,,33156,5,,,1,10,,33157,5,,,1,10,,33158,5,,,1,10,,33159,5,,,1,50,,33160,5,,,1,10,,33161,5,,,1,10,,33162,5,,,1,10,,33163,5,,,1,10,,33164,5,,,1,10,,33165,5,,,1,50,,33166,5,,,1,10,,33167,5,,,1,10,,33168,5,,,1,10,,33169,5,,,1,10,,33170,5,,,1,10,,33171,5,,,1,50,,33172,5,,,1,10,,33173,5,,,1,10,,33174,5,,,1,10,,33175,5,,,1,10,,33176,5,,,1,10,,33177,5,,,1,50,,33178,5,,,1,10,,33179,5,,,1,10,,33180,5,,,1,10,,33181,5,,,1,10,,33182,5,,,1,10,,33183,5,,,1,50,,33184,5,,,1,6,,33185,5,,,1,6,,33186,5,,,1,6,,33187,5,,,1,6,,33188,5,,,1,6,,33189,5,,,1,6,,33190,5,,,1,6,,33191,5,,,1,6,,33192,5,,,1,6,,33193,5,,,1,46,,33194,5,,,1,6,,33195,5,,,1,6,,33196,5,,,1,6,,33197,5,,,1,6,,33198,5,,,1,6,,33199,5,,,1,6,,33200,5,,,1,6,,33201,5,,,1,6,,33202,5,,,1,6,,33203,5,,,1,46,,33204,5,,,1,6,,33205,5,,,1,6,,33206,5,,,1,6,,33207,5,,,1,6,,33208,5,,,1,6,,33209,5,,,1,6,,33210,5,,,1,6,,33211,5,,,1,6,,33212,5,,,1,6,,33213,5,,,1,46,,33214,5,,,1,6,,33215,5,,,1,6,,33216,5,,,1,6,,33217,5,,,1,6,,33218,5,,,1,6,,33219,5,,,1,6,,33220,5,,,1,6,,33221,5,,,1,6,,33222,5,,,1,6,,33223,5,,,1,46,,33224,5,,,1,6,,33225,5,,,1,9,,33226,5,,,1,15,,33227,5,,,1,15,,33228,5,,,1,55,,33229,5,,,1,15,,33230,5,,,1,15,,33231,5,,,1,15,,33232,5,,,1,55,,33233,5,,,1,15,,33234,5,,,1,15,,33235,5,,,1,15,,33236,5,,,1,55,,33237,5,,,1,15,,33238,5,,,1,15,,33239,5,,,1,15,,33240,5,,,1,55,,33241,5,,,1,15,,33242,5,,,1,15,,33243,5,,,1,15,,33244,5,,,1,55,,33245,5,,,1,15,,33246,5,,,1,15,,33247,5,,,1,15,,33248,5,,,1,55,,33249,5,,,1,15,,33250,5,,,1,15,,33251,5,,,1,15,,33252,5,,,1,55,,33123,5,,,1
18002101,'021R-Weekday-5-26-09',520,,36824,5,,,1,12,,36826,5,,,1,12,,36827,5,,,1,6,,36958,5,,,1,6,,36825,5,,,1,46,,36856,5,,,1,6,,36857,5,,,1,6,,36858,5,,,1,6,,36859,5,,,1,6,,36855,5,,,1,6,,36854,5,,,1,6,,36853,5,,,1,6,,36852,5,,,1,6,,36851,5,,,1,6,,36850,5,,,1,46,,36849,5,,,1,6,,36848,5,,,1,6,,36847,5,,,1,6,,36846,5,,,1,6,,36845,5,,,1,6,,36844,5,,,1,6,,36843,5,,,1,6,,36842,5,,,1,6,,36841,5,,,1,6,,36840,5,,,1,46,,36839,5,,,1,6,,36838,5,,,1,6,,36837,5,,,1,6,,36836,5,,,1,6,,36835,5,,,1,6,,36834,5,,,1,6,,36833,5,,,1,6,,36832,5,,,1,6,,36831,5,,,1,6,,36830,5,,,1,46,,36829,5,,,1,10,,36860,5,,,1,10,,36861,5,,,1,10,,36862,5,,,1,10,,36863,5,,,1,10,,36864,5,,,1,50,,36865,5,,,1,10,,36866,5,,,1,10,,36867,5,,,1,10,,36868,5,,,1,10,,36869,5,,,1,10,,36870,5,,,1,50,,36871,5,,,1,10,,36872,5,,,1,10,,36873,5,,,1,10,,36874,5,,,1,10,,36875,5,,,1,10,,36876,5,,,1,50,,36877,5,,,1,10,,36878,5,,,1,10,,36879,5,,,1,10,,36880,5,,,1,10,,36881,5,,,1,10,,36882,5,,,1,50,,36883,5,,,1,10,,36884,5,,,1,10,,36885,5,,,1,10,,36886,5,,,1,10,,36887,5,,,1,10,,36888,5,,,1,50,,36889,5,,,1,6,,36890,5,,,1,6,,36891,5,,,1,6,,36892,5,,,1,6,,36893,5,,,1,6,,36894,5,,,1,6,,36895,5,,,1,6,,36896,5,,,1,6,,36897,5,,,1,6,,36898,5,,,1,46,,36899,5,,,1,6,,36900,5,,,1,6,,36901,5,,,1,6,,36902,5,,,1,6,,36903,5,,,1,6,,36904,5,,,1,6,,36905,5,,,1,6,,36906,5,,,1,6,,36907,5,,,1,6,,36908,5,,,1,46,,36909,5,,,1,6,,36910,5,,,1,6,,36911,5,,,1,6,,36912,5,,,1,6,,36913,5,,,1,6,,36914,5,,,1,6,,36915,5,,,1,6,,36916,5,,,1,6,,36917,5,,,1,6,,36918,5,,,1,46,,36919,5,,,1,6,,36920,5,,,1,6,,36921,5,,,1,6,,36922,5,,,1,6,,36923,5,,,1,6,,36924,5,,,1,6,,36925,5,,,1,6,,36926,5,,,1,6,,36927,5,,,1,6,,36928,5,,,1,46,,36929,5,,,1,6,,36930,5,,,1,9,,36931,5,,,1,15,,36932,5,,,1,15,,36933,5,,,1,55,,36934,5,,,1,15,,36935,5,,,1,15,,36936,5,,,1,15,,36937,5,,,1,55,,36938,5,,,1,15,,36939,5,,,1,15,,36940,5,,,1,15,,36941,5,,,1,55,,36942,5,,,1,15,,36943,5,,,1,15,,36944,5,,,1,15,,36945,5,,,1,55,,36946,5,,,1,15,,36947,5,,,1,15,,36948,5,,,1,15,,36949,5,,,1,55,,36950,5,,,1,15,,36951,5,,,1,15,,36952,5,,,1,15,,36953,5,,,1,55,,36954,5,,,1,15,,36955,5,,,1,15,,36956,5,,,1,15,,36957,5,,,1,55,,36828,5,,,1
18002101,'021R-Weekday-6-26-09',520,,36959,5,,,1,12,,36961,5,,,1,12,,36962,5,,,1,6,,37093,5,,,1,6,,36960,5,,,1,46,,36991,5,,,1,6,,36992,5,,,1,6,,36993,5,,,1,6,,36994,5,,,1,6,,36990,5,,,1,6,,36989,5,,,1,6,,36988,5,,,1,6,,36987,5,,,1,6,,36986,5,,,1,6,,36985,5,,,1,46,,36984,5,,,1,6,,36983,5,,,1,6,,36982,5,,,1,6,,36981,5,,,1,6,,36980,5,,,1,6,,36979,5,,,1,6,,36978,5,,,1,6,,36977,5,,,1,6,,36976,5,,,1,6,,36975,5,,,1,46,,36974,5,,,1,6,,36973,5,,,1,6,,36972,5,,,1,6,,36971,5,,,1,6,,36970,5,,,1,6,,36969,5,,,1,6,,36968,5,,,1,6,,36967,5,,,1,6,,36966,5,,,1,6,,36965,5,,,1,46,,36964,5,,,1,10,,36995,5,,,1,10,,36996,5,,,1,10,,36997,5,,,1,10,,36998,5,,,1,10,,36999,5,,,1,50,,37000,5,,,1,10,,37001,5,,,1,10,,37002,5,,,1,10,,37003,5,,,1,10,,37004,5,,,1,10,,37005,5,,,1,50,,37006,5,,,1,10,,37007,5,,,1,10,,37008,5,,,1,10,,37009,5,,,1,10,,37010,5,,,1,10,,37011,5,,,1,50,,37012,5,,,1,10,,37013,5,,,1,10,,37014,5,,,1,10,,37015,5,,,1,10,,37016,5,,,1,10,,37017,5,,,1,50,,37018,5,,,1,10,,37019,5,,,1,10,,37020,5,,,1,10,,37021,5,,,1,10,,37022,5,,,1,10,,37023,5,,,1,50,,37024,5,,,1,6,,37025,5,,,1,6,,37026,5,,,1,6,,37027,5,,,1,6,,37028,5,,,1,6,,37029,5,,,1,6,,37030,5,,,1,6,,37031,5,,,1,6,,37032,5,,,1,6,,37033,5,,,1,46,,37034,5,,,1,6,,37035,5,,,1,6,,37036,5,,,1,6,,37037,5,,,1,6,,37038,5,,,1,6,,37039,5,,,1,6,,37040,5,,,1,6,,37041,5,,,1,6,,37042,5,,,1,6,,37043,5,,,1,46,,37044,5,,,1,6,,37045,5,,,1,6,,37046,5,,,1,6,,37047,5,,,1,6,,37048,5,,,1,6,,37049,5,,,1,6,,37050,5,,,1,6,,37051,5,,,1,6,,37052,5,,,1,6,,37053,5,,,1,46,,37054,5,,,1,6,,37055,5,,,1,6,,37056,5,,,1,6,,37057,5,,,1,6,,37058,5,,,1,6,,37059,5,,,1,6,,37060,5,,,1,6,,37061,5,,,1,6,,37062,5,,,1,6,,37063,5,,,1,46,,37064,5,,,1,6,,37065,5,,,1,9,,37066,5,,,1,15,,37067,5,,,1,15,,37068,5,,,1,55,,37069,5,,,1,15,,37070,5,,,1,15,,37071,5,,,1,15,,37072,5,,,1,55,,37073,5,,,1,15,,37074,5,,,1,15,,37075,5,,,1,15,,37076,5,,,1,55,,37077,5,,,1,15,,37078,5,,,1,15,,37079,5,,,1,15,,37080,5,,,1,55,,37081,5,,,1,15,,37082,5,,,1,15,,37083,5,,,1,15,,37084,5,,,1,55,,37085,5,,,1,15,,37086,5,,,1,15,,37087,5,,,1,15,,37088,5,,,1,55,,37089,5,,,1,15,,37090,5,,,1,15,,37091,5,,,1,15,,37092,5,,,1,55,,36963,5,,,1
18002101,'021R-Weekday-7-26-09',520,,37094,5,,,1,12,,37096,5,,,1,12,,37097,5,,,1,6,,37228,5,,,1,6,,37095,5,,,1,46,,37126,5,,,1,6,,37127,5,,,1,6,,37128,5,,,1,6,,37129,5,,,1,6,,37125,5,,,1,6,,37124,5,,,1,6,,37123,5,,,1,6,,37122,5,,,1,6,,37121,5,,,1,6,,37120,5,,,1,46,,37119,5,,,1,6,,37118,5,,,1,6,,37117,5,,,1,6,,37116,5,,,1,6,,37115,5,,,1,6,,37114,5,,,1,6,,37113,5,,,1,6,,37112,5,,,1,6,,37111,5,,,1,6,,37110,5,,,1,46,,37109,5,,,1,6,,37108,5,,,1,6,,37107,5,,,1,6,,37106,5,,,1,6,,37105,5,,,1,6,,37104,5,,,1,6,,37103,5,,,1,6,,37102,5,,,1,6,,37101,5,,,1,6,,37100,5,,,1,46,,37099,5,,,1,10,,37130,5,,,1,10,,37131,5,,,1,10,,37132,5,,,1,10,,37133,5,,,1,10,,37134,5,,,1,50,,37135,5,,,1,10,,37136,5,,,1,10,,37137,5,,,1,10,,37138,5,,,1,10,,37139,5,,,1,10,,37140,5,,,1,50,,37141,5,,,1,10,,37142,5,,,1,10,,37143,5,,,1,10,,37144,5,,,1,10,,37145,5,,,1,10,,37146,5,,,1,50,,37147,5,,,1,10,,37148,5,,,1,10,,37149,5,,,1,10,,37150,5,,,1,10,,37151,5,,,1,10,,37152,5,,,1,50,,37153,5,,,1,10,,37154,5,,,1,10,,37155,5,,,1,10,,37156,5,,,1,10,,37157,5,,,1,10,,37158,5,,,1,50,,37159,5,,,1,6,,37160,5,,,1,6,,37161,5,,,1,6,,37162,5,,,1,6,,37163,5,,,1,6,,37164,5,,,1,6,,37165,5,,,1,6,,37166,5,,,1,6,,37167,5,,,1,6,,37168,5,,,1,46,,37169,5,,,1,6,,37170,5,,,1,6,,37171,5,,,1,6,,37172,5,,,1,6,,37173,5,,,1,6,,37174,5,,,1,6,,37175,5,,,1,6,,37176,5,,,1,6,,37177,5,,,1,6,,37178,5,,,1,46,,37179,5,,,1,6,,37180,5,,,1,6,,37181,5,,,1,6,,37182,5,,,1,6,,37183,5,,,1,6,,37184,5,,,1,6,,37185,5,,,1,6,,37186,5,,,1,6,,37187,5,,,1,6,,37188,5,,,1,46,,37189,5,,,1,6,,37190,5,,,1,6,,37191,5,,,1,6,,37192,5,,,1,6,,37193,5,,,1,6,,37194,5,,,1,6,,37195,5,,,1,6,,37196,5,,,1,6,,37197,5,,,1,6,,37198,5,,,1,46,,37199,5,,,1,6,,37200,5,,,1,9,,37201,5,,,1,15,,37202,5,,,1,15,,37203,5,,,1,55,,37204,5,,,1,15,,37205,5,,,1,15,,37206,5,,,1,15,,37207,5,,,1,55,,37208,5,,,1,15,,37209,5,,,1,15,,37210,5,,,1,15,,37211,5,,,1,55,,37212,5,,,1,15,,37213,5,,,1,15,,37214,5,,,1,15,,37215,5,,,1,55,,37216,5,,,1,15,,37217,5,,,1,15,,37218,5,,,1,15,,37219,5,,,1,55,,37220,5,,,1,15,,37221,5,,,1,15,,37222,5,,,1,15,,37223,5,,,1,55,,37224,5,,,1,15,,37225,5,,,1,15,,37226,5,,,1,15,,37227,5,,,1,55,,37098,5,,,1
18002101,'021R-Saturday-1-26-09',517,,33254,5,,,1,15,,33255,5,,,1,15,,33256,5,,,1,55,,33257,5,,,1,15,,33258,5,,,1,15,,33259,5,,,1,15,,33260,5,,,1,55,,33261,5,,,1,15,,33262,5,,,1,15,,33263,5,,,1,15,,33264,5,,,1,55,,33265,5,,,1,15,,33266,5,,,1,15,,33267,5,,,1,15,,33268,5,,,1,55,,33269,5,,,1,15,,33270,5,,,1,15,,33271,5,,,1,15,,33272,5,,,1,55,,33273,5,,,1,15,,33274,5,,,1,15,,33275,5,,,1,15,,33276,5,,,1,55,,33277,5,,,1,15,,33278,5,,,1,15,,33279,5,,,1,15,,33280,5,,,1,55,,33281,5,,,1,15,,33282,5,,,1,15,,33283,5,,,1,15,,33284,5,,,1,55,,33285,5,,,1,15,,33286,5,,,1,15,,33287,5,,,1,15,,33288,5,,,1,55,,33289,5,,,1,15,,33290,5,,,1,15,,33291,5,,,1,15,,33292,5,,,1,55,,33293,5,,,1,15,,33294,5,,,1,15,,33295,5,,,1,15,,33296,5,,,1,55,,33297,5,,,1,15,,33298,5,,,1,15,,33299,5,,,1,15,,33300,5,,,1,55,,33301,5,,,1,15,,33302,5,,,1,15,,33303,5,,,1,15,,33304,5,,,1,55,,33305,5,,,1,15,,33306,5,,,1,15,,33307,5,,,1,15,,33308,5,,,1,55,,33309,5,,,1,15,,33310,5,,,1,15,,33311,5,,,1,15,,33312,5,,,1,55,,33313,5,,,1,15,,33314,5,,,1,15,,33315,5,,,1,15,,33316,5,,,1,55,,33317,5,,,1,15,,33318,5,,,1,15,,33319,5,,,1,15,,33320,5,,,1,55,,33321,5,,,1,15,,33322,5,,,1,15,,33323,5,,,1,15,,33324,5,,,1,55,,33325,5,,,1,15,,33326,5,,,1,15,,33327,5,,,1,15,,33328,5,,,1,55,,33329,5,,,1,15,,33330,5,,,1,15,,33331,5,,,1,15,,33332,5,,,1,55,,33333,5,,,1
18002101,'021R-Saturday-2-26-09',519,,37229,5,,,1,15,,37230,5,,,1,15,,37231,5,,,1,55,,37232,5,,,1,15,,37233,5,,,1,15,,37234,5,,,1,15,,37235,5,,,1,55,,37236,5,,,1,15,,37237,5,,,1,15,,37238,5,,,1,15,,37239,5,,,1,55,,37240,5,,,1,15,,37241,5,,,1,15,,37242,5,,,1,15,,37243,5,,,1,55,,37244,5,,,1,15,,37245,5,,,1,15,,37246,5,,,1,15,,37247,5,,,1,55,,37248,5,,,1,15,,37249,5,,,1,15,,37250,5,,,1,15,,37251,5,,,1,55,,37252,5,,,1,15,,37253,5,,,1,15,,37254,5,,,1,15,,37255,5,,,1,55,,37256,5,,,1,15,,37257,5,,,1,15,,37258,5,,,1,15,,37259,5,,,1,55,,37260,5,,,1,15,,37261,5,,,1,15,,37262,5,,,1,15,,37263,5,,,1,55,,37264,5,,,1,15,,37265,5,,,1,15,,37266,5,,,1,15,,37267,5,,,1,55,,37268,5,,,1,15,,37269,5,,,1,15,,37270,5,,,1,15,,37271,5,,,1,55,,37272,5,,,1,15,,37273,5,,,1,15,,37274,5,,,1,15,,37275,5,,,1,55,,37276,5,,,1,15,,37277,5,,,1,15,,37278,5,,,1,15,,37279,5,,,1,55,,37280,5,,,1,15,,37281,5,,,1,15,,37282,5,,,1,15,,37283,5,,,1,55,,37284,5,,,1,15,,37285,5,,,1,15,,37286,5,,,1,15,,37287,5,,,1,55,,37288,5,,,1,15,,37289,5,,,1,15,,37290,5,,,1,15,,37291,5,,,1,55,,37292,5,,,1,15,,37293,5,,,1,15,,37294,5,,,1,15,,37295,5,,,1,55,,37296,5,,,1,15,,37297,5,,,1,15,,37298,5,,,1,15,,37299,5,,,1,55,,37300,5,,,1,15,,37301,5,,,1,15,,37302,5,,,1,15,,37303,5,,,1,55,,37304,5,,,1,15,,37305,5,,,1,15,,37306,5,,,1,15,,37307,5,,,1,55,,37308,5,,,1
18002101,'021R-Sunday-1-26-09',517,,33334,5,,,1,15,,33335,5,,,1,15,,33336,5,,,1,55,,33337,5,,,1,15,,33338,5,,,1,15,,33339,5,,,1,15,,33340,5,,,1,55,,33341,5,,,1,15,,33342,5,,,1,15,,33343,5,,,1,15,,33344,5,,,1,55,,33345,5,,,1,15,,33346,5,,,1,15,,33347,5,,,1,15,,33348,5,,,1,55,,33349,5,,,1,15,,33350,5,,,1,15,,33351,5,,,1,15,,33352,5,,,1,55,,33353,5,,,1,15,,33354,5,,,1,15,,33355,5,,,1,15,,33356,5,,,1,55,,33357,5,,,1,15,,33358,5,,,1,15,,33359,5,,,1,15,,33360,5,,,1,55,,33361,5,,,1,15,,33362,5,,,1,15,,33363,5,,,1,15,,33364,5,,,1,55,,33365,5,,,1,15,,33366,5,,,1,15,,33367,5,,,1,15,,33368,5,,,1,55,,33369,5,,,1,15,,33370,5,,,1,15,,33371,5,,,1,15,,33372,5,,,1,55,,33373,5,,,1,15,,33374,5,,,1,15,,33375,5,,,1,15,,33376,5,,,1,55,,33377,5,,,1,15,,33378,5,,,1,15,,33379,5,,,1,15,,33380,5,,,1,55,,33381,5,,,1,15,,33382,5,,,1,15,,33383,5,,,1,15,,33384,5,,,1,55,,33385,5,,,1,15,,33386,5,,,1,15,,33387,5,,,1,15,,33388,5,,,1,55,,33389,5,,,1,15,,33390,5,,,1,15,,33391,5,,,1,15,,33392,5,,,1,55,,33393,5,,,1,15,,33394,5,,,1,15,,33395,5,,,1,15,,33396,5,,,1,55,,33397,5,,,1,15,,33398,5,,,1,15,,33399,5,,,1,15,,33400,5,,,1,55,,33401,5,,,1,15,,33402,5,,,1,15,,33403,5,,,1,15,,33404,5,,,1,55,,33405,5,,,1,15,,33406,5,,,1,15,,33407,5,,,1,15,,33408,5,,,1,55,,33409,5,,,1,15,,33410,5,,,1
18002101,'021R-Sunday-2-26-09',519,,37309,5,,,1,15,,37310,5,,,1,15,,37311,5,,,1,55,,37312,5,,,1,15,,37313,5,,,1,15,,37314,5,,,1,15,,37315,5,,,1,55,,37316,5,,,1,15,,37317,5,,,1,15,,37318,5,,,1,15,,37319,5,,,1,55,,37320,5,,,1,15,,37321,5,,,1,15,,37322,5,,,1,15,,37323,5,,,1,55,,37324,5,,,1,15,,37325,5,,,1,15,,37326,5,,,1,15,,37327,5,,,1,55,,37328,5,,,1,15,,37329,5,,,1,15,,37330,5,,,1,15,,37331,5,,,1,55,,37332,5,,,1,15,,37333,5,,,1,15,,37334,5,,,1,15,,37335,5,,,1,55,,37336,5,,,1,15,,37337,5,,,1,15,,37338,5,,,1,15,,37339,5,,,1,55,,37340,5,,,1,15,,37341,5,,,1,15,,37342,5,,,1,15,,37343,5,,,1,55,,37344,5,,,1,15,,37345,5,,,1,15,,37346,5,,,1,15,,37347,5,,,1,55,,37348,5,,,1,15,,37349,5,,,1,15,,37350,5,,,1,15,,37351,5,,,1,55,,37352,5,,,1,15,,37353,5,,,1,15,,37354,5,,,1,15,,37355,5,,,1,55,,37356,5,,,1,15,,37357,5,,,1,15,,37358,5,,,1,15,,37359,5,,,1,55,,37360,5,,,1,15,,37361,5,,,1,15,,37362,5,,,1,15,,37363,5,,,1,55,,37364,5,,,1,15,,37365,5,,,1,15,,37366,5,,,1,15,,37367,5,,,1,55,,37368,5,,,1,15,,37369,5,,,1,15,,37370,5,,,1,15,,37371,5,,,1,55,,37372,5,,,1,15,,37373,5,,,1,15,,37374,5,,,1,15,,37375,5,,,1,55,,37376,5,,,1,15,,37377,5,,,1,15,,37378,5,,,1,15,,37379,5,,,1,55,,37380,5,,,1,15,,37381,5,,,1,15,,37382,5,,,1,15,,37383,5,,,1,55,,37384,5,,,1,15,,37385,5,,,1
18002101,'021R-Sunday-4-26-09',519,,37386,5,,,1,15,,37387,5,,,1,15,,37388,5,,,1,55,,37389,5,,,1,15,,37390,5,,,1,15,,37391,5,,,1,15,,37392,5,,,1,55,,37393,5,,,1,15,,37394,5,,,1,15,,37395,5,,,1,15,,37396,5,,,1,55,,37397,5,,,1,15,,37398,5,,,1,15,,37399,5,,,1,15,,37400,5,,,1,55,,37401,5,,,1,15,,37402,5,,,1,15,,37403,5,,,1,15,,37404,5,,,1,55,,37405,5,,,1,15,,37406,5,,,1,15,,37407,5,,,1,15,,37408,5,,,1,55,,37409,5,,,1,15,,37410,5,,,1,15,,37411,5,,,1,15,,37412,5,,,1,55,,37413,5,,,1,15,,37414,5,,,1,15,,37415,5,,,1,15,,37416,5,,,1,55,,37417,5,,,1,15,,37418,5,,,1,15,,37419,5,,,1,15,,37420,5,,,1,55,,37421,5,,,1,15,,37422,5,,,1,15,,37423,5,,,1,15,,37424,5,,,1,55,,37425,5,,,1,15,,37426,5,,,1,15,,37427,5,,,1,15,,37428,5,,,1,55,,37429,5,,,1,15,,37430,5,,,1,15,,37431,5,,,1,15,,37432,5,,,1,55,,37433,5,,,1,15,,37434,5,,,1,15,,37435,5,,,1,15,,37436,5,,,1,55,,37437,5,,,1,15,,37438,5,,,1,15,,37439,5,,,1,15,,37440,5,,,1,55,,37441,5,,,1,15,,37442,5,,,1,15,,37443,5,,,1,15,,37444,5,,,1,55,,37445,5,,,1,15,,37446,5,,,1,15,,37447,5,,,1,15,,37448,5,,,1,55,,37449,5,,,1,15,,37450,5,,,1,15,,37451,5,,,1,15,,37452,5,,,1,55,,37453,5,,,1,15,,37454,5,,,1,15,,37455,5,,,1,15,,37456,5,,,1,55,,37457,5,,,1,15,,37458,5,,,1,15,,37459,5,,,1,15,,37460,5,,,1,55,,37461,5,,,1,15,,37462,5,,,1
