18002300,'20260719-Sunday-1-26-06',520,,28657,4,,,1,15,,28673,4,,,1,15,,28689,4,,,1,55,,28705,4,,,1,15,,28721,4,,,1,15,,28658,4,,,1,15,,28674,4,,,1,55,,28690,4,,,1,15,,28706,4,,,1,15,,28722,4,,,1,15,,28659,4,,,1,55,,28675,4,,,1,15,,28691,4,,,1,15,,28707,4,,,1,15,,28723,4,,,1,55,,28660,4,,,1,15,,28676,4,,,1,15,,28692,4,,,1,15,,28708,4,,,1,55,,28724,4,,,1,15,,28661,4,,,1,15,,28677,4,,,1,15,,28693,4,,,1,55,,28709,4,,,1,15,,28725,4,,,1,15,,28662,4,,,1,15,,28678,4,,,1,55,,28694,4,,,1,15,,28710,4,,,1,15,,28726,4,,,1,15,,28663,4,,,1,55,,28679,4,,,1,15,,28695,4,,,1,15,,28711,4,,,1,15,,28727,4,,,1,55,,28664,4,,,1,15,,28680,4,,,1,15,,28696,4,,,1,15,,28712,4,,,1,55,,28728,4,,,1,15,,28665,4,,,1,15,,28681,4,,,1,15,,28697,4,,,1,55,,28713,4,,,1,15,,28729,4,,,1,15,,28666,4,,,1,15,,28682,4,,,1,55,,28698,4,,,1,15,,28714,4,,,1,15,,28730,4,,,1,15,,28667,4,,,1,55,,28683,4,,,1,15,,28699,4,,,1,15,,28715,4,,,1,15,,28731,4,,,1,55,,28668,4,,,1,15,,28684,4,,,1,15,,28700,4,,,1,15,,28716,4,,,1,55,,28732,4,,,1,15,,28669,4,,,1,15,,28685,4,,,1,15,,28701,4,,,1,55,,28717,4,,,1,15,,28733,4,,,1,15,,28670,4,,,1,15,,28686,4,,,1,55,,28702,4,,,1,15,,28718,4,,,1,15,,28734,4,,,1,15,,28671,4,,,1,55,,28687,4,,,1,15,,28703,4,,,1,15,,28719,4,,,1,15,,28735,4,,,1,55,,28672,4,,,1,15,,28688,4,,,1,15,,28704,4,,,1,15,,28720,4,,,1
18002300,'20260719-Sunday-42-26-06',520,,28736,4,,,1,15,,28752,4,,,1,15,,28768,4,,,1,55,,28784,4,,,1,15,,28800,4,,,1,15,,28737,4,,,1,15,,28753,4,,,1,55,,28769,4,,,1,15,,28785,4,,,1,15,,28801,4,,,1,15,,28738,4,,,1,55,,28754,4,,,1,15,,28770,4,,,1,15,,28786,4,,,1,15,,28802,4,,,1,55,,28739,4,,,1,15,,28755,4,,,1,15,,28771,4,,,1,15,,28787,4,,,1,55,,28803,4,,,1,15,,28740,4,,,1,15,,28756,4,,,1,15,,28772,4,,,1,55,,28788,4,,,1,15,,28804,4,,,1,15,,28741,4,,,1,15,,28757,4,,,1,55,,28773,4,,,1,15,,28789,4,,,1,15,,28805,4,,,1,15,,28742,4,,,1,55,,28758,4,,,1,15,,28774,4,,,1,15,,28790,4,,,1,15,,28806,4,,,1,55,,28743,4,,,1,15,,28759,4,,,1,15,,28775,4,,,1,15,,28791,4,,,1,55,,28807,4,,,1,15,,28744,4,,,1,15,,28760,4,,,1,15,,28776,4,,,1,55,,28792,4,,,1,15,,28808,4,,,1,15,,28745,4,,,1,15,,28761,4,,,1,55,,28777,4,,,1,15,,28793,4,,,1,15,,28809,4,,,1,15,,28746,4,,,1,55,,28762,4,,,1,15,,28778,4,,,1,15,,28794,4,,,1,15,,28810,4,,,1,55,,28747,4,,,1,15,,28763,4,,,1,15,,28779,4,,,1,15,,28795,4,,,1,55,,28811,4,,,1,15,,28748,4,,,1,15,,28764,4,,,1,15,,28780,4,,,1,55,,28796,4,,,1,15,,28812,4,,,1,15,,28749,4,,,1,15,,28765,4,,,1,55,,28781,4,,,1,15,,28797,4,,,1,15,,28813,4,,,1,15,,28750,4,,,1,55,,28766,4,,,1,15,,28782,4,,,1,15,,28798,4,,,1,15,,28814,4,,,1,55,,28751,4,,,1,15,,28767,4,,,1,15,,28783,4,,,1,15,,28799,4,,,1
18002300,'20260719-Sunday-44-26-06',520,,31783,4,,,1,15,,31799,4,,,1,15,,31815,4,,,1,55,,31831,4,,,1,15,,31847,4,,,1,15,,31784,4,,,1,15,,31800,4,,,1,55,,31816,4,,,1,15,,31832,4,,,1,15,,31848,4,,,1,15,,31785,4,,,1,55,,31801,4,,,1,15,,31817,4,,,1,15,,31833,4,,,1,15,,31849,4,,,1,55,,31786,4,,,1,15,,31802,4,,,1,15,,31818,4,,,1,15,,31834,4,,,1,55,,31850,4,,,1,15,,31787,4,,,1,15,,31803,4,,,1,15,,31819,4,,,1,55,,31835,4,,,1,15,,31851,4,,,1,15,,31788,4,,,1,15,,31804,4,,,1,55,,31820,4,,,1,15,,31836,4,,,1,15,,31852,4,,,1,15,,31789,4,,,1,55,,31805,4,,,1,15,,31821,4,,,1,15,,31837,4,,,1,15,,31853,4,,,1,55,,31790,4,,,1,15,,31806,4,,,1,15,,31822,4,,,1,15,,31838,4,,,1,55,,31854,4,,,1,15,,31791,4,,,1,15,,31807,4,,,1,15,,31823,4,,,1,55,,31839,4,,,1,15,,31855,4,,,1,15,,31792,4,,,1,15,,31808,4,,,1,55,,31824,4,,,1,15,,31840,4,,,1,15,,31856,4,,,1,15,,31793,4,,,1,55,,31809,4,,,1,15,,31825,4,,,1,15,,31841,4,,,1,15,,31857,4,,,1,55,,31794,4,,,1,15,,31810,4,,,1,15,,31826,4,,,1,15,,31842,4,,,1,55,,31858,4,,,1,15,,31795,4,,,1,15,,31811,4,,,1,15,,31827,4,,,1,55,,31843,4,,,1,15,,31859,4,,,1,15,,31796,4,,,1,15,,31812,4,,,1,55,,31828,4,,,1,15,,31844,4,,,1,15,,31860,4,,,1,15,,31797,4,,,1,55,,31813,4,,,1,15,,31829,4,,,1,15,,31845,4,,,1,15,,31861,4,,,1,55,,31798,4,,,1,15,,31814,4,,,1,15,,31830,4,,,1,15,,31846,4,,,1
18002300,'20260720-Weekday-1-26-06',510,,28894,4,,,1,10,,28918,4,,,1,10,,28906,4,,,1,10,,28930,4,,,1,10,,28971,4,,,1,50,,28941,4,,,1,7,,28958,4,,,1,5,,28988,4,,,1,5,,28895,4,,,1,5,,29000,4,,,1,5,,28919,4,,,1,5,,29008,4,,,1,5,,28907,4,,,1,5,,29032,4,,,1,5,,28931,4,,,1,5,,29016,4,,,1,5,,28972,4,,,1,45,,29049,4,,,1,5,,28942,4,,,1,5,,28959,4,,,1,5,,28989,4,,,1,5,,28896,4,,,1,5,,29001,4,,,1,5,,28920,4,,,1,5,,29009,4,,,1,5,,28908,4,,,1,5,,29033,4,,,1,5,,28932,4,,,1,5,,29017,4,,,1,45,,28973,4,,,1,5,,29050,4,,,1,5,,28943,4,,,1,5,,28960,4,,,1,5,,28990,4,,,1,5,,28897,4,,,1,5,,29002,4,,,1,5,,28921,4,,,1,5,,29010,4,,,1,5,,28909,4,,,1,5,,29034,4,,,1,5,,28933,4,,,1,45,,29018,4,,,1,5,,28974,4,,,1,5,,29051,4,,,1,5,,28944,4,,,1,5,,28961,4,,,1,5,,28991,4,,,1,5,,28898,4,,,1,5,,29003,4,,,1,5,,28922,4,,,1,5,,29011,4,,,1,5,,28910,4,,,1,5,,29035,4,,,1,45,,28934,4,,,1,6,,29019,4,,,1,7,,28975,4,,,1,10,,28945,4,,,1,10,,28992,4,,,1,10,,28899,4,,,1,10,,28923,4,,,1,50,,29036,4,,,1,10,,29020,4,,,1,10,,28976,4,,,1,10,,28946,4,,,1,10,,28993,4,,,1,10,,28900,4,,,1,50,,28924,4,,,1,10,,29037,4,,,1,10,,29021,4,,,1,10,,28977,4,,,1,10,,28947,4,,,1,10,,28994,4,,,1,50,,28901,4,,,1,10,,28925,4,,,1,10,,29038,4,,,1,10,,29022,4,,,1,10,,28978,4,,,1,10,,28948,4,,,1,50,,28995,4,,,1,10,,28902,4,,,1,10,,28926,4,,,1,10,,29039,4,,,1,7,,29012,4,,,1,5,,28911,4,,,1,5,,28979,4,,,1,5,,29052,4,,,1,45,,28949,4,,,1,5,,28962,4,,,1,5,,28996,4,,,1,5,,29023,4,,,1,5,,29004,4,,,1,5,,28903,4,,,1,5,,28935,4,,,1,5,,28927,4,,,1,5,,29040,4,,,1,5,,29013,4,,,1,5,,28912,4,,,1,5,,28980,4,,,1,45,,29053,4,,,1,5,,28950,4,,,1,5,,28963,4,,,1,5,,28997,4,,,1,5,,29024,4,,,1,5,,29005,4,,,1,5,,28904,4,,,1,5,,28936,4,,,1,5,,28928,4,,,1,5,,29041,4,,,1,5,,29014,4,,,1,5,,28913,4,,,1,45,,28981,4,,,1,5,,29054,4,,,1,5,,28951,4,,,1,5,,28964,4,,,1,5,,28998,4,,,1,5,,29025,4,,,1,5,,29006,4,,,1,5,,28905,4,,,1,5,,28937,4,,,1,5,,28929,4,,,1,5,,29042,4,,,1,5,,29015,4,,,1,45,,28914,4,,,1,5,,28982,4,,,1,5,,29055,4,,,1,5,,28952,4,,,1,5,,28965,4,,,1,5,,28999,4,,,1,5,,29026,4,,,1,5,,29007,4,,,1,13,,28938,4,,,1,50,,29043,4,,,1,10,,28915,4,,,1,10,,28983,4,,,1,10,,28953,4,,,1,10,,28966,4,,,1,10,,29027,4,,,1,50,,28939,4,,,1,10,,29044,4,,,1,10,,28916,4,,,1,10,,28984,4,,,1,10,,28954,4,,,1,10,,28967,4,,,1,50,,29028,4,,,1,10,,28940,4,,,1,10,,29045,4,,,1,10,,28917,4,,,1,10,,28985,4,,,1,15,,28955,4,,,1,55,,28968,4,,,1,15,,29029,4,,,1,15,,29046,4,,,1,15,,28986,4,,,1,55,,28956,4,,,1,15,,28969,4,,,1,15,,29030,4,,,1,15,,29047,4,,,1,55,,28987,4,,,1,15,,28957,4,,,1,15,,28970,4,,,1,15,,29031,4,,,1,55,,29048,4,,,1
18002300,'20260801-Saturday-1-26-06',520,,29056,4,,,1,10,,29073,4,,,1,10,,29090,4,,,1,10,,29102,4,,,1,50,,29119,4,,,1,10,,29136,4,,,1,10,,29152,4,,,1,10,,29057,4,,,1,10,,29074,4,,,1,10,,29091,4,,,1,50,,29103,4,,,1,10,,29120,4,,,1,10,,29137,4,,,1,10,,29153,4,,,1,10,,29058,4,,,1,10,,29075,4,,,1,50,,29092,4,,,1,10,,29104,4,,,1,10,,29121,4,,,1,10,,29138,4,,,1,10,,29154,4,,,1,10,,29059,4,,,1,50,,29076,4,,,1,10,,29093,4,,,1,10,,29105,4,,,1,10,,29122,4,,,1,10,,29139,4,,,1,10,,29155,4,,,1,50,,29060,4,,,1,10,,29077,4,,,1,10,,29094,4,,,1,10,,29106,4,,,1,10,,29123,4,,,1,10,,29140,4,,,1,50,,29156,4,,,1,10,,29061,4,,,1,10,,29078,4,,,1,10,,29095,4,,,1,10,,29107,4,,,1,10,,29124,4,,,1,50,,29141,4,,,1,10,,29157,4,,,1,10,,29062,4,,,1,10,,29079,4,,,1,10,,29096,4,,,1,10,,29108,4,,,1,50,,29125,4,,,1,10,,29142,4,,,1,10,,29158,4,,,1,10,,29063,4,,,1,10,,29080,4,,,1,10,,29097,4,,,1,50,,29109,4,,,1,10,,29126,4,,,1,10,,29143,4,,,1,10,,29159,4,,,1,10,,29064,4,,,1,10,,29081,4,,,1,50,,29098,4,,,1,10,,29110,4,,,1,10,,29127,4,,,1,10,,29144,4,,,1,10,,29160,4,,,1,10,,29065,4,,,1,50,,29082,4,,,1,10,,29099,4,,,1,10,,29111,4,,,1,10,,29128,4,,,1,10,,29145,4,,,1,10,,29161,4,,,1,50,,29066,4,,,1,10,,29083,4,,,1,10,,29100,4,,,1,10,,29112,4,,,1,10,,29129,4,,,1,10,,29146,4,,,1,50,,29162,4,,,1,10,,29067,4,,,1,10,,29084,4,,,1,10,,29101,4,,,1,10,,29113,4,,,1,15,,29130,4,,,1,55,,29147,4,,,1,15,,29068,4,,,1,15,,29085,4,,,1,15,,29114,4,,,1,55,,29131,4,,,1,15,,29148,4,,,1,15,,29069,4,,,1,15,,29086,4,,,1,55,,29115,4,,,1,15,,29132,4,,,1,15,,29149,4,,,1,15,,29070,4,,,1,55,,29087,4,,,1,15,,29116,4,,,1,15,,29133,4,,,1,15,,29150,4,,,1,55,,29071,4,,,1,15,,29088,4,,,1,15,,29117,4,,,1,15,,29134,4,,,1,55,,29151,4,,,1,15,,29072,4,,,1,15,,29089,4,,,1,15,,29118,4,,,1,55,,29135,4,,,1
18002300,'20260801-Saturday-43-26-06',520,,29163,4,,,1,10,,29180,4,,,1,10,,29197,4,,,1,10,,29209,4,,,1,50,,29226,4,,,1,10,,29243,4,,,1,10,,29259,4,,,1,10,,29164,4,,,1,10,,29181,4,,,1,10,,29198,4,,,1,50,,29210,4,,,1,10,,29227,4,,,1,10,,29244,4,,,1,10,,29260,4,,,1,10,,29165,4,,,1,10,,29182,4,,,1,50,,29199,4,,,1,10,,29211,4,,,1,10,,29228,4,,,1,10,,29245,4,,,1,10,,29261,4,,,1,10,,29166,4,,,1,50,,29183,4,,,1,10,,29200,4,,,1,10,,29212,4,,,1,10,,29229,4,,,1,10,,29246,4,,,1,10,,29262,4,,,1,50,,29167,4,,,1,10,,29184,4,,,1,10,,29201,4,,,1,10,,29213,4,,,1,10,,29230,4,,,1,10,,29247,4,,,1,50,,29263,4,,,1,10,,29168,4,,,1,10,,29185,4,,,1,10,,29202,4,,,1,10,,29214,4,,,1,10,,29231,4,,,1,50,,29248,4,,,1,10,,29264,4,,,1,10,,29169,4,,,1,10,,29186,4,,,1,10,,29203,4,,,1,10,,29215,4,,,1,50,,29232,4,,,1,10,,29249,4,,,1,10,,29265,4,,,1,10,,29170,4,,,1,10,,29187,4,,,1,10,,29204,4,,,1,50,,29216,4,,,1,10,,29233,4,,,1,10,,29250,4,,,1,10,,29266,4,,,1,10,,29171,4,,,1,10,,29188,4,,,1,50,,29205,4,,,1,10,,29217,4,,,1,10,,29234,4,,,1,10,,29251,4,,,1,10,,29267,4,,,1,10,,29172,4,,,1,50,,29189,4,,,1,10,,29206,4,,,1,10,,29218,4,,,1,10,,29235,4,,,1,10,,29252,4,,,1,10,,29268,4,,,1,50,,29173,4,,,1,10,,29190,4,,,1,10,,29207,4,,,1,10,,29219,4,,,1,10,,29236,4,,,1,10,,29253,4,,,1,50,,29269,4,,,1,10,,29174,4,,,1,10,,29191,4,,,1,10,,29208,4,,,1,10,,29220,4,,,1,15,,29237,4,,,1,55,,29254,4,,,1,15,,29175,4,,,1,15,,29192,4,,,1,15,,29221,4,,,1,55,,29238,4,,,1,15,,29255,4,,,1,15,,29176,4,,,1,15,,29193,4,,,1,55,,29222,4,,,1,15,,29239,4,,,1,15,,29256,4,,,1,15,,29177,4,,,1,55,,29194,4,,,1,15,,29223,4,,,1,15,,29240,4,,,1,15,,29257,4,,,1,55,,29178,4,,,1,15,,29195,4,,,1,15,,29224,4,,,1,15,,29241,4,,,1,55,,29258,4,,,1,15,,29179,4,,,1,15,,29196,4,,,1,15,,29225,4,,,1,55,,29242,4,,,1
18002300,'20260806-Holiday1-2-26-06',510,,29270,4,,,1,10,,29297,4,,,1,10,,29282,4,,,1,10,,29309,4,,,1,10,,29353,4,,,1,50,,29323,4,,,1,7,,29340,4,,,1,5,,29371,4,,,1,5,,29271,4,,,1,5,,29383,4,,,1,5,,29298,4,,,1,5,,29391,4,,,1,5,,29283,4,,,1,5,,29415,4,,,1,5,,29310,4,,,1,5,,29399,4,,,1,5,,29354,4,,,1,45,,29432,4,,,1,5,,29324,4,,,1,5,,29341,4,,,1,5,,29372,4,,,1,5,,29272,4,,,1,5,,29384,4,,,1,5,,29299,4,,,1,5,,29392,4,,,1,5,,29284,4,,,1,5,,29416,4,,,1,5,,29311,4,,,1,5,,29400,4,,,1,45,,29355,4,,,1,5,,29433,4,,,1,5,,29325,4,,,1,5,,29342,4,,,1,5,,29373,4,,,1,5,,29273,4,,,1,5,,29385,4,,,1,5,,29300,4,,,1,5,,29393,4,,,1,5,,29285,4,,,1,5,,29417,4,,,1,5,,29312,4,,,1,45,,29401,4,,,1,5,,29356,4,,,1,5,,29434,4,,,1,5,,29326,4,,,1,5,,29343,4,,,1,5,,29374,4,,,1,5,,29274,4,,,1,5,,29386,4,,,1,5,,29301,4,,,1,5,,29394,4,,,1,5,,29286,4,,,1,5,,29418,4,,,1,45,,29313,4,,,1,6,,29402,4,,,1,7,,29357,4,,,1,10,,29327,4,,,1,10,,29375,4,,,1,10,,29275,4,,,1,10,,29302,4,,,1,50,,29419,4,,,1,10,,29403,4,,,1,10,,29358,4,,,1,10,,29328,4,,,1,10,,29376,4,,,1,10,,29276,4,,,1,50,,29303,4,,,1,10,,29420,4,,,1,10,,29404,4,,,1,10,,29359,4,,,1,10,,29329,4,,,1,10,,29377,4,,,1,50,,29277,4,,,1,10,,29304,4,,,1,10,,29421,4,,,1,10,,29405,4,,,1,10,,29360,4,,,1,10,,29330,4,,,1,50,,29378,4,,,1,10,,29278,4,,,1,10,,29305,4,,,1,10,,29422,4,,,1,7,,29395,4,,,1,5,,29287,4,,,1,5,,29361,4,,,1,5,,29435,4,,,1,45,,29331,4,,,1,5,,29344,4,,,1,5,,29379,4,,,1,5,,29406,4,,,1,5,,29387,4,,,1,5,,29279,4,,,1,5,,29314,4,,,1,5,,29306,4,,,1,5,,29423,4,,,1,5,,29396,4,,,1,5,,29288,4,,,1,5,,29362,4,,,1,45,,29436,4,,,1,5,,29332,4,,,1,5,,29345,4,,,1,5,,29380,4,,,1,5,,29407,4,,,1,5,,29388,4,,,1,5,,29280,4,,,1,5,,29315,4,,,1,5,,29307,4,,,1,5,,29424,4,,,1,5,,29397,4,,,1,5,,29289,4,,,1,45,,29363,4,,,1,5,,29437,4,,,1,5,,29333,4,,,1,5,,29346,4,,,1,5,,29381,4,,,1,5,,29408,4,,,1,5,,29389,4,,,1,5,,29281,4,,,1,5,,29316,4,,,1,5,,29308,4,,,1,5,,29425,4,,,1,5,,29398,4,,,1,45,,29290,4,,,1,5,,29364,4,,,1,5,,29438,4,,,1,5,,29334,4,,,1,5,,29347,4,,,1,5,,29382,4,,,1,5,,29409,4,,,1,5,,29390,4,,,1,13,,29317,4,,,1,50,,29426,4,,,1,10,,29291,4,,,1,10,,29365,4,,,1,10,,29335,4,,,1,10,,29348,4,,,1,10,,29410,4,,,1,50,,29318,4,,,1,10,,29427,4,,,1,10,,29292,4,,,1,10,,29366,4,,,1,10,,29336,4,,,1,10,,29349,4,,,1,50,,29411,4,,,1,10,,29319,4,,,1,10,,29428,4,,,1,10,,29293,4,,,1,10,,29367,4,,,1,10,,29337,4,,,1,50,,29350,4,,,1,10,,29412,4,,,1,10,,29320,4,,,1,10,,29429,4,,,1,10,,29294,4,,,1,10,,29368,4,,,1,50,,29338,4,,,1,10,,29351,4,,,1,10,,29413,4,,,1,10,,29321,4,,,1,10,,29430,4,,,1,10,,29295,4,,,1,50,,29369,4,,,1,10,,29339,4,,,1,10,,29352,4,,,1,10,,29414,4,,,1,10,,29322,4,,,1,10,,29431,4,,,1,50,,29296,4,,,1,10,,29370,4,,,1
18002300,'20260808-Holiday2-2-26-06',520,,29439,4,,,1,10,,29457,4,,,1,10,,29474,4,,,1,10,,29491,4,,,1,50,,29508,4,,,1,10,,29525,4,,,1,10,,29542,4,,,1,10,,29440,4,,,1,10,,29458,4,,,1,10,,29475,4,,,1,50,,29492,4,,,1,10,,29509,4,,,1,10,,29526,4,,,1,10,,29543,4,,,1,10,,29441,4,,,1,10,,29459,4,,,1,50,,29476,4,,,1,10,,29493,4,,,1,10,,29510,4,,,1,10,,29527,4,,,1,10,,29544,4,,,1,10,,29442,4,,,1,50,,29460,4,,,1,10,,29477,4,,,1,10,,29494,4,,,1,10,,29511,4,,,1,10,,29528,4,,,1,10,,29545,4,,,1,50,,29443,4,,,1,10,,29461,4,,,1,10,,29478,4,,,1,10,,29495,4,,,1,10,,29512,4,,,1,10,,29529,4,,,1,50,,29546,4,,,1,10,,29444,4,,,1,10,,29462,4,,,1,10,,29479,4,,,1,10,,29496,4,,,1,10,,29513,4,,,1,50,,29530,4,,,1,10,,29547,4,,,1,10,,29445,4,,,1,10,,29463,4,,,1,10,,29480,4,,,1,10,,29497,4,,,1,50,,29514,4,,,1,10,,29531,4,,,1,10,,29548,4,,,1,10,,29446,4,,,1,10,,29464,4,,,1,10,,29481,4,,,1,50,,29498,4,,,1,10,,29515,4,,,1,10,,29532,4,,,1,10,,29549,4,,,1,10,,29447,4,,,1,10,,29465,4,,,1,50,,29482,4,,,1,10,,29499,4,,,1,10,,29516,4,,,1,10,,29533,4,,,1,10,,29550,4,,,1,10,,29448,4,,,1,50,,29466,4,,,1,10,,29483,4,,,1,10,,29500,4,,,1,10,,29517,4,,,1,10,,29534,4,,,1,10,,29551,4,,,1,50,,29449,4,,,1,10,,29467,4,,,1,10,,29484,4,,,1,10,,29501,4,,,1,10,,29518,4,,,1,10,,29535,4,,,1,50,,29552,4,,,1,10,,29450,4,,,1,10,,29468,4,,,1,10,,29485,4,,,1,10,,29502,4,,,1,10,,29519,4,,,1,50,,29536,4,,,1,10,,29553,4,,,1,10,,29451,4,,,1,10,,29469,4,,,1,10,,29486,4,,,1,10,,29503,4,,,1,50,,29520,4,,,1,10,,29537,4,,,1,10,,29554,4,,,1,10,,29452,4,,,1,10,,29470,4,,,1,10,,29487,4,,,1,50,,29504,4,,,1,10,,29521,4,,,1,10,,29538,4,,,1,10,,29555,4,,,1,10,,29453,4,,,1,10,,29471,4,,,1,50,,29488,4,,,1,10,,29505,4,,,1,10,,29522,4,,,1,10,,29539,4,,,1,10,,29556,4,,,1,10,,29454,4,,,1,50,,29472,4,,,1,10,,29489,4,,,1,10,,29506,4,,,1,10,,29523,4,,,1,10,,29540,4,,,1,10,,29557,4,,,1,50,,29455,4,,,1,10,,29473,4,,,1,10,,29490,4,,,1,10,,29507,4,,,1,10,,29524,4,,,1,10,,29541,4,,,1,50,,29558,4,,,1,10,,29456,4,,,1
18002300,'20260809-Holiday3-1-26-06',520,,29559,4,,,1,15,,29576,4,,,1,15,,29593,4,,,1,55,,29609,4,,,1,15,,29625,4,,,1,15,,29560,4,,,1,15,,29577,4,,,1,55,,29594,4,,,1,15,,29610,4,,,1,15,,29626,4,,,1,15,,29561,4,,,1,55,,29578,4,,,1,15,,29595,4,,,1,15,,29611,4,,,1,15,,29627,4,,,1,55,,29562,4,,,1,15,,29579,4,,,1,15,,29596,4,,,1,15,,29612,4,,,1,55,,29628,4,,,1,15,,29563,4,,,1,15,,29580,4,,,1,15,,29597,4,,,1,55,,29613,4,,,1,15,,29629,4,,,1,15,,29564,4,,,1,15,,29581,4,,,1,55,,29598,4,,,1,15,,29614,4,,,1,15,,29630,4,,,1,15,,29565,4,,,1,55,,29582,4,,,1,15,,29599,4,,,1,15,,29615,4,,,1,10,,29631,4,,,1,55,,29566,4,,,1,15,,29583,4,,,1,15,,29600,4,,,1,15,,29616,4,,,1,10,,29632,4,,,1,50,,29641,4,,,1,10,,29567,4,,,1,10,,29584,4,,,1,10,,29650,4,,,1,10,,29601,4,,,1,10,,29617,4,,,1,50,,29633,4,,,1,10,,29642,4,,,1,10,,29568,4,,,1,10,,29585,4,,,1,10,,29651,4,,,1,10,,29602,4,,,1,50,,29618,4,,,1,10,,29634,4,,,1,10,,29643,4,,,1,10,,29569,4,,,1,10,,29586,4,,,1,10,,29652,4,,,1,50,,29603,4,,,1,10,,29619,4,,,1,10,,29635,4,,,1,10,,29644,4,,,1,10,,29570,4,,,1,10,,29587,4,,,1,50,,29653,4,,,1,10,,29604,4,,,1,10,,29620,4,,,1,10,,29636,4,,,1,10,,29645,4,,,1,10,,29571,4,,,1,50,,29588,4,,,1,10,,29654,4,,,1,10,,29605,4,,,1,10,,29621,4,,,1,10,,29637,4,,,1,10,,29646,4,,,1,50,,29572,4,,,1,10,,29589,4,,,1,10,,29655,4,,,1,10,,29606,4,,,1,10,,29622,4,,,1,10,,29638,4,,,1,50,,29647,4,,,1,10,,29573,4,,,1,10,,29590,4,,,1,10,,29656,4,,,1,10,,29607,4,,,1,10,,29623,4,,,1,50,,29639,4,,,1,10,,29648,4,,,1,10,,29574,4,,,1,10,,29591,4,,,1,10,,29657,4,,,1,10,,29608,4,,,1,50,,29624,4,,,1,10,,29640,4,,,1,10,,29649,4,,,1,10,,29575,4,,,1,10,,29592,4,,,1,10,,29658,4,,,1
18002300,'20260826-Holiday2-2-26-06',510,,31862,4,,,1,10,,31889,4,,,1,10,,31874,4,,,1,10,,31901,4,,,1,10,,31945,4,,,1,50,,31915,4,,,1,7,,31932,4,,,1,5,,31963,4,,,1,5,,31863,4,,,1,5,,31975,4,,,1,5,,31890,4,,,1,5,,31983,4,,,1,5,,31875,4,,,1,5,,32007,4,,,1,5,,31902,4,,,1,5,,31991,4,,,1,5,,31946,4,,,1,45,,32024,4,,,1,5,,31916,4,,,1,5,,31933,4,,,1,5,,31964,4,,,1,5,,31864,4,,,1,5,,31976,4,,,1,5,,31891,4,,,1,5,,31984,4,,,1,5,,31876,4,,,1,5,,32008,4,,,1,5,,31903,4,,,1,5,,31992,4,,,1,45,,31947,4,,,1,5,,32025,4,,,1,5,,31917,4,,,1,5,,31934,4,,,1,5,,31965,4,,,1,5,,31865,4,,,1,5,,31977,4,,,1,5,,31892,4,,,1,5,,31985,4,,,1,5,,31877,4,,,1,5,,32009,4,,,1,5,,31904,4,,,1,45,,31993,4,,,1,5,,31948,4,,,1,5,,32026,4,,,1,5,,31918,4,,,1,5,,31935,4,,,1,5,,31966,4,,,1,5,,31866,4,,,1,5,,31978,4,,,1,5,,31893,4,,,1,5,,31986,4,,,1,5,,31878,4,,,1,5,,32010,4,,,1,45,,31905,4,,,1,6,,31994,4,,,1,7,,31949,4,,,1,10,,31919,4,,,1,10,,31967,4,,,1,10,,31867,4,,,1,10,,31894,4,,,1,50,,32011,4,,,1,10,,31995,4,,,1,10,,31950,4,,,1,10,,31920,4,,,1,10,,31968,4,,,1,10,,31868,4,,,1,50,,31895,4,,,1,10,,32012,4,,,1,10,,31996,4,,,1,10,,31951,4,,,1,10,,31921,4,,,1,10,,31969,4,,,1,50,,31869,4,,,1,10,,31896,4,,,1,10,,32013,4,,,1,10,,31997,4,,,1,10,,31952,4,,,1,10,,31922,4,,,1,50,,31970,4,,,1,10,,31870,4,,,1,10,,31897,4,,,1,10,,32014,4,,,1,7,,31987,4,,,1,5,,31879,4,,,1,5,,31953,4,,,1,5,,32027,4,,,1,45,,31923,4,,,1,5,,31936,4,,,1,5,,31971,4,,,1,5,,31998,4,,,1,5,,31979,4,,,1,5,,31871,4,,,1,5,,31906,4,,,1,5,,31898,4,,,1,5,,32015,4,,,1,5,,31988,4,,,1,5,,31880,4,,,1,5,,31954,4,,,1,45,,32028,4,,,1,5,,31924,4,,,1,5,,31937,4,,,1,5,,31972,4,,,1,5,,31999,4,,,1,5,,31980,4,,,1,5,,31872,4,,,1,5,,31907,4,,,1,5,,31899,4,,,1,5,,32016,4,,,1,5,,31989,4,,,1,5,,31881,4,,,1,45,,31955,4,,,1,5,,32029,4,,,1,5,,31925,4,,,1,5,,31938,4,,,1,5,,31973,4,,,1,5,,32000,4,,,1,5,,31981,4,,,1,5,,31873,4,,,1,5,,31908,4,,,1,5,,31900,4,,,1,5,,32017,4,,,1,5,,31990,4,,,1,45,,31882,4,,,1,5,,31956,4,,,1,5,,32030,4,,,1,5,,31926,4,,,1,5,,31939,4,,,1,5,,31974,4,,,1,5,,32001,4,,,1,5,,31982,4,,,1,13,,31909,4,,,1,50,,32018,4,,,1,10,,31883,4,,,1,10,,31957,4,,,1,10,,31927,4,,,1,10,,31940,4,,,1,10,,32002,4,,,1,50,,31910,4,,,1,10,,32019,4,,,1,10,,31884,4,,,1,10,,31958,4,,,1,10,,31928,4,,,1,10,,31941,4,,,1,50,,32003,4,,,1,10,,31911,4,,,1,10,,32020,4,,,1,10,,31885,4,,,1,10,,31959,4,,,1,10,,31929,4,,,1,50,,31942,4,,,1,10,,32004,4,,,1,10,,31912,4,,,1,10,,32021,4,,,1,10,,31886,4,,,1,10,,31960,4,,,1,50,,31930,4,,,1,10,,31943,4,,,1,10,,32005,4,,,1,10,,31913,4,,,1,10,,32022,4,,,1,10,,31887,4,,,1,50,,31961,4,,,1,10,,31931,4,,,1,10,,31944,4,,,1,10,,32006,4,,,1,10,,31914,4,,,1,10,,32023,4,,,1,50,,31888,4,,,1,10,,31962,4,,,1
