180021,18002100,'021R-Weekday-1-26-06',25013,25014,25015,25016,25017,25018,25019,25020,25021,25022,25023,25024,25025,25026,25027,25028,25029,25030,25031,25032,25033,25034,25035,25036,25037,25038,25039,25040,25041,25042,25043,25044,25045,25046,25047,25048,25049,25050,25051,25052,25053,25054,25055,25056,25057,25058,25059,25060,25061,25062,25063,25064,25065,25066,25067,25068,25069,25070,25071,25072,25073,25074,25075,25076,25077,25078,25079,25080,25081,25082,25083,25084,25085,25086,25087,25088,25089,25090,25091,25092,25093,25094,25095,25096,25097,25098,25099,25100,25101,25102,25103,25104,25105,25106,25107,25108,25109,25110,25111,25112,25113,25114,25115,25116,25117,25118,25119,25120,25121,25122,25123,25124,25125,25126,25127,25128,25129,25130,25131,25132,25133,25134,25135,25136,25137,25138,25139,25140,25141,25142,25143,25144,25145,25146,25147,25148,25149
180021,18002100,'021R-Weekday-7-26-06',31001,31002,31003,31004,31005,31006,31007,31008,31009,31010,31011,31012,31013,31014,31015,31016,31017,31018,31019,31020,31021,31022,31023,31024,31025,31026,31027,31028,31029,31030,31031,31032,31033,31034,31035,31036,31037,31038,31039,31040,31041,31042,31043,31044,31045,31046,31047,31048,31049,31050,31051,31052,31053,31054,31055,31056,31057,31058,31059,31060,31061,31062,31063,31064,31065,31066,31067,31068,31069,31070,31071,31072,31073,31074,31075,31076,31077,31078,31079,31080,31081,31082,31083,31084,31085,31086,31087,31088,31089,31090,31091,31092,31093,31094,31095,31096,31097,31098,31099,31100,31101,31102,31103,31104,31105,31106,31107,31108,31109,31110,31111,31112,31113,31114,31115,31116,31117,31118,31119,31120,31121,31122,31123,31124,31125,31126,31127,31128,31129,31130,31131,31132,31133,31134,31135,31136,31137
180021,18002100,'021R-Saturday-1-26-06',25528,25529,25530,25531,25532,25533,25534,25535,25536,25537,25538,25539,25540,25541,25542,25543,25544,25545,25546,25547,25548,25549,25550,25551,25552,25553,25554,25555,25556,25557,25558,25559,25560,25561,25562,25563,25564,25565,25566,25567,25568,25569,25570,25571,25572,25573,25574,25575,25576,25577,25578,25579,25580,25581,25582,25583,25584,25585,25586,25587,25588,25589,25590,25591,25592,25593,25594,25595,25596,25597,25598,25599,25600,25601,25602,25603,25604,25605,25606,25607,25608
180021,18002100,'021R-Saturday-2-26-06',25609,25610,25611,25612,25613,25614,25615,25616,25617,25618,25619,25620,25621,25622,25623,25624,25625,25626,25627,25628,25629,25630,25631,25632,25633,25634,25635,25636,25637,25638,25639,25640,25641,25642,25643,25644,25645,25646,25647,25648,25649,25650,25651,25652,25653,25654,25655,25656,25657,25658,25659,25660,25661,25662,25663,25664,25665,25666,25667,25668,25669,25670,25671,25672,25673,25674,25675,25676,25677,25678,25679,25680,25681,25682,25683,25684,25685,25686,25687,25688,25689,25690,25691,25692,25693,25694,25695,25696,25697,25698,25699,25700,25701,25702,25703,25704,25705,25706,25707,25708,25709,25710
180021,18002100,'021R-Sunday-1-26-06',25711,25712,25713,25714,25715,25716,25717,25718,25719,25720,25721,25722,25723,25724,25725,25726,25727,25728,25729,25730,25731,25732,25733,25734,25735,25736,25737,25738,25739,25740,25741,25742,25743,25744,25745,25746,25747,25748,25749,25750,25751,25752,25753,25754,25755,25756,25757,25758,25759,25760,25761,25762,25763,25764,25765,25766,25767,25768,25769,25770,25771,25772,25773,25774,25775,25776,25777,25778,25779,25780,25781,25782,25783,25784,25785,25786,25787
180021,18002100,'021R-Sunday-3-26-06',25788,25789,25790,25791,25792,25793,25794,25795,25796,25797,25798,25799,25800,25801,25802,25803,25804,25805,25806,25807,25808,25809,25810,25811,25812,25813,25814,25815,25816,25817,25818,25819,25820,25821,25822,25823,25824,25825,25826,25827,25828,25829,25830,25831,25832,25833,25834,25835,25836,25837,25838,25839,25840,25841,25842,25843,25844,25845,25846,25847,25848,25849,25850,25851,25852,25853,25854,25855,25856,25857,25858,25859,25860,25861,25862,25863,25864,25865,25866,25867,25868,25869,25870,25871,25872,25873,25874,25875,25876,25877,25878,25879,25880,25881,25882,25883,25884,25885
180021,18002100,'021R-Sunday-9-26-06',31138,31139,31140,31141,31142,31143,31144,31145,31146,31147,31148,31149,31150,31151,31152,31153,31154,31155,31156,31157,31158,31159,31160,31161,31162,31163,31164,31165,31166,31167,31168,31169,31170,31171,31172,31173,31174,31175,31176,31177,31178,31179,31180,31181,31182,31183,31184,31185,31186,31187,31188,31189,31190,31191,31192,31193,31194,31195,31196,31197,31198,31199,31200,31201,31202,31203,31204,31205,31206,31207,31208,31209,31210,31211,31212,31213,31214,31215,31216,31217,31218,31219,31220,31221,31222,31223,31224,31225,31226,31227,31228,31229,31230,31231,31232,31233,31234,31235
180021,18002101,'021R-Weekday-1-26-06',25984,25985,25986,25987,25988,25989,25990,25991,25992,25993,25994,25995,25996,25997,25998,25999,26000,26001,26002,26003,26004,26005,26006,26007,26008,26009,26010,26011,26012,26013,26014,26015,26016,26017,26018,26019,26020,26021,26022,26023,26024,26025,26026,26027,26028,26029,26030,26031,26032,26033,26034,26035,26036,26037,26038,26039,26040,26041,26042,26043,26044,26045,26046,26047,26048,26049,26050,26051,26052,26053,26054,26055,26056,26057,26058,26059,26060,26061,26062,26063,26064,26065,26066,26067,26068,26069,26070,26071,26072,26073,26074,26075,26076,26077,26078,26079,26080,26081,26082,26083,26084,26085,26086,26087,26088,26089,26090,26091,26092,26093,26094,26095,26096,26097,26098,26099,26100,26101,26102,26103,26104,26105,26106,26107,26108,26109,26110,26111,26112,26113,26114,26115,26116,26117,26118
180021,18002101,'021R-Weekday-7-26-06',31236,31237,31238,31239,31240,31241,31242,31243,31244,31245,31246,31247,31248,31249,31250,31251,31252,31253,31254,31255,31256,31257,31258,31259,31260,31261,31262,31263,31264,31265,31266,31267,31268,31269,31270,31271,31272,31273,31274,31275,31276,31277,31278,31279,31280,31281,31282,31283,31284,31285,31286,31287,31288,31289,31290,31291,31292,31293,31294,31295,31296,31297,31298,31299,31300,31301,31302,31303,31304,31305,31306,31307,31308,31309,31310,31311,31312,31313,31314,31315,31316,31317,31318,31319,31320,31321,31322,31323,31324,31325,31326,31327,31328,31329,31330,31331,31332,31333,31334,31335,31336,31337,31338,31339,31340,31341,31342,31343,31344,31345,31346,31347,31348,31349,31350,31351,31352,31353,31354,31355,31356,31357,31358,31359,31360,31361,31362,31363,31364,31365,31366,31367,31368,31369,31370
180021,18002101,'021R-Saturday-1-26-06',26493,26494,26495,26496,26497,26498,26499,26500,26501,26502,26503,26504,26505,26506,26507,26508,26509,26510,26511,26512,26513,26514,26515,26516,26517,26518,26519,26520,26521,26522,26523,26524,26525,26526,26527,26528,26529,26530,26531,26532,26533,26534,26535,26536,26537,26538,26539,26540,26541,26542,26543,26544,26545,26546,26547,26548,26549,26550,26551,26552,26553,26554,26555,26556,26557,26558,26559,26560,26561,26562,26563,26564,26565,26566,26567,26568,26569,26570,26571,26572
180021,18002101,'021R-Saturday-2-26-06',26573,26574,26575,26576,26577,26578,26579,26580,26581,26582,26583,26584,26585,26586,26587,26588,26589,26590,26591,26592,26593,26594,26595,26596,26597,26598,26599,26600,26601,26602,26603,26604,26605,26606,26607,26608,26609,26610,26611,26612,26613,26614,26615,26616,26617,26618,26619,26620,26621,26622,26623,26624,26625,26626,26627,26628,26629,26630,26631,26632,26633,26634,26635,26636,26637,26638,26639,26640,26641,26642,26643,26644,26645,26646,26647,26648,26649,26650,26651,26652,26653,26654,26655,26656,26657,26658,26659,26660,26661,26662,26663,26664,26665,26666,26667,26668,26669,26670,26671,26672,26673
180021,18002101,'021R-Sunday-1-26-06',26674,26675,26676,26677,26678,26679,26680,26681,26682,26683,26684,26685,26686,26687,26688,26689,26690,26691,26692,26693,26694,26695,26696,26697,26698,26699,26700,26701,26702,26703,26704,26705,26706,26707,26708,26709,26710,26711,26712,26713,26714,26715,26716,26717,26718,26719,26720,26721,26722,26723,26724,26725,26726,26727,26728,26729,26730,26731,26732,26733,26734,26735,26736,26737,26738,26739,26740,26741,26742,26743,26744,26745,26746,26747,26748,26749,26750
180021,18002101,'021R-Sunday-3-26-06',26751,26752,26753,26754,26755,26756,26757,26758,26759,26760,26761,26762,26763,26764,26765,26766,26767,26768,26769,26770,26771,26772,26773,26774,26775,26776,26777,26778,26779,26780,26781,26782,26783,26784,26785,26786,26787,26788,26789,26790,26791,26792,26793,26794,26795,26796,26797,26798,26799,26800,26801,26802,26803,26804,26805,26806,26807,26808,26809,26810,26811,26812,26813,26814,26815,26816,26817,26818,26819,26820,26821,26822,26823,26824,26825,26826,26827,26828,26829,26830,26831,26832,26833,26834,26835,26836,26837,26838,26839,26840,26841,26842,26843,26844,26845,26846,26847,26848
180021,18002101,'021R-Sunday-9-26-06',31371,31372,31373,31374,31375,31376,31377,31378,31379,31380,31381,31382,31383,31384,31385,31386,31387,31388,31389,31390,31391,31392,31393,31394,31395,31396,31397,31398,31399,31400,31401,31402,31403,31404,31405,31406,31407,31408,31409,31410,31411,31412,31413,31414,31415,31416,31417,31418,31419,31420,31421,31422,31423,31424,31425,31426,31427,31428,31429,31430,31431,31432,31433,31434,31435,31436,31437,31438,31439,31440,31441,31442,31443,31444,31445,31446,31447,31448,31449,31450,31451,31452,31453,31454,31455,31456,31457,31458,31459,31460,31461,31462,31463,31464,31465,31466,31467,31468
180022,18002200,'022R-Weekday-1-26-06',26947,26948,26949,26950,26951,26952,26953,26954,26955,26956,26957,26958,26959,26960,26961,26962,26963,26964,26965,26966,26967,26968,26969,26970,26971,26972,26973,26974,26975,26976,26977,26978,26979,26980,26981,26982,26983,26984,26985,26986,26987,26988,26989,26990,26991,26992,26993,26994,26995,26996,26997,26998,26999,27000,27001,27002,27003,27004,27005,27006,27007,27008,27009,27010,27011,27012,27013,27014,27015,27016,27017,27018,27019,27020,27021,27022,27023,27024,27025,27026,27027,27028,27029,27030,27031
180022,18002200,'022R-Weekday-7-26-06',31469,31470,31471,31472,31473,31474,31475,31476,31477,31478,31479,31480,31481,31482,31483,31484,31485,31486,31487,31488,31489,31490,31491,31492,31493,31494,31495,31496,31497,31498,31499,31500,31501,31502,31503,31504,31505,31506,31507,31508,31509,31510,31511,31512,31513,31514,31515,31516,31517,31518,31519,31520,31521,31522,31523,31524,31525,31526,31527,31528,31529,31530,31531,31532,31533,31534,31535,31536,31537,31538,31539,31540,31541,31542,31543,31544,31545,31546,31547,31548,31549,31550,31551,31552,31553
180022,18002200,'022R-Saturday-1-26-06',27275,27276,27277,27278,27279,27280,27281,27282,27283,27284,27285,27286,27287,27288,27289,27290,27291,27292,27293,27294,27295,27296,27297,27298,27299,27300,27301,27302,27303,27304,27305,27306,27307,27308,27309,27310,27311,27312,27313,27314,27315,27316,27317,27318,27319,27320,27321,27322,27323,27324,27325,27326,27327,27328,27329,27330,27331,27332,27333,27334,27335,27336,27337,27338,27339,27340,27341,27342,27343,27344,27345,27346,27347,27348,27349,27350,27351
180022,18002200,'022R-Saturday-2-26-06',27352,27353,27354,27355,27356,27357,27358,27359,27360,27361,27362,27363,27364,27365,27366,27367,27368,27369,27370,27371,27372,27373,27374,27375,27376,27377,27378,27379,27380,27381,27382,27383,27384,27385,27386,27387,27388,27389,27390,27391,27392,27393,27394,27395,27396,27397,27398,27399,27400,27401,27402,27403,27404,27405,27406,27407,27408,27409,27410,27411,27412,27413,27414,27415,27416,27417,27418,27419,27420,27421,27422,27423,27424,27425,27426,27427,27428
180022,18002200,'022R-Sunday-1-26-06',27510,27511,27512,27513,27514,27515,27516,27517,27518,27519,27520,27521,27522,27523,27524,27525,27526,27527,27528,27529,27530,27531,27532,27533,27534,27535,27536,27537,27538,27539,27540,27541,27542,27543,27544,27545,27546,27547,27548,27549,27550,27551,27552,27553,27554,27555,27556,27557,27558,27559,27560,27561,27562,27563,27564,27565,27566,27567,27568,27569,27570,27571,27572,27573,27574,27575,27576,27577,27578,27579,27580,27581,27582
180022,18002200,'022R-Sunday-3-26-06',27583,27584,27585,27586,27587,27588,27589,27590,27591,27592,27593,27594,27595,27596,27597,27598,27599,27600,27601,27602,27603,27604,27605,27606,27607,27608,27609,27610,27611,27612,27613,27614,27615,27616,27617,27618,27619,27620,27621,27622,27623,27624,27625,27626,27627,27628,27629,27630,27631,27632,27633,27634,27635,27636,27637,27638,27639,27640,27641,27642,27643,27644,27645,27646,27647,27648,27649,27650,27651,27652,27653,27654,27655
180022,18002200,'022R-Sunday-9-26-06',31554,31555,31556,31557,31558,31559,31560,31561,31562,31563,31564,31565,31566,31567,31568,31569,31570,31571,31572,31573,31574,31575,31576,31577,31578,31579,31580,31581,31582,31583,31584,31585,31586,31587,31588,31589,31590,31591,31592,31593,31594,31595,31596,31597,31598,31599,31600,31601,31602,31603,31604,31605,31606,31607,31608,31609,31610,31611,31612,31613,31614,31615,31616,31617,31618,31619,31620,31621,31622,31623,31624,31625,31626
180022,18002201,'022R-Weekday-1-26-06',27806,27807,27808,27809,27810,27811,27812,27813,27814,27815,27816,27817,27818,27819,27820,27821,27822,27823,27824,27825,27826,27827,27828,27829,27830,27831,27832,27833,27834,27835,27836,27837,27838,27839,27840,27841,27842,27843,27844,27845,27846,27847,27848,27849,27850,27851,27852,27853,27854,27855,27856,27857,27858,27859,27860,27861,27862,27863,27864,27865,27866,27867,27868,27869,27870,27871,27872,27873,27874,27875,27876,27877,27878,27879,27880,27881,27882,27883,27884,27885,27886,27887,27888,27889
180022,18002201,'022R-Weekday-7-26-06',31627,31628,31629,31630,31631,31632,31633,31634,31635,31636,31637,31638,31639,31640,31641,31642,31643,31644,31645,31646,31647,31648,31649,31650,31651,31652,31653,31654,31655,31656,31657,31658,31659,31660,31661,31662,31663,31664,31665,31666,31667,31668,31669,31670,31671,31672,31673,31674,31675,31676,31677,31678,31679,31680,31681,31682,31683,31684,31685,31686,31687,31688,31689,31690,31691,31692,31693,31694,31695,31696,31697,31698,31699,31700,31701,31702,31703,31704,31705,31706,31707,31708,31709,31710
180022,18002201,'022R-Saturday-1-26-06',28131,28132,28133,28134,28135,28136,28137,28138,28139,28140,28141,28142,28143,28144,28145,28146,28147,28148,28149,28150,28151,28152,28153,28154,28155,28156,28157,28158,28159,28160,28161,28162,28163,28164,28165,28166,28167,28168,28169,28170,28171,28172,28173,28174,28175,28176,28177,28178,28179,28180,28181,28182,28183,28184,28185,28186,28187,28188,28189,28190,28191,28192,28193,28194,28195,28196,28197,28198,28199,28200,28201,28202,28203,28204,28205,28206,28207
180022,18002201,'022R-Saturday-2-26-06',28208,28209,28210,28211,28212,28213,28214,28215,28216,28217,28218,28219,28220,28221,28222,28223,28224,28225,28226,28227,28228,28229,28230,28231,28232,28233,28234,28235,28236,28237,28238,28239,28240,28241,28242,28243,28244,28245,28246,28247,28248,28249,28250,28251,28252,28253,28254,28255,28256,28257,28258,28259,28260,28261,28262,28263,28264,28265,28266,28267,28268,28269,28270,28271,28272,28273,28274,28275,28276,28277,28278,28279,28280,28281,28282,28283,28284
180022,18002201,'022R-Sunday-1-26-06',28365,28366,28367,28368,28369,28370,28371,28372,28373,28374,28375,28376,28377,28378,28379,28380,28381,28382,28383,28384,28385,28386,28387,28388,28389,28390,28391,28392,28393,28394,28395,28396,28397,28398,28399,28400,28401,28402,28403,28404,28405,28406,28407,28408,28409,28410,28411,28412,28413,28414,28415,28416,28417,28418,28419,28420,28421,28422,28423,28424,28425,28426,28427,28428,28429,28430,28431,28432,28433,28434,28435,28436
180022,18002201,'022R-Sunday-3-26-06',28437,28438,28439,28440,28441,28442,28443,28444,28445,28446,28447,28448,28449,28450,28451,28452,28453,28454,28455,28456,28457,28458,28459,28460,28461,28462,28463,28464,28465,28466,28467,28468,28469,28470,28471,28472,28473,28474,28475,28476,28477,28478,28479,28480,28481,28482,28483,28484,28485,28486,28487,28488,28489,28490,28491,28492,28493,28494,28495,28496,28497,28498,28499,28500,28501,28502,28503,28504,28505,28506,28507,28508
180022,18002201,'022R-Sunday-9-26-06',31711,31712,31713,31714,31715,31716,31717,31718,31719,31720,31721,31722,31723,31724,31725,31726,31727,31728,31729,31730,31731,31732,31733,31734,31735,31736,31737,31738,31739,31740,31741,31742,31743,31744,31745,31746,31747,31748,31749,31750,31751,31752,31753,31754,31755,31756,31757,31758,31759,31760,31761,31762,31763,31764,31765,31766,31767,31768,31769,31770,31771,31772,31773,31774,31775,31776,31777,31778,31779,31780,31781,31782
180023,18002300,'20260719-Sunday-1-26-06',28657,28658,28659,28660,28661,28662,28663,28664,28665,28666,28667,28668,28669,28670,28671,28672,28673,28674,28675,28676,28677,28678,28679,28680,28681,28682,28683,28684,28685,28686,28687,28688,28689,28690,28691,28692,28693,28694,28695,28696,28697,28698,28699,28700,28701,28702,28703,28704,28705,28706,28707,28708,28709,28710,28711,28712,28713,28714,28715,28716,28717,28718,28719,28720,28721,28722,28723,28724,28725,28726,28727,28728,28729,28730,28731,28732,28733,28734,28735
180023,18002300,'20260719-Sunday-42-26-06',28736,28737,28738,28739,28740,28741,28742,28743,28744,28745,28746,28747,28748,28749,28750,28751,28752,28753,28754,28755,28756,28757,28758,28759,28760,28761,28762,28763,28764,28765,28766,28767,28768,28769,28770,28771,28772,28773,28774,28775,28776,28777,28778,28779,28780,28781,28782,28783,28784,28785,28786,28787,28788,28789,28790,28791,28792,28793,28794,28795,28796,28797,28798,28799,28800,28801,28802,28803,28804,28805,28806,28807,28808,28809,28810,28811,28812,28813,28814
180023,18002300,'20260719-Sunday-44-26-06',31783,31784,31785,31786,31787,31788,31789,31790,31791,31792,31793,31794,31795,31796,31797,31798,31799,31800,31801,31802,31803,31804,31805,31806,31807,31808,31809,31810,31811,31812,31813,31814,31815,31816,31817,31818,31819,31820,31821,31822,31823,31824,31825,31826,31827,31828,31829,31830,31831,31832,31833,31834,31835,31836,31837,31838,31839,31840,31841,31842,31843,31844,31845,31846,31847,31848,31849,31850,31851,31852,31853,31854,31855,31856,31857,31858,31859,31860,31861
180023,18002300,'20260720-Weekday-1-26-06',28894,28895,28896,28897,28898,28899,28900,28901,28902,28903,28904,28905,28906,28907,28908,28909,28910,28911,28912,28913,28914,28915,28916,28917,28918,28919,28920,28921,28922,28923,28924,28925,28926,28927,28928,28929,28930,28931,28932,28933,28934,28935,28936,28937,28938,28939,28940,28941,28942,28943,28944,28945,28946,28947,28948,28949,28950,28951,28952,28953,28954,28955,28956,28957,28958,28959,28960,28961,28962,28963,28964,28965,28966,28967,28968,28969,28970,28971,28972,28973,28974,28975,28976,28977,28978,28979,28980,28981,28982,28983,28984,28985,28986,28987,28988,28989,28990,28991,28992,28993,28994,28995,28996,28997,28998,28999,29000,29001,29002,29003,29004,29005,29006,29007,29008,29009,29010,29011,29012,29013,29014,29015,29016,29017,29018,29019,29020,29021,29022,29023,29024,29025,29026,29027,29028,29029,29030,29031,29032,29033,29034,29035,29036,29037,29038,29039,29040,29041,29042,29043,29044,29045,29046,29047,29048,29049,29050,29051,29052,29053,29054,29055
180023,18002300,'20260801-Saturday-1-26-06',29056,29057,29058,29059,29060,29061,29062,29063,29064,29065,29066,29067,29068,29069,29070,29071,29072,29073,29074,29075,29076,29077,29078,29079,29080,29081,29082,29083,29084,29085,29086,29087,29088,29089,29090,29091,29092,29093,29094,29095,29096,29097,29098,29099,29100,29101,29102,29103,29104,29105,29106,29107,29108,29109,29110,29111,29112,29113,29114,29115,29116,29117,29118,29119,29120,29121,29122,29123,29124,29125,29126,29127,29128,29129,29130,29131,29132,29133,29134,29135,29136,29137,29138,29139,29140,29141,29142,29143,29144,29145,29146,29147,29148,29149,29150,29151,29152,29153,29154,29155,29156,29157,29158,29159,29160,29161,29162
180023,18002300,'20260801-Saturday-43-26-06',29163,29164,29165,29166,29167,29168,29169,29170,29171,29172,29173,29174,29175,29176,29177,29178,29179,29180,29181,29182,29183,29184,29185,29186,29187,29188,29189,29190,29191,29192,29193,29194,29195,29196,29197,29198,29199,29200,29201,29202,29203,29204,29205,29206,29207,29208,29209,29210,29211,29212,29213,29214,29215,29216,29217,29218,29219,29220,29221,29222,29223,29224,29225,29226,29227,29228,29229,29230,29231,29232,29233,29234,29235,29236,29237,29238,29239,29240,29241,29242,29243,29244,29245,29246,29247,29248,29249,29250,29251,29252,29253,29254,29255,29256,29257,29258,29259,29260,29261,29262,29263,29264,29265,29266,29267,29268,29269
180023,18002300,'20260806-Holiday1-2-26-06',29270,29271,29272,29273,29274,29275,29276,29277,29278,29279,29280,29281,29282,29283,29284,29285,29286,29287,29288,29289,29290,29291,29292,29293,29294,29295,29296,29297,29298,29299,29300,29301,29302,29303,29304,29305,29306,29307,29308,29309,29310,29311,29312,29313,29314,29315,29316,29317,29318,29319,29320,29321,29322,29323,29324,29325,29326,29327,29328,29329,29330,29331,29332,29333,29334,29335,29336,29337,29338,29339,29340,29341,29342,29343,29344,29345,29346,29347,29348,29349,29350,29351,29352,29353,29354,29355,29356,29357,29358,29359,29360,29361,29362,29363,29364,29365,29366,29367,29368,29369,29370,29371,29372,29373,29374,29375,29376,29377,29378,29379,29380,29381,29382,29383,29384,29385,29386,29387,29388,29389,29390,29391,29392,29393,29394,29395,29396,29397,29398,29399,29400,29401,29402,29403,29404,29405,29406,29407,29408,29409,29410,29411,29412,29413,29414,29415,29416,29417,29418,29419,29420,29421,29422,29423,29424,29425,29426,29427,29428,29429,29430,29431,29432,29433,29434,29435,29436,29437,29438
180023,18002300,'20260808-Holiday2-2-26-06',29439,29440,29441,29442,29443,29444,29445,29446,29447,29448,29449,29450,29451,29452,29453,29454,29455,29456,29457,29458,29459,29460,29461,29462,29463,29464,29465,29466,29467,29468,29469,29470,29471,29472,29473,29474,29475,29476,29477,29478,29479,29480,29481,29482,29483,29484,29485,29486,29487,29488,29489,29490,29491,29492,29493,29494,29495,29496,29497,29498,29499,29500,29501,29502,29503,29504,29505,29506,29507,29508,29509,29510,29511,29512,29513,29514,29515,29516,29517,29518,29519,29520,29521,29522,29523,29524,29525,29526,29527,29528,29529,29530,29531,29532,29533,29534,29535,29536,29537,29538,29539,29540,29541,29542,29543,29544,29545,29546,29547,29548,29549,29550,29551,29552,29553,29554,29555,29556,29557,29558
180023,18002300,'20260809-Holiday3-1-26-06',29559,29560,29561,29562,29563,29564,29565,29566,29567,29568,29569,29570,29571,29572,29573,29574,29575,29576,29577,29578,29579,29580,29581,29582,29583,29584,29585,29586,29587,29588,29589,29590,29591,29592,29593,29594,29595,29596,29597,29598,29599,29600,29601,29602,29603,29604,29605,29606,29607,29608,29609,29610,29611,29612,29613,29614,29615,29616,29617,29618,29619,29620,29621,29622,29623,29624,29625,29626,29627,29628,29629,29630,29631,29632,29633,29634,29635,29636,29637,29638,29639,29640,29641,29642,29643,29644,29645,29646,29647,29648,29649,29650,29651,29652,29653,29654,29655,29656,29657,29658
180023,18002300,'20260826-Holiday2-2-26-06',31862,31863,31864,31865,31866,31867,31868,31869,31870,31871,31872,31873,31874,31875,31876,31877,31878,31879,31880,31881,31882,31883,31884,31885,31886,31887,31888,31889,31890,31891,31892,31893,31894,31895,31896,31897,31898,31899,31900,31901,31902,31903,31904,31905,31906,31907,31908,31909,31910,31911,31912,31913,31914,31915,31916,31917,31918,31919,31920,31921,31922,31923,31924,31925,31926,31927,31928,31929,31930,31931,31932,31933,31934,31935,31936,31937,31938,31939,31940,31941,31942,31943,31944,31945,31946,31947,31948,31949,31950,31951,31952,31953,31954,31955,31956,31957,31958,31959,31960,31961,31962,31963,31964,31965,31966,31967,31968,31969,31970,31971,31972,31973,31974,31975,31976,31977,31978,31979,31980,31981,31982,31983,31984,31985,31986,31987,31988,31989,31990,31991,31992,31993,31994,31995,31996,31997,31998,31999,32000,32001,32002,32003,32004,32005,32006,32007,32008,32009,32010,32011,32012,32013,32014,32015,32016,32017,32018,32019,32020,32021,32022,32023,32024,32025,32026,32027,32028,32029,32030
180023,18002301,'20260719-Sunday-1-26-06',29828,29829,29830,29831,29832,29833,29834,29835,29836,29837,29838,29839,29840,29841,29842,29843,29844,29845,29846,29847,29848,29849,29850,29851,29852,29853,29854,29855,29856,29857,29858,29859,29860,29861,29862,29863,29864,29865,29866,29867,29868,29869,29870,29871,29872,29873,29874,29875,29876,29877,29878,29879,29880,29881,29882,29883,29884,29885,29886,29887,29888,29889,29890,29891,29892,29893,29894,29895,29896,29897,29898,29899,29900,29901,29902,29903,29904,29905
180023,18002301,'20260719-Sunday-42-26-06',29906,29907,29908,29909,29910,29911,29912,29913,29914,29915,29916,29917,29918,29919,29920,29921,29922,29923,29924,29925,29926,29927,29928,29929,29930,29931,29932,29933,29934,29935,29936,29937,29938,29939,29940,29941,29942,29943,29944,29945,29946,29947,29948,29949,29950,29951,29952,29953,29954,29955,29956,29957,29958,29959,29960,29961,29962,29963,29964,29965,29966,29967,29968,29969,29970,29971,29972,29973,29974,29975,29976,29977,29978,29979,29980,29981,29982,29983
180023,18002301,'20260719-Sunday-44-26-06',32031,32032,32033,32034,32035,32036,32037,32038,32039,32040,32041,32042,32043,32044,32045,32046,32047,32048,32049,32050,32051,32052,32053,32054,32055,32056,32057,32058,32059,32060,32061,32062,32063,32064,32065,32066,32067,32068,32069,32070,32071,32072,32073,32074,32075,32076,32077,32078,32079,32080,32081,32082,32083,32084,32085,32086,32087,32088,32089,32090,32091,32092,32093,32094,32095,32096,32097,32098,32099,32100,32101,32102,32103,32104,32105,32106,32107,32108
180023,18002301,'20260720-Weekday-1-26-06',30062,30063,30064,30065,30066,30067,30068,30069,30070,30071,30072,30073,30074,30075,30076,30077,30078,30079,30080,30081,30082,30083,30084,30085,30086,30087,30088,30089,30090,30091,30092,30093,30094,30095,30096,30097,30098,30099,30100,30101,30102,30103,30104,30105,30106,30107,30108,30109,30110,30111,30112,30113,30114,30115,30116,30117,30118,30119,30120,30121,30122,30123,30124,30125,30126,30127,30128,30129,30130,30131,30132,30133,30134,30135,30136,30137,30138,30139,30140,30141,30142,30143,30144,30145,30146,30147,30148,30149,30150,30151,30152,30153,30154,30155,30156,30157,30158,30159,30160,30161,30162,30163,30164,30165,30166,30167,30168,30169,30170,30171,30172,30173,30174,30175,30176,30177,30178,30179,30180,30181,30182,30183,30184,30185,30186,30187,30188,30189,30190,30191,30192,30193,30194,30195,30196,30197,30198,30199,30200,30201,30202,30203,30204,30205,30206,30207,30208,30209,30210,30211,30212,30213,30214,30215,30216,30217,30218,30219,30220,30221,30222,30223,30224,30225
180023,18002301,'20260801-Saturday-1-26-06',30226,30227,30228,30229,30230,30231,30232,30233,30234,30235,30236,30237,30238,30239,30240,30241,30242,30243,30244,30245,30246,30247,30248,30249,30250,30251,30252,30253,30254,30255,30256,30257,30258,30259,30260,30261,30262,30263,30264,30265,30266,30267,30268,30269,30270,30271,30272,30273,30274,30275,30276,30277,30278,30279,30280,30281,30282,30283,30284,30285,30286,30287,30288,30289,30290,30291,30292,30293,30294,30295,30296,30297,30298,30299,30300,30301,30302,30303,30304,30305,30306,30307,30308,30309,30310,30311,30312,30313,30314,30315,30316,30317,30318,30319,30320,30321,30322,30323,30324,30325,30326,30327,30328,30329,30330,30331,30332
180023,18002301,'20260801-Saturday-43-26-06',30333,30334,30335,30336,30337,30338,30339,30340,30341,30342,30343,30344,30345,30346,30347,30348,30349,30350,30351,30352,30353,30354,30355,30356,30357,30358,30359,30360,30361,30362,30363,30364,30365,30366,30367,30368,30369,30370,30371,30372,30373,30374,30375,30376,30377,30378,30379,30380,30381,30382,30383,30384,30385,30386,30387,30388,30389,30390,30391,30392,30393,30394,30395,30396,30397,30398,30399,30400,30401,30402,30403,30404,30405,30406,30407,30408,30409,30410,30411,30412,30413,30414,30415,30416,30417,30418,30419,30420,30421,30422,30423,30424,30425,30426,30427,30428,30429,30430,30431,30432,30433,30434,30435,30436,30437,30438,30439
180023,18002301,'20260806-Holiday1-2-26-06',30440,30441,30442,30443,30444,30445,30446,30447,30448,30449,30450,30451,30452,30453,30454,30455,30456,30457,30458,30459,30460,30461,30462,30463,30464,30465,30466,30467,30468,30469,30470,30471,30472,30473,30474,30475,30476,30477,30478,30479,30480,30481,30482,30483,30484,30485,30486,30487,30488,30489,30490,30491,30492,30493,30494,30495,30496,30497,30498,30499,30500,30501,30502,30503,30504,30505,30506,30507,30508,30509,30510,30511,30512,30513,30514,30515,30516,30517,30518,30519,30520,30521,30522,30523,30524,30525,30526,30527,30528,30529,30530,30531,30532,30533,30534,30535,30536,30537,30538,30539,30540,30541,30542,30543,30544,30545,30546,30547,30548,30549,30550,30551,30552,30553,30554,30555,30556,30557,30558,30559,30560,30561,30562,30563,30564,30565,30566,30567,30568,30569,30570,30571,30572,30573,30574,30575,30576,30577,30578,30579,30580,30581,30582,30583,30584,30585,30586,30587,30588,30589,30590,30591,30592,30593,30594,30595,30596,30597,30598,30599,30600,30601,30602,30603,30604,30605,30606,30607,30608,30609,30610
180023,18002301,'20260808-Holiday2-2-26-06',30611,30612,30613,30614,30615,30616,30617,30618,30619,30620,30621,30622,30623,30624,30625,30626,30627,30628,30629,30630,30631,30632,30633,30634,30635,30636,30637,30638,30639,30640,30641,30642,30643,30644,30645,30646,30647,30648,30649,30650,30651,30652,30653,30654,30655,30656,30657,30658,30659,30660,30661,30662,30663,30664,30665,30666,30667,30668,30669,30670,30671,30672,30673,30674,30675,30676,30677,30678,30679,30680,30681,30682,30683,30684,30685,30686,30687,30688,30689,30690,30691,30692,30693,30694,30695,30696,30697,30698,30699,30700,30701,30702,30703,30704,30705,30706,30707,30708,30709,30710,30711,30712,30713,30714,30715,30716,30717,30718,30719,30720,30721,30722,30723,30724,30725,30726,30727,30728,30729,30730
180023,18002301,'20260809-Holiday3-1-26-06',30731,30732,30733,30734,30735,30736,30737,30738,30739,30740,30741,30742,30743,30744,30745,30746,30747,30748,30749,30750,30751,30752,30753,30754,30755,30756,30757,30758,30759,30760,30761,30762,30763,30764,30765,30766,30767,30768,30769,30770,30771,30772,30773,30774,30775,30776,30777,30778,30779,30780,30781,30782,30783,30784,30785,30786,30787,30788,30789,30790,30791,30792,30793,30794,30795,30796,30797,30798,30799,30800,30801,30802,30803,30804,30805,30806,30807,30808,30809,30810,30811,30812,30813,30814,30815,30816,30817,30818,30819,30820,30821,30822,30823,30824,30825,30826,30827,30828,30829
180023,18002301,'20260826-Holiday2-2-26-06',32109,32110,32111,32112,32113,32114,32115,32116,32117,32118,32119,32120,32121,32122,32123,32124,32125,32126,32127,32128,32129,32130,32131,32132,32133,32134,32135,32136,32137,32138,32139,32140,32141,32142,32143,32144,32145,32146,32147,32148,32149,32150,32151,32152,32153,32154,32155,32156,32157,32158,32159,32160,32161,32162,32163,32164,32165,32166,32167,32168,32169,32170,32171,32172,32173,32174,32175,32176,32177,32178,32179,32180,32181,32182,32183,32184,32185,32186,32187,32188,32189,32190,32191,32192,32193,32194,32195,32196,32197,32198,32199,32200,32201,32202,32203,32204,32205,32206,32207,32208,32209,32210,32211,32212,32213,32214,32215,32216,32217,32218,32219,32220,32221,32222,32223,32224,32225,32226,32227,32228,32229,32230,32231,32232,32233,32234,32235,32236,32237,32238,32239,32240,32241,32242,32243,32244,32245,32246,32247,32248,32249,32250,32251,32252,32253,32254,32255,32256,32257,32258,32259,32260,32261,32262,32263,32264,32265,32266,32267,32268,32269,32270,32271,32272,32273,32274,32275,32276,32277,32278,32279
