18002100,'021R-Weekday-1-26-09',515,,32280,2,,,1,12,,32281,2,,,1,12,,32282,2,,,1,12,,32283,2,,,1,52,,32284,2,,,1,12,,32285,2,,,1,12,,32286,2,,,1,6,,32287,2,,,1,6,,32288,2,,,1,6,,32289,2,,,1,6,,32290,2,,,1,6,,32291,2,,,1,46,,32292,2,,,1,6,,32293,2,,,1,6,,32294,2,,,1,6,,32295,2,,,1,6,,32296,2,,,1,6,,32297,2,,,1,6,,32298,2,,,1,6,,32299,2,,,1,6,,32300,2,,,1,6,,32301,2,,,1,46,,32302,2,,,1,6,,32303,2,,,1,6,,32304,2,,,1,6,,32305,2,,,1,6,,32306,2,,,1,6,,32307,2,,,1,6,,32308,2,,,1,6,,32309,2,,,1,6,,32310,2,,,1,6,,32311,2,,,1,46,,32312,2,,,1,6,,32313,2,,,1,6,,32314,2,,,1,6,,32315,2,,,1,6,,32316,2,,,1,6,,32317,2,,,1,6,,32318,2,,,1,6,,32319,2,,,1,10,,32320,2,,,1,50,,32321,2,,,1,10,,32322,2,,,1,10,,32323,2,,,1,10,,32324,2,,,1,10,,32325,2,,,1,10,,32326,2,,,1,50,,32327,2,,,1,10,,32328,2,,,1,10,,32329,2,,,1,10,,32330,2,,,1,10,,32331,2,,,1,10,,32332,2,,,1,50,,32333,2,,,1,10,,32334,2,,,1,10,,32335,2,,,1,10,,32336,2,,,1,10,,32337,2,,,1,10,,32338,2,,,1,50,,32339,2,,,1,10,,32340,2,,,1,10,,32341,2,,,1,10,,32342,2,,,1,10,,32343,2,,,1,10,,32344,2,,,1,50,,32345,2,,,1,10,,32346,2,,,1,10,,32347,2,,,1,10,,32348,2,,,1,10,,32349,2,,,1,6,,32350,2,,,1,6,,32351,2,,,1,46,,32352,2,,,1,6,,32353,2,,,1,6,,32354,2,,,1,6,,32355,2,,,1,6,,32356,2,,,1,6,,32357,2,,,1,6,,32358,2,,,1,6,,32359,2,,,1,6,,32360,2,,,1,6,,32361,2,,,1,46,,32362,2,,,1,6,,32363,2,,,1,6,,32364,2,,,1,6,,32365,2,,,1,6,,32366,2,,,1,6,,32367,2,,,1,6,,32368,2,,,1,6,,32369,2,,,1,6,,32370,2,,,1,6,,32371,2,,,1,46,,32372,2,,,1,6,,32373,2,,,1,6,,32374,2,,,1,6,,32375,2,,,1,6,,32376,2,,,1,6,,32377,2,,,1,6,,32378,2,,,1,6,,32379,2,,,1,6,,32380,2,,,1,6,,32381,2,,,1,46,,32382,2,,,1,6,,32383,2,,,1,6,,32384,2,,,1,6,,32385,2,,,1,6,,32386,2,,,1,6,,32387,2,,,1,6,,32388,2,,,1,6,,32389,2,,,1,6,,32390,2,,,1,49,,32415,2,,,1,15,,32391,2,,,1,15,,32392,2,,,1,15,,32393,2,,,1,55,,32394,2,,,1,15,,32395,2,,,1,15,,32396,2,,,1,15,,32397,2,,,1,55,,32398,2,,,1,15,,32399,2,,,1,15,,32400,2,,,1,15,,32401,2,,,1,55,,32402,2,,,1,15,,32403,2,,,1,15,,32404,2,,,1,15,,32405,2,,,1,55,,32406,2,,,1,15,,32407,2,,,1,15,,32408,2,,,1,15,,32409,2,,,1,55,,32410,2,,,1,15,,32411,2,,,1,15,,32412,2,,,1,15,,32413,2,,,1,55,,32414,2,,,1,15,,32416,2,,,1
18002100,'021R-Weekday-2-26-09',515,,32417,2,,,1,12,,32418,2,,,1,12,,32419,2,,,1,12,,32420,2,,,1,52,,32421,2,,,1,12,,32422,2,,,1,12,,32423,2,,,1,6,,32424,2,,,1,6,,32425,2,,,1,6,,32426,2,,,1,6,,32427,2,,,1,6,,32428,2,,,1,46,,32429,2,,,1,6,,32430,2,,,1,6,,32431,2,,,1,6,,32432,2,,,1,6,,32433,2,,,1,6,,32434,2,,,1,6,,32435,2,,,1,6,,32436,2,,,1,6,,32437,2,,,1,6,,32438,2,,,1,46,,32439,2,,,1,6,,32440,2,,,1,6,,32441,2,,,1,6,,32442,2,,,1,6,,32443,2,,,1,6,,32444,2,,,1,6,,32445,2,,,1,6,,32446,2,,,1,6,,32447,2,,,1,6,,32448,2,,,1,46,,32449,2,,,1,6,,32450,2,,,1,6,,32451,2,,,1,6,,32452,2,,,1,6,,32453,2,,,1,6,,32454,2,,,1,6,,32455,2,,,1,6,,32456,2,,,1,10,,32457,2,,,1,50,,32458,2,,,1,10,,32459,2,,,1,10,,32460,2,,,1,10,,32461,2,,,1,10,,32462,2,,,1,10,,32463,2,,,1,50,,32464,2,,,1,10,,32465,2,,,1,10,,32466,2,,,1,10,,32467,2,,,1,10,,32468,2,,,1,10,,32469,2,,,1,50,,32470,2,,,1,10,,32471,2,,,1,10,,32472,2,,,1,10,,32473,2,,,1,10,,32474,2,,,1,10,,32475,2,,,1,50,,32476,2,,,1,10,,32477,2,,,1,10,,32478,2,,,1,10,,32479,2,,,1,10,,32480,2,,,1,10,,32481,2,,,1,50,,32482,2,,,1,10,,32483,2,,,1,10,,32484,2,,,1,10,,32485,2,,,1,10,,32486,2,,,1,6,,32487,2,,,1,6,,32488,2,,,1,46,,32489,2,,,1,6,,32490,2,,,1,6,,32491,2,,,1,6,,32492,2,,,1,6,,32493,2,,,1,6,,32494,2,,,1,6,,32495,2,,,1,6,,32496,2,,,1,6,,32497,2,,,1,6,,32498,2,,,1,46,,32499,2,,,1,6,,32500,2,,,1,6,,32501,2,,,1,6,,32502,2,,,1,6,,32503,2,,,1,6,,32504,2,,,1,6,,32505,2,,,1,6,,32506,2,,,1,6,,32507,2,,,1,6,,32508,2,,,1,46,,32509,2,,,1,6,,32510,2,,,1,6,,32511,2,,,1,6,,32512,2,,,1,6,,32513,2,,,1,6,,32514,2,,,1,6,,32515,2,,,1,6,,32516,2,,,1,6,,32517,2,,,1,6,,32518,2,,,1,46,,32519,2,,,1,6,,32520,2,,,1,6,,32521,2,,,1,6,,32522,2,,,1,6,,32523,2,,,1,6,,32524,2,,,1,6,,32525,2,,,1,6,,32526,2,,,1,6,,32527,2,,,1,49,,32552,2,,,1,15,,32528,2,,,1,15,,32529,2,,,1,15,,32530,2,,,1,55,,32531,2,,,1,15,,32532,2,,,1,15,,32533,2,,,1,15,,32534,2,,,1,55,,32535,2,,,1,15,,32536,2,,,1,15,,32537,2,,,1,15,,32538,2,,,1,55,,32539,2,,,1,15,,32540,2,,,1,15,,32541,2,,,1,15,,32542,2,,,1,55,,32543,2,,,1,15,,32544,2,,,1,15,,32545,2,,,1,15,,32546,2,,,1,55,,32547,2,,,1,15,,32548,2,,,1,15,,32549,2,,,1,15,,32550,2,,,1,55,,32551,2,,,1,15,,32553,2,,,1
18002100,'021R-Weekday-3-26-09',515,,35906,2,,,1,12,,35907,2,,,1,12,,35908,2,,,1,12,,35909,2,,,1,52,,35910,2,,,1,12,,35911,2,,,1,12,,35912,2,,,1,6,,35913,2,,,1,6,,35914,2,,,1,6,,35915,2,,,1,6,,35916,2,,,1,6,,35917,2,,,1,46,,35918,2,,,1,6,,35919,2,,,1,6,,35920,2,,,1,6,,35921,2,,,1,6,,35922,2,,,1,6,,35923,2,,,1,6,,35924,2,,,1,6,,35925,2,,,1,6,,35926,2,,,1,6,,35927,2,,,1,46,,35928,2,,,1,6,,35929,2,,,1,6,,35930,2,,,1,6,,35931,2,,,1,6,,35932,2,,,1,6,,35933,2,,,1,6,,35934,2,,,1,6,,35935,2,,,1,6,,35936,2,,,1,6,,35937,2,,,1,46,,35938,2,,,1,6,,35939,2,,,1,6,,35940,2,,,1,6,,35941,2,,,1,6,,35942,2,,,1,6,,35943,2,,,1,6,,35944,2,,,1,6,,35945,2,,,1,10,,35946,2,,,1,50,,35947,2,,,1,10,,35948,2,,,1,10,,35949,2,,,1,10,,35950,2,,,1,10,,35951,2,,,1,10,,35952,2,,,1,50,,35953,2,,,1,10,,35954,2,,,1,10,,35955,2,,,1,10,,35956,2,,,1,10,,35957,2,,,1,10,,35958,2,,,1,50,,35959,2,,,1,10,,35960,2,,,1,10,,35961,2,,,1,10,,35962,2,,,1,10,,35963,2,,,1,10,,35964,2,,,1,50,,35965,2,,,1,10,,35966,2,,,1,10,,35967,2,,,1,10,,35968,2,,,1,10,,35969,2,,,1,10,,35970,2,,,1,50,,35971,2,,,1,10,,35972,2,,,1,10,,35973,2,,,1,10,,35974,2,,,1,10,,35975,2,,,1,6,,35976,2,,,1,6,,35977,2,,,1,46,,35978,2,,,1,6,,35979,2,,,1,6,,35980,2,,,1,6,,35981,2,,,1,6,,35982,2,,,1,6,,35983,2,,,1,6,,35984,2,,,1,6,,35985,2,,,1,6,,35986,2,,,1,6,,35987,2,,,1,46,,35988,2,,,1,6,,35989,2,,,1,6,,35990,2,,,1,6,,35991,2,,,1,6,,35992,2,,,1,6,,35993,2,,,1,6,,35994,2,,,1,6,,35995,2,,,1,6,,35996,2,,,1,6,,35997,2,,,1,46,,35998,2,,,1,6,,35999,2,,,1,6,,36000,2,,,1,6,,36001,2,,,1,6,,36002,2,,,1,6,,36003,2,,,1,6,,36004,2,,,1,6,,36005,2,,,1,6,,36006,2,,,1,6,,36007,2,,,1,46,,36008,2,,,1,6,,36009,2,,,1,6,,36010,2,,,1,6,,36011,2,,,1,6,,36012,2,,,1,6,,36013,2,,,1,6,,36014,2,,,1,6,,36015,2,,,1,6,,36016,2,,,1,49,,36041,2,,,1,15,,36017,2,,,1,15,,36018,2,,,1,15,,36019,2,,,1,55,,36020,2,,,1,15,,36021,2,,,1,15,,36022,2,,,1,15,,36023,2,,,1,55,,36024,2,,,1,15,,36025,2,,,1,15,,36026,2,,,1,15,,36027,2,,,1,55,,36028,2,,,1,15,,36029,2,,,1,15,,36030,2,,,1,15,,36031,2,,,1,55,,36032,2,,,1,15,,36033,2,,,1,15,,36034,2,,,1,15,,36035,2,,,1,55,,36036,2,,,1,15,,36037,2,,,1,15,,36038,2,,,1,15,,36039,2,,,1,55,,36040,2,,,1,15,,36042,2,,,1
18002100,'021R-Weekday-4-26-09',515,,32554,2,,,1,12,,32555,2,,,1,12,,32556,2,,,1,12,,32557,2,,,1,52,,32558,2,,,1,12,,32559,2,,,1,12,,32560,2,,,1,6,,32561,2,,,1,6,,32562,2,,,1,6,,32563,2,,,1,6,,32564,2,,,1,6,,32565,2,,,1,46,,32566,2,,,1,6,,32567,2,,,1,6,,32568,2,,,1,6,,32569,2,,,1,6,,32570,2,,,1,6,,32571,2,,,1,6,,32572,2,,,1,6,,32573,2,,,1,6,,32574,2,,,1,6,,32575,2,,,1,46,,32576,2,,,1,6,,32577,2,,,1,6,,32578,2,,,1,6,,32579,2,,,1,6,,32580,2,,,1,6,,32581,2,,,1,6,,32582,2,,,1,6,,32583,2,,,1,6,,32584,2,,,1,6,,32585,2,,,1,46,,32586,2,,,1,6,,32587,2,,,1,6,,32588,2,,,1,6,,32589,2,,,1,6,,32590,2,,,1,6,,32591,2,,,1,6,,32592,2,,,1,6,,32593,2,,,1,10,,32594,2,,,1,50,,32595,2,,,1,10,,32596,2,,,1,10,,32597,2,,,1,10,,32598,2,,,1,10,,32599,2,,,1,10,,32600,2,,,1,50,,32601,2,,,1,10,,32602,2,,,1,10,,32603,2,,,1,10,,32604,2,,,1,10,,32605,2,,,1,10,,32606,2,,,1,50,,32607,2,,,1,10,,32608,2,,,1,10,,32609,2,,,1,10,,32610,2,,,1,10,,32611,2,,,1,10,,32612,2,,,1,50,,32613,2,,,1,10,,32614,2,,,1,10,,32615,2,,,1,10,,32616,2,,,1,10,,32617,2,,,1,10,,32618,2,,,1,50,,32619,2,,,1,10,,32620,2,,,1,10,,32621,2,,,1,10,,32622,2,,,1,10,,32623,2,,,1,6,,32624,2,,,1,6,,32625,2,,,1,46,,32626,2,,,1,6,,32627,2,,,1,6,,32628,2,,,1,6,,32629,2,,,1,6,,32630,2,,,1,6,,32631,2,,,1,6,,32632,2,,,1,6,,32633,2,,,1,6,,32634,2,,,1,6,,32635,2,,,1,46,,32636,2,,,1,6,,32637,2,,,1,6,,32638,2,,,1,6,,32639,2,,,1,6,,32640,2,,,1,6,,32641,2,,,1,6,,32642,2,,,1,6,,32643,2,,,1,6,,32644,2,,,1,6,,32645,2,,,1,46,,32646,2,,,1,6,,32647,2,,,1,6,,32648,2,,,1,6,,32649,2,,,1,6,,32650,2,,,1,6,,32651,2,,,1,6,,32652,2,,,1,6,,32653,2,,,1,6,,32654,2,,,1,6,,32655,2,,,1,46,,32656,2,,,1,6,,32657,2,,,1,6,,32658,2,,,1,6,,32659,2,,,1,6,,32660,2,,,1,6,,32661,2,,,1,6,,32662,2,,,1,6,,32663,2,,,1,6,,32664,2,,,1,49,,32689,2,,,1,15,,32665,2,,,1,15,,32666,2,,,1,15,,32667,2,,,1,55,,32668,2,,,1,15,,32669,2,,,1,15,,32670,2,,,1,15,,32671,2,,,1,55,,32672,2,,,1,15,,32673,2,,,1,15,,32674,2,,,1,15,,32675,2,,,1,55,,32676,2,,,1,15,,32677,2,,,1,15,,32678,2,,,1,15,,32679,2,,,1,55,,32680,2,,,1,15,,32681,2,,,1,15,,32682,2,,,1,15,,32683,2,,,1,55,,32684,2,,,1,15,,32685,2,,,1,15,,32686,2,,,1,15,,32687,2,,,1,55,,32688,2,,,1,15,,32690,2,,,1
18002100,'021R-Weekday-5-26-09',515,,36043,2,,,1,12,,36044,2,,,1,12,,36045,2,,,1,12,,36046,2,,,1,52,,36047,2,,,1,12,,36048,2,,,1,12,,36049,2,,,1,6,,36050,2,,,1,6,,36051,2,,,1,6,,36052,2,,,1,6,,36053,2,,,1,6,,36054,2,,,1,46,,36055,2,,,1,6,,36056,2,,,1,6,,36057,2,,,1,6,,36058,2,,,1,6,,36059,2,,,1,6,,36060,2,,,1,6,,36061,2,,,1,6,,36062,2,,,1,6,,36063,2,,,1,6,,36064,2,,,1,46,,36065,2,,,1,6,,36066,2,,,1,6,,36067,2,,,1,6,,36068,2,,,1,6,,36069,2,,,1,6,,36070,2,,,1,6,,36071,2,,,1,6,,36072,2,,,1,6,,36073,2,,,1,6,,36074,2,,,1,46,,36075,2,,,1,6,,36076,2,,,1,6,,36077,2,,,1,6,,36078,2,,,1,6,,36079,2,,,1,6,,36080,2,,,1,6,,36081,2,,,1,6,,36082,2,,,1,10,,36083,2,,,1,50,,36084,2,,,1,10,,36085,2,,,1,10,,36086,2,,,1,10,,36087,2,,,1,10,,36088,2,,,1,10,,36089,2,,,1,50,,36090,2,,,1,10,,36091,2,,,1,10,,36092,2,,,1,10,,36093,2,,,1,10,,36094,2,,,1,10,,36095,2,,,1,50,,36096,2,,,1,10,,36097,2,,,1,10,,36098,2,,,1,10,,36099,2,,,1,10,,36100,2,,,1,10,,36101,2,,,1,50,,36102,2,,,1,10,,36103,2,,,1,10,,36104,2,,,1,10,,36105,2,,,1,10,,36106,2,,,1,10,,36107,2,,,1,50,,36108,2,,,1,10,,36109,2,,,1,10,,36110,2,,,1,10,,36111,2,,,1,10,,36112,2,,,1,6,,36113,2,,,1,6,,36114,2,,,1,46,,36115,2,,,1,6,,36116,2,,,1,6,,36117,2,,,1,6,,36118,2,,,1,6,,36119,2,,,1,6,,36120,2,,,1,6,,36121,2,,,1,6,,36122,2,,,1,6,,36123,2,,,1,6,,36124,2,,,1,46,,36125,2,,,1,6,,36126,2,,,1,6,,36127,2,,,1,6,,36128,2,,,1,6,,36129,2,,,1,6,,36130,2,,,1,6,,36131,2,,,1,6,,36132,2,,,1,6,,36133,2,,,1,6,,36134,2,,,1,46,,36135,2,,,1,6,,36136,2,,,1,6,,36137,2,,,1,6,,36138,2,,,1,6,,36139,2,,,1,6,,36140,2,,,1,6,,36141,2,,,1,6,,36142,2,,,1,6,,36143,2,,,1,6,,36144,2,,,1,46,,36145,2,,,1,6,,36146,2,,,1,6,,36147,2,,,1,6,,36148,2,,,1,6,,36149,2,,,1,6,,36150,2,,,1,6,,36151,2,,,1,6,,36152,2,,,1,6,,36153,2,,,1,49,,36178,2,,,1,15,,36154,2,,,1,15,,36155,2,,,1,15,,36156,2,,,1,55,,36157,2,,,1,15,,36158,2,,,1,15,,36159,2,,,1,15,,36160,2,,,1,55,,36161,2,,,1,15,,36162,2,,,1,15,,36163,2,,,1,15,,36164,2,,,1,55,,36165,2,,,1,15,,36166,2,,,1,15,,36167,2,,,1,15,,36168,2,,,1,55,,36169,2,,,1,15,,36170,2,,,1,15,,36171,2,,,1,15,,36172,2,,,1,55,,36173,2,,,1,15,,36174,2,,,1,15,,36175,2,,,1,15,,36176,2,,,1,55,,36177,2,,,1,15,,36179,2,,,1
18002100,'021R-Weekday-6-26-09',515,,36180,2,,,1,12,,36181,2,,,1,12,,36182,2,,,1,12,,36183,2,,,1,52,,36184,2,,,1,12,,36185,2,,,1,12,,36186,2,,,1,6,,36187,2,,,1,6,,36188,2,,,1,6,,36189,2,,,1,6,,36190,2,,,1,6,,36191,2,,,1,46,,36192,2,,,1,6,,36193,2,,,1,6,,36194,2,,,1,6,,36195,2,,,1,6,,36196,2,,,1,6,,36197,2,,,1,6,,36198,2,,,1,6,,36199,2,,,1,6,,36200,2,,,1,6,,36201,2,,,1,46,,36202,2,,,1,6,,36203,2,,,1,6,,36204,2,,,1,6,,36205,2,,,1,6,,36206,2,,,1,6,,36207,2,,,1,6,,36208,2,,,1,6,,36209,2,,,1,6,,36210,2,,,1,6,,36211,2,,,1,46,,36212,2,,,1,6,,36213,2,,,1,6,,36214,2,,,1,6,,36215,2,,,1,6,,36216,2,,,1,6,,36217,2,,,1,6,,36218,2,,,1,6,,36219,2,,,1,10,,36220,2,,,1,50,,36221,2,,,1,10,,36222,2,,,1,10,,36223,2,,,1,10,,36224,2,,,1,10,,36225,2,,,1,10,,36226,2,,,1,50,,36227,2,,,1,10,,36228,2,,,1,10,,36229,2,,,1,10,,36230,2,,,1,10,,36231,2,,,1,10,,36232,2,,,1,50,,36233,2,,,1,10,,36234,2,,,1,10,,36235,2,,,1,10,,36236,2,,,1,10,,36237,2,,,1,10,,36238,2,,,1,50,,36239,2,,,1,10,,36240,2,,,1,10,,36241,2,,,1,10,,36242,2,,,1,10,,36243,2,,,1,10,,36244,2,,,1,50,,36245,2,,,1,10,,36246,2,,,1,10,,36247,2,,,1,10,,36248,2,,,1,10,,36249,2,,,1,6,,36250,2,,,1,6,,36251,2,,,1,46,,36252,2,,,1,6,,36253,2,,,1,6,,36254,2,,,1,6,,36255,2,,,1,6,,36256,2,,,1,6,,36257,2,,,1,6,,36258,2,,,1,6,,36259,2,,,1,6,,36260,2,,,1,6,,36261,2,,,1,46,,36262,2,,,1,6,,36263,2,,,1,6,,36264,2,,,1,6,,36265,2,,,1,6,,36266,2,,,1,6,,36267,2,,,1,6,,36268,2,,,1,6,,36269,2,,,1,6,,36270,2,,,1,6,,36271,2,,,1,46,,36272,2,,,1,6,,36273,2,,,1,6,,36274,2,,,1,6,,36275,2,,,1,6,,36276,2,,,1,6,,36277,2,,,1,6,,36278,2,,,1,6,,36279,2,,,1,6,,36280,2,,,1,6,,36281,2,,,1,46,,36282,2,,,1,6,,36283,2,,,1,6,,36284,2,,,1,6,,36285,2,,,1,6,,36286,2,,,1,6,,36287,2,,,1,6,,36288,2,,,1,6,,36289,2,,,1,6,,36290,2,,,1,49,,36315,2,,,1,15,,36291,2,,,1,15,,36292,2,,,1,15,,36293,2,,,1,55,,36294,2,,,1,15,,36295,2,,,1,15,,36296,2,,,1,15,,36297,2,,,1,55,,36298,2,,,1,15,,36299,2,,,1,15,,36300,2,,,1,15,,36301,2,,,1,55,,36302,2,,,1,15,,36303,2,,,1,15,,36304,2,,,1,15,,36305,2,,,1,55,,36306,2,,,1,15,,36307,2,,,1,15,,36308,2,,,1,15,,36309,2,,,1,55,,36310,2,,,1,15,,36311,2,,,1,15,,36312,2,,,1,15,,36313,2,,,1,55,,36314,2,,,1,15,,36316,2,,,1
18002100,'021R-Weekday-7-26-09',515,,36317,2,,,1,12,,36318,2,,,1,12,,36319,2,,,1,12,,36320,2,,,1,52,,36321,2,,,1,12,,36322,2,,,1,12,,36323,2,,,1,6,,36324,2,,,1,6,,36325,2,,,1,6,,36326,2,,,1,6,,36327,2,,,1,6,,36328,2,,,1,46,,36329,2,,,1,6,,36330,2,,,1,6,,36331,2,,,1,6,,36332,2,,,1,6,,36333,2,,,1,6,,36334,2,,,1,6,,36335,2,,,1,6,,36336,2,,,1,6,,36337,2,,,1,6,,36338,2,,,1,46,,36339,2,,,1,6,,36340,2,,,1,6,,36341,2,,,1,6,,36342,2,,,1,6,,36343,2,,,1,6,,36344,2,,,1,6,,36345,2,,,1,6,,36346,2,,,1,6,,36347,2,,,1,6,,36348,2,,,1,46,,36349,2,,,1,6,,36350,2,,,1,6,,36351,2,,,1,6,,36352,2,,,1,6,,36353,2,,,1,6,,36354,2,,,1,6,,36355,2,,,1,6,,36356,2,,,1,10,,36357,2,,,1,50,,36358,2,,,1,10,,36359,2,,,1,10,,36360,2,,,1,10,,36361,2,,,1,10,,36362,2,,,1,10,,36363,2,,,1,50,,36364,2,,,1,10,,36365,2,,,1,10,,36366,2,,,1,10,,36367,2,,,1,10,,36368,2,,,1,10,,36369,2,,,1,50,,36370,2,,,1,10,,36371,2,,,1,10,,36372,2,,,1,10,,36373,2,,,1,10,,36374,2,,,1,10,,36375,2,,,1,50,,36376,2,,,1,10,,36377,2,,,1,10,,36378,2,,,1,10,,36379,2,,,1,10,,36380,2,,,1,10,,36381,2,,,1,50,,36382,2,,,1,10,,36383,2,,,1,10,,36384,2,,,1,10,,36385,2,,,1,10,,36386,2,,,1,6,,36387,2,,,1,6,,36388,2,,,1,46,,36389,2,,,1,6,,36390,2,,,1,6,,36391,2,,,1,6,,36392,2,,,1,6,,36393,2,,,1,6,,36394,2,,,1,6,,36395,2,,,1,6,,36396,2,,,1,6,,36397,2,,,1,6,,36398,2,,,1,46,,36399,2,,,1,6,,36400,2,,,1,6,,36401,2,,,1,6,,36402,2,,,1,6,,36403,2,,,1,6,,36404,2,,,1,6,,36405,2,,,1,6,,36406,2,,,1,6,,36407,2,,,1,6,,36408,2,,,1,46,,36409,2,,,1,6,,36410,2,,,1,6,,36411,2,,,1,6,,36412,2,,,1,6,,36413,2,,,1,6,,36414,2,,,1,6,,36415,2,,,1,6,,36416,2,,,1,6,,36417,2,,,1,6,,36418,2,,,1,46,,36419,2,,,1,6,,36420,2,,,1,6,,36421,2,,,1,6,,36422,2,,,1,6,,36423,2,,,1,6,,36424,2,,,1,6,,36425,2,,,1,6,,36426,2,,,1,6,,36427,2,,,1,49,,36452,2,,,1,15,,36428,2,,,1,15,,36429,2,,,1,15,,36430,2,,,1,55,,36431,2,,,1,15,,36432,2,,,1,15,,36433,2,,,1,15,,36434,2,,,1,55,,36435,2,,,1,15,,36436,2,,,1,15,,36437,2,,,1,15,,36438,2,,,1,55,,36439,2,,,1,15,,36440,2,,,1,15,,36441,2,,,1,15,,36442,2,,,1,55,,36443,2,,,1,15,,36444,2,,,1,15,,36445,2,,,1,15,,36446,2,,,1,55,,36447,2,,,1,15,,36448,2,,,1,15,,36449,2,,,1,15,,36450,2,,,1,55,,36451,2,,,1,15,,36453,2,,,1
18002100,'021R-Saturday-1-26-09',515,,32691,2,,,1,15,,32692,2,,,1,15,,32693,2,,,1,55,,32694,2,,,1,15,,32695,2,,,1,15,,32696,2,,,1,15,,32697,2,,,1,55,,32698,2,,,1,15,,32699,2,,,1,15,,32700,2,,,1,15,,32701,2,,,1,55,,32702,2,,,1,15,,32703,2,,,1,15,,32704,2,,,1,15,,32705,2,,,1,55,,32706,2,,,1,15,,32707,2,,,1,15,,32708,2,,,1,15,,32709,2,,,1,55,,32710,2,,,1,15,,32711,2,,,1,15,,32712,2,,,1,15,,32713,2,,,1,55,,32714,2,,,1,15,,32715,2,,,1,15,,32716,2,,,1,15,,32717,2,,,1,55,,32718,2,,,1,15,,32719,2,,,1,15,,32720,2,,,1,15,,32721,2,,,1,55,,32722,2,,,1,15,,32723,2,,,1,15,,32724,2,,,1,15,,32725,2,,,1,55,,32726,2,,,1,15,,32727,2,,,1,15,,32728,2,,,1,15,,32729,2,,,1,55,,32730,2,,,1,15,,32731,2,,,1,15,,32732,2,,,1,15,,32733,2,,,1,55,,32734,2,,,1,15,,32735,2,,,1,15,,32736,2,,,1,15,,32737,2,,,1,55,,32738,2,,,1,15,,32739,2,,,1,15,,32740,2,,,1,15,,32741,2,,,1,55,,32742,2,,,1,15,,32743,2,,,1,15,,32744,2,,,1,15,,32745,2,,,1,55,,32746,2,,,1,15,,32747,2,,,1,15,,32748,2,,,1,15,,32749,2,,,1,55,,32750,2,,,1,15,,32751,2,,,1,15,,32752,2,,,1,15,,32753,2,,,1,55,,32754,2,,,1,15,,32755,2,,,1,15,,32756,2,,,1,15,,32757,2,,,1,55,,32758,2,,,1,15,,32759,2,,,1,15,,32760,2,,,1,15,,32761,2,,,1,55,,32762,2,,,1,15,,32763,2,,,1,15,,32764,2,,,1,15,,32765,2,,,1,55,,32766,2,,,1,15,,32767,2,,,1,15,,32768,2,,,1,15,,32769,2,,,1,55,,32770,2,,,1,15,,32771,2,,,1
18002100,'021R-Saturday-2-26-09',515,,36454,2,,,1,15,,36455,2,,,1,15,,36456,2,,,1,55,,36457,2,,,1,15,,36458,2,,,1,15,,36459,2,,,1,15,,36460,2,,,1,55,,36461,2,,,1,15,,36462,2,,,1,15,,36463,2,,,1,15,,36464,2,,,1,55,,36465,2,,,1,15,,36466,2,,,1,15,,36467,2,,,1,15,,36468,2,,,1,55,,36469,2,,,1,15,,36470,2,,,1,15,,36471,2,,,1,15,,36472,2,,,1,55,,36473,2,,,1,15,,36474,2,,,1,15,,36475,2,,,1,15,,36476,2,,,1,55,,36477,2,,,1,15,,36478,2,,,1,15,,36479,2,,,1,15,,36480,2,,,1,55,,36481,2,,,1,15,,36482,2,,,1,15,,36483,2,,,1,15,,36484,2,,,1,55,,36485,2,,,1,15,,36486,2,,,1,15,,36487,2,,,1,15,,36488,2,,,1,55,,36489,2,,,1,15,,36490,2,,,1,15,,36491,2,,,1,15,,36492,2,,,1,55,,36493,2,,,1,15,,36494,2,,,1,15,,36495,2,,,1,15,,36496,2,,,1,55,,36497,2,,,1,15,,36498,2,,,1,15,,36499,2,,,1,15,,36500,2,,,1,55,,36501,2,,,1,15,,36502,2,,,1,15,,36503,2,,,1,15,,36504,2,,,1,55,,36505,2,,,1,15,,36506,2,,,1,15,,36507,2,,,1,15,,36508,2,,,1,55,,36509,2,,,1,15,,36510,2,,,1,15,,36511,2,,,1,15,,36512,2,,,1,55,,36513,2,,,1,15,,36514,2,,,1,15,,36515,2,,,1,15,,36516,2,,,1,55,,36517,2,,,1,15,,36518,2,,,1,15,,36519,2,,,1,15,,36520,2,,,1,55,,36521,2,,,1,15,,36522,2,,,1,15,,36523,2,,,1,15,,36524,2,,,1,55,,36525,2,,,1,15,,36526,2,,,1,15,,36527,2,,,1,15,,36528,2,,,1,55,,36529,2,,,1,15,,36530,2,,,1,15,,36531,2,,,1,15,,36532,2,,,1,55,,36533,2,,,1,15,,36534,2,,,1
18002100,'021R-Sunday-1-26-09',545,,32772,2,,,1,55,,32773,2,,,1,15,,32774,2,,,1,15,,32775,2,,,1,15,,32776,2,,,1,55,,32777,2,,,1,15,,32778,2,,,1,15,,32779,2,,,1,15,,32780,2,,,1,55,,32781,2,,,1,15,,32782,2,,,1,15,,32783,2,,,1,15,,32784,2,,,1,55,,32785,2,,,1,15,,32786,2,,,1,15,,32787,2,,,1,15,,32788,2,,,1,55,,32789,2,,,1,15,,32790,2,,,1,15,,32791,2,,,1,15,,32792,2,,,1,55,,32793,2,,,1,15,,32794,2,,,1,15,,32795,2,,,1,15,,32796,2,,,1,55,,32797,2,,,1,15,,32798,2,,,1,15,,32799,2,,,1,15,,32800,2,,,1,55,,32801,2,,,1,15,,32802,2,,,1,15,,32803,2,,,1,15,,32804,2,,,1,55,,32805,2,,,1,15,,32806,2,,,1,15,,32807,2,,,1,15,,32808,2,,,1,55,,32809,2,,,1,15,,32810,2,,,1,15,,32811,2,,,1,15,,32812,2,,,1,55,,32813,2,,,1,15,,32814,2,,,1,15,,32815,2,,,1,15,,32816,2,,,1,55,,32817,2,,,1,15,,32818,2,,,1,15,,32819,2,,,1,15,,32820,2,,,1,55,,32821,2,,,1,15,,32822,2,,,1,15,,32823,2,,,1,15,,32824,2,,,1,55,,32825,2,,,1,15,,32826,2,,,1,15,,32827,2,,,1,15,,32828,2,,,1,55,,32829,2,,,1,15,,32830,2,,,1,15,,32831,2,,,1,15,,32832,2,,,1,55,,32833,2,,,1,15,,32834,2,,,1,15,,32835,2,,,1,15,,32836,2,,,1,55,,32837,2,,,1,15,,32838,2,,,1,15,,32839,2,,,1,15,,32840,2,,,1,55,,32841,2,,,1,15,,32842,2,,,1,15,,32843,2,,,1,15,,32844,2,,,1,55,,32845,2,,,1,15,,32846,2,,,1,15,,32847,2,,,1,15,,32848,2,,,1
18002100,'021R-Sunday-2-26-09',545,,36535,2,,,1,55,,36536,2,,,1,15,,36537,2,,,1,15,,36538,2,,,1,15,,36539,2,,,1,55,,36540,2,,,1,15,,36541,2,,,1,15,,36542,2,,,1,15,,36543,2,,,1,55,,36544,2,,,1,15,,36545,2,,,1,15,,36546,2,,,1,15,,36547,2,,,1,55,,36548,2,,,1,15,,36549,2,,,1,15,,36550,2,,,1,15,,36551,2,,,1,55,,36552,2,,,1,15,,36553,2,,,1,15,,36554,2,,,1,15,,36555,2,,,1,55,,36556,2,,,1,15,,36557,2,,,1,15,,36558,2,,,1,15,,36559,2,,,1,55,,36560,2,,,1,15,,36561,2,,,1,15,,36562,2,,,1,15,,36563,2,,,1,55,,36564,2,,,1,15,,36565,2,,,1,15,,36566,2,,,1,15,,36567,2,,,1,55,,36568,2,,,1,15,,36569,2,,,1,15,,36570,2,,,1,15,,36571,2,,,1,55,,36572,2,,,1,15,,36573,2,,,1,15,,36574,2,,,1,15,,36575,2,,,1,55,,36576,2,,,1,15,,36577,2,,,1,15,,36578,2,,,1,15,,36579,2,,,1,55,,36580,2,,,1,15,,36581,2,,,1,15,,36582,2,,,1,15,,36583,2,,,1,55,,36584,2,,,1,15,,36585,2,,,1,15,,36586,2,,,1,15,,36587,2,,,1,55,,36588,2,,,1,15,,36589,2,,,1,15,,36590,2,,,1,15,,36591,2,,,1,55,,36592,2,,,1,15,,36593,2,,,1,15,,36594,2,,,1,15,,36595,2,,,1,55,,36596,2,,,1,15,,36597,2,,,1,15,,36598,2,,,1,15,,36599,2,,,1,55,,36600,2,,,1,15,,36601,2,,,1,15,,36602,2,,,1,15,,36603,2,,,1,55,,36604,2,,,1,15,,36605,2,,,1,15,,36606,2,,,1,15,,36607,2,,,1,55,,36608,2,,,1,15,,36609,2,,,1,15,,36610,2,,,1,15,,36611,2,,,1
18002100,'021R-Sunday-4-26-09',545,,36612,2,,,1,55,,36613,2,,,1,15,,36614,2,,,1,15,,36615,2,,,1,15,,36616,2,,,1,55,,36617,2,,,1,15,,36618,2,,,1,15,,36619,2,,,1,15,,36620,2,,,1,55,,36621,2,,,1,15,,36622,2,,,1,15,,36623,2,,,1,15,,36624,2,,,1,55,,36625,2,,,1,15,,36626,2,,,1,15,,36627,2,,,1,15,,36628,2,,,1,55,,36629,2,,,1,15,,36630,2,,,1,15,,36631,2,,,1,15,,36632,2,,,1,55,,36633,2,,,1,15,,36634,2,,,1,15,,36635,2,,,1,15,,36636,2,,,1,55,,36637,2,,,1,15,,36638,2,,,1,15,,36639,2,,,1,15,,36640,2,,,1,55,,36641,2,,,1,15,,36642,2,,,1,15,,36643,2,,,1,15,,36644,2,,,1,55,,36645,2,,,1,15,,36646,2,,,1,15,,36647,2,,,1,15,,36648,2,,,1,55,,36649,2,,,1,15,,36650,2,,,1,15,,36651,2,,,1,15,,36652,2,,,1,55,,36653,2,,,1,15,,36654,2,,,1,15,,36655,2,,,1,15,,36656,2,,,1,55,,36657,2,,,1,15,,36658,2,,,1,15,,36659,2,,,1,15,,36660,2,,,1,55,,36661,2,,,1,15,,36662,2,,,1,15,,36663,2,,,1,15,,36664,2,,,1,55,,36665,2,,,1,15,,36666,2,,,1,15,,36667,2,,,1,15,,36668,2,,,1,55,,36669,2,,,1,15,,36670,2,,,1,15,,36671,2,,,1,15,,36672,2,,,1,55,,36673,2,,,1,15,,36674,2,,,1,15,,36675,2,,,1,15,,36676,2,,,1,55,,36677,2,,,1,15,,36678,2,,,1,15,,36679,2,,,1,15,,36680,2,,,1,55,,36681,2,,,1,15,,36682,2,,,1,15,,36683,2,,,1,15,,36684,2,,,1,55,,36685,2,,,1,15,,36686,2,,,1,15,,36687,2,,,1,15,,36688,2,,,1
18002200,'022R-Saturday-2-26-09',515,,37803,2,,,1,15,,37804,2,,,1,15,,37819,2,,,1,55,,37834,2,,,1,15,,37852,2,,,1,15,,37835,2,,,1,15,,37815,2,,,1,55,,37846,2,,,1,15,,37861,2,,,1,15,,37845,2,,,1,15,,37830,2,,,1,55,,37862,2,,,1,15,,37836,2,,,1,15,,37878,2,,,1,15,,37805,2,,,1,55,,37821,2,,,1,15,,37877,2,,,1,15,,37867,2,,,1,15,,37881,2,,,1,55,,37817,2,,,1,15,,37851,2,,,1,15,,37824,2,,,1,15,,37864,2,,,1,55,,37814,2,,,1,15,,37832,2,,,1,15,,37848,2,,,1,15,,37829,2,,,1,55,,37811,2,,,1,15,,37873,2,,,1,15,,37826,2,,,1,15,,37882,2,,,1,55,,37858,2,,,1,15,,37874,2,,,1,15,,37841,2,,,1,15,,37810,2,,,1,55,,37857,2,,,1,15,,37859,2,,,1,15,,37827,2,,,1,15,,37843,2,,,1,55,,37808,2,,,1,15,,37875,2,,,1,15,,37839,2,,,1,15,,37831,2,,,1,55,,37844,2,,,1,15,,37813,2,,,1,15,,37828,2,,,1,15,,37860,2,,,1,55,,37876,2,,,1,15,,37842,2,,,1,15,,37855,2,,,1,15,,37883,2,,,1,55,,37879,2,,,1,15,,37863,2,,,1,15,,37854,2,,,1,15,,37869,2,,,1,55,,37847,2,,,1,15,,37816,2,,,1,15,,37820,2,,,1,15,,37871,2,,,1,55,,37809,2,,,1,15,,37825,2,,,1,15,,37840,2,,,1,15,,37856,2,,,1,55,,37872,2,,,1,15,,37838,2,,,1,15,,37806,2,,,1,15,,37822,2,,,1,55,,37870,2,,,1,15,,37807,2,,,1,15,,37823,2,,,1,15,,37837,2,,,1,55,,37853,2,,,1,15,,37850,2,,,1,15,,37866,2,,,1,15,,37812,2,,,1,55,,37818,2,,,1,15,,37833,2,,,1,15,,37849,2,,,1,15,,37880,2,,,1,55,,37865,2,,,1,15,,37868,2,,,1
18002200,'022R-Sunday-2-26-09',545,,38109,2,,,1,55,,38110,2,,,1,15,,38111,2,,,1,15,,38112,2,,,1,15,,38080,2,,,1,55,,38095,2,,,1,15,,38041,2,,,1,15,,38052,2,,,1,15,,38067,2,,,1,55,,38064,2,,,1,15,,38081,2,,,1,15,,38066,2,,,1,15,,38094,2,,,1,55,,38093,2,,,1,15,,38096,2,,,1,15,,38048,2,,,1,15,,38106,2,,,1,55,,38091,2,,,1,15,,38079,2,,,1,15,,38057,2,,,1,15,,38063,2,,,1,55,,38108,2,,,1,15,,38050,2,,,1,15,,38078,2,,,1,15,,38076,2,,,1,55,,38045,2,,,1,15,,38105,2,,,1,15,,38047,2,,,1,15,,38083,2,,,1,55,,38071,2,,,1,15,,38055,2,,,1,15,,38102,2,,,1,15,,38089,2,,,1,55,,38068,2,,,1,15,,38061,2,,,1,15,,38103,2,,,1,15,,38042,2,,,1,55,,38088,2,,,1,15,,38046,2,,,1,15,,38092,2,,,1,15,,38070,2,,,1,55,,38086,2,,,1,15,,38040,2,,,1,15,,38085,2,,,1,15,,38062,2,,,1,55,,38098,2,,,1,15,,38099,2,,,1,15,,38044,2,,,1,15,,38053,2,,,1,55,,38058,2,,,1,15,,38060,2,,,1,15,,38059,2,,,1,15,,38056,2,,,1,55,,38100,2,,,1,15,,38073,2,,,1,15,,38075,2,,,1,15,,38090,2,,,1,55,,38104,2,,,1,15,,38043,2,,,1,15,,38039,2,,,1,15,,38077,2,,,1,55,,38074,2,,,1,15,,38107,2,,,1,15,,38049,2,,,1,15,,38101,2,,,1,55,,38082,2,,,1,15,,38087,2,,,1,15,,38097,2,,,1,15,,38051,2,,,1,55,,38038,2,,,1,15,,38054,2,,,1,15,,38069,2,,,1,15,,38072,2,,,1,55,,38065,2,,,1,15,,38084,2,,,1
