18002100,'021R-Weekday-1-26-09',522,,33638,5,,,1,12,,33639,5,,,1,12,,33640,5,,,1,12,,33641,5,,,1,52,,33642,5,,,1,12,,33643,5,,,1,12,,33644,5,,,1,6,,33645,5,,,1,6,,33646,5,,,1,6,,33647,5,,,1,6,,33648,5,,,1,46,,33649,5,,,1,6,,33650,5,,,1,6,,33651,5,,,1,6,,33652,5,,,1,6,,33653,5,,,1,6,,33654,5,,,1,6,,33655,5,,,1,6,,33656,5,,,1,6,,33657,5,,,1,6,,33658,5,,,1,46,,33659,5,,,1,6,,33660,5,,,1,6,,33661,5,,,1,6,,33662,5,,,1,6,,33663,5,,,1,6,,33664,5,,,1,6,,33665,5,,,1,6,,33666,5,,,1,6,,33667,5,,,1,6,,33668,5,,,1,46,,33669,5,,,1,6,,33670,5,,,1,6,,33671,5,,,1,6,,33672,5,,,1,6,,33673,5,,,1,6,,33674,5,,,1,6,,33675,5,,,1,6,,33676,5,,,1,6,,33677,5,,,1,50,,33678,5,,,1,10,,33679,5,,,1,10,,33680,5,,,1,10,,33681,5,,,1,10,,33682,5,,,1,10,,33683,5,,,1,50,,33684,5,,,1,10,,33685,5,,,1,10,,33686,5,,,1,10,,33687,5,,,1,10,,33688,5,,,1,10,,33689,5,,,1,50,,33690,5,,,1,10,,33691,5,,,1,10,,33692,5,,,1,10,,33693,5,,,1,10,,33694,5,,,1,10,,33695,5,,,1,50,,33696,5,,,1,10,,33697,5,,,1,10,,33698,5,,,1,10,,33699,5,,,1,10,,33700,5,,,1,10,,33701,5,,,1,50,,33702,5,,,1,10,,33703,5,,,1,10,,33704,5,,,1,10,,33705,5,,,1,10,,33706,5,,,1,10,,33707,5,,,1,6,,33708,5,,,1,46,,33709,5,,,1,6,,33710,5,,,1,6,,33711,5,,,1,6,,33712,5,,,1,6,,33713,5,,,1,6,,33714,5,,,1,6,,33715,5,,,1,6,,33716,5,,,1,6,,33717,5,,,1,6,,33718,5,,,1,46,,33719,5,,,1,6,,33720,5,,,1,6,,33721,5,,,1,6,,33722,5,,,1,6,,33723,5,,,1,6,,33724,5,,,1,6,,33725,5,,,1,6,,33726,5,,,1,6,,33727,5,,,1,6,,33728,5,,,1,46,,33729,5,,,1,6,,33730,5,,,1,6,,33731,5,,,1,6,,33732,5,,,1,6,,33733,5,,,1,6,,33734,5,,,1,6,,33735,5,,,1,6,,33736,5,,,1,6,,33737,5,,,1,6,,33738,5,,,1,46,,33739,5,,,1,6,,33740,5,,,1,6,,33741,5,,,1,6,,33742,5,,,1,6,,33743,5,,,1,6,,33744,5,,,1,6,,33745,5,,,1,6,,33746,5,,,1,6,,33747,5,,,1,6,,33748,5,,,1,49,,33773,5,,,1,15,,33749,5,,,1,15,,33750,5,,,1,15,,33751,5,,,1,55,,33752,5,,,1,15,,33753,5,,,1,15,,33754,5,,,1,15,,33755,5,,,1,55,,33756,5,,,1,15,,33757,5,,,1,15,,33758,5,,,1,15,,33759,5,,,1,55,,33760,5,,,1,15,,33761,5,,,1,15,,33762,5,,,1,15,,33763,5,,,1,55,,33764,5,,,1,15,,33765,5,,,1,15,,33766,5,,,1,15,,33767,5,,,1,55,,33768,5,,,1,15,,33769,5,,,1,15,,33770,5,,,1,15,,33771,5,,,1,55,,33772,5,,,1,15,,33774,5,,,1
18002100,'021R-Weekday-3-26-09',522,,33912,5,,,1,12,,33913,5,,,1,12,,33914,5,,,1,12,,33915,5,,,1,52,,33916,5,,,1,12,,33917,5,,,1,12,,33918,5,,,1,6,,33919,5,,,1,6,,33920,5,,,1,6,,33921,5,,,1,6,,33922,5,,,1,46,,33923,5,,,1,6,,33924,5,,,1,6,,33925,5,,,1,6,,33926,5,,,1,6,,33927,5,,,1,6,,33928,5,,,1,6,,33929,5,,,1,6,,33930,5,,,1,6,,33931,5,,,1,6,,33932,5,,,1,46,,33933,5,,,1,6,,33934,5,,,1,6,,33935,5,,,1,6,,33936,5,,,1,6,,33937,5,,,1,6,,33938,5,,,1,6,,33939,5,,,1,6,,33940,5,,,1,6,,33941,5,,,1,6,,33942,5,,,1,46,,33943,5,,,1,6,,33944,5,,,1,6,,33945,5,,,1,6,,33946,5,,,1,6,,33947,5,,,1,6,,33948,5,,,1,6,,33949,5,,,1,6,,33950,5,,,1,6,,33951,5,,,1,50,,33952,5,,,1,10,,33953,5,,,1,10,,33954,5,,,1,10,,33955,5,,,1,10,,33956,5,,,1,10,,33957,5,,,1,50,,33958,5,,,1,10,,33959,5,,,1,10,,33960,5,,,1,10,,33961,5,,,1,10,,33962,5,,,1,10,,33963,5,,,1,50,,33964,5,,,1,10,,33965,5,,,1,10,,33966,5,,,1,10,,33967,5,,,1,10,,33968,5,,,1,10,,33969,5,,,1,50,,33970,5,,,1,10,,33971,5,,,1,10,,33972,5,,,1,10,,33973,5,,,1,10,,33974,5,,,1,10,,33975,5,,,1,50,,33976,5,,,1,10,,33977,5,,,1,10,,33978,5,,,1,10,,33979,5,,,1,10,,33980,5,,,1,10,,33981,5,,,1,6,,33982,5,,,1,46,,33983,5,,,1,6,,33984,5,,,1,6,,33985,5,,,1,6,,33986,5,,,1,6,,33987,5,,,1,6,,33988,5,,,1,6,,33989,5,,,1,6,,33990,5,,,1,6,,33991,5,,,1,6,,33992,5,,,1,46,,33993,5,,,1,6,,33994,5,,,1,6,,33995,5,,,1,6,,33996,5,,,1,6,,33997,5,,,1,6,,33998,5,,,1,6,,33999,5,,,1,6,,34000,5,,,1,6,,34001,5,,,1,6,,34002,5,,,1,46,,34003,5,,,1,6,,34004,5,,,1,6,,34005,5,,,1,6,,34006,5,,,1,6,,34007,5,,,1,6,,34008,5,,,1,6,,34009,5,,,1,6,,34010,5,,,1,6,,34011,5,,,1,6,,34012,5,,,1,46,,34013,5,,,1,6,,34014,5,,,1,6,,34015,5,,,1,6,,34016,5,,,1,6,,34017,5,,,1,6,,34018,5,,,1,6,,34019,5,,,1,6,,34020,5,,,1,6,,34021,5,,,1,6,,34022,5,,,1,49,,34047,5,,,1,15,,34023,5,,,1,15,,34024,5,,,1,15,,34025,5,,,1,55,,34026,5,,,1,15,,34027,5,,,1,15,,34028,5,,,1,15,,34029,5,,,1,55,,34030,5,,,1,15,,34031,5,,,1,15,,34032,5,,,1,15,,34033,5,,,1,55,,34034,5,,,1,15,,34035,5,,,1,15,,34036,5,,,1,15,,34037,5,,,1,55,,34038,5,,,1,15,,34039,5,,,1,15,,34040,5,,,1,15,,34041,5,,,1,55,,34042,5,,,1,15,,34043,5,,,1,15,,34044,5,,,1,15,,34045,5,,,1,55,,34046,5,,,1,15,,34048,5,,,1
18002100,'021R-Weekday-4-26-09',522,,34049,5,,,1,12,,34050,5,,,1,12,,34051,5,,,1,12,,34052,5,,,1,52,,34053,5,,,1,12,,34054,5,,,1,12,,34055,5,,,1,6,,34056,5,,,1,6,,34057,5,,,1,6,,34058,5,,,1,6,,34059,5,,,1,46,,34060,5,,,1,6,,34061,5,,,1,6,,34062,5,,,1,6,,34063,5,,,1,6,,34064,5,,,1,6,,34065,5,,,1,6,,34066,5,,,1,6,,34067,5,,,1,6,,34068,5,,,1,6,,34069,5,,,1,46,,34070,5,,,1,6,,34071,5,,,1,6,,34072,5,,,1,6,,34073,5,,,1,6,,34074,5,,,1,6,,34075,5,,,1,6,,34076,5,,,1,6,,34077,5,,,1,6,,34078,5,,,1,6,,34079,5,,,1,46,,34080,5,,,1,6,,34081,5,,,1,6,,34082,5,,,1,6,,34083,5,,,1,6,,34084,5,,,1,6,,34085,5,,,1,6,,34086,5,,,1,6,,34087,5,,,1,6,,34088,5,,,1,50,,34089,5,,,1,10,,34090,5,,,1,10,,34091,5,,,1,10,,34092,5,,,1,10,,34093,5,,,1,10,,34094,5,,,1,50,,34095,5,,,1,10,,34096,5,,,1,10,,34097,5,,,1,10,,34098,5,,,1,10,,34099,5,,,1,10,,34100,5,,,1,50,,34101,5,,,1,10,,34102,5,,,1,10,,34103,5,,,1,10,,34104,5,,,1,10,,34105,5,,,1,10,,34106,5,,,1,50,,34107,5,,,1,10,,34108,5,,,1,10,,34109,5,,,1,10,,34110,5,,,1,10,,34111,5,,,1,10,,34112,5,,,1,50,,34113,5,,,1,10,,34114,5,,,1,10,,34115,5,,,1,10,,34116,5,,,1,10,,34117,5,,,1,10,,34118,5,,,1,6,,34119,5,,,1,46,,34120,5,,,1,6,,34121,5,,,1,6,,34122,5,,,1,6,,34123,5,,,1,6,,34124,5,,,1,6,,34125,5,,,1,6,,34126,5,,,1,6,,34127,5,,,1,6,,34128,5,,,1,6,,34129,5,,,1,46,,34130,5,,,1,6,,34131,5,,,1,6,,34132,5,,,1,6,,34133,5,,,1,6,,34134,5,,,1,6,,34135,5,,,1,6,,34136,5,,,1,6,,34137,5,,,1,6,,34138,5,,,1,6,,34139,5,,,1,46,,34140,5,,,1,6,,34141,5,,,1,6,,34142,5,,,1,6,,34143,5,,,1,6,,34144,5,,,1,6,,34145,5,,,1,6,,34146,5,,,1,6,,34147,5,,,1,6,,34148,5,,,1,6,,34149,5,,,1,46,,34150,5,,,1,6,,34151,5,,,1,6,,34152,5,,,1,6,,34153,5,,,1,6,,34154,5,,,1,6,,34155,5,,,1,6,,34156,5,,,1,6,,34157,5,,,1,6,,34158,5,,,1,6,,34159,5,,,1,49,,34184,5,,,1,15,,34160,5,,,1,15,,34161,5,,,1,15,,34162,5,,,1,55,,34163,5,,,1,15,,34164,5,,,1,15,,34165,5,,,1,15,,34166,5,,,1,55,,34167,5,,,1,15,,34168,5,,,1,15,,34169,5,,,1,15,,34170,5,,,1,55,,34171,5,,,1,15,,34172,5,,,1,15,,34173,5,,,1,15,,34174,5,,,1,55,,34175,5,,,1,15,,34176,5,,,1,15,,34177,5,,,1,15,,34178,5,,,1,55,,34179,5,,,1,15,,34180,5,,,1,15,,34181,5,,,1,15,,34182,5,,,1,55,,34183,5,,,1,15,,34185,5,,,1
18002100,'021R-Weekday-5-26-09',522,,34186,5,,,1,12,,34187,5,,,1,12,,34188,5,,,1,12,,34189,5,,,1,52,,34190,5,,,1,12,,34191,5,,,1,12,,34192,5,,,1,6,,34193,5,,,1,6,,34194,5,,,1,6,,34195,5,,,1,6,,34196,5,,,1,46,,34197,5,,,1,6,,34198,5,,,1,6,,34199,5,,,1,6,,34200,5,,,1,6,,34201,5,,,1,6,,34202,5,,,1,6,,34203,5,,,1,6,,34204,5,,,1,6,,34205,5,,,1,6,,34206,5,,,1,46,,34207,5,,,1,6,,34208,5,,,1,6,,34209,5,,,1,6,,34210,5,,,1,6,,34211,5,,,1,6,,34212,5,,,1,6,,34213,5,,,1,6,,34214,5,,,1,6,,34215,5,,,1,6,,34216,5,,,1,46,,34217,5,,,1,6,,34218,5,,,1,6,,34219,5,,,1,6,,34220,5,,,1,6,,34221,5,,,1,6,,34222,5,,,1,6,,34223,5,,,1,6,,34224,5,,,1,6,,34225,5,,,1,50,,34226,5,,,1,10,,34227,5,,,1,10,,34228,5,,,1,10,,34229,5,,,1,10,,34230,5,,,1,10,,34231,5,,,1,50,,34232,5,,,1,10,,34233,5,,,1,10,,34234,5,,,1,10,,34235,5,,,1,10,,34236,5,,,1,10,,34237,5,,,1,50,,34238,5,,,1,10,,34239,5,,,1,10,,34240,5,,,1,10,,34241,5,,,1,10,,34242,5,,,1,10,,34243,5,,,1,50,,34244,5,,,1,10,,34245,5,,,1,10,,34246,5,,,1,10,,34247,5,,,1,10,,34248,5,,,1,10,,34249,5,,,1,50,,34250,5,,,1,10,,34251,5,,,1,10,,34252,5,,,1,10,,34253,5,,,1,10,,34254,5,,,1,10,,34255,5,,,1,6,,34256,5,,,1,46,,34257,5,,,1,6,,34258,5,,,1,6,,34259,5,,,1,6,,34260,5,,,1,6,,34261,5,,,1,6,,34262,5,,,1,6,,34263,5,,,1,6,,34264,5,,,1,6,,34265,5,,,1,6,,34266,5,,,1,46,,34267,5,,,1,6,,34268,5,,,1,6,,34269,5,,,1,6,,34270,5,,,1,6,,34271,5,,,1,6,,34272,5,,,1,6,,34273,5,,,1,6,,34274,5,,,1,6,,34275,5,,,1,6,,34276,5,,,1,46,,34277,5,,,1,6,,34278,5,,,1,6,,34279,5,,,1,6,,34280,5,,,1,6,,34281,5,,,1,6,,34282,5,,,1,6,,34283,5,,,1,6,,34284,5,,,1,6,,34285,5,,,1,6,,34286,5,,,1,46,,34287,5,,,1,6,,34288,5,,,1,6,,34289,5,,,1,6,,34290,5,,,1,6,,34291,5,,,1,6,,34292,5,,,1,6,,34293,5,,,1,6,,34294,5,,,1,6,,34295,5,,,1,6,,34296,5,,,1,49,,34321,5,,,1,15,,34297,5,,,1,15,,34298,5,,,1,15,,34299,5,,,1,55,,34300,5,,,1,15,,34301,5,,,1,15,,34302,5,,,1,15,,34303,5,,,1,55,,34304,5,,,1,15,,34305,5,,,1,15,,34306,5,,,1,15,,34307,5,,,1,55,,34308,5,,,1,15,,34309,5,,,1,15,,34310,5,,,1,15,,34311,5,,,1,55,,34312,5,,,1,15,,34313,5,,,1,15,,34314,5,,,1,15,,34315,5,,,1,55,,34316,5,,,1,15,,34317,5,,,1,15,,34318,5,,,1,15,,34319,5,,,1,55,,34320,5,,,1,15,,34322,5,,,1
18002100,'021R-Weekday-6-26-09',522,,34323,5,,,1,12,,34324,5,,,1,12,,34325,5,,,1,12,,34326,5,,,1,52,,34327,5,,,1,12,,34328,5,,,1,12,,34329,5,,,1,6,,34330,5,,,1,6,,34331,5,,,1,6,,34332,5,,,1,6,,34333,5,,,1,46,,34334,5,,,1,6,,34335,5,,,1,6,,34336,5,,,1,6,,34337,5,,,1,6,,34338,5,,,1,6,,34339,5,,,1,6,,34340,5,,,1,6,,34341,5,,,1,6,,34342,5,,,1,6,,34343,5,,,1,46,,34344,5,,,1,6,,34345,5,,,1,6,,34346,5,,,1,6,,34347,5,,,1,6,,34348,5,,,1,6,,34349,5,,,1,6,,34350,5,,,1,6,,34351,5,,,1,6,,34352,5,,,1,6,,34353,5,,,1,46,,34354,5,,,1,6,,34355,5,,,1,6,,34356,5,,,1,6,,34357,5,,,1,6,,34358,5,,,1,6,,34359,5,,,1,6,,34360,5,,,1,6,,34361,5,,,1,6,,34362,5,,,1,50,,34363,5,,,1,10,,34364,5,,,1,10,,34365,5,,,1,10,,34366,5,,,1,10,,34367,5,,,1,10,,34368,5,,,1,50,,34369,5,,,1,10,,34370,5,,,1,10,,34371,5,,,1,10,,34372,5,,,1,10,,34373,5,,,1,10,,34374,5,,,1,50,,34375,5,,,1,10,,34376,5,,,1,10,,34377,5,,,1,10,,34378,5,,,1,10,,34379,5,,,1,10,,34380,5,,,1,50,,34381,5,,,1,10,,34382,5,,,1,10,,34383,5,,,1,10,,34384,5,,,1,10,,34385,5,,,1,10,,34386,5,,,1,50,,34387,5,,,1,10,,34388,5,,,1,10,,34389,5,,,1,10,,34390,5,,,1,10,,34391,5,,,1,10,,34392,5,,,1,6,,34393,5,,,1,46,,34394,5,,,1,6,,34395,5,,,1,6,,34396,5,,,1,6,,34397,5,,,1,6,,34398,5,,,1,6,,34399,5,,,1,6,,34400,5,,,1,6,,34401,5,,,1,6,,34402,5,,,1,6,,34403,5,,,1,46,,34404,5,,,1,6,,34405,5,,,1,6,,34406,5,,,1,6,,34407,5,,,1,6,,34408,5,,,1,6,,34409,5,,,1,6,,34410,5,,,1,6,,34411,5,,,1,6,,34412,5,,,1,6,,34413,5,,,1,46,,34414,5,,,1,6,,34415,5,,,1,6,,34416,5,,,1,6,,34417,5,,,1,6,,34418,5,,,1,6,,34419,5,,,1,6,,34420,5,,,1,6,,34421,5,,,1,6,,34422,5,,,1,6,,34423,5,,,1,46,,34424,5,,,1,6,,34425,5,,,1,6,,34426,5,,,1,6,,34427,5,,,1,6,,34428,5,,,1,6,,34429,5,,,1,6,,34430,5,,,1,6,,34431,5,,,1,6,,34432,5,,,1,6,,34433,5,,,1,49,,34458,5,,,1,15,,34434,5,,,1,15,,34435,5,,,1,15,,34436,5,,,1,55,,34437,5,,,1,15,,34438,5,,,1,15,,34439,5,,,1,15,,34440,5,,,1,55,,34441,5,,,1,15,,34442,5,,,1,15,,34443,5,,,1,15,,34444,5,,,1,55,,34445,5,,,1,15,,34446,5,,,1,15,,34447,5,,,1,15,,34448,5,,,1,55,,34449,5,,,1,15,,34450,5,,,1,15,,34451,5,,,1,15,,34452,5,,,1,55,,34453,5,,,1,15,,34454,5,,,1,15,,34455,5,,,1,15,,34456,5,,,1,55,,34457,5,,,1,15,,34459,5,,,1
18002100,'021R-Weekday-7-26-09',522,,34460,5,,,1,12,,34461,5,,,1,12,,34462,5,,,1,12,,34463,5,,,1,52,,34464,5,,,1,12,,34465,5,,,1,12,,34466,5,,,1,6,,34467,5,,,1,6,,34468,5,,,1,6,,34469,5,,,1,6,,34470,5,,,1,46,,34471,5,,,1,6,,34472,5,,,1,6,,34473,5,,,1,6,,34474,5,,,1,6,,34475,5,,,1,6,,34476,5,,,1,6,,34477,5,,,1,6,,34478,5,,,1,6,,34479,5,,,1,6,,34480,5,,,1,46,,34481,5,,,1,6,,34482,5,,,1,6,,34483,5,,,1,6,,34484,5,,,1,6,,34485,5,,,1,6,,34486,5,,,1,6,,34487,5,,,1,6,,34488,5,,,1,6,,34489,5,,,1,6,,34490,5,,,1,46,,34491,5,,,1,6,,34492,5,,,1,6,,34493,5,,,1,6,,34494,5,,,1,6,,34495,5,,,1,6,,34496,5,,,1,6,,34497,5,,,1,6,,34498,5,,,1,6,,34499,5,,,1,50,,34500,5,,,1,10,,34501,5,,,1,10,,34502,5,,,1,10,,34503,5,,,1,10,,34504,5,,,1,10,,34505,5,,,1,50,,34506,5,,,1,10,,34507,5,,,1,10,,34508,5,,,1,10,,34509,5,,,1,10,,34510,5,,,1,10,,34511,5,,,1,50,,34512,5,,,1,10,,34513,5,,,1,10,,34514,5,,,1,10,,34515,5,,,1,10,,34516,5,,,1,10,,34517,5,,,1,50,,34518,5,,,1,10,,34519,5,,,1,10,,34520,5,,,1,10,,34521,5,,,1,10,,34522,5,,,1,10,,34523,5,,,1,50,,34524,5,,,1,10,,34525,5,,,1,10,,34526,5,,,1,10,,34527,5,,,1,10,,34528,5,,,1,10,,34529,5,,,1,6,,34530,5,,,1,46,,34531,5,,,1,6,,34532,5,,,1,6,,34533,5,,,1,6,,34534,5,,,1,6,,34535,5,,,1,6,,34536,5,,,1,6,,34537,5,,,1,6,,34538,5,,,1,6,,34539,5,,,1,6,,34540,5,,,1,46,,34541,5,,,1,6,,34542,5,,,1,6,,34543,5,,,1,6,,34544,5,,,1,6,,34545,5,,,1,6,,34546,5,,,1,6,,34547,5,,,1,6,,34548,5,,,1,6,,34549,5,,,1,6,,34550,5,,,1,46,,34551,5,,,1,6,,34552,5,,,1,6,,34553,5,,,1,6,,34554,5,,,1,6,,34555,5,,,1,6,,34556,5,,,1,6,,34557,5,,,1,6,,34558,5,,,1,6,,34559,5,,,1,6,,34560,5,,,1,46,,34561,5,,,1,6,,34562,5,,,1,6,,34563,5,,,1,6,,34564,5,,,1,6,,34565,5,,,1,6,,34566,5,,,1,6,,34567,5,,,1,6,,34568,5,,,1,6,,34569,5,,,1,6,,34570,5,,,1,49,,34595,5,,,1,15,,34571,5,,,1,15,,34572,5,,,1,15,,34573,5,,,1,55,,34574,5,,,1,15,,34575,5,,,1,15,,34576,5,,,1,15,,34577,5,,,1,55,,34578,5,,,1,15,,34579,5,,,1,15,,34580,5,,,1,15,,34581,5,,,1,55,,34582,5,,,1,15,,34583,5,,,1,15,,34584,5,,,1,15,,34585,5,,,1,55,,34586,5,,,1,15,,34587,5,,,1,15,,34588,5,,,1,15,,34589,5,,,1,55,,34590,5,,,1,15,,34591,5,,,1,15,,34592,5,,,1,15,,34593,5,,,1,55,,34594,5,,,1,15,,34596,5,,,1
18002100,'021R-Saturday-1-26-09',522,,34597,5,,,1,15,,34598,5,,,1,15,,34599,5,,,1,55,,34600,5,,,1,15,,34601,5,,,1,15,,34602,5,,,1,15,,34603,5,,,1,55,,34604,5,,,1,15,,34605,5,,,1,15,,34606,5,,,1,15,,34607,5,,,1,55,,34608,5,,,1,15,,34609,5,,,1,15,,34610,5,,,1,15,,34611,5,,,1,55,,34612,5,,,1,15,,34613,5,,,1,15,,34614,5,,,1,15,,34615,5,,,1,55,,34616,5,,,1,15,,34617,5,,,1,15,,34618,5,,,1,15,,34619,5,,,1,55,,34620,5,,,1,15,,34621,5,,,1,15,,34622,5,,,1,15,,34623,5,,,1,55,,34624,5,,,1,15,,34625,5,,,1,15,,34626,5,,,1,15,,34627,5,,,1,55,,34628,5,,,1,15,,34629,5,,,1,15,,34630,5,,,1,15,,34631,5,,,1,55,,34632,5,,,1,15,,34633,5,,,1,15,,34634,5,,,1,15,,34635,5,,,1,55,,34636,5,,,1,15,,34637,5,,,1,15,,34638,5,,,1,15,,34639,5,,,1,55,,34640,5,,,1,15,,34641,5,,,1,15,,34642,5,,,1,15,,34643,5,,,1,55,,34644,5,,,1,15,,34645,5,,,1,15,,34646,5,,,1,15,,34647,5,,,1,55,,34648,5,,,1,15,,34649,5,,,1,15,,34650,5,,,1,15,,34651,5,,,1,55,,34652,5,,,1,15,,34653,5,,,1,15,,34654,5,,,1,15,,34655,5,,,1,55,,34656,5,,,1,15,,34657,5,,,1,15,,34658,5,,,1,15,,34659,5,,,1,55,,34660,5,,,1,15,,34661,5,,,1,15,,34662,5,,,1,15,,34663,5,,,1,55,,34664,5,,,1,15,,34665,5,,,1,15,,34666,5,,,1,15,,34667,5,,,1,55,,34668,5,,,1,15,,34669,5,,,1,15,,34670,5,,,1,15,,34671,5,,,1,55,,34672,5,,,1,15,,34673,5,,,1,15,,34674,5,,,1,15,,34675,5,,,1,55,,34676,5,,,1,15,,34677,5,,,1
18002100,'021R-Saturday-3-26-09',525,,41850,5,,,1,15,,41851,5,,,1,15,,41852,5,,,1,55,,41853,5,,,1,15,,41854,5,,,1,15,,41855,5,,,1,15,,41856,5,,,1,55,,41857,5,,,1,15,,41858,5,,,1,15,,41859,5,,,1,15,,41860,5,,,1,55,,41861,5,,,1,15,,41862,5,,,1,15,,41863,5,,,1,15,,41864,5,,,1,55,,41865,5,,,1,15,,41866,5,,,1,15,,41867,5,,,1,15,,41868,5,,,1,55,,41869,5,,,1,15,,41870,5,,,1,15,,41871,5,,,1,15,,41872,5,,,1,55,,41873,5,,,1,15,,41874,5,,,1,15,,41875,5,,,1,15,,41876,5,,,1,55,,41877,5,,,1,15,,41878,5,,,1,15,,41879,5,,,1,15,,41880,5,,,1,55,,41881,5,,,1,15,,41882,5,,,1,15,,41883,5,,,1,15,,41884,5,,,1,55,,41885,5,,,1,15,,41886,5,,,1,15,,41887,5,,,1,15,,41888,5,,,1,55,,41889,5,,,1,15,,41890,5,,,1,15,,41891,5,,,1,15,,41892,5,,,1,55,,41893,5,,,1,15,,41894,5,,,1,15,,41895,5,,,1,15,,41896,5,,,1,55,,41897,5,,,1,15,,41898,5,,,1,15,,41899,5,,,1,15,,41900,5,,,1,55,,41901,5,,,1,15,,41902,5,,,1,15,,41903,5,,,1,15,,41904,5,,,1,55,,41905,5,,,1,15,,41906,5,,,1,15,,41907,5,,,1,15,,41908,5,,,1,55,,41909,5,,,1,15,,41910,5,,,1,15,,41911,5,,,1,15,,41912,5,,,1,55,,41913,5,,,1,15,,41914,5,,,1,15,,41915,5,,,1,15,,41916,5,,,1,55,,41917,5,,,1,15,,41918,5,,,1,15,,41919,5,,,1,15,,41920,5,,,1,55,,41921,5,,,1,15,,41922,5,,,1,15,,41923,5,,,1,15,,41924,5,,,1,55,,41925,5,,,1,15,,41926,5,,,1,15,,41927,5,,,1,15,,41928,5,,,1,55,,41929,5,,,1,15,,41930,5,,,1
18002100,'021R-Saturday-4-26-09',522,,41931,5,,,1,15,,41932,5,,,1,15,,41933,5,,,1,55,,41934,5,,,1,15,,41935,5,,,1,15,,41936,5,,,1,15,,41937,5,,,1,55,,41938,5,,,1,15,,41939,5,,,1,15,,41940,5,,,1,15,,41941,5,,,1,55,,41942,5,,,1,15,,41943,5,,,1,15,,41944,5,,,1,15,,41945,5,,,1,55,,41946,5,,,1,15,,41947,5,,,1,15,,41948,5,,,1,15,,41949,5,,,1,55,,41950,5,,,1,15,,41951,5,,,1,15,,41952,5,,,1,15,,41953,5,,,1,55,,41954,5,,,1,15,,41955,5,,,1,15,,41956,5,,,1,15,,41957,5,,,1,55,,41958,5,,,1,15,,41959,5,,,1,15,,41960,5,,,1,15,,41961,5,,,1,55,,41962,5,,,1,15,,41963,5,,,1,15,,41964,5,,,1,15,,41965,5,,,1,55,,41966,5,,,1,15,,41967,5,,,1,15,,41968,5,,,1,15,,41969,5,,,1,55,,41970,5,,,1,15,,41971,5,,,1,15,,41972,5,,,1,15,,41973,5,,,1,55,,41974,5,,,1,15,,41975,5,,,1,15,,41976,5,,,1,15,,41977,5,,,1,55,,41978,5,,,1,15,,41979,5,,,1,15,,41980,5,,,1,15,,41981,5,,,1,55,,41982,5,,,1,15,,41983,5,,,1,15,,41984,5,,,1,15,,41985,5,,,1,55,,41986,5,,,1,15,,41987,5,,,1,15,,41988,5,,,1,15,,41989,5,,,1,55,,41990,5,,,1,15,,41991,5,,,1,15,,41992,5,,,1,15,,41993,5,,,1,55,,41994,5,,,1,15,,41995,5,,,1,15,,41996,5,,,1,15,,41997,5,,,1,55,,41998,5,,,1,15,,41999,5,,,1,15,,42000,5,,,1,15,,42001,5,,,1,55,,42002,5,,,1,15,,42003,5,,,1,15,,42004,5,,,1,15,,42005,5,,,1,55,,42006,5,,,1,15,,42007,5,,,1,15,,42008,5,,,1,15,,42009,5,,,1,55,,42010,5,,,1,15,,42011,5,,,1
18002100,'021R-Sunday-1-26-09',552,,34759,5,,,1,55,,34760,5,,,1,15,,34761,5,,,1,15,,34762,5,,,1,15,,34763,5,,,1,55,,34764,5,,,1,15,,34765,5,,,1,15,,34766,5,,,1,15,,34767,5,,,1,55,,34768,5,,,1,15,,34769,5,,,1,15,,34770,5,,,1,15,,34771,5,,,1,55,,34772,5,,,1,15,,34773,5,,,1,15,,34774,5,,,1,15,,34775,5,,,1,55,,34776,5,,,1,15,,34777,5,,,1,15,,34778,5,,,1,15,,34779,5,,,1,55,,34780,5,,,1,15,,34781,5,,,1,15,,34782,5,,,1,15,,34783,5,,,1,55,,34784,5,,,1,15,,34785,5,,,1,15,,34786,5,,,1,15,,34787,5,,,1,55,,34788,5,,,1,15,,34789,5,,,1,15,,34790,5,,,1,15,,34791,5,,,1,55,,34792,5,,,1,15,,34793,5,,,1,15,,34794,5,,,1,15,,34795,5,,,1,55,,34796,5,,,1,15,,34797,5,,,1,15,,34798,5,,,1,15,,34799,5,,,1,55,,34800,5,,,1,15,,34801,5,,,1,15,,34802,5,,,1,15,,34803,5,,,1,55,,34804,5,,,1,15,,34805,5,,,1,15,,34806,5,,,1,15,,34807,5,,,1,55,,34808,5,,,1,15,,34809,5,,,1,15,,34810,5,,,1,15,,34811,5,,,1,55,,34812,5,,,1,15,,34813,5,,,1,15,,34814,5,,,1,15,,34815,5,,,1,55,,34816,5,,,1,15,,34817,5,,,1,15,,34818,5,,,1,15,,34819,5,,,1,55,,34820,5,,,1,15,,34821,5,,,1,15,,34822,5,,,1,15,,34823,5,,,1,55,,34824,5,,,1,15,,34825,5,,,1,15,,34826,5,,,1,15,,34827,5,,,1,55,,34828,5,,,1,15,,34829,5,,,1,15,,34830,5,,,1,15,,34831,5,,,1,55,,34832,5,,,1,15,,34833,5,,,1,15,,34834,5,,,1,15,,34835,5,,,1
18002100,'021R-Sunday-5-26-09',555,,42012,5,,,1,55,,42013,5,,,1,15,,42014,5,,,1,15,,42015,5,,,1,15,,42016,5,,,1,55,,42017,5,,,1,15,,42018,5,,,1,15,,42019,5,,,1,15,,42020,5,,,1,55,,42021,5,,,1,15,,42022,5,,,1,15,,42023,5,,,1,15,,42024,5,,,1,55,,42025,5,,,1,15,,42026,5,,,1,15,,42027,5,,,1,15,,42028,5,,,1,55,,42029,5,,,1,15,,42030,5,,,1,15,,42031,5,,,1,15,,42032,5,,,1,55,,42033,5,,,1,15,,42034,5,,,1,15,,42035,5,,,1,15,,42036,5,,,1,55,,42037,5,,,1,15,,42038,5,,,1,15,,42039,5,,,1,15,,42040,5,,,1,55,,42041,5,,,1,15,,42042,5,,,1,15,,42043,5,,,1,15,,42044,5,,,1,55,,42045,5,,,1,15,,42046,5,,,1,15,,42047,5,,,1,15,,42048,5,,,1,55,,42049,5,,,1,15,,42050,5,,,1,15,,42051,5,,,1,15,,42052,5,,,1,55,,42053,5,,,1,15,,42054,5,,,1,15,,42055,5,,,1,15,,42056,5,,,1,55,,42057,5,,,1,15,,42058,5,,,1,15,,42059,5,,,1,15,,42060,5,,,1,55,,42061,5,,,1,15,,42062,5,,,1,15,,42063,5,,,1,15,,42064,5,,,1,55,,42065,5,,,1,15,,42066,5,,,1,15,,42067,5,,,1,12,,42068,5,,,1,55,,42069,5,,,1,15,,42070,5,,,1,15,,42071,5,,,1,15,,42072,5,,,1,55,,42073,5,,,1,15,,42074,5,,,1,15,,42075,5,,,1,15,,42076,5,,,1,55,,42077,5,,,1,15,,42078,5,,,1,15,,42079,5,,,1,15,,42080,5,,,1,55,,42081,5,,,1,15,,42082,5,,,1,15,,42083,5,,,1,15,,42084,5,,,1,55,,42085,5,,,1,15,,42086,5,,,1,15,,42087,5,,,1,15,,42088,5,,,1
18002100,'021R-Sunday-6-26-09',552,,42626,5,,,1,55,,42627,5,,,1,15,,42628,5,,,1,15,,42629,5,,,1,15,,42630,5,,,1,55,,42631,5,,,1,15,,42632,5,,,1,15,,42633,5,,,1,15,,42634,5,,,1,55,,42635,5,,,1,15,,42636,5,,,1,15,,42637,5,,,1,15,,42638,5,,,1,55,,42639,5,,,1,15,,42640,5,,,1,15,,42641,5,,,1,15,,42642,5,,,1,55,,42643,5,,,1,15,,42644,5,,,1,15,,42645,5,,,1,15,,42646,5,,,1,55,,42647,5,,,1,15,,42648,5,,,1,15,,42649,5,,,1,15,,42650,5,,,1,55,,42651,5,,,1,15,,42652,5,,,1,15,,42653,5,,,1,15,,42654,5,,,1,55,,42655,5,,,1,15,,42656,5,,,1,15,,42657,5,,,1,15,,42658,5,,,1,55,,42659,5,,,1,15,,42660,5,,,1,15,,42661,5,,,1,15,,42662,5,,,1,55,,42663,5,,,1,15,,42664,5,,,1,15,,42665,5,,,1,15,,42666,5,,,1,55,,42667,5,,,1,15,,42668,5,,,1,15,,42669,5,,,1,15,,42670,5,,,1,55,,42671,5,,,1,15,,42672,5,,,1,15,,42673,5,,,1,15,,42674,5,,,1,55,,42675,5,,,1,15,,42676,5,,,1,15,,42677,5,,,1,15,,42678,5,,,1,55,,42679,5,,,1,15,,42680,5,,,1,15,,42681,5,,,1,15,,42682,5,,,1,55,,42683,5,,,1,15,,42684,5,,,1,15,,42685,5,,,1,15,,42686,5,,,1,55,,42687,5,,,1,15,,42688,5,,,1,15,,42689,5,,,1,15,,42690,5,,,1,55,,42691,5,,,1,15,,42692,5,,,1,15,,42693,5,,,1,15,,42694,5,,,1,55,,42695,5,,,1,15,,42696,5,,,1,15,,42697,5,,,1,15,,42698,5,,,1,55,,42699,5,,,1,15,,42700,5,,,1,15,,42701,5,,,1,15,,42702,5,,,1
18002200,'022R-Weekday-1-26-09',525,,36327,2,,,1,12,,36328,2,,,1,12,,36329,2,,,1,52,,36330,2,,,1,12,,36331,2,,,1,12,,36332,2,,,1,12,,36333,2,,,1,12,,36334,2,,,1,52,,36335,2,,,1,12,,36336,2,,,1,12,,36337,2,,,1,12,,36368,2,,,1,12,,36369,2,,,1,52,,36370,2,,,1,12,,36371,2,,,1,12,,36372,2,,,1,12,,36373,2,,,1,12,,36374,2,,,1,52,,36341,2,,,1,12,,36342,2,,,1,12,,36343,2,,,1,12,,36344,2,,,1,18,,36375,2,,,1,55,,36376,2,,,1,15,,36377,2,,,1,15,,36378,2,,,1,15,,36345,2,,,1,55,,36346,2,,,1,15,,36347,2,,,1,15,,36348,2,,,1,15,,36349,2,,,1,55,,36350,2,,,1,15,,36351,2,,,1,15,,36352,2,,,1,15,,36353,2,,,1,55,,36354,2,,,1,15,,36355,2,,,1,15,,36356,2,,,1,15,,36338,2,,,1,55,,36339,2,,,1,15,,36340,2,,,1,12,,36401,2,,,1,12,,36402,2,,,1,52,,36403,2,,,1,12,,36404,2,,,1,12,,36405,2,,,1,12,,36406,2,,,1,12,,36407,2,,,1,52,,36408,2,,,1,12,,36409,2,,,1,12,,36410,2,,,1,12,,36357,2,,,1,12,,36358,2,,,1,52,,36359,2,,,1,12,,36360,2,,,1,12,,36361,2,,,1,12,,36362,2,,,1,12,,36363,2,,,1,52,,36364,2,,,1,12,,36365,2,,,1,12,,36366,2,,,1,12,,36367,2,,,1,19,,36379,2,,,1,55,,36380,2,,,1,15,,36381,2,,,1,15,,36382,2,,,1,15,,36383,2,,,1,55,,36384,2,,,1,15,,36385,2,,,1,15,,36386,2,,,1,15,,36387,2,,,1,55,,36388,2,,,1,15,,36389,2,,,1,15,,36390,2,,,1,15,,36391,2,,,1,55,,36392,2,,,1,15,,36393,2,,,1,15,,36394,2,,,1,15,,36395,2,,,1,55,,36396,2,,,1,15,,36397,2,,,1,15,,36398,2,,,1,15,,36399,2,,,1,55,,36400,2,,,1,15,,36326,2,,,1
18002200,'022R-Weekday-3-26-09',525,,36497,2,,,1,12,,36498,2,,,1,12,,36499,2,,,1,52,,36500,2,,,1,12,,36501,2,,,1,12,,36502,2,,,1,12,,36503,2,,,1,12,,36504,2,,,1,52,,36505,2,,,1,12,,36506,2,,,1,12,,36507,2,,,1,12,,36538,2,,,1,12,,36539,2,,,1,52,,36540,2,,,1,12,,36541,2,,,1,12,,36542,2,,,1,12,,36543,2,,,1,12,,36544,2,,,1,52,,36511,2,,,1,12,,36512,2,,,1,12,,36513,2,,,1,12,,36514,2,,,1,18,,36545,2,,,1,55,,36546,2,,,1,15,,36547,2,,,1,15,,36548,2,,,1,15,,36515,2,,,1,55,,36516,2,,,1,15,,36517,2,,,1,15,,36518,2,,,1,15,,36519,2,,,1,55,,36520,2,,,1,15,,36521,2,,,1,15,,36522,2,,,1,15,,36523,2,,,1,55,,36524,2,,,1,15,,36525,2,,,1,15,,36526,2,,,1,15,,36508,2,,,1,55,,36509,2,,,1,15,,36510,2,,,1,12,,36571,2,,,1,12,,36572,2,,,1,52,,36573,2,,,1,12,,36574,2,,,1,12,,36575,2,,,1,12,,36576,2,,,1,12,,36577,2,,,1,52,,36578,2,,,1,12,,36579,2,,,1,12,,36580,2,,,1,12,,36527,2,,,1,12,,36528,2,,,1,52,,36529,2,,,1,12,,36530,2,,,1,12,,36531,2,,,1,12,,36532,2,,,1,12,,36533,2,,,1,52,,36534,2,,,1,12,,36535,2,,,1,12,,36536,2,,,1,12,,36537,2,,,1,19,,36549,2,,,1,55,,36550,2,,,1,15,,36551,2,,,1,15,,36552,2,,,1,15,,36553,2,,,1,55,,36554,2,,,1,15,,36555,2,,,1,15,,36556,2,,,1,15,,36557,2,,,1,55,,36558,2,,,1,15,,36559,2,,,1,15,,36560,2,,,1,15,,36561,2,,,1,55,,36562,2,,,1,15,,36563,2,,,1,15,,36564,2,,,1,15,,36565,2,,,1,55,,36566,2,,,1,15,,36567,2,,,1,15,,36568,2,,,1,15,,36569,2,,,1,55,,36570,2,,,1,15,,36496,2,,,1
18002200,'022R-Weekday-4-26-09',525,,36582,2,,,1,12,,36583,2,,,1,12,,36584,2,,,1,52,,36585,2,,,1,12,,36586,2,,,1,12,,36587,2,,,1,12,,36588,2,,,1,12,,36589,2,,,1,52,,36590,2,,,1,12,,36591,2,,,1,12,,36592,2,,,1,12,,36623,2,,,1,12,,36624,2,,,1,52,,36625,2,,,1,12,,36626,2,,,1,12,,36627,2,,,1,12,,36628,2,,,1,12,,36629,2,,,1,52,,36596,2,,,1,12,,36597,2,,,1,12,,36598,2,,,1,12,,36599,2,,,1,18,,36630,2,,,1,55,,36631,2,,,1,15,,36632,2,,,1,15,,36633,2,,,1,15,,36600,2,,,1,55,,36601,2,,,1,15,,36602,2,,,1,15,,36603,2,,,1,15,,36604,2,,,1,55,,36605,2,,,1,15,,36606,2,,,1,15,,36607,2,,,1,15,,36608,2,,,1,55,,36609,2,,,1,15,,36610,2,,,1,15,,36611,2,,,1,15,,36593,2,,,1,55,,36594,2,,,1,15,,36595,2,,,1,12,,36656,2,,,1,12,,36657,2,,,1,52,,36658,2,,,1,12,,36659,2,,,1,12,,36660,2,,,1,12,,36661,2,,,1,12,,36662,2,,,1,52,,36663,2,,,1,12,,36664,2,,,1,12,,36665,2,,,1,12,,36612,2,,,1,12,,36613,2,,,1,52,,36614,2,,,1,12,,36615,2,,,1,12,,36616,2,,,1,12,,36617,2,,,1,12,,36618,2,,,1,52,,36619,2,,,1,12,,36620,2,,,1,12,,36621,2,,,1,12,,36622,2,,,1,19,,36634,2,,,1,55,,36635,2,,,1,15,,36636,2,,,1,15,,36637,2,,,1,15,,36638,2,,,1,55,,36639,2,,,1,15,,36640,2,,,1,15,,36641,2,,,1,15,,36642,2,,,1,55,,36643,2,,,1,15,,36644,2,,,1,15,,36645,2,,,1,15,,36646,2,,,1,55,,36647,2,,,1,15,,36648,2,,,1,15,,36649,2,,,1,15,,36650,2,,,1,55,,36651,2,,,1,15,,36652,2,,,1,15,,36653,2,,,1,15,,36654,2,,,1,55,,36655,2,,,1,15,,36581,2,,,1
18002200,'022R-Weekday-5-26-09',525,,36667,2,,,1,12,,36668,2,,,1,12,,36669,2,,,1,52,,36670,2,,,1,12,,36671,2,,,1,12,,36672,2,,,1,12,,36673,2,,,1,12,,36674,2,,,1,52,,36675,2,,,1,12,,36676,2,,,1,12,,36677,2,,,1,12,,36708,2,,,1,12,,36709,2,,,1,52,,36710,2,,,1,12,,36711,2,,,1,12,,36712,2,,,1,12,,36713,2,,,1,12,,36714,2,,,1,52,,36681,2,,,1,12,,36682,2,,,1,12,,36683,2,,,1,12,,36684,2,,,1,18,,36715,2,,,1,55,,36716,2,,,1,15,,36717,2,,,1,15,,36718,2,,,1,15,,36685,2,,,1,55,,36686,2,,,1,15,,36687,2,,,1,15,,36688,2,,,1,15,,36689,2,,,1,55,,36690,2,,,1,15,,36691,2,,,1,15,,36692,2,,,1,15,,36693,2,,,1,55,,36694,2,,,1,15,,36695,2,,,1,15,,36696,2,,,1,15,,36678,2,,,1,55,,36679,2,,,1,15,,36680,2,,,1,12,,36741,2,,,1,12,,36742,2,,,1,52,,36743,2,,,1,12,,36744,2,,,1,12,,36745,2,,,1,12,,36746,2,,,1,12,,36747,2,,,1,52,,36748,2,,,1,12,,36749,2,,,1,12,,36750,2,,,1,12,,36697,2,,,1,12,,36698,2,,,1,52,,36699,2,,,1,12,,36700,2,,,1,12,,36701,2,,,1,12,,36702,2,,,1,12,,36703,2,,,1,52,,36704,2,,,1,12,,36705,2,,,1,12,,36706,2,,,1,12,,36707,2,,,1,19,,36719,2,,,1,55,,36720,2,,,1,15,,36721,2,,,1,15,,36722,2,,,1,15,,36723,2,,,1,55,,36724,2,,,1,15,,36725,2,,,1,15,,36726,2,,,1,15,,36727,2,,,1,55,,36728,2,,,1,15,,36729,2,,,1,15,,36730,2,,,1,15,,36731,2,,,1,55,,36732,2,,,1,15,,36733,2,,,1,15,,36734,2,,,1,15,,36735,2,,,1,55,,36736,2,,,1,15,,36737,2,,,1,15,,36738,2,,,1,15,,36739,2,,,1,55,,36740,2,,,1,15,,36666,2,,,1
18002200,'022R-Weekday-6-26-09',525,,36752,2,,,1,12,,36753,2,,,1,12,,36754,2,,,1,52,,36755,2,,,1,12,,36756,2,,,1,12,,36757,2,,,1,12,,36758,2,,,1,12,,36759,2,,,1,52,,36760,2,,,1,12,,36761,2,,,1,12,,36762,2,,,1,12,,36793,2,,,1,12,,36794,2,,,1,52,,36795,2,,,1,12,,36796,2,,,1,12,,36797,2,,,1,12,,36798,2,,,1,12,,36799,2,,,1,52,,36766,2,,,1,12,,36767,2,,,1,12,,36768,2,,,1,12,,36769,2,,,1,18,,36800,2,,,1,55,,36801,2,,,1,15,,36802,2,,,1,15,,36803,2,,,1,15,,36770,2,,,1,55,,36771,2,,,1,15,,36772,2,,,1,15,,36773,2,,,1,15,,36774,2,,,1,55,,36775,2,,,1,15,,36776,2,,,1,15,,36777,2,,,1,15,,36778,2,,,1,55,,36779,2,,,1,15,,36780,2,,,1,15,,36781,2,,,1,15,,36763,2,,,1,55,,36764,2,,,1,15,,36765,2,,,1,12,,36826,2,,,1,12,,36827,2,,,1,52,,36828,2,,,1,12,,36829,2,,,1,12,,36830,2,,,1,12,,36831,2,,,1,12,,36832,2,,,1,52,,36833,2,,,1,12,,36834,2,,,1,12,,36835,2,,,1,12,,36782,2,,,1,12,,36783,2,,,1,52,,36784,2,,,1,12,,36785,2,,,1,12,,36786,2,,,1,12,,36787,2,,,1,12,,36788,2,,,1,52,,36789,2,,,1,12,,36790,2,,,1,12,,36791,2,,,1,12,,36792,2,,,1,19,,36804,2,,,1,55,,36805,2,,,1,15,,36806,2,,,1,15,,36807,2,,,1,15,,36808,2,,,1,55,,36809,2,,,1,15,,36810,2,,,1,15,,36811,2,,,1,15,,36812,2,,,1,55,,36813,2,,,1,15,,36814,2,,,1,15,,36815,2,,,1,15,,36816,2,,,1,55,,36817,2,,,1,15,,36818,2,,,1,15,,36819,2,,,1,15,,36820,2,,,1,55,,36821,2,,,1,15,,36822,2,,,1,15,,36823,2,,,1,15,,36824,2,,,1,55,,36825,2,,,1,15,,36751,2,,,1
18002200,'022R-Weekday-7-26-09',525,,36837,2,,,1,12,,36838,2,,,1,12,,36839,2,,,1,52,,36840,2,,,1,12,,36841,2,,,1,12,,36842,2,,,1,12,,36843,2,,,1,12,,36844,2,,,1,52,,36845,2,,,1,12,,36846,2,,,1,12,,36847,2,,,1,12,,36878,2,,,1,12,,36879,2,,,1,52,,36880,2,,,1,12,,36881,2,,,1,12,,36882,2,,,1,12,,36883,2,,,1,12,,36884,2,,,1,52,,36851,2,,,1,12,,36852,2,,,1,12,,36853,2,,,1,12,,36854,2,,,1,18,,36885,2,,,1,55,,36886,2,,,1,15,,36887,2,,,1,15,,36888,2,,,1,15,,36855,2,,,1,55,,36856,2,,,1,15,,36857,2,,,1,15,,36858,2,,,1,15,,36859,2,,,1,55,,36860,2,,,1,15,,36861,2,,,1,15,,36862,2,,,1,15,,36863,2,,,1,55,,36864,2,,,1,15,,36865,2,,,1,15,,36866,2,,,1,15,,36848,2,,,1,55,,36849,2,,,1,15,,36850,2,,,1,12,,36911,2,,,1,12,,36912,2,,,1,52,,36913,2,,,1,12,,36914,2,,,1,12,,36915,2,,,1,12,,36916,2,,,1,12,,36917,2,,,1,52,,36918,2,,,1,12,,36919,2,,,1,12,,36920,2,,,1,12,,36867,2,,,1,12,,36868,2,,,1,52,,36869,2,,,1,12,,36870,2,,,1,12,,36871,2,,,1,12,,36872,2,,,1,12,,36873,2,,,1,52,,36874,2,,,1,12,,36875,2,,,1,12,,36876,2,,,1,12,,36877,2,,,1,19,,36889,2,,,1,55,,36890,2,,,1,15,,36891,2,,,1,15,,36892,2,,,1,15,,36893,2,,,1,55,,36894,2,,,1,15,,36895,2,,,1,15,,36896,2,,,1,15,,36897,2,,,1,55,,36898,2,,,1,15,,36899,2,,,1,15,,36900,2,,,1,15,,36901,2,,,1,55,,36902,2,,,1,15,,36903,2,,,1,15,,36904,2,,,1,15,,36905,2,,,1,55,,36906,2,,,1,15,,36907,2,,,1,15,,36908,2,,,1,15,,36909,2,,,1,55,,36910,2,,,1,15,,36836,2,,,1
18002200,'022R-Saturday-1-26-09',526,,36921,2,,,1,15,,36922,2,,,1,15,,36923,2,,,1,55,,36924,2,,,1,15,,36925,2,,,1,15,,36926,2,,,1,15,,36927,2,,,1,55,,36928,2,,,1,15,,36929,2,,,1,15,,36930,2,,,1,15,,36931,2,,,1,55,,36932,2,,,1,15,,36933,2,,,1,15,,36934,2,,,1,15,,36935,2,,,1,55,,36936,2,,,1,15,,36937,2,,,1,15,,36938,2,,,1,15,,36939,2,,,1,55,,36940,2,,,1,15,,36941,2,,,1,15,,36942,2,,,1,15,,36943,2,,,1,55,,36944,2,,,1,15,,36945,2,,,1,15,,36946,2,,,1,15,,36947,2,,,1,55,,36948,2,,,1,15,,36949,2,,,1,15,,36950,2,,,1,15,,36951,2,,,1,55,,36952,2,,,1,15,,36953,2,,,1,15,,36954,2,,,1,15,,36955,2,,,1,55,,36956,2,,,1,15,,36957,2,,,1,15,,36958,2,,,1,15,,36959,2,,,1,55,,36960,2,,,1,15,,36961,2,,,1,15,,36962,2,,,1,15,,36963,2,,,1,55,,36964,2,,,1,15,,36965,2,,,1,15,,36966,2,,,1,15,,36967,2,,,1,55,,36968,2,,,1,15,,36969,2,,,1,15,,36970,2,,,1,15,,36971,2,,,1,55,,36972,2,,,1,15,,36973,2,,,1,15,,36974,2,,,1,15,,36975,2,,,1,55,,36976,2,,,1,15,,36977,2,,,1,15,,36978,2,,,1,15,,36979,2,,,1,55,,36980,2,,,1,15,,36981,2,,,1,15,,36982,2,,,1,15,,36983,2,,,1,55,,36984,2,,,1,15,,36985,2,,,1,15,,36986,2,,,1,15,,36987,2,,,1,55,,36988,2,,,1,15,,36989,2,,,1,15,,36990,2,,,1,15,,36991,2,,,1,55,,36992,2,,,1,15,,36993,2,,,1,15,,36994,2,,,1,15,,36995,2,,,1,55,,36996,2,,,1,15,,36997,2,,,1
18002200,'022R-Saturday-4-26-09',1611,,37156,2,,,1,15,,37157,2,,,1,15,,37158,2,,,1,15,,37159,2,,,1,55,,37160,2,,,1,15,,37161,2,,,1,15,,37162,2,,,1,15,,37163,2,,,1,55,,37164,2,,,1,15,,37165,2,,,1,15,,37166,2,,,1,15,,37167,2,,,1,55,,37168,2,,,1,15,,37169,2,,,1,15,,37170,2,,,1,15,,37171,2,,,1,55,,37172,2,,,1,15,,37173,2,,,1,15,,37174,2,,,1,15,,37175,2,,,1,55,,37176,2,,,1,15,,37177,2,,,1,15,,37178,2,,,1,15,,37179,2,,,1,55,,37180,2,,,1,15,,37181,2,,,1,15,,37182,2,,,1,15,,37183,2,,,1,55,,37184,2,,,1,15,,37185,2,,,1,15,,37186,2,,,1,15,,37187,2,,,1,55,,37188,2,,,1,15,,37189,2,,,1
18002200,'022R-Saturday-5-26-09',529,,42327,2,,,1,15,,42328,2,,,1,15,,42329,2,,,1,55,,42330,2,,,1,15,,42331,2,,,1,15,,42332,2,,,1,15,,42333,2,,,1,55,,42334,2,,,1,15,,42335,2,,,1,15,,42336,2,,,1,15,,42337,2,,,1,55,,42338,2,,,1,15,,42339,2,,,1,15,,42340,2,,,1,15,,42341,2,,,1,55,,42342,2,,,1,15,,42343,2,,,1,15,,42344,2,,,1,15,,42345,2,,,1,55,,42346,2,,,1,15,,42347,2,,,1,15,,42348,2,,,1,15,,42349,2,,,1,55,,42350,2,,,1,15,,42351,2,,,1,15,,42352,2,,,1,15,,42353,2,,,1,55,,42354,2,,,1,15,,42355,2,,,1,15,,42356,2,,,1,15,,42357,2,,,1,55,,42358,2,,,1,15,,42359,2,,,1,15,,42360,2,,,1,15,,42361,2,,,1,55,,42362,2,,,1,15,,42363,2,,,1,15,,42364,2,,,1,15,,42365,2,,,1,55,,42366,2,,,1,15,,42367,2,,,1,15,,42368,2,,,1,15,,42369,2,,,1,55,,42370,2,,,1,15,,42371,2,,,1,15,,42372,2,,,1,15,,42373,2,,,1,55,,42374,2,,,1,15,,42375,2,,,1,15,,42376,2,,,1,15,,42377,2,,,1,55,,42378,2,,,1,15,,42379,2,,,1,15,,42380,2,,,1,15,,42381,2,,,1,55,,42382,2,,,1,15,,42383,2,,,1,15,,42384,2,,,1,15,,42385,2,,,1,55,,42386,2,,,1,15,,42387,2,,,1,15,,42388,2,,,1,15,,42389,2,,,1,55,,42390,2,,,1,15,,42391,2,,,1,15,,42392,2,,,1,15,,42393,2,,,1,55,,42394,2,,,1,15,,42395,2,,,1,15,,42396,2,,,1,15,,42397,2,,,1,55,,42398,2,,,1,15,,42399,2,,,1,15,,42400,2,,,1,15,,42401,2,,,1,55,,42402,2,,,1,15,,42403,2,,,1
18002200,'022R-Sunday-1-26-09',541,,37233,2,,,1,15,,37234,2,,,1,55,,37235,2,,,1,15,,37236,2,,,1,15,,37237,2,,,1,15,,37238,2,,,1,55,,37239,2,,,1,15,,37240,2,,,1,15,,37241,2,,,1,15,,37242,2,,,1,55,,37243,2,,,1,15,,37244,2,,,1,15,,37245,2,,,1,15,,37246,2,,,1,55,,37247,2,,,1,15,,37248,2,,,1,15,,37249,2,,,1,15,,37250,2,,,1,55,,37251,2,,,1,15,,37252,2,,,1,15,,37253,2,,,1,15,,37254,2,,,1,55,,37255,2,,,1,15,,37256,2,,,1,15,,37257,2,,,1,15,,37258,2,,,1,55,,37259,2,,,1,15,,37260,2,,,1,15,,37261,2,,,1,15,,37262,2,,,1,55,,37263,2,,,1,15,,37264,2,,,1,15,,37265,2,,,1,15,,37266,2,,,1,55,,37267,2,,,1,15,,37268,2,,,1,15,,37269,2,,,1,15,,37270,2,,,1,55,,37271,2,,,1,15,,37272,2,,,1,15,,37273,2,,,1,15,,37274,2,,,1,55,,37275,2,,,1,15,,37276,2,,,1,15,,37277,2,,,1,15,,37278,2,,,1,55,,37279,2,,,1,15,,37280,2,,,1,15,,37281,2,,,1,15,,37282,2,,,1,55,,37283,2,,,1,15,,37284,2,,,1,15,,37285,2,,,1,15,,37286,2,,,1,55,,37287,2,,,1,15,,37288,2,,,1,15,,37289,2,,,1,15,,37290,2,,,1,55,,37291,2,,,1,15,,37292,2,,,1,15,,37293,2,,,1,15,,37294,2,,,1,55,,37295,2,,,1,15,,37296,2,,,1,15,,37297,2,,,1,15,,37298,2,,,1,55,,37299,2,,,1,15,,37300,2,,,1,15,,37301,2,,,1,15,,37302,2,,,1,55,,37303,2,,,1,15,,37304,2,,,1,15,,37305,2,,,1
18002200,'022R-Sunday-6-26-09',1826,,37525,2,,,1,15,,37526,2,,,1,15,,37527,2,,,1,55,,37528,2,,,1,15,,37529,2,,,1,15,,37530,2,,,1,15,,37531,2,,,1,55,,37532,2,,,1,15,,37533,2,,,1,15,,37534,2,,,1,15,,37535,2,,,1,55,,37536,2,,,1,15,,37537,2,,,1,15,,37538,2,,,1,15,,37539,2,,,1,55,,37540,2,,,1,15,,37541,2,,,1,15,,37542,2,,,1,15,,37543,2,,,1,55,,37544,2,,,1,15,,37545,2,,,1,15,,37546,2,,,1
18002200,'022R-Sunday-7-26-09',544,,42404,2,,,1,15,,42405,2,,,1,55,,42406,2,,,1,15,,42407,2,,,1,15,,42408,2,,,1,15,,42409,2,,,1,55,,42410,2,,,1,15,,42411,2,,,1,15,,42412,2,,,1,15,,42413,2,,,1,55,,42414,2,,,1,15,,42415,2,,,1,15,,42416,2,,,1,15,,42417,2,,,1,55,,42418,2,,,1,15,,42419,2,,,1,15,,42420,2,,,1,15,,42421,2,,,1,55,,42422,2,,,1,15,,42423,2,,,1,15,,42424,2,,,1,15,,42425,2,,,1,55,,42426,2,,,1,15,,42427,2,,,1,15,,42428,2,,,1,15,,42429,2,,,1,55,,42430,2,,,1,15,,42431,2,,,1,15,,42432,2,,,1,15,,42433,2,,,1,55,,42434,2,,,1,15,,42435,2,,,1,15,,42436,2,,,1,15,,42437,2,,,1,55,,42438,2,,,1,15,,42439,2,,,1,15,,42440,2,,,1,15,,42441,2,,,1,55,,42442,2,,,1,15,,42443,2,,,1,15,,42444,2,,,1,15,,42445,2,,,1,55,,42446,2,,,1,15,,42447,2,,,1,15,,42448,2,,,1,15,,42449,2,,,1,55,,42450,2,,,1,15,,42451,2,,,1,15,,42452,2,,,1,15,,42453,2,,,1,55,,42454,2,,,1,15,,42455,2,,,1,15,,42456,2,,,1,15,,42457,2,,,1,55,,42458,2,,,1,15,,42459,2,,,1,15,,42460,2,,,1,12,,42461,2,,,1,55,,42462,2,,,1,15,,42463,2,,,1,15,,42464,2,,,1,15,,42465,2,,,1,55,,42466,2,,,1,15,,42467,2,,,1,15,,42468,2,,,1,15,,42469,2,,,1,55,,42470,2,,,1,15,,42471,2,,,1,15,,42472,2,,,1,15,,42473,2,,,1,55,,42474,2,,,1,15,,42475,2,,,1,15,,42476,2,,,1
