18002101,'021R-Weekday-1-26-09',530,,34990,10,,,1,12,,34992,10,,,1,12,,34993,10,,,1,46,,35124,10,,,1,6,,34991,10,,,1,6,,35022,10,,,1,6,,35023,10,,,1,6,,35024,10,,,1,6,,35025,10,,,1,6,,35021,10,,,1,6,,35020,10,,,1,6,,35019,10,,,1,6,,35018,10,,,1,46,,35017,10,,,1,6,,35016,10,,,1,6,,35015,10,,,1,6,,35014,10,,,1,6,,35013,10,,,1,6,,35012,10,,,1,6,,35011,10,,,1,6,,35010,10,,,1,6,,35009,10,,,1,6,,35008,10,,,1,46,,35007,10,,,1,6,,35006,10,,,1,6,,35005,10,,,1,6,,35004,10,,,1,6,,35003,10,,,1,6,,35002,10,,,1,6,,35001,10,,,1,6,,35000,10,,,1,6,,34999,10,,,1,6,,34998,10,,,1,46,,34997,10,,,1,6,,34996,10,,,1,6,,34995,10,,,1,10,,35026,10,,,1,10,,35027,10,,,1,10,,35028,10,,,1,10,,35029,10,,,1,50,,35030,10,,,1,10,,35031,10,,,1,10,,35032,10,,,1,10,,35033,10,,,1,10,,35034,10,,,1,10,,35035,10,,,1,50,,35036,10,,,1,10,,35037,10,,,1,10,,35038,10,,,1,10,,35039,10,,,1,10,,35040,10,,,1,10,,35041,10,,,1,50,,35042,10,,,1,10,,35043,10,,,1,10,,35044,10,,,1,10,,35045,10,,,1,10,,35046,10,,,1,10,,35047,10,,,1,50,,35048,10,,,1,10,,35049,10,,,1,10,,35050,10,,,1,10,,35051,10,,,1,10,,35052,10,,,1,10,,35053,10,,,1,50,,35054,10,,,1,10,,35055,10,,,1,6,,35056,10,,,1,6,,35057,10,,,1,6,,35058,10,,,1,6,,35059,10,,,1,6,,35060,10,,,1,6,,35061,10,,,1,6,,35062,10,,,1,46,,35063,10,,,1,6,,35064,10,,,1,6,,35065,10,,,1,6,,35066,10,,,1,6,,35067,10,,,1,6,,35068,10,,,1,6,,35069,10,,,1,6,,35070,10,,,1,6,,35071,10,,,1,6,,35072,10,,,1,46,,35073,10,,,1,6,,35074,10,,,1,6,,35075,10,,,1,6,,35076,10,,,1,6,,35077,10,,,1,6,,35078,10,,,1,6,,35079,10,,,1,6,,35080,10,,,1,6,,35081,10,,,1,6,,35082,10,,,1,46,,35083,10,,,1,6,,35084,10,,,1,6,,35085,10,,,1,6,,35086,10,,,1,6,,35087,10,,,1,6,,35088,10,,,1,6,,35089,10,,,1,6,,35090,10,,,1,6,,35091,10,,,1,6,,35092,10,,,1,46,,35093,10,,,1,6,,35094,10,,,1,6,,35095,10,,,1,6,,35096,10,,,1,9,,35097,10,,,1,15,,35098,10,,,1,15,,35099,10,,,1,55,,35100,10,,,1,15,,35101,10,,,1,15,,35102,10,,,1,15,,35103,10,,,1,55,,35104,10,,,1,15,,35105,10,,,1,15,,35106,10,,,1,15,,35107,10,,,1,55,,35108,10,,,1,15,,35109,10,,,1,15,,35110,10,,,1,15,,35111,10,,,1,55,,35112,10,,,1,15,,35113,10,,,1,15,,35114,10,,,1,15,,35115,10,,,1,55,,35116,10,,,1,15,,35117,10,,,1,15,,35118,10,,,1,15,,35119,10,,,1,55,,35120,10,,,1,15,,35121,10,,,1,15,,35122,10,,,1,15,,35123,10,,,1,55,,34994,10,,,1
18002101,'021R-Weekday-3-26-09',530,,35260,10,,,1,12,,35262,10,,,1,12,,35263,10,,,1,46,,35394,10,,,1,6,,35261,10,,,1,6,,35292,10,,,1,6,,35293,10,,,1,6,,35294,10,,,1,6,,35295,10,,,1,6,,35291,10,,,1,6,,35290,10,,,1,6,,35289,10,,,1,6,,35288,10,,,1,46,,35287,10,,,1,6,,35286,10,,,1,6,,35285,10,,,1,6,,35284,10,,,1,6,,35283,10,,,1,6,,35282,10,,,1,6,,35281,10,,,1,6,,35280,10,,,1,6,,35279,10,,,1,6,,35278,10,,,1,46,,35277,10,,,1,6,,35276,10,,,1,6,,35275,10,,,1,6,,35274,10,,,1,6,,35273,10,,,1,6,,35272,10,,,1,6,,35271,10,,,1,6,,35270,10,,,1,6,,35269,10,,,1,6,,35268,10,,,1,46,,35267,10,,,1,6,,35266,10,,,1,6,,35265,10,,,1,10,,35296,10,,,1,10,,35297,10,,,1,10,,35298,10,,,1,10,,35299,10,,,1,50,,35300,10,,,1,10,,35301,10,,,1,10,,35302,10,,,1,10,,35303,10,,,1,10,,35304,10,,,1,10,,35305,10,,,1,50,,35306,10,,,1,10,,35307,10,,,1,10,,35308,10,,,1,10,,35309,10,,,1,10,,35310,10,,,1,10,,35311,10,,,1,50,,35312,10,,,1,10,,35313,10,,,1,10,,35314,10,,,1,10,,35315,10,,,1,10,,35316,10,,,1,10,,35317,10,,,1,50,,35318,10,,,1,10,,35319,10,,,1,10,,35320,10,,,1,10,,35321,10,,,1,10,,35322,10,,,1,10,,35323,10,,,1,50,,35324,10,,,1,10,,35325,10,,,1,6,,35326,10,,,1,6,,35327,10,,,1,6,,35328,10,,,1,6,,35329,10,,,1,6,,35330,10,,,1,6,,35331,10,,,1,6,,35332,10,,,1,46,,35333,10,,,1,6,,35334,10,,,1,6,,35335,10,,,1,6,,35336,10,,,1,6,,35337,10,,,1,6,,35338,10,,,1,6,,35339,10,,,1,6,,35340,10,,,1,6,,35341,10,,,1,6,,35342,10,,,1,46,,35343,10,,,1,6,,35344,10,,,1,6,,35345,10,,,1,6,,35346,10,,,1,6,,35347,10,,,1,6,,35348,10,,,1,6,,35349,10,,,1,6,,35350,10,,,1,6,,35351,10,,,1,6,,35352,10,,,1,46,,35353,10,,,1,6,,35354,10,,,1,6,,35355,10,,,1,6,,35356,10,,,1,6,,35357,10,,,1,6,,35358,10,,,1,6,,35359,10,,,1,6,,35360,10,,,1,6,,35361,10,,,1,6,,35362,10,,,1,46,,35363,10,,,1,6,,35364,10,,,1,6,,35365,10,,,1,6,,35366,10,,,1,9,,35367,10,,,1,15,,35368,10,,,1,15,,35369,10,,,1,55,,35370,10,,,1,15,,35371,10,,,1,15,,35372,10,,,1,15,,35373,10,,,1,55,,35374,10,,,1,15,,35375,10,,,1,15,,35376,10,,,1,15,,35377,10,,,1,55,,35378,10,,,1,15,,35379,10,,,1,15,,35380,10,,,1,15,,35381,10,,,1,55,,35382,10,,,1,15,,35383,10,,,1,15,,35384,10,,,1,15,,35385,10,,,1,55,,35386,10,,,1,15,,35387,10,,,1,15,,35388,10,,,1,15,,35389,10,,,1,55,,35390,10,,,1,15,,35391,10,,,1,15,,35392,10,,,1,15,,35393,10,,,1,55,,35264,10,,,1
18002101,'021R-Weekday-4-26-09',530,,35395,10,,,1,12,,35397,10,,,1,12,,35398,10,,,1,46,,35529,10,,,1,6,,35396,10,,,1,6,,35427,10,,,1,6,,35428,10,,,1,6,,35429,10,,,1,6,,35430,10,,,1,6,,35426,10,,,1,6,,35425,10,,,1,6,,35424,10,,,1,6,,35423,10,,,1,46,,35422,10,,,1,6,,35421,10,,,1,6,,35420,10,,,1,6,,35419,10,,,1,6,,35418,10,,,1,6,,35417,10,,,1,6,,35416,10,,,1,6,,35415,10,,,1,6,,35414,10,,,1,6,,35413,10,,,1,46,,35412,10,,,1,6,,35411,10,,,1,6,,35410,10,,,1,6,,35409,10,,,1,6,,35408,10,,,1,6,,35407,10,,,1,6,,35406,10,,,1,6,,35405,10,,,1,6,,35404,10,,,1,6,,35403,10,,,1,46,,35402,10,,,1,6,,35401,10,,,1,6,,35400,10,,,1,10,,35431,10,,,1,10,,35432,10,,,1,10,,35433,10,,,1,10,,35434,10,,,1,50,,35435,10,,,1,10,,35436,10,,,1,10,,35437,10,,,1,10,,35438,10,,,1,10,,35439,10,,,1,10,,35440,10,,,1,50,,35441,10,,,1,10,,35442,10,,,1,10,,35443,10,,,1,10,,35444,10,,,1,10,,35445,10,,,1,10,,35446,10,,,1,50,,35447,10,,,1,10,,35448,10,,,1,10,,35449,10,,,1,10,,35450,10,,,1,10,,35451,10,,,1,10,,35452,10,,,1,50,,35453,10,,,1,10,,35454,10,,,1,10,,35455,10,,,1,10,,35456,10,,,1,10,,35457,10,,,1,10,,35458,10,,,1,50,,35459,10,,,1,10,,35460,10,,,1,6,,35461,10,,,1,6,,35462,10,,,1,6,,35463,10,,,1,6,,35464,10,,,1,6,,35465,10,,,1,6,,35466,10,,,1,6,,35467,10,,,1,46,,35468,10,,,1,6,,35469,10,,,1,6,,35470,10,,,1,6,,35471,10,,,1,6,,35472,10,,,1,6,,35473,10,,,1,6,,35474,10,,,1,6,,35475,10,,,1,6,,35476,10,,,1,6,,35477,10,,,1,46,,35478,10,,,1,6,,35479,10,,,1,6,,35480,10,,,1,6,,35481,10,,,1,6,,35482,10,,,1,6,,35483,10,,,1,6,,35484,10,,,1,6,,35485,10,,,1,6,,35486,10,,,1,6,,35487,10,,,1,46,,35488,10,,,1,6,,35489,10,,,1,6,,35490,10,,,1,6,,35491,10,,,1,6,,35492,10,,,1,6,,35493,10,,,1,6,,35494,10,,,1,6,,35495,10,,,1,6,,35496,10,,,1,6,,35497,10,,,1,46,,35498,10,,,1,6,,35499,10,,,1,6,,35500,10,,,1,6,,35501,10,,,1,9,,35502,10,,,1,15,,35503,10,,,1,15,,35504,10,,,1,55,,35505,10,,,1,15,,35506,10,,,1,15,,35507,10,,,1,15,,35508,10,,,1,55,,35509,10,,,1,15,,35510,10,,,1,15,,35511,10,,,1,15,,35512,10,,,1,55,,35513,10,,,1,15,,35514,10,,,1,15,,35515,10,,,1,15,,35516,10,,,1,55,,35517,10,,,1,15,,35518,10,,,1,15,,35519,10,,,1,15,,35520,10,,,1,55,,35521,10,,,1,15,,35522,10,,,1,15,,35523,10,,,1,15,,35524,10,,,1,55,,35525,10,,,1,15,,35526,10,,,1,15,,35527,10,,,1,15,,35528,10,,,1,55,,35399,10,,,1
18002101,'021R-Weekday-5-26-09',530,,35530,10,,,1,12,,35532,10,,,1,12,,35533,10,,,1,46,,35664,10,,,1,6,,35531,10,,,1,6,,35562,10,,,1,6,,35563,10,,,1,6,,35564,10,,,1,6,,35565,10,,,1,6,,35561,10,,,1,6,,35560,10,,,1,6,,35559,10,,,1,6,,35558,10,,,1,46,,35557,10,,,1,6,,35556,10,,,1,6,,35555,10,,,1,6,,35554,10,,,1,6,,35553,10,,,1,6,,35552,10,,,1,6,,35551,10,,,1,6,,35550,10,,,1,6,,35549,10,,,1,6,,35548,10,,,1,46,,35547,10,,,1,6,,35546,10,,,1,6,,35545,10,,,1,6,,35544,10,,,1,6,,35543,10,,,1,6,,35542,10,,,1,6,,35541,10,,,1,6,,35540,10,,,1,6,,35539,10,,,1,6,,35538,10,,,1,46,,35537,10,,,1,6,,35536,10,,,1,6,,35535,10,,,1,10,,35566,10,,,1,10,,35567,10,,,1,10,,35568,10,,,1,10,,35569,10,,,1,50,,35570,10,,,1,10,,35571,10,,,1,10,,35572,10,,,1,10,,35573,10,,,1,10,,35574,10,,,1,10,,35575,10,,,1,50,,35576,10,,,1,10,,35577,10,,,1,10,,35578,10,,,1,10,,35579,10,,,1,10,,35580,10,,,1,10,,35581,10,,,1,50,,35582,10,,,1,10,,35583,10,,,1,10,,35584,10,,,1,10,,35585,10,,,1,10,,35586,10,,,1,10,,35587,10,,,1,50,,35588,10,,,1,10,,35589,10,,,1,10,,35590,10,,,1,10,,35591,10,,,1,10,,35592,10,,,1,10,,35593,10,,,1,50,,35594,10,,,1,10,,35595,10,,,1,6,,35596,10,,,1,6,,35597,10,,,1,6,,35598,10,,,1,6,,35599,10,,,1,6,,35600,10,,,1,6,,35601,10,,,1,6,,35602,10,,,1,46,,35603,10,,,1,6,,35604,10,,,1,6,,35605,10,,,1,6,,35606,10,,,1,6,,35607,10,,,1,6,,35608,10,,,1,6,,35609,10,,,1,6,,35610,10,,,1,6,,35611,10,,,1,6,,35612,10,,,1,46,,35613,10,,,1,6,,35614,10,,,1,6,,35615,10,,,1,6,,35616,10,,,1,6,,35617,10,,,1,6,,35618,10,,,1,6,,35619,10,,,1,6,,35620,10,,,1,6,,35621,10,,,1,6,,35622,10,,,1,46,,35623,10,,,1,6,,35624,10,,,1,6,,35625,10,,,1,6,,35626,10,,,1,6,,35627,10,,,1,6,,35628,10,,,1,6,,35629,10,,,1,6,,35630,10,,,1,6,,35631,10,,,1,6,,35632,10,,,1,46,,35633,10,,,1,6,,35634,10,,,1,6,,35635,10,,,1,6,,35636,10,,,1,9,,35637,10,,,1,15,,35638,10,,,1,15,,35639,10,,,1,55,,35640,10,,,1,15,,35641,10,,,1,15,,35642,10,,,1,15,,35643,10,,,1,55,,35644,10,,,1,15,,35645,10,,,1,15,,35646,10,,,1,15,,35647,10,,,1,55,,35648,10,,,1,15,,35649,10,,,1,15,,35650,10,,,1,15,,35651,10,,,1,55,,35652,10,,,1,15,,35653,10,,,1,15,,35654,10,,,1,15,,35655,10,,,1,55,,35656,10,,,1,15,,35657,10,,,1,15,,35658,10,,,1,15,,35659,10,,,1,55,,35660,10,,,1,15,,35661,10,,,1,15,,35662,10,,,1,15,,35663,10,,,1,55,,35534,10,,,1
18002101,'021R-Weekday-6-26-09',530,,35665,10,,,1,12,,35667,10,,,1,12,,35668,10,,,1,46,,35799,10,,,1,6,,35666,10,,,1,6,,35697,10,,,1,6,,35698,10,,,1,6,,35699,10,,,1,6,,35700,10,,,1,6,,35696,10,,,1,6,,35695,10,,,1,6,,35694,10,,,1,6,,35693,10,,,1,46,,35692,10,,,1,6,,35691,10,,,1,6,,35690,10,,,1,6,,35689,10,,,1,6,,35688,10,,,1,6,,35687,10,,,1,6,,35686,10,,,1,6,,35685,10,,,1,6,,35684,10,,,1,6,,35683,10,,,1,46,,35682,10,,,1,6,,35681,10,,,1,6,,35680,10,,,1,6,,35679,10,,,1,6,,35678,10,,,1,6,,35677,10,,,1,6,,35676,10,,,1,6,,35675,10,,,1,6,,35674,10,,,1,6,,35673,10,,,1,46,,35672,10,,,1,6,,35671,10,,,1,6,,35670,10,,,1,10,,35701,10,,,1,10,,35702,10,,,1,10,,35703,10,,,1,10,,35704,10,,,1,50,,35705,10,,,1,10,,35706,10,,,1,10,,35707,10,,,1,10,,35708,10,,,1,10,,35709,10,,,1,10,,35710,10,,,1,50,,35711,10,,,1,10,,35712,10,,,1,10,,35713,10,,,1,10,,35714,10,,,1,10,,35715,10,,,1,10,,35716,10,,,1,50,,35717,10,,,1,10,,35718,10,,,1,10,,35719,10,,,1,10,,35720,10,,,1,10,,35721,10,,,1,10,,35722,10,,,1,50,,35723,10,,,1,10,,35724,10,,,1,10,,35725,10,,,1,10,,35726,10,,,1,10,,35727,10,,,1,10,,35728,10,,,1,50,,35729,10,,,1,10,,35730,10,,,1,6,,35731,10,,,1,6,,35732,10,,,1,6,,35733,10,,,1,6,,35734,10,,,1,6,,35735,10,,,1,6,,35736,10,,,1,6,,35737,10,,,1,46,,35738,10,,,1,6,,35739,10,,,1,6,,35740,10,,,1,6,,35741,10,,,1,6,,35742,10,,,1,6,,35743,10,,,1,6,,35744,10,,,1,6,,35745,10,,,1,6,,35746,10,,,1,6,,35747,10,,,1,46,,35748,10,,,1,6,,35749,10,,,1,6,,35750,10,,,1,6,,35751,10,,,1,6,,35752,10,,,1,6,,35753,10,,,1,6,,35754,10,,,1,6,,35755,10,,,1,6,,35756,10,,,1,6,,35757,10,,,1,46,,35758,10,,,1,6,,35759,10,,,1,6,,35760,10,,,1,6,,35761,10,,,1,6,,35762,10,,,1,6,,35763,10,,,1,6,,35764,10,,,1,6,,35765,10,,,1,6,,35766,10,,,1,6,,35767,10,,,1,46,,35768,10,,,1,6,,35769,10,,,1,6,,35770,10,,,1,6,,35771,10,,,1,9,,35772,10,,,1,15,,35773,10,,,1,15,,35774,10,,,1,55,,35775,10,,,1,15,,35776,10,,,1,15,,35777,10,,,1,15,,35778,10,,,1,55,,35779,10,,,1,15,,35780,10,,,1,15,,35781,10,,,1,15,,35782,10,,,1,55,,35783,10,,,1,15,,35784,10,,,1,15,,35785,10,,,1,15,,35786,10,,,1,55,,35787,10,,,1,15,,35788,10,,,1,15,,35789,10,,,1,15,,35790,10,,,1,55,,35791,10,,,1,15,,35792,10,,,1,15,,35793,10,,,1,15,,35794,10,,,1,55,,35795,10,,,1,15,,35796,10,,,1,15,,35797,10,,,1,15,,35798,10,,,1,55,,35669,10,,,1
18002101,'021R-Weekday-7-26-09',530,,35800,10,,,1,12,,35802,10,,,1,12,,35803,10,,,1,46,,35934,10,,,1,6,,35801,10,,,1,6,,35832,10,,,1,6,,35833,10,,,1,6,,35834,10,,,1,6,,35835,10,,,1,6,,35831,10,,,1,6,,35830,10,,,1,6,,35829,10,,,1,6,,35828,10,,,1,46,,35827,10,,,1,6,,35826,10,,,1,6,,35825,10,,,1,6,,35824,10,,,1,6,,35823,10,,,1,6,,35822,10,,,1,6,,35821,10,,,1,6,,35820,10,,,1,6,,35819,10,,,1,6,,35818,10,,,1,46,,35817,10,,,1,6,,35816,10,,,1,6,,35815,10,,,1,6,,35814,10,,,1,6,,35813,10,,,1,6,,35812,10,,,1,6,,35811,10,,,1,6,,35810,10,,,1,6,,35809,10,,,1,6,,35808,10,,,1,46,,35807,10,,,1,6,,35806,10,,,1,6,,35805,10,,,1,10,,35836,10,,,1,10,,35837,10,,,1,10,,35838,10,,,1,10,,35839,10,,,1,50,,35840,10,,,1,10,,35841,10,,,1,10,,35842,10,,,1,10,,35843,10,,,1,10,,35844,10,,,1,10,,35845,10,,,1,50,,35846,10,,,1,10,,35847,10,,,1,10,,35848,10,,,1,10,,35849,10,,,1,10,,35850,10,,,1,10,,35851,10,,,1,50,,35852,10,,,1,10,,35853,10,,,1,10,,35854,10,,,1,10,,35855,10,,,1,10,,35856,10,,,1,10,,35857,10,,,1,50,,35858,10,,,1,10,,35859,10,,,1,10,,35860,10,,,1,10,,35861,10,,,1,10,,35862,10,,,1,10,,35863,10,,,1,50,,35864,10,,,1,10,,35865,10,,,1,6,,35866,10,,,1,6,,35867,10,,,1,6,,35868,10,,,1,6,,35869,10,,,1,6,,35870,10,,,1,6,,35871,10,,,1,6,,35872,10,,,1,46,,35873,10,,,1,6,,35874,10,,,1,6,,35875,10,,,1,6,,35876,10,,,1,6,,35877,10,,,1,6,,35878,10,,,1,6,,35879,10,,,1,6,,35880,10,,,1,6,,35881,10,,,1,6,,35882,10,,,1,46,,35883,10,,,1,6,,35884,10,,,1,6,,35885,10,,,1,6,,35886,10,,,1,6,,35887,10,,,1,6,,35888,10,,,1,6,,35889,10,,,1,6,,35890,10,,,1,6,,35891,10,,,1,6,,35892,10,,,1,46,,35893,10,,,1,6,,35894,10,,,1,6,,35895,10,,,1,6,,35896,10,,,1,6,,35897,10,,,1,6,,35898,10,,,1,6,,35899,10,,,1,6,,35900,10,,,1,6,,35901,10,,,1,6,,35902,10,,,1,46,,35903,10,,,1,6,,35904,10,,,1,6,,35905,10,,,1,6,,35906,10,,,1,9,,35907,10,,,1,15,,35908,10,,,1,15,,35909,10,,,1,55,,35910,10,,,1,15,,35911,10,,,1,15,,35912,10,,,1,15,,35913,10,,,1,55,,35914,10,,,1,15,,35915,10,,,1,15,,35916,10,,,1,15,,35917,10,,,1,55,,35918,10,,,1,15,,35919,10,,,1,15,,35920,10,,,1,15,,35921,10,,,1,55,,35922,10,,,1,15,,35923,10,,,1,15,,35924,10,,,1,15,,35925,10,,,1,55,,35926,10,,,1,15,,35927,10,,,1,15,,35928,10,,,1,15,,35929,10,,,1,55,,35930,10,,,1,15,,35931,10,,,1,15,,35932,10,,,1,15,,35933,10,,,1,55,,35804,10,,,1
18002101,'021R-Saturday-1-26-09',527,,35935,10,,,1,15,,35936,10,,,1,15,,35937,10,,,1,55,,35938,10,,,1,15,,35939,10,,,1,15,,35940,10,,,1,15,,35941,10,,,1,55,,35942,10,,,1,15,,35943,10,,,1,15,,35944,10,,,1,15,,35945,10,,,1,55,,35946,10,,,1,15,,35947,10,,,1,15,,35948,10,,,1,15,,35949,10,,,1,55,,35950,10,,,1,15,,35951,10,,,1,15,,35952,10,,,1,15,,35953,10,,,1,55,,35954,10,,,1,15,,35955,10,,,1,15,,35956,10,,,1,15,,35957,10,,,1,55,,35958,10,,,1,15,,35959,10,,,1,15,,35960,10,,,1,15,,35961,10,,,1,55,,35962,10,,,1,15,,35963,10,,,1,15,,35964,10,,,1,15,,35965,10,,,1,55,,35966,10,,,1,15,,35967,10,,,1,15,,35968,10,,,1,15,,35969,10,,,1,55,,35970,10,,,1,15,,35971,10,,,1,15,,35972,10,,,1,15,,35973,10,,,1,55,,35974,10,,,1,15,,35975,10,,,1,15,,35976,10,,,1,15,,35977,10,,,1,55,,35978,10,,,1,15,,35979,10,,,1,15,,35980,10,,,1,15,,35981,10,,,1,55,,35982,10,,,1,15,,35983,10,,,1,15,,35984,10,,,1,15,,35985,10,,,1,55,,35986,10,,,1,15,,35987,10,,,1,15,,35988,10,,,1,15,,35989,10,,,1,55,,35990,10,,,1,15,,35991,10,,,1,15,,35992,10,,,1,15,,35993,10,,,1,55,,35994,10,,,1,15,,35995,10,,,1,15,,35996,10,,,1,15,,35997,10,,,1,55,,35998,10,,,1,15,,35999,10,,,1,15,,36000,10,,,1,15,,36001,10,,,1,55,,36002,10,,,1,15,,36003,10,,,1,15,,36004,10,,,1,15,,36005,10,,,1,55,,36006,10,,,1,15,,36007,10,,,1,15,,36008,10,,,1,15,,36009,10,,,1,55,,36010,10,,,1,15,,36011,10,,,1,15,,36012,10,,,1,15,,36013,10,,,1,55,,36014,10,,,1
18002101,'021R-Sunday-1-26-09',527,,36095,10,,,1,15,,36096,10,,,1,15,,36097,10,,,1,55,,36098,10,,,1,15,,36099,10,,,1,15,,36100,10,,,1,15,,36101,10,,,1,55,,36102,10,,,1,15,,36103,10,,,1,15,,36104,10,,,1,15,,36105,10,,,1,55,,36106,10,,,1,15,,36107,10,,,1,15,,36108,10,,,1,15,,36109,10,,,1,55,,36110,10,,,1,15,,36111,10,,,1,15,,36112,10,,,1,15,,36113,10,,,1,55,,36114,10,,,1,15,,36115,10,,,1,15,,36116,10,,,1,15,,36117,10,,,1,55,,36118,10,,,1,15,,36119,10,,,1,15,,36120,10,,,1,15,,36121,10,,,1,55,,36122,10,,,1,15,,36123,10,,,1,15,,36124,10,,,1,15,,36125,10,,,1,55,,36126,10,,,1,15,,36127,10,,,1,15,,36128,10,,,1,15,,36129,10,,,1,55,,36130,10,,,1,15,,36131,10,,,1,15,,36132,10,,,1,15,,36133,10,,,1,55,,36134,10,,,1,15,,36135,10,,,1,15,,36136,10,,,1,15,,36137,10,,,1,55,,36138,10,,,1,15,,36139,10,,,1,15,,36140,10,,,1,15,,36141,10,,,1,55,,36142,10,,,1,15,,36143,10,,,1,15,,36144,10,,,1,15,,36145,10,,,1,55,,36146,10,,,1,15,,36147,10,,,1,15,,36148,10,,,1,15,,36149,10,,,1,55,,36150,10,,,1,15,,36151,10,,,1,15,,36152,10,,,1,15,,36153,10,,,1,55,,36154,10,,,1,15,,36155,10,,,1,15,,36156,10,,,1,15,,36157,10,,,1,55,,36158,10,,,1,15,,36159,10,,,1,15,,36160,10,,,1,15,,36161,10,,,1,55,,36162,10,,,1,15,,36163,10,,,1,15,,36164,10,,,1,15,,36165,10,,,1,55,,36166,10,,,1,15,,36167,10,,,1,15,,36168,10,,,1,15,,36169,10,,,1,55,,36170,10,,,1,15,,36171,10,,,1
18002201,'022R-Weekday-1-26-09',609,,37606,7,0,12 13,1,12,,37607,7,0,12 13,1,12,,37608,7,0,12 13,1,12,,37609,7,0,12 13,1,12,,37610,7,0,12 13,1,52,,37611,7,0,12 13,1,12,,37612,7,0,12 13,1,12,,37613,7,0,12 13,1,12,,37614,7,0,12 13,1,12,,37615,7,0,12 13,1,52,,37616,7,0,12 13,1,12,,37617,7,0,12 13,1,12,,37618,7,0,12 13,1,12,,37619,7,0,12 13,1,12,,37620,7,0,12 13,1,52,,37621,7,0,12 13,1,12,,37622,7,0,12 13,1,18,,37623,7,0,12 13,1,20,,37624,7,0,12 13,1,55,,37625,7,0,12 13,1,15,,37626,7,0,12 13,1,15,,37627,7,0,12 13,1,15,,37628,7,0,12 13,1,55,,37629,7,0,12 13,1,15,,37630,7,0,12 13,1,15,,37631,7,0,12 13,1,15,,37632,7,0,12 13,1,55,,37633,7,0,12 13,1,15,,37634,7,0,12 13,1,15,,37635,7,0,12 13,1,15,,37636,7,0,12 13,1,55,,37637,7,0,12 13,1,15,,37638,7,0,12 13,1,15,,37639,7,0,12 13,1,13,,37640,7,0,12 13,1,52,,37641,7,0,12 13,1,12,,37642,7,0,12 13,1,12,,37643,7,0,12 13,1,12,,37644,7,0,12 13,1,12,,37645,7,0,12 13,1,52,,37646,7,0,12 13,1,12,,37647,7,0,12 13,1,12,,37648,7,0,12 13,1,12,,37649,7,0,12 13,1,12,,37650,7,0,12 13,1,52,,37651,7,0,12 13,1,12,,37652,7,0,12 13,1,12,,37653,7,0,12 13,1,12,,37654,7,0,12 13,1,12,,37655,7,0,12 13,1,52,,37656,7,0,12 13,1,12,,37657,7,0,12 13,1,12,,37658,7,0,12 13,1,12,,37659,7,0,12 13,1,12,,37660,7,0,12 13,1,52,,37661,7,0,12 13,1,12,,37662,7,0,12 13,1,17,,37663,7,0,12 13,1,15,,37664,7,0,12 13,1,55,,37665,7,0,12 13,1,15,,37666,7,0,12 13,1,15,,37667,7,0,12 13,1,15,,37668,7,0,12 13,1,55,,37669,7,0,12 13,1,15,,37670,7,0,12 13,1,15,,37671,7,0,12 13,1,15,,37672,7,0,12 13,1,55,,37673,7,0,12 13,1,15,,37674,7,0,12 13,1,15,,37675,7,0,12 13,1,15,,37676,7,0,12 13,1,55,,37677,7,0,12 13,1,15,,37678,7,0,12 13,1,15,,37679,7,0,12 13,1,15,,37680,7,0,12 13,1,55,,37681,7,0,12 13,1,15,,37605,7,0,12 13,1,15,,37604,7,0,12 13,1,15,,37603,7,0,12 13,1,55,,37602,7,0,12 13,1,15,,37601,7,0,12 13,1,15,,37600,7,0,12 13,1,15,,37599,7,0,12 13,1,55,,37598,7,0,12 13,1
18002201,'022R-Weekday-3-26-09',609,,37774,7,0,12 13,1,12,,37775,7,0,12 13,1,12,,37776,7,0,12 13,1,12,,37777,7,0,12 13,1,12,,37778,7,0,12 13,1,52,,37779,7,0,12 13,1,12,,37780,7,0,12 13,1,12,,37781,7,0,12 13,1,12,,37782,7,0,12 13,1,12,,37783,7,0,12 13,1,52,,37784,7,0,12 13,1,12,,37785,7,0,12 13,1,12,,37786,7,0,12 13,1,12,,37787,7,0,12 13,1,12,,37788,7,0,12 13,1,52,,37789,7,0,12 13,1,12,,37790,7,0,12 13,1,18,,37791,7,0,12 13,1,20,,37792,7,0,12 13,1,55,,37793,7,0,12 13,1,15,,37794,7,0,12 13,1,15,,37795,7,0,12 13,1,15,,37796,7,0,12 13,1,55,,37797,7,0,12 13,1,15,,37798,7,0,12 13,1,15,,37799,7,0,12 13,1,15,,37800,7,0,12 13,1,55,,37801,7,0,12 13,1,15,,37802,7,0,12 13,1,15,,37803,7,0,12 13,1,15,,37804,7,0,12 13,1,55,,37805,7,0,12 13,1,15,,37806,7,0,12 13,1,15,,37807,7,0,12 13,1,13,,37808,7,0,12 13,1,52,,37809,7,0,12 13,1,12,,37810,7,0,12 13,1,12,,37811,7,0,12 13,1,12,,37812,7,0,12 13,1,12,,37813,7,0,12 13,1,52,,37814,7,0,12 13,1,12,,37815,7,0,12 13,1,12,,37816,7,0,12 13,1,12,,37817,7,0,12 13,1,12,,37818,7,0,12 13,1,52,,37819,7,0,12 13,1,12,,37820,7,0,12 13,1,12,,37821,7,0,12 13,1,12,,37822,7,0,12 13,1,12,,37823,7,0,12 13,1,52,,37824,7,0,12 13,1,12,,37825,7,0,12 13,1,12,,37826,7,0,12 13,1,12,,37827,7,0,12 13,1,12,,37828,7,0,12 13,1,52,,37829,7,0,12 13,1,12,,37830,7,0,12 13,1,17,,37831,7,0,12 13,1,15,,37832,7,0,12 13,1,55,,37833,7,0,12 13,1,15,,37834,7,0,12 13,1,15,,37835,7,0,12 13,1,15,,37836,7,0,12 13,1,55,,37837,7,0,12 13,1,15,,37838,7,0,12 13,1,15,,37839,7,0,12 13,1,15,,37840,7,0,12 13,1,55,,37841,7,0,12 13,1,15,,37842,7,0,12 13,1,15,,37843,7,0,12 13,1,15,,37844,7,0,12 13,1,55,,37845,7,0,12 13,1,15,,37846,7,0,12 13,1,15,,37847,7,0,12 13,1,15,,37848,7,0,12 13,1,55,,37849,7,0,12 13,1,15,,37773,7,0,12 13,1,15,,37772,7,0,12 13,1,15,,37771,7,0,12 13,1,55,,37770,7,0,12 13,1,15,,37769,7,0,12 13,1,15,,37768,7,0,12 13,1,15,,37767,7,0,12 13,1,55,,37766,7,0,12 13,1
18002201,'022R-Weekday-4-26-09',609,,37858,7,0,12 13,1,12,,37859,7,0,12 13,1,12,,37860,7,0,12 13,1,12,,37861,7,0,12 13,1,12,,37862,7,0,12 13,1,52,,37863,7,0,12 13,1,12,,37864,7,0,12 13,1,12,,37865,7,0,12 13,1,12,,37866,7,0,12 13,1,12,,37867,7,0,12 13,1,52,,37868,7,0,12 13,1,12,,37869,7,0,12 13,1,12,,37870,7,0,12 13,1,12,,37871,7,0,12 13,1,12,,37872,7,0,12 13,1,52,,37873,7,0,12 13,1,12,,37874,7,0,12 13,1,18,,37875,7,0,12 13,1,20,,37876,7,0,12 13,1,55,,37877,7,0,12 13,1,15,,37878,7,0,12 13,1,15,,37879,7,0,12 13,1,15,,37880,7,0,12 13,1,55,,37881,7,0,12 13,1,15,,37882,7,0,12 13,1,15,,37883,7,0,12 13,1,15,,37884,7,0,12 13,1,55,,37885,7,0,12 13,1,15,,37886,7,0,12 13,1,15,,37887,7,0,12 13,1,15,,37888,7,0,12 13,1,55,,37889,7,0,12 13,1,15,,37890,7,0,12 13,1,15,,37891,7,0,12 13,1,13,,37892,7,0,12 13,1,52,,37893,7,0,12 13,1,12,,37894,7,0,12 13,1,12,,37895,7,0,12 13,1,12,,37896,7,0,12 13,1,12,,37897,7,0,12 13,1,52,,37898,7,0,12 13,1,12,,37899,7,0,12 13,1,12,,37900,7,0,12 13,1,12,,37901,7,0,12 13,1,12,,37902,7,0,12 13,1,52,,37903,7,0,12 13,1,12,,37904,7,0,12 13,1,12,,37905,7,0,12 13,1,12,,37906,7,0,12 13,1,12,,37907,7,0,12 13,1,52,,37908,7,0,12 13,1,12,,37909,7,0,12 13,1,12,,37910,7,0,12 13,1,12,,37911,7,0,12 13,1,12,,37912,7,0,12 13,1,52,,37913,7,0,12 13,1,12,,37914,7,0,12 13,1,17,,37915,7,0,12 13,1,15,,37916,7,0,12 13,1,55,,37917,7,0,12 13,1,15,,37918,7,0,12 13,1,15,,37919,7,0,12 13,1,15,,37920,7,0,12 13,1,55,,37921,7,0,12 13,1,15,,37922,7,0,12 13,1,15,,37923,7,0,12 13,1,15,,37924,7,0,12 13,1,55,,37925,7,0,12 13,1,15,,37926,7,0,12 13,1,15,,37927,7,0,12 13,1,15,,37928,7,0,12 13,1,55,,37929,7,0,12 13,1,15,,37930,7,0,12 13,1,15,,37931,7,0,12 13,1,15,,37932,7,0,12 13,1,55,,37933,7,0,12 13,1,15,,37857,7,0,12 13,1,15,,37856,7,0,12 13,1,15,,37855,7,0,12 13,1,55,,37854,7,0,12 13,1,15,,37853,7,0,12 13,1,15,,37852,7,0,12 13,1,15,,37851,7,0,12 13,1,55,,37850,7,0,12 13,1
18002201,'022R-Weekday-5-26-09',609,,37942,7,0,12 13,1,12,,37943,7,0,12 13,1,12,,37944,7,0,12 13,1,12,,37945,7,0,12 13,1,12,,37946,7,0,12 13,1,52,,37947,7,0,12 13,1,12,,37948,7,0,12 13,1,12,,37949,7,0,12 13,1,12,,37950,7,0,12 13,1,12,,37951,7,0,12 13,1,52,,37952,7,0,12 13,1,12,,37953,7,0,12 13,1,12,,37954,7,0,12 13,1,12,,37955,7,0,12 13,1,12,,37956,7,0,12 13,1,52,,37957,7,0,12 13,1,12,,37958,7,0,12 13,1,18,,37959,7,0,12 13,1,20,,37960,7,0,12 13,1,55,,37961,7,0,12 13,1,15,,37962,7,0,12 13,1,15,,37963,7,0,12 13,1,15,,37964,7,0,12 13,1,55,,37965,7,0,12 13,1,15,,37966,7,0,12 13,1,15,,37967,7,0,12 13,1,15,,37968,7,0,12 13,1,55,,37969,7,0,12 13,1,15,,37970,7,0,12 13,1,15,,37971,7,0,12 13,1,15,,37972,7,0,12 13,1,55,,37973,7,0,12 13,1,15,,37974,7,0,12 13,1,15,,37975,7,0,12 13,1,13,,37976,7,0,12 13,1,52,,37977,7,0,12 13,1,12,,37978,7,0,12 13,1,12,,37979,7,0,12 13,1,12,,37980,7,0,12 13,1,12,,37981,7,0,12 13,1,52,,37982,7,0,12 13,1,12,,37983,7,0,12 13,1,12,,37984,7,0,12 13,1,12,,37985,7,0,12 13,1,12,,37986,7,0,12 13,1,52,,37987,7,0,12 13,1,12,,37988,7,0,12 13,1,12,,37989,7,0,12 13,1,12,,37990,7,0,12 13,1,12,,37991,7,0,12 13,1,52,,37992,7,0,12 13,1,12,,37993,7,0,12 13,1,12,,37994,7,0,12 13,1,12,,37995,7,0,12 13,1,12,,37996,7,0,12 13,1,52,,37997,7,0,12 13,1,12,,37998,7,0,12 13,1,17,,37999,7,0,12 13,1,15,,38000,7,0,12 13,1,55,,38001,7,0,12 13,1,15,,38002,7,0,12 13,1,15,,38003,7,0,12 13,1,15,,38004,7,0,12 13,1,55,,38005,7,0,12 13,1,15,,38006,7,0,12 13,1,15,,38007,7,0,12 13,1,15,,38008,7,0,12 13,1,55,,38009,7,0,12 13,1,15,,38010,7,0,12 13,1,15,,38011,7,0,12 13,1,15,,38012,7,0,12 13,1,55,,38013,7,0,12 13,1,15,,38014,7,0,12 13,1,15,,38015,7,0,12 13,1,15,,38016,7,0,12 13,1,55,,38017,7,0,12 13,1,15,,37941,7,0,12 13,1,15,,37940,7,0,12 13,1,15,,37939,7,0,12 13,1,55,,37938,7,0,12 13,1,15,,37937,7,0,12 13,1,15,,37936,7,0,12 13,1,15,,37935,7,0,12 13,1,55,,37934,7,0,12 13,1
18002201,'022R-Weekday-6-26-09',609,,38026,7,0,12 13,1,12,,38027,7,0,12 13,1,12,,38028,7,0,12 13,1,12,,38029,7,0,12 13,1,12,,38030,7,0,12 13,1,52,,38031,7,0,12 13,1,12,,38032,7,0,12 13,1,12,,38033,7,0,12 13,1,12,,38034,7,0,12 13,1,12,,38035,7,0,12 13,1,52,,38036,7,0,12 13,1,12,,38037,7,0,12 13,1,12,,38038,7,0,12 13,1,12,,38039,7,0,12 13,1,12,,38040,7,0,12 13,1,52,,38041,7,0,12 13,1,12,,38042,7,0,12 13,1,18,,38043,7,0,12 13,1,20,,38044,7,0,12 13,1,55,,38045,7,0,12 13,1,15,,38046,7,0,12 13,1,15,,38047,7,0,12 13,1,15,,38048,7,0,12 13,1,55,,38049,7,0,12 13,1,15,,38050,7,0,12 13,1,15,,38051,7,0,12 13,1,15,,38052,7,0,12 13,1,55,,38053,7,0,12 13,1,15,,38054,7,0,12 13,1,15,,38055,7,0,12 13,1,15,,38056,7,0,12 13,1,55,,38057,7,0,12 13,1,15,,38058,7,0,12 13,1,15,,38059,7,0,12 13,1,13,,38060,7,0,12 13,1,52,,38061,7,0,12 13,1,12,,38062,7,0,12 13,1,12,,38063,7,0,12 13,1,12,,38064,7,0,12 13,1,12,,38065,7,0,12 13,1,52,,38066,7,0,12 13,1,12,,38067,7,0,12 13,1,12,,38068,7,0,12 13,1,12,,38069,7,0,12 13,1,12,,38070,7,0,12 13,1,52,,38071,7,0,12 13,1,12,,38072,7,0,12 13,1,12,,38073,7,0,12 13,1,12,,38074,7,0,12 13,1,12,,38075,7,0,12 13,1,52,,38076,7,0,12 13,1,12,,38077,7,0,12 13,1,12,,38078,7,0,12 13,1,12,,38079,7,0,12 13,1,12,,38080,7,0,12 13,1,52,,38081,7,0,12 13,1,12,,38082,7,0,12 13,1,17,,38083,7,0,12 13,1,15,,38084,7,0,12 13,1,55,,38085,7,0,12 13,1,15,,38086,7,0,12 13,1,15,,38087,7,0,12 13,1,15,,38088,7,0,12 13,1,55,,38089,7,0,12 13,1,15,,38090,7,0,12 13,1,15,,38091,7,0,12 13,1,15,,38092,7,0,12 13,1,55,,38093,7,0,12 13,1,15,,38094,7,0,12 13,1,15,,38095,7,0,12 13,1,15,,38096,7,0,12 13,1,55,,38097,7,0,12 13,1,15,,38098,7,0,12 13,1,15,,38099,7,0,12 13,1,15,,38100,7,0,12 13,1,55,,38101,7,0,12 13,1,15,,38025,7,0,12 13,1,15,,38024,7,0,12 13,1,15,,38023,7,0,12 13,1,55,,38022,7,0,12 13,1,15,,38021,7,0,12 13,1,15,,38020,7,0,12 13,1,15,,38019,7,0,12 13,1,55,,38018,7,0,12 13,1
18002201,'022R-Weekday-7-26-09',609,,38110,7,0,12 13,1,12,,38111,7,0,12 13,1,12,,38112,7,0,12 13,1,12,,38113,7,0,12 13,1,12,,38114,7,0,12 13,1,52,,38115,7,0,12 13,1,12,,38116,7,0,12 13,1,12,,38117,7,0,12 13,1,12,,38118,7,0,12 13,1,12,,38119,7,0,12 13,1,52,,38120,7,0,12 13,1,12,,38121,7,0,12 13,1,12,,38122,7,0,12 13,1,12,,38123,7,0,12 13,1,12,,38124,7,0,12 13,1,52,,38125,7,0,12 13,1,12,,38126,7,0,12 13,1,18,,38127,7,0,12 13,1,20,,38128,7,0,12 13,1,55,,38129,7,0,12 13,1,15,,38130,7,0,12 13,1,15,,38131,7,0,12 13,1,15,,38132,7,0,12 13,1,55,,38133,7,0,12 13,1,15,,38134,7,0,12 13,1,15,,38135,7,0,12 13,1,15,,38136,7,0,12 13,1,55,,38137,7,0,12 13,1,15,,38138,7,0,12 13,1,15,,38139,7,0,12 13,1,15,,38140,7,0,12 13,1,55,,38141,7,0,12 13,1,15,,38142,7,0,12 13,1,15,,38143,7,0,12 13,1,13,,38144,7,0,12 13,1,52,,38145,7,0,12 13,1,12,,38146,7,0,12 13,1,12,,38147,7,0,12 13,1,12,,38148,7,0,12 13,1,12,,38149,7,0,12 13,1,52,,38150,7,0,12 13,1,12,,38151,7,0,12 13,1,12,,38152,7,0,12 13,1,12,,38153,7,0,12 13,1,12,,38154,7,0,12 13,1,52,,38155,7,0,12 13,1,12,,38156,7,0,12 13,1,12,,38157,7,0,12 13,1,12,,38158,7,0,12 13,1,12,,38159,7,0,12 13,1,52,,38160,7,0,12 13,1,12,,38161,7,0,12 13,1,12,,38162,7,0,12 13,1,12,,38163,7,0,12 13,1,12,,38164,7,0,12 13,1,52,,38165,7,0,12 13,1,12,,38166,7,0,12 13,1,17,,38167,7,0,12 13,1,15,,38168,7,0,12 13,1,55,,38169,7,0,12 13,1,15,,38170,7,0,12 13,1,15,,38171,7,0,12 13,1,15,,38172,7,0,12 13,1,55,,38173,7,0,12 13,1,15,,38174,7,0,12 13,1,15,,38175,7,0,12 13,1,15,,38176,7,0,12 13,1,55,,38177,7,0,12 13,1,15,,38178,7,0,12 13,1,15,,38179,7,0,12 13,1,15,,38180,7,0,12 13,1,55,,38181,7,0,12 13,1,15,,38182,7,0,12 13,1,15,,38183,7,0,12 13,1,15,,38184,7,0,12 13,1,55,,38185,7,0,12 13,1,15,,38109,7,0,12 13,1,15,,38108,7,0,12 13,1,15,,38107,7,0,12 13,1,55,,38106,7,0,12 13,1,15,,38105,7,0,12 13,1,15,,38104,7,0,12 13,1,15,,38103,7,0,12 13,1,55,,38102,7,0,12 13,1
18002201,'022R-Saturday-1-26-09',607,,38186,7,0,12 13,1,15,,38187,7,0,12 13,1,15,,38188,7,0,12 13,1,15,,38189,7,0,12 13,1,55,,38190,7,0,12 13,1,15,,38191,7,0,12 13,1,15,,38192,7,0,12 13,1,15,,38193,7,0,12 13,1,55,,38194,7,0,12 13,1,15,,38195,7,0,12 13,1,15,,38196,7,0,12 13,1,15,,38197,7,0,12 13,1,55,,38198,7,0,12 13,1,15,,38199,7,0,12 13,1,15,,38200,7,0,12 13,1,15,,38201,7,0,12 13,1,55,,38202,7,0,12 13,1,15,,38203,7,0,12 13,1,15,,38204,7,0,12 13,1,15,,38205,7,0,12 13,1,55,,38206,7,0,12 13,1,15,,38207,7,0,12 13,1,15,,38208,7,0,12 13,1,15,,38209,7,0,12 13,1,55,,38210,7,0,12 13,1,15,,38211,7,0,12 13,1,15,,38212,7,0,12 13,1,15,,38213,7,0,12 13,1,55,,38214,7,0,12 13,1,15,,38215,7,0,12 13,1,15,,38216,7,0,12 13,1,15,,38217,7,0,12 13,1,55,,38218,7,0,12 13,1,15,,38219,7,0,12 13,1,15,,38220,7,0,12 13,1,15,,38221,7,0,12 13,1,55,,38222,7,0,12 13,1,15,,38223,7,0,12 13,1,15,,38224,7,0,12 13,1,15,,38225,7,0,12 13,1,55,,38226,7,0,12 13,1,15,,38227,7,0,12 13,1,15,,38228,7,0,12 13,1,15,,38229,7,0,12 13,1,55,,38230,7,0,12 13,1,15,,38231,7,0,12 13,1,15,,38232,7,0,12 13,1,15,,38233,7,0,12 13,1,55,,38234,7,0,12 13,1,15,,38235,7,0,12 13,1,15,,38236,7,0,12 13,1,15,,38237,7,0,12 13,1,55,,38238,7,0,12 13,1,15,,38239,7,0,12 13,1,15,,38240,7,0,12 13,1,15,,38241,7,0,12 13,1,55,,38242,7,0,12 13,1,15,,38243,7,0,12 13,1,15,,38244,7,0,12 13,1,15,,38245,7,0,12 13,1,55,,38246,7,0,12 13,1,15,,38247,7,0,12 13,1,15,,38248,7,0,12 13,1,15,,38249,7,0,12 13,1,55,,38250,7,0,12 13,1,15,,38251,7,0,12 13,1,15,,38252,7,0,12 13,1,15,,38253,7,0,12 13,1,55,,38254,7,0,12 13,1,15,,38255,7,0,12 13,1,15,,38256,7,0,12 13,1,15,,38257,7,0,12 13,1,55,,38258,7,0,12 13,1,15,,38259,7,0,12 13,1,15,,38260,7,0,12 13,1,15,,38261,7,0,12 13,1,55,,38262,7,0,12 13,1
18002201,'022R-Saturday-2-26-09',525,,38341,4,,,1,15,,38340,4,,,1,15,,38263,7,,,1,55,,38264,7,,,1,15,,38265,7,,,1,15,,38266,7,,,1,15,,38267,7,,,1,55,,38268,7,,,1,15,,38269,7,,,1,15,,38270,7,,,1,15,,38271,7,,,1,55,,38272,7,,,1,15,,38273,7,,,1,15,,38274,7,,,1,15,,38275,7,,,1,55,,38276,7,,,1,15,,38277,7,,,1,15,,38278,7,,,1,15,,38279,7,,,1,55,,38280,7,,,1,15,,38281,7,,,1,15,,38282,7,,,1,15,,38283,7,,,1,55,,38284,7,,,1,15,,38285,7,,,1,15,,38286,7,,,1,15,,38287,7,,,1,55,,38288,7,,,1,15,,38289,7,,,1,15,,38290,7,,,1,15,,38291,7,,,1,55,,38292,7,,,1,15,,38293,7,,,1,15,,38294,7,,,1,15,,38295,7,,,1,55,,38296,7,,,1,15,,38297,7,,,1,15,,38298,7,,,1,15,,38299,7,,,1,55,,38300,7,,,1,15,,38301,7,,,1,15,,38302,7,,,1,15,,38303,7,,,1,55,,38304,7,,,1,15,,38305,7,,,1,15,,38306,7,,,1,15,,38307,7,,,1,55,,38308,7,,,1,15,,38309,7,,,1,15,,38310,7,,,1,15,,38311,7,,,1,55,,38312,7,,,1,15,,38313,7,,,1,15,,38314,7,,,1,15,,38315,7,,,1,55,,38316,7,,,1,15,,38317,7,,,1,15,,38318,7,,,1,15,,38319,7,,,1,55,,38320,7,,,1,15,,38321,7,,,1,15,,38322,7,,,1,15,,38323,7,,,1,55,,38324,7,,,1,15,,38325,7,,,1,15,,38326,7,,,1,15,,38327,7,,,1,55,,38328,7,,,1,15,,38329,7,,,1,15,,38330,7,,,1,15,,38331,7,,,1,55,,38332,7,,,1,15,,38333,7,,,1,15,,38334,7,,,1,15,,38335,7,,,1,55,,38336,7,,,1,15,,38337,7,,,1,15,,38338,7,,,1,15,,38339,7,,,1
18002201,'022R-Saturday-4-26-09',615,,38453,7,0,9 11,1,15,,38454,7,0,9 11,1,15,,38455,7,0,9 11,1,55,,38456,7,0,9 11,1,15,,38457,7,0,9 11,1,15,,38458,7,0,9 11,1,15,,38459,7,0,9 11,1,55,,38460,7,0,9 11,1,15,,38461,7,0,9 11,1,15,,38462,7,0,9 11,1,15,,38463,7,0,9 11,1,55,,38464,7,0,9 11,1,15,,38465,7,0,9 11,1,15,,38466,7,0,9 11,1,15,,38467,7,0,9 11,1,55,,38468,7,0,9 11,1,15,,38469,7,0,9 11,1,15,,38470,7,0,9 11,1,15,,38471,7,0,9 11,1,55,,38472,7,0,9 11,1,15,,38473,7,0,9 11,1,15,,38474,7,0,9 11,1,15,,38475,7,0,9 11,1,55,,38476,7,0,9 11,1,15,,38477,7,0,9 11,1,15,,38478,7,0,9 11,1,15,,38479,7,0,9 11,1,55,,38480,7,0,9 11,1,15,,38481,7,0,9 11,1,15,,38482,7,0,9 11,1,15,,38483,7,0,9 11,1,55,,38484,7,0,9 11,1,15,,38485,7,0,9 11,1,15,,38486,7,0,9 11,1,15,,38487,7,0,9 11,1,55,,38488,7,0,9 11,1,15,,38489,7,0,9 11,1,15,,38490,7,0,9 11,1,15,,38491,7,0,9 11,1,55,,38492,7,0,9 11,1,10,,38495,7,0,12 13,1,15,,38494,7,0,12 13,1,15,,38493,7,0,12 13,1,12,,38419,7,0,12 13,1,55,,38420,7,0,12 13,1,15,,38421,7,0,12 13,1,15,,38422,7,0,12 13,1,15,,38423,7,0,12 13,1,55,,38424,7,0,12 13,1,15,,38425,7,0,12 13,1,15,,38426,7,0,12 13,1,15,,38427,7,0,12 13,1,55,,38428,7,0,12 13,1,15,,38429,7,0,12 13,1,15,,38430,7,0,12 13,1,15,,38431,7,0,12 13,1,55,,38432,7,0,12 13,1,15,,38433,7,0,12 13,1,15,,38434,7,0,12 13,1,15,,38435,7,0,12 13,1,55,,38436,7,0,12 13,1,15,,38437,7,0,12 13,1,15,,38438,7,0,12 13,1,15,,38439,7,0,12 13,1,55,,38440,7,0,12 13,1,15,,38441,7,0,12 13,1,15,,38442,7,0,12 13,1,15,,38443,7,0,12 13,1,55,,38444,7,0,12 13,1,15,,38445,7,0,12 13,1,15,,38446,7,0,12 13,1,15,,38447,7,0,12 13,1,55,,38448,7,0,12 13,1,15,,38449,7,0,12 13,1,15,,38450,7,0,12 13,1,15,,38451,7,0,12 13,1,55,,38452,7,0,12 13,1
18002201,'022R-Sunday-1-26-09',622,,38496,7,0,12 13,1,15,,38497,7,0,12 13,1,15,,38498,7,0,12 13,1,55,,38499,7,0,12 13,1,15,,38500,7,0,12 13,1,15,,38501,7,0,12 13,1,15,,38502,7,0,12 13,1,55,,38503,7,0,12 13,1,15,,38504,7,0,12 13,1,15,,38505,7,0,12 13,1,15,,38506,7,0,12 13,1,55,,38507,7,0,12 13,1,15,,38508,7,0,12 13,1,15,,38509,7,0,12 13,1,15,,38510,7,0,12 13,1,55,,38511,7,0,12 13,1,15,,38512,7,0,12 13,1,15,,38513,7,0,12 13,1,15,,38514,7,0,12 13,1,55,,38515,7,0,12 13,1,15,,38516,7,0,12 13,1,15,,38517,7,0,12 13,1,15,,38518,7,0,12 13,1,55,,38519,7,0,12 13,1,15,,38520,7,0,12 13,1,15,,38521,7,0,12 13,1,15,,38522,7,0,12 13,1,55,,38523,7,0,12 13,1,15,,38524,7,0,12 13,1,15,,38525,7,0,12 13,1,15,,38526,7,0,12 13,1,55,,38527,7,0,12 13,1,15,,38528,7,0,12 13,1,15,,38529,7,0,12 13,1,15,,38530,7,0,12 13,1,55,,38531,7,0,12 13,1,15,,38532,7,0,12 13,1,15,,38533,7,0,12 13,1,15,,38534,7,0,12 13,1,55,,38535,7,0,12 13,1,15,,38536,7,0,12 13,1,15,,38537,7,0,12 13,1,15,,38538,7,0,12 13,1,55,,38539,7,0,12 13,1,15,,38540,7,0,12 13,1,15,,38541,7,0,12 13,1,15,,38542,7,0,12 13,1,55,,38543,7,0,12 13,1,15,,38544,7,0,12 13,1,15,,38545,7,0,12 13,1,15,,38546,7,0,12 13,1,55,,38547,7,0,12 13,1,15,,38548,7,0,12 13,1,15,,38549,7,0,12 13,1,15,,38550,7,0,12 13,1,55,,38551,7,0,12 13,1,15,,38552,7,0,12 13,1,15,,38553,7,0,12 13,1,15,,38554,7,0,12 13,1,55,,38555,7,0,12 13,1,15,,38556,7,0,12 13,1,15,,38557,7,0,12 13,1,15,,38558,7,0,12 13,1,55,,38559,7,0,12 13,1,15,,38560,7,0,12 13,1,15,,38561,7,0,12 13,1,15,,38562,7,0,12 13,1,55,,38563,7,0,12 13,1,15,,38564,7,0,12 13,1,15,,38565,7,0,12 13,1,15,,38566,7,0,12 13,1,55,,38567,7,0,12 13,1
18002201,'022R-Sunday-2-26-09',555,,38570,4,,,1,55,,38569,4,,,1,15,,38572,7,,,1,15,,38573,7,,,1,15,,38574,7,,,1,55,,38575,7,,,1,15,,38576,7,,,1,15,,38577,7,,,1,15,,38578,7,,,1,55,,38579,7,,,1,15,,38580,7,,,1,15,,38581,7,,,1,15,,38582,7,,,1,55,,38583,7,,,1,15,,38584,7,,,1,15,,38585,7,,,1,15,,38586,7,,,1,55,,38587,7,,,1,15,,38588,7,,,1,15,,38589,7,,,1,15,,38590,7,,,1,55,,38591,7,,,1,15,,38592,7,,,1,15,,38593,7,,,1,15,,38594,7,,,1,55,,38595,7,,,1,15,,38596,7,,,1,15,,38597,7,,,1,15,,38598,7,,,1,55,,38599,7,,,1,15,,38600,7,,,1,15,,38601,7,,,1,15,,38602,7,,,1,55,,38603,7,,,1,15,,38604,7,,,1,15,,38605,7,,,1,15,,38606,7,,,1,55,,38607,7,,,1,15,,38608,7,,,1,15,,38609,7,,,1,15,,38610,7,,,1,55,,38611,7,,,1,15,,38612,7,,,1,15,,38613,7,,,1,15,,38614,7,,,1,55,,38615,7,,,1,15,,38616,7,,,1,15,,38617,7,,,1,15,,38618,7,,,1,55,,38619,7,,,1,15,,38620,7,,,1,15,,38621,7,,,1,15,,38622,7,,,1,55,,38623,7,,,1,15,,38624,7,,,1,15,,38625,7,,,1,15,,38626,7,,,1,55,,38627,7,,,1,15,,38628,7,,,1,15,,38629,7,,,1,15,,38630,7,,,1,55,,38631,7,,,1,15,,38632,7,,,1,15,,38633,7,,,1,15,,38634,7,,,1,55,,38635,7,,,1,15,,38636,7,,,1,15,,38637,7,,,1,15,,38638,7,,,1,55,,38639,7,,,1,15,,38640,7,,,1,15,,38571,7,,,1,15,,38568,7,,,1
18002201,'022R-Sunday-6-26-09',625,,38809,7,0,9 11,1,15,,38810,7,0,9 11,1,15,,38811,7,0,9 11,1,55,,38812,7,0,9 11,1,15,,38813,7,0,9 11,1,15,,38814,7,0,9 11,1,15,,38815,7,0,9 11,1,55,,38816,7,0,9 11,1,15,,38817,7,0,9 11,1,15,,38818,7,0,9 11,1,15,,38819,7,0,9 11,1,55,,38820,7,0,9 11,1,15,,38821,7,0,9 11,1,15,,38822,7,0,9 11,1,15,,38823,7,0,9 11,1,55,,38824,7,0,9 11,1,15,,38825,7,0,9 11,1,15,,38826,7,0,9 11,1,15,,38827,7,0,9 11,1,55,,38828,7,0,9 11,1,15,,38829,7,0,9 11,1,15,,38830,7,0,9 11,1,15,,38831,7,0,9 11,1,55,,38832,7,0,9 11,1,15,,38833,7,0,9 11,1,15,,38834,7,0,9 11,1,15,,38835,7,0,9 11,1,55,,38836,7,0,9 11,1,15,,38837,7,0,9 11,1,15,,38838,7,0,9 11,1,15,,38839,7,0,9 11,1,55,,38840,7,0,9 11,1,15,,38841,7,0,9 11,1,15,,38842,7,0,9 11,1,15,,38843,7,0,9 11,1,55,,38844,7,0,9 11,1,15,,38845,7,0,9 11,1,15,,38846,7,0,9 11,1,15,,38847,7,0,9 11,1,55,,38848,7,0,9 11,1,15,,38849,7,0,9 11,1,15,,38850,7,0,9 11,1,15,,38851,7,0,9 11,1,55,,38852,7,0,9 11,1,15,,38853,7,0,9 11,1,15,,38854,7,0,9 11,1,15,,38855,7,0,9 11,1,55,,38856,7,0,9 11,1,12,,38785,7,0,12 13,1,15,,38786,7,0,12 13,1,15,,38787,7,0,12 13,1,55,,38788,7,0,12 13,1,15,,38789,7,0,12 13,1,15,,38790,7,0,12 13,1,15,,38791,7,0,12 13,1,55,,38792,7,0,12 13,1,15,,38793,7,0,12 13,1,15,,38794,7,0,12 13,1,15,,38795,7,0,12 13,1,55,,38796,7,0,12 13,1,15,,38797,7,0,12 13,1,15,,38798,7,0,12 13,1,15,,38799,7,0,12 13,1,55,,38800,7,0,12 13,1,15,,38801,7,0,12 13,1,15,,38802,7,0,12 13,1,15,,38803,7,0,12 13,1,55,,38804,7,0,12 13,1,15,,38805,7,0,12 13,1,15,,38806,7,0,12 13,1,15,,38807,7,0,12 13,1,55,,38808,7,0,12 13,1
