18002101,'021R-Weekday-1-26-09',531,,34990,11,,,1,12,,34992,11,,,1,12,,34993,11,,,1,46,,35124,11,,,1,6,,34991,11,,,1,6,,35022,11,,,1,6,,35023,11,,,1,6,,35024,11,,,1,6,,35025,11,,,1,6,,35021,11,,,1,6,,35020,11,,,1,6,,35019,11,,,1,6,,35018,11,,,1,46,,35017,11,,,1,6,,35016,11,,,1,6,,35015,11,,,1,6,,35014,11,,,1,6,,35013,11,,,1,6,,35012,11,,,1,6,,35011,11,,,1,6,,35010,11,,,1,6,,35009,11,,,1,6,,35008,11,,,1,46,,35007,11,,,1,6,,35006,11,,,1,6,,35005,11,,,1,6,,35004,11,,,1,6,,35003,11,,,1,6,,35002,11,,,1,6,,35001,11,,,1,6,,35000,11,,,1,6,,34999,11,,,1,6,,34998,11,,,1,46,,34997,11,,,1,6,,34996,11,,,1,6,,34995,11,,,1,10,,35026,11,,,1,10,,35027,11,,,1,10,,35028,11,,,1,10,,35029,11,,,1,50,,35030,11,,,1,10,,35031,11,,,1,10,,35032,11,,,1,10,,35033,11,,,1,10,,35034,11,,,1,10,,35035,11,,,1,50,,35036,11,,,1,10,,35037,11,,,1,10,,35038,11,,,1,10,,35039,11,,,1,10,,35040,11,,,1,10,,35041,11,,,1,50,,35042,11,,,1,10,,35043,11,,,1,10,,35044,11,,,1,10,,35045,11,,,1,10,,35046,11,,,1,10,,35047,11,,,1,50,,35048,11,,,1,10,,35049,11,,,1,10,,35050,11,,,1,10,,35051,11,,,1,10,,35052,11,,,1,10,,35053,11,,,1,50,,35054,11,,,1,10,,35055,11,,,1,6,,35056,11,,,1,6,,35057,11,,,1,6,,35058,11,,,1,6,,35059,11,,,1,6,,35060,11,,,1,6,,35061,11,,,1,6,,35062,11,,,1,46,,35063,11,,,1,6,,35064,11,,,1,6,,35065,11,,,1,6,,35066,11,,,1,6,,35067,11,,,1,6,,35068,11,,,1,6,,35069,11,,,1,6,,35070,11,,,1,6,,35071,11,,,1,6,,35072,11,,,1,46,,35073,11,,,1,6,,35074,11,,,1,6,,35075,11,,,1,6,,35076,11,,,1,6,,35077,11,,,1,6,,35078,11,,,1,6,,35079,11,,,1,6,,35080,11,,,1,6,,35081,11,,,1,6,,35082,11,,,1,46,,35083,11,,,1,6,,35084,11,,,1,6,,35085,11,,,1,6,,35086,11,,,1,6,,35087,11,,,1,6,,35088,11,,,1,6,,35089,11,,,1,6,,35090,11,,,1,6,,35091,11,,,1,6,,35092,11,,,1,46,,35093,11,,,1,6,,35094,11,,,1,6,,35095,11,,,1,6,,35096,11,,,1,9,,35097,11,,,1,15,,35098,11,,,1,15,,35099,11,,,1,55,,35100,11,,,1,15,,35101,11,,,1,15,,35102,11,,,1,15,,35103,11,,,1,55,,35104,11,,,1,15,,35105,11,,,1,15,,35106,11,,,1,15,,35107,11,,,1,55,,35108,11,,,1,15,,35109,11,,,1,15,,35110,11,,,1,15,,35111,11,,,1,55,,35112,11,,,1,15,,35113,11,,,1,15,,35114,11,,,1,15,,35115,11,,,1,55,,35116,11,,,1,15,,35117,11,,,1,15,,35118,11,,,1,15,,35119,11,,,1,55,,35120,11,,,1,15,,35121,11,,,1,15,,35122,11,,,1,15,,35123,11,,,1,55,,34994,11,,,1
18002101,'021R-Weekday-2-26-09',531,,35125,11,,,1,12,,35127,11,,,1,12,,35128,11,,,1,46,,35259,11,,,1,6,,35126,11,,,1,6,,35157,11,,,1,6,,35158,11,,,1,6,,35159,11,,,1,6,,35160,11,,,1,6,,35156,11,,,1,6,,35155,11,,,1,6,,35154,11,,,1,6,,35153,11,,,1,46,,35152,11,,,1,6,,35151,11,,,1,6,,35150,11,,,1,6,,35149,11,,,1,6,,35148,11,,,1,6,,35147,11,,,1,6,,35146,11,,,1,6,,35145,11,,,1,6,,35144,11,,,1,6,,35143,11,,,1,46,,35142,11,,,1,6,,35141,11,,,1,6,,35140,11,,,1,6,,35139,11,,,1,6,,35138,11,,,1,6,,35137,11,,,1,6,,35136,11,,,1,6,,35135,11,,,1,6,,35134,11,,,1,6,,35133,11,,,1,46,,35132,11,,,1,6,,35131,11,,,1,6,,35130,11,,,1,10,,35161,11,,,1,10,,35162,11,,,1,10,,35163,11,,,1,10,,35164,11,,,1,50,,35165,11,,,1,10,,35166,11,,,1,10,,35167,11,,,1,10,,35168,11,,,1,10,,35169,11,,,1,10,,35170,11,,,1,50,,35171,11,,,1,10,,35172,11,,,1,10,,35173,11,,,1,10,,35174,11,,,1,10,,35175,11,,,1,10,,35176,11,,,1,50,,35177,11,,,1,10,,35178,11,,,1,10,,35179,11,,,1,10,,35180,11,,,1,10,,35181,11,,,1,10,,35182,11,,,1,50,,35183,11,,,1,10,,35184,11,,,1,10,,35185,11,,,1,10,,35186,11,,,1,10,,35187,11,,,1,10,,35188,11,,,1,50,,35189,11,,,1,10,,35190,11,,,1,6,,35191,11,,,1,6,,35192,11,,,1,6,,35193,11,,,1,6,,35194,11,,,1,6,,35195,11,,,1,6,,35196,11,,,1,6,,35197,11,,,1,46,,35198,11,,,1,6,,35199,11,,,1,6,,35200,11,,,1,6,,35201,11,,,1,6,,35202,11,,,1,6,,35203,11,,,1,6,,35204,11,,,1,6,,35205,11,,,1,6,,35206,11,,,1,6,,35207,11,,,1,46,,35208,11,,,1,6,,35209,11,,,1,6,,35210,11,,,1,6,,35211,11,,,1,6,,35212,11,,,1,6,,35213,11,,,1,6,,35214,11,,,1,6,,35215,11,,,1,6,,35216,11,,,1,6,,35217,11,,,1,46,,35218,11,,,1,6,,35219,11,,,1,6,,35220,11,,,1,6,,35221,11,,,1,6,,35222,11,,,1,6,,35223,11,,,1,6,,35224,11,,,1,6,,35225,11,,,1,6,,35226,11,,,1,6,,35227,11,,,1,46,,35228,11,,,1,6,,35229,11,,,1,6,,35230,11,,,1,6,,35231,11,,,1,9,,35232,11,,,1,15,,35233,11,,,1,15,,35234,11,,,1,55,,35235,11,,,1,15,,35236,11,,,1,15,,35237,11,,,1,15,,35238,11,,,1,55,,35239,11,,,1,15,,35240,11,,,1,15,,35241,11,,,1,15,,35242,11,,,1,55,,35243,11,,,1,15,,35244,11,,,1,15,,35245,11,,,1,15,,35246,11,,,1,55,,35247,11,,,1,15,,35248,11,,,1,15,,35249,11,,,1,15,,35250,11,,,1,55,,35251,11,,,1,15,,35252,11,,,1,15,,35253,11,,,1,15,,35254,11,,,1,55,,35255,11,,,1,15,,35256,11,,,1,15,,35257,11,,,1,15,,35258,11,,,1,55,,35129,11,,,1
18002101,'021R-Weekday-3-26-09',531,,35260,11,,,1,12,,35262,11,,,1,12,,35263,11,,,1,46,,35394,11,,,1,6,,35261,11,,,1,6,,35292,11,,,1,6,,35293,11,,,1,6,,35294,11,,,1,6,,35295,11,,,1,6,,35291,11,,,1,6,,35290,11,,,1,6,,35289,11,,,1,6,,35288,11,,,1,46,,35287,11,,,1,6,,35286,11,,,1,6,,35285,11,,,1,6,,35284,11,,,1,6,,35283,11,,,1,6,,35282,11,,,1,6,,35281,11,,,1,6,,35280,11,,,1,6,,35279,11,,,1,6,,35278,11,,,1,46,,35277,11,,,1,6,,35276,11,,,1,6,,35275,11,,,1,6,,35274,11,,,1,6,,35273,11,,,1,6,,35272,11,,,1,6,,35271,11,,,1,6,,35270,11,,,1,6,,35269,11,,,1,6,,35268,11,,,1,46,,35267,11,,,1,6,,35266,11,,,1,6,,35265,11,,,1,10,,35296,11,,,1,10,,35297,11,,,1,10,,35298,11,,,1,10,,35299,11,,,1,50,,35300,11,,,1,10,,35301,11,,,1,10,,35302,11,,,1,10,,35303,11,,,1,10,,35304,11,,,1,10,,35305,11,,,1,50,,35306,11,,,1,10,,35307,11,,,1,10,,35308,11,,,1,10,,35309,11,,,1,10,,35310,11,,,1,10,,35311,11,,,1,50,,35312,11,,,1,10,,35313,11,,,1,10,,35314,11,,,1,10,,35315,11,,,1,10,,35316,11,,,1,10,,35317,11,,,1,50,,35318,11,,,1,10,,35319,11,,,1,10,,35320,11,,,1,10,,35321,11,,,1,10,,35322,11,,,1,10,,35323,11,,,1,50,,35324,11,,,1,10,,35325,11,,,1,6,,35326,11,,,1,6,,35327,11,,,1,6,,35328,11,,,1,6,,35329,11,,,1,6,,35330,11,,,1,6,,35331,11,,,1,6,,35332,11,,,1,46,,35333,11,,,1,6,,35334,11,,,1,6,,35335,11,,,1,6,,35336,11,,,1,6,,35337,11,,,1,6,,35338,11,,,1,6,,35339,11,,,1,6,,35340,11,,,1,6,,35341,11,,,1,6,,35342,11,,,1,46,,35343,11,,,1,6,,35344,11,,,1,6,,35345,11,,,1,6,,35346,11,,,1,6,,35347,11,,,1,6,,35348,11,,,1,6,,35349,11,,,1,6,,35350,11,,,1,6,,35351,11,,,1,6,,35352,11,,,1,46,,35353,11,,,1,6,,35354,11,,,1,6,,35355,11,,,1,6,,35356,11,,,1,6,,35357,11,,,1,6,,35358,11,,,1,6,,35359,11,,,1,6,,35360,11,,,1,6,,35361,11,,,1,6,,35362,11,,,1,46,,35363,11,,,1,6,,35364,11,,,1,6,,35365,11,,,1,6,,35366,11,,,1,9,,35367,11,,,1,15,,35368,11,,,1,15,,35369,11,,,1,55,,35370,11,,,1,15,,35371,11,,,1,15,,35372,11,,,1,15,,35373,11,,,1,55,,35374,11,,,1,15,,35375,11,,,1,15,,35376,11,,,1,15,,35377,11,,,1,55,,35378,11,,,1,15,,35379,11,,,1,15,,35380,11,,,1,15,,35381,11,,,1,55,,35382,11,,,1,15,,35383,11,,,1,15,,35384,11,,,1,15,,35385,11,,,1,55,,35386,11,,,1,15,,35387,11,,,1,15,,35388,11,,,1,15,,35389,11,,,1,55,,35390,11,,,1,15,,35391,11,,,1,15,,35392,11,,,1,15,,35393,11,,,1,55,,35264,11,,,1
18002101,'021R-Weekday-4-26-09',531,,35395,11,,,1,12,,35397,11,,,1,12,,35398,11,,,1,46,,35529,11,,,1,6,,35396,11,,,1,6,,35427,11,,,1,6,,35428,11,,,1,6,,35429,11,,,1,6,,35430,11,,,1,6,,35426,11,,,1,6,,35425,11,,,1,6,,35424,11,,,1,6,,35423,11,,,1,46,,35422,11,,,1,6,,35421,11,,,1,6,,35420,11,,,1,6,,35419,11,,,1,6,,35418,11,,,1,6,,35417,11,,,1,6,,35416,11,,,1,6,,35415,11,,,1,6,,35414,11,,,1,6,,35413,11,,,1,46,,35412,11,,,1,6,,35411,11,,,1,6,,35410,11,,,1,6,,35409,11,,,1,6,,35408,11,,,1,6,,35407,11,,,1,6,,35406,11,,,1,6,,35405,11,,,1,6,,35404,11,,,1,6,,35403,11,,,1,46,,35402,11,,,1,6,,35401,11,,,1,6,,35400,11,,,1,10,,35431,11,,,1,10,,35432,11,,,1,10,,35433,11,,,1,10,,35434,11,,,1,50,,35435,11,,,1,10,,35436,11,,,1,10,,35437,11,,,1,10,,35438,11,,,1,10,,35439,11,,,1,10,,35440,11,,,1,50,,35441,11,,,1,10,,35442,11,,,1,10,,35443,11,,,1,10,,35444,11,,,1,10,,35445,11,,,1,10,,35446,11,,,1,50,,35447,11,,,1,10,,35448,11,,,1,10,,35449,11,,,1,10,,35450,11,,,1,10,,35451,11,,,1,10,,35452,11,,,1,50,,35453,11,,,1,10,,35454,11,,,1,10,,35455,11,,,1,10,,35456,11,,,1,10,,35457,11,,,1,10,,35458,11,,,1,50,,35459,11,,,1,10,,35460,11,,,1,6,,35461,11,,,1,6,,35462,11,,,1,6,,35463,11,,,1,6,,35464,11,,,1,6,,35465,11,,,1,6,,35466,11,,,1,6,,35467,11,,,1,46,,35468,11,,,1,6,,35469,11,,,1,6,,35470,11,,,1,6,,35471,11,,,1,6,,35472,11,,,1,6,,35473,11,,,1,6,,35474,11,,,1,6,,35475,11,,,1,6,,35476,11,,,1,6,,35477,11,,,1,46,,35478,11,,,1,6,,35479,11,,,1,6,,35480,11,,,1,6,,35481,11,,,1,6,,35482,11,,,1,6,,35483,11,,,1,6,,35484,11,,,1,6,,35485,11,,,1,6,,35486,11,,,1,6,,35487,11,,,1,46,,35488,11,,,1,6,,35489,11,,,1,6,,35490,11,,,1,6,,35491,11,,,1,6,,35492,11,,,1,6,,35493,11,,,1,6,,35494,11,,,1,6,,35495,11,,,1,6,,35496,11,,,1,6,,35497,11,,,1,46,,35498,11,,,1,6,,35499,11,,,1,6,,35500,11,,,1,6,,35501,11,,,1,9,,35502,11,,,1,15,,35503,11,,,1,15,,35504,11,,,1,55,,35505,11,,,1,15,,35506,11,,,1,15,,35507,11,,,1,15,,35508,11,,,1,55,,35509,11,,,1,15,,35510,11,,,1,15,,35511,11,,,1,15,,35512,11,,,1,55,,35513,11,,,1,15,,35514,11,,,1,15,,35515,11,,,1,15,,35516,11,,,1,55,,35517,11,,,1,15,,35518,11,,,1,15,,35519,11,,,1,15,,35520,11,,,1,55,,35521,11,,,1,15,,35522,11,,,1,15,,35523,11,,,1,15,,35524,11,,,1,55,,35525,11,,,1,15,,35526,11,,,1,15,,35527,11,,,1,15,,35528,11,,,1,55,,35399,11,,,1
18002101,'021R-Weekday-5-26-09',531,,35530,11,,,1,12,,35532,11,,,1,12,,35533,11,,,1,46,,35664,11,,,1,6,,35531,11,,,1,6,,35562,11,,,1,6,,35563,11,,,1,6,,35564,11,,,1,6,,35565,11,,,1,6,,35561,11,,,1,6,,35560,11,,,1,6,,35559,11,,,1,6,,35558,11,,,1,46,,35557,11,,,1,6,,35556,11,,,1,6,,35555,11,,,1,6,,35554,11,,,1,6,,35553,11,,,1,6,,35552,11,,,1,6,,35551,11,,,1,6,,35550,11,,,1,6,,35549,11,,,1,6,,35548,11,,,1,46,,35547,11,,,1,6,,35546,11,,,1,6,,35545,11,,,1,6,,35544,11,,,1,6,,35543,11,,,1,6,,35542,11,,,1,6,,35541,11,,,1,6,,35540,11,,,1,6,,35539,11,,,1,6,,35538,11,,,1,46,,35537,11,,,1,6,,35536,11,,,1,6,,35535,11,,,1,10,,35566,11,,,1,10,,35567,11,,,1,10,,35568,11,,,1,10,,35569,11,,,1,50,,35570,11,,,1,10,,35571,11,,,1,10,,35572,11,,,1,10,,35573,11,,,1,10,,35574,11,,,1,10,,35575,11,,,1,50,,35576,11,,,1,10,,35577,11,,,1,10,,35578,11,,,1,10,,35579,11,,,1,10,,35580,11,,,1,10,,35581,11,,,1,50,,35582,11,,,1,10,,35583,11,,,1,10,,35584,11,,,1,10,,35585,11,,,1,10,,35586,11,,,1,10,,35587,11,,,1,50,,35588,11,,,1,10,,35589,11,,,1,10,,35590,11,,,1,10,,35591,11,,,1,10,,35592,11,,,1,10,,35593,11,,,1,50,,35594,11,,,1,10,,35595,11,,,1,6,,35596,11,,,1,6,,35597,11,,,1,6,,35598,11,,,1,6,,35599,11,,,1,6,,35600,11,,,1,6,,35601,11,,,1,6,,35602,11,,,1,46,,35603,11,,,1,6,,35604,11,,,1,6,,35605,11,,,1,6,,35606,11,,,1,6,,35607,11,,,1,6,,35608,11,,,1,6,,35609,11,,,1,6,,35610,11,,,1,6,,35611,11,,,1,6,,35612,11,,,1,46,,35613,11,,,1,6,,35614,11,,,1,6,,35615,11,,,1,6,,35616,11,,,1,6,,35617,11,,,1,6,,35618,11,,,1,6,,35619,11,,,1,6,,35620,11,,,1,6,,35621,11,,,1,6,,35622,11,,,1,46,,35623,11,,,1,6,,35624,11,,,1,6,,35625,11,,,1,6,,35626,11,,,1,6,,35627,11,,,1,6,,35628,11,,,1,6,,35629,11,,,1,6,,35630,11,,,1,6,,35631,11,,,1,6,,35632,11,,,1,46,,35633,11,,,1,6,,35634,11,,,1,6,,35635,11,,,1,6,,35636,11,,,1,9,,35637,11,,,1,15,,35638,11,,,1,15,,35639,11,,,1,55,,35640,11,,,1,15,,35641,11,,,1,15,,35642,11,,,1,15,,35643,11,,,1,55,,35644,11,,,1,15,,35645,11,,,1,15,,35646,11,,,1,15,,35647,11,,,1,55,,35648,11,,,1,15,,35649,11,,,1,15,,35650,11,,,1,15,,35651,11,,,1,55,,35652,11,,,1,15,,35653,11,,,1,15,,35654,11,,,1,15,,35655,11,,,1,55,,35656,11,,,1,15,,35657,11,,,1,15,,35658,11,,,1,15,,35659,11,,,1,55,,35660,11,,,1,15,,35661,11,,,1,15,,35662,11,,,1,15,,35663,11,,,1,55,,35534,11,,,1
18002101,'021R-Weekday-6-26-09',531,,35665,11,,,1,12,,35667,11,,,1,12,,35668,11,,,1,46,,35799,11,,,1,6,,35666,11,,,1,6,,35697,11,,,1,6,,35698,11,,,1,6,,35699,11,,,1,6,,35700,11,,,1,6,,35696,11,,,1,6,,35695,11,,,1,6,,35694,11,,,1,6,,35693,11,,,1,46,,35692,11,,,1,6,,35691,11,,,1,6,,35690,11,,,1,6,,35689,11,,,1,6,,35688,11,,,1,6,,35687,11,,,1,6,,35686,11,,,1,6,,35685,11,,,1,6,,35684,11,,,1,6,,35683,11,,,1,46,,35682,11,,,1,6,,35681,11,,,1,6,,35680,11,,,1,6,,35679,11,,,1,6,,35678,11,,,1,6,,35677,11,,,1,6,,35676,11,,,1,6,,35675,11,,,1,6,,35674,11,,,1,6,,35673,11,,,1,46,,35672,11,,,1,6,,35671,11,,,1,6,,35670,11,,,1,10,,35701,11,,,1,10,,35702,11,,,1,10,,35703,11,,,1,10,,35704,11,,,1,50,,35705,11,,,1,10,,35706,11,,,1,10,,35707,11,,,1,10,,35708,11,,,1,10,,35709,11,,,1,10,,35710,11,,,1,50,,35711,11,,,1,10,,35712,11,,,1,10,,35713,11,,,1,10,,35714,11,,,1,10,,35715,11,,,1,10,,35716,11,,,1,50,,35717,11,,,1,10,,35718,11,,,1,10,,35719,11,,,1,10,,35720,11,,,1,10,,35721,11,,,1,10,,35722,11,,,1,50,,35723,11,,,1,10,,35724,11,,,1,10,,35725,11,,,1,10,,35726,11,,,1,10,,35727,11,,,1,10,,35728,11,,,1,50,,35729,11,,,1,10,,35730,11,,,1,6,,35731,11,,,1,6,,35732,11,,,1,6,,35733,11,,,1,6,,35734,11,,,1,6,,35735,11,,,1,6,,35736,11,,,1,6,,35737,11,,,1,46,,35738,11,,,1,6,,35739,11,,,1,6,,35740,11,,,1,6,,35741,11,,,1,6,,35742,11,,,1,6,,35743,11,,,1,6,,35744,11,,,1,6,,35745,11,,,1,6,,35746,11,,,1,6,,35747,11,,,1,46,,35748,11,,,1,6,,35749,11,,,1,6,,35750,11,,,1,6,,35751,11,,,1,6,,35752,11,,,1,6,,35753,11,,,1,6,,35754,11,,,1,6,,35755,11,,,1,6,,35756,11,,,1,6,,35757,11,,,1,46,,35758,11,,,1,6,,35759,11,,,1,6,,35760,11,,,1,6,,35761,11,,,1,6,,35762,11,,,1,6,,35763,11,,,1,6,,35764,11,,,1,6,,35765,11,,,1,6,,35766,11,,,1,6,,35767,11,,,1,46,,35768,11,,,1,6,,35769,11,,,1,6,,35770,11,,,1,6,,35771,11,,,1,9,,35772,11,,,1,15,,35773,11,,,1,15,,35774,11,,,1,55,,35775,11,,,1,15,,35776,11,,,1,15,,35777,11,,,1,15,,35778,11,,,1,55,,35779,11,,,1,15,,35780,11,,,1,15,,35781,11,,,1,15,,35782,11,,,1,55,,35783,11,,,1,15,,35784,11,,,1,15,,35785,11,,,1,15,,35786,11,,,1,55,,35787,11,,,1,15,,35788,11,,,1,15,,35789,11,,,1,15,,35790,11,,,1,55,,35791,11,,,1,15,,35792,11,,,1,15,,35793,11,,,1,15,,35794,11,,,1,55,,35795,11,,,1,15,,35796,11,,,1,15,,35797,11,,,1,15,,35798,11,,,1,55,,35669,11,,,1
18002101,'021R-Weekday-7-26-09',531,,35800,11,,,1,12,,35802,11,,,1,12,,35803,11,,,1,46,,35934,11,,,1,6,,35801,11,,,1,6,,35832,11,,,1,6,,35833,11,,,1,6,,35834,11,,,1,6,,35835,11,,,1,6,,35831,11,,,1,6,,35830,11,,,1,6,,35829,11,,,1,6,,35828,11,,,1,46,,35827,11,,,1,6,,35826,11,,,1,6,,35825,11,,,1,6,,35824,11,,,1,6,,35823,11,,,1,6,,35822,11,,,1,6,,35821,11,,,1,6,,35820,11,,,1,6,,35819,11,,,1,6,,35818,11,,,1,46,,35817,11,,,1,6,,35816,11,,,1,6,,35815,11,,,1,6,,35814,11,,,1,6,,35813,11,,,1,6,,35812,11,,,1,6,,35811,11,,,1,6,,35810,11,,,1,6,,35809,11,,,1,6,,35808,11,,,1,46,,35807,11,,,1,6,,35806,11,,,1,6,,35805,11,,,1,10,,35836,11,,,1,10,,35837,11,,,1,10,,35838,11,,,1,10,,35839,11,,,1,50,,35840,11,,,1,10,,35841,11,,,1,10,,35842,11,,,1,10,,35843,11,,,1,10,,35844,11,,,1,10,,35845,11,,,1,50,,35846,11,,,1,10,,35847,11,,,1,10,,35848,11,,,1,10,,35849,11,,,1,10,,35850,11,,,1,10,,35851,11,,,1,50,,35852,11,,,1,10,,35853,11,,,1,10,,35854,11,,,1,10,,35855,11,,,1,10,,35856,11,,,1,10,,35857,11,,,1,50,,35858,11,,,1,10,,35859,11,,,1,10,,35860,11,,,1,10,,35861,11,,,1,10,,35862,11,,,1,10,,35863,11,,,1,50,,35864,11,,,1,10,,35865,11,,,1,6,,35866,11,,,1,6,,35867,11,,,1,6,,35868,11,,,1,6,,35869,11,,,1,6,,35870,11,,,1,6,,35871,11,,,1,6,,35872,11,,,1,46,,35873,11,,,1,6,,35874,11,,,1,6,,35875,11,,,1,6,,35876,11,,,1,6,,35877,11,,,1,6,,35878,11,,,1,6,,35879,11,,,1,6,,35880,11,,,1,6,,35881,11,,,1,6,,35882,11,,,1,46,,35883,11,,,1,6,,35884,11,,,1,6,,35885,11,,,1,6,,35886,11,,,1,6,,35887,11,,,1,6,,35888,11,,,1,6,,35889,11,,,1,6,,35890,11,,,1,6,,35891,11,,,1,6,,35892,11,,,1,46,,35893,11,,,1,6,,35894,11,,,1,6,,35895,11,,,1,6,,35896,11,,,1,6,,35897,11,,,1,6,,35898,11,,,1,6,,35899,11,,,1,6,,35900,11,,,1,6,,35901,11,,,1,6,,35902,11,,,1,46,,35903,11,,,1,6,,35904,11,,,1,6,,35905,11,,,1,6,,35906,11,,,1,9,,35907,11,,,1,15,,35908,11,,,1,15,,35909,11,,,1,55,,35910,11,,,1,15,,35911,11,,,1,15,,35912,11,,,1,15,,35913,11,,,1,55,,35914,11,,,1,15,,35915,11,,,1,15,,35916,11,,,1,15,,35917,11,,,1,55,,35918,11,,,1,15,,35919,11,,,1,15,,35920,11,,,1,15,,35921,11,,,1,55,,35922,11,,,1,15,,35923,11,,,1,15,,35924,11,,,1,15,,35925,11,,,1,55,,35926,11,,,1,15,,35927,11,,,1,15,,35928,11,,,1,15,,35929,11,,,1,55,,35930,11,,,1,15,,35931,11,,,1,15,,35932,11,,,1,15,,35933,11,,,1,55,,35804,11,,,1
18002101,'021R-Saturday-1-26-09',528,,35935,11,,,1,15,,35936,11,,,1,15,,35937,11,,,1,55,,35938,11,,,1,15,,35939,11,,,1,15,,35940,11,,,1,15,,35941,11,,,1,55,,35942,11,,,1,15,,35943,11,,,1,15,,35944,11,,,1,15,,35945,11,,,1,55,,35946,11,,,1,15,,35947,11,,,1,15,,35948,11,,,1,15,,35949,11,,,1,55,,35950,11,,,1,15,,35951,11,,,1,15,,35952,11,,,1,15,,35953,11,,,1,55,,35954,11,,,1,15,,35955,11,,,1,15,,35956,11,,,1,15,,35957,11,,,1,55,,35958,11,,,1,15,,35959,11,,,1,15,,35960,11,,,1,15,,35961,11,,,1,55,,35962,11,,,1,15,,35963,11,,,1,15,,35964,11,,,1,15,,35965,11,,,1,55,,35966,11,,,1,15,,35967,11,,,1,15,,35968,11,,,1,15,,35969,11,,,1,55,,35970,11,,,1,15,,35971,11,,,1,15,,35972,11,,,1,15,,35973,11,,,1,55,,35974,11,,,1,15,,35975,11,,,1,15,,35976,11,,,1,15,,35977,11,,,1,55,,35978,11,,,1,15,,35979,11,,,1,15,,35980,11,,,1,15,,35981,11,,,1,55,,35982,11,,,1,15,,35983,11,,,1,15,,35984,11,,,1,15,,35985,11,,,1,55,,35986,11,,,1,15,,35987,11,,,1,15,,35988,11,,,1,15,,35989,11,,,1,55,,35990,11,,,1,15,,35991,11,,,1,15,,35992,11,,,1,15,,35993,11,,,1,55,,35994,11,,,1,15,,35995,11,,,1,15,,35996,11,,,1,15,,35997,11,,,1,55,,35998,11,,,1,15,,35999,11,,,1,15,,36000,11,,,1,15,,36001,11,,,1,55,,36002,11,,,1,15,,36003,11,,,1,15,,36004,11,,,1,15,,36005,11,,,1,55,,36006,11,,,1,15,,36007,11,,,1,15,,36008,11,,,1,15,,36009,11,,,1,55,,36010,11,,,1,15,,36011,11,,,1,15,,36012,11,,,1,15,,36013,11,,,1,55,,36014,11,,,1
18002101,'021R-Saturday-2-26-09',530,,36015,11,,,1,15,,36016,11,,,1,55,,36017,11,,,1,15,,36018,11,,,1,15,,36019,11,,,1,15,,36020,11,,,1,55,,36021,11,,,1,15,,36022,11,,,1,15,,36023,11,,,1,15,,36024,11,,,1,55,,36025,11,,,1,15,,36026,11,,,1,15,,36027,11,,,1,15,,36028,11,,,1,55,,36029,11,,,1,15,,36030,11,,,1,15,,36031,11,,,1,15,,36032,11,,,1,55,,36033,11,,,1,15,,36034,11,,,1,15,,36035,11,,,1,15,,36036,11,,,1,55,,36037,11,,,1,15,,36038,11,,,1,15,,36039,11,,,1,15,,36040,11,,,1,55,,36041,11,,,1,15,,36042,11,,,1,15,,36043,11,,,1,15,,36044,11,,,1,55,,36045,11,,,1,15,,36046,11,,,1,15,,36047,11,,,1,15,,36048,11,,,1,55,,36049,11,,,1,15,,36050,11,,,1,15,,36051,11,,,1,15,,36052,11,,,1,55,,36053,11,,,1,15,,36054,11,,,1,15,,36055,11,,,1,15,,36056,11,,,1,55,,36057,11,,,1,15,,36058,11,,,1,15,,36059,11,,,1,15,,36060,11,,,1,55,,36061,11,,,1,15,,36062,11,,,1,15,,36063,11,,,1,15,,36064,11,,,1,55,,36065,11,,,1,15,,36066,11,,,1,15,,36067,11,,,1,15,,36068,11,,,1,55,,36069,11,,,1,15,,36070,11,,,1,15,,36071,11,,,1,15,,36072,11,,,1,55,,36073,11,,,1,15,,36074,11,,,1,15,,36075,11,,,1,15,,36076,11,,,1,55,,36077,11,,,1,15,,36078,11,,,1,15,,36079,11,,,1,15,,36080,11,,,1,55,,36081,11,,,1,15,,36082,11,,,1,15,,36083,11,,,1,15,,36084,11,,,1,55,,36085,11,,,1,15,,36086,11,,,1,15,,36087,11,,,1,15,,36088,11,,,1,55,,36089,11,,,1,15,,36090,11,,,1,15,,36091,11,,,1,15,,36092,11,,,1,55,,36093,11,,,1,15,,36094,11,,,1
18002101,'021R-Sunday-1-26-09',528,,36095,11,,,1,15,,36096,11,,,1,15,,36097,11,,,1,55,,36098,11,,,1,15,,36099,11,,,1,15,,36100,11,,,1,15,,36101,11,,,1,55,,36102,11,,,1,15,,36103,11,,,1,15,,36104,11,,,1,15,,36105,11,,,1,55,,36106,11,,,1,15,,36107,11,,,1,15,,36108,11,,,1,15,,36109,11,,,1,55,,36110,11,,,1,15,,36111,11,,,1,15,,36112,11,,,1,15,,36113,11,,,1,55,,36114,11,,,1,15,,36115,11,,,1,15,,36116,11,,,1,15,,36117,11,,,1,55,,36118,11,,,1,15,,36119,11,,,1,15,,36120,11,,,1,15,,36121,11,,,1,55,,36122,11,,,1,15,,36123,11,,,1,15,,36124,11,,,1,15,,36125,11,,,1,55,,36126,11,,,1,15,,36127,11,,,1,15,,36128,11,,,1,15,,36129,11,,,1,55,,36130,11,,,1,15,,36131,11,,,1,15,,36132,11,,,1,15,,36133,11,,,1,55,,36134,11,,,1,15,,36135,11,,,1,15,,36136,11,,,1,15,,36137,11,,,1,55,,36138,11,,,1,15,,36139,11,,,1,15,,36140,11,,,1,15,,36141,11,,,1,55,,36142,11,,,1,15,,36143,11,,,1,15,,36144,11,,,1,15,,36145,11,,,1,55,,36146,11,,,1,15,,36147,11,,,1,15,,36148,11,,,1,15,,36149,11,,,1,55,,36150,11,,,1,15,,36151,11,,,1,15,,36152,11,,,1,15,,36153,11,,,1,55,,36154,11,,,1,15,,36155,11,,,1,15,,36156,11,,,1,15,,36157,11,,,1,55,,36158,11,,,1,15,,36159,11,,,1,15,,36160,11,,,1,15,,36161,11,,,1,55,,36162,11,,,1,15,,36163,11,,,1,15,,36164,11,,,1,15,,36165,11,,,1,55,,36166,11,,,1,15,,36167,11,,,1,15,,36168,11,,,1,15,,36169,11,,,1,55,,36170,11,,,1,15,,36171,11,,,1
18002101,'021R-Sunday-2-26-09',530,,36172,11,,,1,15,,36173,11,,,1,55,,36174,11,,,1,15,,36175,11,,,1,15,,36176,11,,,1,15,,36177,11,,,1,55,,36178,11,,,1,15,,36179,11,,,1,15,,36180,11,,,1,15,,36181,11,,,1,55,,36182,11,,,1,15,,36183,11,,,1,15,,36184,11,,,1,15,,36185,11,,,1,55,,36186,11,,,1,15,,36187,11,,,1,15,,36188,11,,,1,15,,36189,11,,,1,55,,36190,11,,,1,15,,36191,11,,,1,15,,36192,11,,,1,15,,36193,11,,,1,55,,36194,11,,,1,15,,36195,11,,,1,15,,36196,11,,,1,15,,36197,11,,,1,55,,36198,11,,,1,15,,36199,11,,,1,15,,36200,11,,,1,15,,36201,11,,,1,55,,36202,11,,,1,15,,36203,11,,,1,15,,36204,11,,,1,15,,36205,11,,,1,55,,36206,11,,,1,15,,36207,11,,,1,15,,36208,11,,,1,15,,36209,11,,,1,55,,36210,11,,,1,15,,36211,11,,,1,15,,36212,11,,,1,15,,36213,11,,,1,55,,36214,11,,,1,15,,36215,11,,,1,15,,36216,11,,,1,15,,36217,11,,,1,55,,36218,11,,,1,15,,36219,11,,,1,15,,36220,11,,,1,15,,36221,11,,,1,55,,36222,11,,,1,15,,36223,11,,,1,15,,36224,11,,,1,15,,36225,11,,,1,55,,36226,11,,,1,15,,36227,11,,,1,15,,36228,11,,,1,15,,36229,11,,,1,55,,36230,11,,,1,15,,36231,11,,,1,15,,36232,11,,,1,15,,36233,11,,,1,55,,36234,11,,,1,15,,36235,11,,,1,15,,36236,11,,,1,15,,36237,11,,,1,55,,36238,11,,,1,15,,36239,11,,,1,15,,36240,11,,,1,15,,36241,11,,,1,55,,36242,11,,,1,15,,36243,11,,,1,15,,36244,11,,,1,15,,36245,11,,,1,55,,36246,11,,,1,15,,36247,11,,,1,15,,36248,11,,,1
18002101,'021R-Sunday-4-26-09',530,,36249,11,,,1,15,,36250,11,,,1,55,,36251,11,,,1,15,,36252,11,,,1,15,,36253,11,,,1,15,,36254,11,,,1,55,,36255,11,,,1,15,,36256,11,,,1,15,,36257,11,,,1,15,,36258,11,,,1,55,,36259,11,,,1,15,,36260,11,,,1,15,,36261,11,,,1,15,,36262,11,,,1,55,,36263,11,,,1,15,,36264,11,,,1,15,,36265,11,,,1,15,,36266,11,,,1,55,,36267,11,,,1,15,,36268,11,,,1,15,,36269,11,,,1,15,,36270,11,,,1,55,,36271,11,,,1,15,,36272,11,,,1,15,,36273,11,,,1,15,,36274,11,,,1,55,,36275,11,,,1,15,,36276,11,,,1,15,,36277,11,,,1,15,,36278,11,,,1,55,,36279,11,,,1,15,,36280,11,,,1,15,,36281,11,,,1,15,,36282,11,,,1,55,,36283,11,,,1,15,,36284,11,,,1,15,,36285,11,,,1,15,,36286,11,,,1,55,,36287,11,,,1,15,,36288,11,,,1,15,,36289,11,,,1,15,,36290,11,,,1,55,,36291,11,,,1,15,,36292,11,,,1,15,,36293,11,,,1,15,,36294,11,,,1,55,,36295,11,,,1,15,,36296,11,,,1,15,,36297,11,,,1,15,,36298,11,,,1,55,,36299,11,,,1,15,,36300,11,,,1,15,,36301,11,,,1,15,,36302,11,,,1,55,,36303,11,,,1,15,,36304,11,,,1,15,,36305,11,,,1,15,,36306,11,,,1,55,,36307,11,,,1,15,,36308,11,,,1,15,,36309,11,,,1,15,,36310,11,,,1,55,,36311,11,,,1,15,,36312,11,,,1,15,,36313,11,,,1,15,,36314,11,,,1,55,,36315,11,,,1,15,,36316,11,,,1,15,,36317,11,,,1,15,,36318,11,,,1,55,,36319,11,,,1,15,,36320,11,,,1,15,,36321,11,,,1,15,,36322,11,,,1,55,,36323,11,,,1,15,,36324,11,,,1,15,,36325,11,,,1
18002201,'022R-Weekday-1-26-09',610,,37606,8,0,12 13,1,12,,37607,8,0,12 13,1,12,,37608,8,0,12 13,1,12,,37609,8,0,12 13,1,12,,37610,8,0,12 13,1,52,,37611,8,0,12 13,1,12,,37612,8,0,12 13,1,12,,37613,8,0,12 13,1,12,,37614,8,0,12 13,1,12,,37615,8,0,12 13,1,52,,37616,8,0,12 13,1,12,,37617,8,0,12 13,1,12,,37618,8,0,12 13,1,12,,37619,8,0,12 13,1,12,,37620,8,0,12 13,1,52,,37621,8,0,12 13,1,12,,37622,8,0,12 13,1,18,,37623,8,0,12 13,1,60,,37624,8,0,12 13,1,15,,37625,8,0,12 13,1,15,,37626,8,0,12 13,1,15,,37627,8,0,12 13,1,55,,37628,8,0,12 13,1,15,,37629,8,0,12 13,1,15,,37630,8,0,12 13,1,15,,37631,8,0,12 13,1,55,,37632,8,0,12 13,1,15,,37633,8,0,12 13,1,15,,37634,8,0,12 13,1,15,,37635,8,0,12 13,1,55,,37636,8,0,12 13,1,15,,37637,8,0,12 13,1,15,,37638,8,0,12 13,1,15,,37639,8,0,12 13,1,13,,37640,8,0,12 13,1,52,,37641,8,0,12 13,1,12,,37642,8,0,12 13,1,12,,37643,8,0,12 13,1,12,,37644,8,0,12 13,1,12,,37645,8,0,12 13,1,52,,37646,8,0,12 13,1,12,,37647,8,0,12 13,1,12,,37648,8,0,12 13,1,12,,37649,8,0,12 13,1,12,,37650,8,0,12 13,1,52,,37651,8,0,12 13,1,12,,37652,8,0,12 13,1,12,,37653,8,0,12 13,1,12,,37654,8,0,12 13,1,12,,37655,8,0,12 13,1,52,,37656,8,0,12 13,1,12,,37657,8,0,12 13,1,12,,37658,8,0,12 13,1,12,,37659,8,0,12 13,1,12,,37660,8,0,12 13,1,52,,37661,8,0,12 13,1,12,,37662,8,0,12 13,1,17,,37663,8,0,12 13,1,15,,37664,8,0,12 13,1,55,,37665,8,0,12 13,1,15,,37666,8,0,12 13,1,15,,37667,8,0,12 13,1,15,,37668,8,0,12 13,1,55,,37669,8,0,12 13,1,15,,37670,8,0,12 13,1,15,,37671,8,0,12 13,1,15,,37672,8,0,12 13,1,55,,37673,8,0,12 13,1,15,,37674,8,0,12 13,1,15,,37675,8,0,12 13,1,15,,37676,8,0,12 13,1,55,,37677,8,0,12 13,1,15,,37678,8,0,12 13,1,15,,37679,8,0,12 13,1,15,,37680,8,0,12 13,1,55,,37681,8,0,12 13,1,15,,37605,8,0,12 13,1,15,,37604,8,0,12 13,1,15,,37603,8,0,12 13,1,55,,37602,8,0,12 13,1,15,,37601,8,0,12 13,1,15,,37600,8,0,12 13,1,15,,37599,8,0,12 13,1,55,,37598,8,0,12 13,1
18002201,'022R-Weekday-2-26-09',610,,37690,8,0,12 13,1,12,,37691,8,0,12 13,1,12,,37692,8,0,12 13,1,12,,37693,8,0,12 13,1,12,,37694,8,0,12 13,1,52,,37695,8,0,12 13,1,12,,37696,8,0,12 13,1,12,,37697,8,0,12 13,1,12,,37698,8,0,12 13,1,12,,37699,8,0,12 13,1,52,,37700,8,0,12 13,1,12,,37701,8,0,12 13,1,12,,37702,8,0,12 13,1,12,,37703,8,0,12 13,1,12,,37704,8,0,12 13,1,52,,37705,8,0,12 13,1,12,,37706,8,0,12 13,1,18,,37707,8,0,12 13,1,60,,37708,8,0,12 13,1,15,,37709,8,0,12 13,1,15,,37710,8,0,12 13,1,15,,37711,8,0,12 13,1,55,,37712,8,0,12 13,1,15,,37713,8,0,12 13,1,15,,37714,8,0,12 13,1,15,,37715,8,0,12 13,1,55,,37716,8,0,12 13,1,15,,37717,8,0,12 13,1,15,,37718,8,0,12 13,1,15,,37719,8,0,12 13,1,55,,37720,8,0,12 13,1,15,,37721,8,0,12 13,1,15,,37722,8,0,12 13,1,15,,37723,8,0,12 13,1,13,,37724,8,0,12 13,1,52,,37725,8,0,12 13,1,12,,37726,8,0,12 13,1,12,,37727,8,0,12 13,1,12,,37728,8,0,12 13,1,12,,37729,8,0,12 13,1,52,,37730,8,0,12 13,1,12,,37731,8,0,12 13,1,12,,37732,8,0,12 13,1,12,,37733,8,0,12 13,1,12,,37734,8,0,12 13,1,52,,37735,8,0,12 13,1,12,,37736,8,0,12 13,1,12,,37737,8,0,12 13,1,12,,37738,8,0,12 13,1,12,,37739,8,0,12 13,1,52,,37740,8,0,12 13,1,12,,37741,8,0,12 13,1,12,,37742,8,0,12 13,1,12,,37743,8,0,12 13,1,12,,37744,8,0,12 13,1,52,,37745,8,0,12 13,1,12,,37746,8,0,12 13,1,17,,37747,8,0,12 13,1,15,,37748,8,0,12 13,1,55,,37749,8,0,12 13,1,15,,37750,8,0,12 13,1,15,,37751,8,0,12 13,1,15,,37752,8,0,12 13,1,55,,37753,8,0,12 13,1,15,,37754,8,0,12 13,1,15,,37755,8,0,12 13,1,15,,37756,8,0,12 13,1,55,,37757,8,0,12 13,1,15,,37758,8,0,12 13,1,15,,37759,8,0,12 13,1,15,,37760,8,0,12 13,1,55,,37761,8,0,12 13,1,15,,37762,8,0,12 13,1,15,,37763,8,0,12 13,1,15,,37764,8,0,12 13,1,55,,37765,8,0,12 13,1,15,,37689,8,0,12 13,1,15,,37688,8,0,12 13,1,15,,37687,8,0,12 13,1,55,,37686,8,0,12 13,1,15,,37685,8,0,12 13,1,15,,37684,8,0,12 13,1,15,,37683,8,0,12 13,1,55,,37682,8,0,12 13,1
18002201,'022R-Weekday-3-26-09',610,,37774,8,0,12 13,1,12,,37775,8,0,12 13,1,12,,37776,8,0,12 13,1,12,,37777,8,0,12 13,1,12,,37778,8,0,12 13,1,52,,37779,8,0,12 13,1,12,,37780,8,0,12 13,1,12,,37781,8,0,12 13,1,12,,37782,8,0,12 13,1,12,,37783,8,0,12 13,1,52,,37784,8,0,12 13,1,12,,37785,8,0,12 13,1,12,,37786,8,0,12 13,1,12,,37787,8,0,12 13,1,12,,37788,8,0,12 13,1,52,,37789,8,0,12 13,1,12,,37790,8,0,12 13,1,18,,37791,8,0,12 13,1,60,,37792,8,0,12 13,1,15,,37793,8,0,12 13,1,15,,37794,8,0,12 13,1,15,,37795,8,0,12 13,1,55,,37796,8,0,12 13,1,15,,37797,8,0,12 13,1,15,,37798,8,0,12 13,1,15,,37799,8,0,12 13,1,55,,37800,8,0,12 13,1,15,,37801,8,0,12 13,1,15,,37802,8,0,12 13,1,15,,37803,8,0,12 13,1,55,,37804,8,0,12 13,1,15,,37805,8,0,12 13,1,15,,37806,8,0,12 13,1,15,,37807,8,0,12 13,1,13,,37808,8,0,12 13,1,52,,37809,8,0,12 13,1,12,,37810,8,0,12 13,1,12,,37811,8,0,12 13,1,12,,37812,8,0,12 13,1,12,,37813,8,0,12 13,1,52,,37814,8,0,12 13,1,12,,37815,8,0,12 13,1,12,,37816,8,0,12 13,1,12,,37817,8,0,12 13,1,12,,37818,8,0,12 13,1,52,,37819,8,0,12 13,1,12,,37820,8,0,12 13,1,12,,37821,8,0,12 13,1,12,,37822,8,0,12 13,1,12,,37823,8,0,12 13,1,52,,37824,8,0,12 13,1,12,,37825,8,0,12 13,1,12,,37826,8,0,12 13,1,12,,37827,8,0,12 13,1,12,,37828,8,0,12 13,1,52,,37829,8,0,12 13,1,12,,37830,8,0,12 13,1,17,,37831,8,0,12 13,1,15,,37832,8,0,12 13,1,55,,37833,8,0,12 13,1,15,,37834,8,0,12 13,1,15,,37835,8,0,12 13,1,15,,37836,8,0,12 13,1,55,,37837,8,0,12 13,1,15,,37838,8,0,12 13,1,15,,37839,8,0,12 13,1,15,,37840,8,0,12 13,1,55,,37841,8,0,12 13,1,15,,37842,8,0,12 13,1,15,,37843,8,0,12 13,1,15,,37844,8,0,12 13,1,55,,37845,8,0,12 13,1,15,,37846,8,0,12 13,1,15,,37847,8,0,12 13,1,15,,37848,8,0,12 13,1,55,,37849,8,0,12 13,1,15,,37773,8,0,12 13,1,15,,37772,8,0,12 13,1,15,,37771,8,0,12 13,1,55,,37770,8,0,12 13,1,15,,37769,8,0,12 13,1,15,,37768,8,0,12 13,1,15,,37767,8,0,12 13,1,55,,37766,8,0,12 13,1
18002201,'022R-Weekday-4-26-09',610,,37858,8,0,12 13,1,12,,37859,8,0,12 13,1,12,,37860,8,0,12 13,1,12,,37861,8,0,12 13,1,12,,37862,8,0,12 13,1,52,,37863,8,0,12 13,1,12,,37864,8,0,12 13,1,12,,37865,8,0,12 13,1,12,,37866,8,0,12 13,1,12,,37867,8,0,12 13,1,52,,37868,8,0,12 13,1,12,,37869,8,0,12 13,1,12,,37870,8,0,12 13,1,12,,37871,8,0,12 13,1,12,,37872,8,0,12 13,1,52,,37873,8,0,12 13,1,12,,37874,8,0,12 13,1,18,,37875,8,0,12 13,1,60,,37876,8,0,12 13,1,15,,37877,8,0,12 13,1,15,,37878,8,0,12 13,1,15,,37879,8,0,12 13,1,55,,37880,8,0,12 13,1,15,,37881,8,0,12 13,1,15,,37882,8,0,12 13,1,15,,37883,8,0,12 13,1,55,,37884,8,0,12 13,1,15,,37885,8,0,12 13,1,15,,37886,8,0,12 13,1,15,,37887,8,0,12 13,1,55,,37888,8,0,12 13,1,15,,37889,8,0,12 13,1,15,,37890,8,0,12 13,1,15,,37891,8,0,12 13,1,13,,37892,8,0,12 13,1,52,,37893,8,0,12 13,1,12,,37894,8,0,12 13,1,12,,37895,8,0,12 13,1,12,,37896,8,0,12 13,1,12,,37897,8,0,12 13,1,52,,37898,8,0,12 13,1,12,,37899,8,0,12 13,1,12,,37900,8,0,12 13,1,12,,37901,8,0,12 13,1,12,,37902,8,0,12 13,1,52,,37903,8,0,12 13,1,12,,37904,8,0,12 13,1,12,,37905,8,0,12 13,1,12,,37906,8,0,12 13,1,12,,37907,8,0,12 13,1,52,,37908,8,0,12 13,1,12,,37909,8,0,12 13,1,12,,37910,8,0,12 13,1,12,,37911,8,0,12 13,1,12,,37912,8,0,12 13,1,52,,37913,8,0,12 13,1,12,,37914,8,0,12 13,1,17,,37915,8,0,12 13,1,15,,37916,8,0,12 13,1,55,,37917,8,0,12 13,1,15,,37918,8,0,12 13,1,15,,37919,8,0,12 13,1,15,,37920,8,0,12 13,1,55,,37921,8,0,12 13,1,15,,37922,8,0,12 13,1,15,,37923,8,0,12 13,1,15,,37924,8,0,12 13,1,55,,37925,8,0,12 13,1,15,,37926,8,0,12 13,1,15,,37927,8,0,12 13,1,15,,37928,8,0,12 13,1,55,,37929,8,0,12 13,1,15,,37930,8,0,12 13,1,15,,37931,8,0,12 13,1,15,,37932,8,0,12 13,1,55,,37933,8,0,12 13,1,15,,37857,8,0,12 13,1,15,,37856,8,0,12 13,1,15,,37855,8,0,12 13,1,55,,37854,8,0,12 13,1,15,,37853,8,0,12 13,1,15,,37852,8,0,12 13,1,15,,37851,8,0,12 13,1,55,,37850,8,0,12 13,1
18002201,'022R-Weekday-5-26-09',610,,37942,8,0,12 13,1,12,,37943,8,0,12 13,1,12,,37944,8,0,12 13,1,12,,37945,8,0,12 13,1,12,,37946,8,0,12 13,1,52,,37947,8,0,12 13,1,12,,37948,8,0,12 13,1,12,,37949,8,0,12 13,1,12,,37950,8,0,12 13,1,12,,37951,8,0,12 13,1,52,,37952,8,0,12 13,1,12,,37953,8,0,12 13,1,12,,37954,8,0,12 13,1,12,,37955,8,0,12 13,1,12,,37956,8,0,12 13,1,52,,37957,8,0,12 13,1,12,,37958,8,0,12 13,1,18,,37959,8,0,12 13,1,60,,37960,8,0,12 13,1,15,,37961,8,0,12 13,1,15,,37962,8,0,12 13,1,15,,37963,8,0,12 13,1,55,,37964,8,0,12 13,1,15,,37965,8,0,12 13,1,15,,37966,8,0,12 13,1,15,,37967,8,0,12 13,1,55,,37968,8,0,12 13,1,15,,37969,8,0,12 13,1,15,,37970,8,0,12 13,1,15,,37971,8,0,12 13,1,55,,37972,8,0,12 13,1,15,,37973,8,0,12 13,1,15,,37974,8,0,12 13,1,15,,37975,8,0,12 13,1,13,,37976,8,0,12 13,1,52,,37977,8,0,12 13,1,12,,37978,8,0,12 13,1,12,,37979,8,0,12 13,1,12,,37980,8,0,12 13,1,12,,37981,8,0,12 13,1,52,,37982,8,0,12 13,1,12,,37983,8,0,12 13,1,12,,37984,8,0,12 13,1,12,,37985,8,0,12 13,1,12,,37986,8,0,12 13,1,52,,37987,8,0,12 13,1,12,,37988,8,0,12 13,1,12,,37989,8,0,12 13,1,12,,37990,8,0,12 13,1,12,,37991,8,0,12 13,1,52,,37992,8,0,12 13,1,12,,37993,8,0,12 13,1,12,,37994,8,0,12 13,1,12,,37995,8,0,12 13,1,12,,37996,8,0,12 13,1,52,,37997,8,0,12 13,1,12,,37998,8,0,12 13,1,17,,37999,8,0,12 13,1,15,,38000,8,0,12 13,1,55,,38001,8,0,12 13,1,15,,38002,8,0,12 13,1,15,,38003,8,0,12 13,1,15,,38004,8,0,12 13,1,55,,38005,8,0,12 13,1,15,,38006,8,0,12 13,1,15,,38007,8,0,12 13,1,15,,38008,8,0,12 13,1,55,,38009,8,0,12 13,1,15,,38010,8,0,12 13,1,15,,38011,8,0,12 13,1,15,,38012,8,0,12 13,1,55,,38013,8,0,12 13,1,15,,38014,8,0,12 13,1,15,,38015,8,0,12 13,1,15,,38016,8,0,12 13,1,55,,38017,8,0,12 13,1,15,,37941,8,0,12 13,1,15,,37940,8,0,12 13,1,15,,37939,8,0,12 13,1,55,,37938,8,0,12 13,1,15,,37937,8,0,12 13,1,15,,37936,8,0,12 13,1,15,,37935,8,0,12 13,1,55,,37934,8,0,12 13,1
18002201,'022R-Weekday-6-26-09',610,,38026,8,0,12 13,1,12,,38027,8,0,12 13,1,12,,38028,8,0,12 13,1,12,,38029,8,0,12 13,1,12,,38030,8,0,12 13,1,52,,38031,8,0,12 13,1,12,,38032,8,0,12 13,1,12,,38033,8,0,12 13,1,12,,38034,8,0,12 13,1,12,,38035,8,0,12 13,1,52,,38036,8,0,12 13,1,12,,38037,8,0,12 13,1,12,,38038,8,0,12 13,1,12,,38039,8,0,12 13,1,12,,38040,8,0,12 13,1,52,,38041,8,0,12 13,1,12,,38042,8,0,12 13,1,18,,38043,8,0,12 13,1,60,,38044,8,0,12 13,1,15,,38045,8,0,12 13,1,15,,38046,8,0,12 13,1,15,,38047,8,0,12 13,1,55,,38048,8,0,12 13,1,15,,38049,8,0,12 13,1,15,,38050,8,0,12 13,1,15,,38051,8,0,12 13,1,55,,38052,8,0,12 13,1,15,,38053,8,0,12 13,1,15,,38054,8,0,12 13,1,15,,38055,8,0,12 13,1,55,,38056,8,0,12 13,1,15,,38057,8,0,12 13,1,15,,38058,8,0,12 13,1,15,,38059,8,0,12 13,1,13,,38060,8,0,12 13,1,52,,38061,8,0,12 13,1,12,,38062,8,0,12 13,1,12,,38063,8,0,12 13,1,12,,38064,8,0,12 13,1,12,,38065,8,0,12 13,1,52,,38066,8,0,12 13,1,12,,38067,8,0,12 13,1,12,,38068,8,0,12 13,1,12,,38069,8,0,12 13,1,12,,38070,8,0,12 13,1,52,,38071,8,0,12 13,1,12,,38072,8,0,12 13,1,12,,38073,8,0,12 13,1,12,,38074,8,0,12 13,1,12,,38075,8,0,12 13,1,52,,38076,8,0,12 13,1,12,,38077,8,0,12 13,1,12,,38078,8,0,12 13,1,12,,38079,8,0,12 13,1,12,,38080,8,0,12 13,1,52,,38081,8,0,12 13,1,12,,38082,8,0,12 13,1,17,,38083,8,0,12 13,1,15,,38084,8,0,12 13,1,55,,38085,8,0,12 13,1,15,,38086,8,0,12 13,1,15,,38087,8,0,12 13,1,15,,38088,8,0,12 13,1,55,,38089,8,0,12 13,1,15,,38090,8,0,12 13,1,15,,38091,8,0,12 13,1,15,,38092,8,0,12 13,1,55,,38093,8,0,12 13,1,15,,38094,8,0,12 13,1,15,,38095,8,0,12 13,1,15,,38096,8,0,12 13,1,55,,38097,8,0,12 13,1,15,,38098,8,0,12 13,1,15,,38099,8,0,12 13,1,15,,38100,8,0,12 13,1,55,,38101,8,0,12 13,1,15,,38025,8,0,12 13,1,15,,38024,8,0,12 13,1,15,,38023,8,0,12 13,1,55,,38022,8,0,12 13,1,15,,38021,8,0,12 13,1,15,,38020,8,0,12 13,1,15,,38019,8,0,12 13,1,55,,38018,8,0,12 13,1
18002201,'022R-Weekday-7-26-09',610,,38110,8,0,12 13,1,12,,38111,8,0,12 13,1,12,,38112,8,0,12 13,1,12,,38113,8,0,12 13,1,12,,38114,8,0,12 13,1,52,,38115,8,0,12 13,1,12,,38116,8,0,12 13,1,12,,38117,8,0,12 13,1,12,,38118,8,0,12 13,1,12,,38119,8,0,12 13,1,52,,38120,8,0,12 13,1,12,,38121,8,0,12 13,1,12,,38122,8,0,12 13,1,12,,38123,8,0,12 13,1,12,,38124,8,0,12 13,1,52,,38125,8,0,12 13,1,12,,38126,8,0,12 13,1,18,,38127,8,0,12 13,1,60,,38128,8,0,12 13,1,15,,38129,8,0,12 13,1,15,,38130,8,0,12 13,1,15,,38131,8,0,12 13,1,55,,38132,8,0,12 13,1,15,,38133,8,0,12 13,1,15,,38134,8,0,12 13,1,15,,38135,8,0,12 13,1,55,,38136,8,0,12 13,1,15,,38137,8,0,12 13,1,15,,38138,8,0,12 13,1,15,,38139,8,0,12 13,1,55,,38140,8,0,12 13,1,15,,38141,8,0,12 13,1,15,,38142,8,0,12 13,1,15,,38143,8,0,12 13,1,13,,38144,8,0,12 13,1,52,,38145,8,0,12 13,1,12,,38146,8,0,12 13,1,12,,38147,8,0,12 13,1,12,,38148,8,0,12 13,1,12,,38149,8,0,12 13,1,52,,38150,8,0,12 13,1,12,,38151,8,0,12 13,1,12,,38152,8,0,12 13,1,12,,38153,8,0,12 13,1,12,,38154,8,0,12 13,1,52,,38155,8,0,12 13,1,12,,38156,8,0,12 13,1,12,,38157,8,0,12 13,1,12,,38158,8,0,12 13,1,12,,38159,8,0,12 13,1,52,,38160,8,0,12 13,1,12,,38161,8,0,12 13,1,12,,38162,8,0,12 13,1,12,,38163,8,0,12 13,1,12,,38164,8,0,12 13,1,52,,38165,8,0,12 13,1,12,,38166,8,0,12 13,1,17,,38167,8,0,12 13,1,15,,38168,8,0,12 13,1,55,,38169,8,0,12 13,1,15,,38170,8,0,12 13,1,15,,38171,8,0,12 13,1,15,,38172,8,0,12 13,1,55,,38173,8,0,12 13,1,15,,38174,8,0,12 13,1,15,,38175,8,0,12 13,1,15,,38176,8,0,12 13,1,55,,38177,8,0,12 13,1,15,,38178,8,0,12 13,1,15,,38179,8,0,12 13,1,15,,38180,8,0,12 13,1,55,,38181,8,0,12 13,1,15,,38182,8,0,12 13,1,15,,38183,8,0,12 13,1,15,,38184,8,0,12 13,1,55,,38185,8,0,12 13,1,15,,38109,8,0,12 13,1,15,,38108,8,0,12 13,1,15,,38107,8,0,12 13,1,55,,38106,8,0,12 13,1,15,,38105,8,0,12 13,1,15,,38104,8,0,12 13,1,15,,38103,8,0,12 13,1,55,,38102,8,0,12 13,1
18002201,'022R-Saturday-1-26-09',608,,38186,8,0,12 13,1,15,,38187,8,0,12 13,1,15,,38188,8,0,12 13,1,15,,38189,8,0,12 13,1,55,,38190,8,0,12 13,1,15,,38191,8,0,12 13,1,15,,38192,8,0,12 13,1,15,,38193,8,0,12 13,1,55,,38194,8,0,12 13,1,15,,38195,8,0,12 13,1,15,,38196,8,0,12 13,1,15,,38197,8,0,12 13,1,55,,38198,8,0,12 13,1,15,,38199,8,0,12 13,1,15,,38200,8,0,12 13,1,15,,38201,8,0,12 13,1,55,,38202,8,0,12 13,1,15,,38203,8,0,12 13,1,15,,38204,8,0,12 13,1,15,,38205,8,0,12 13,1,55,,38206,8,0,12 13,1,15,,38207,8,0,12 13,1,15,,38208,8,0,12 13,1,15,,38209,8,0,12 13,1,55,,38210,8,0,12 13,1,15,,38211,8,0,12 13,1,15,,38212,8,0,12 13,1,15,,38213,8,0,12 13,1,55,,38214,8,0,12 13,1,15,,38215,8,0,12 13,1,15,,38216,8,0,12 13,1,15,,38217,8,0,12 13,1,55,,38218,8,0,12 13,1,15,,38219,8,0,12 13,1,15,,38220,8,0,12 13,1,15,,38221,8,0,12 13,1,55,,38222,8,0,12 13,1,15,,38223,8,0,12 13,1,15,,38224,8,0,12 13,1,15,,38225,8,0,12 13,1,55,,38226,8,0,12 13,1,15,,38227,8,0,12 13,1,15,,38228,8,0,12 13,1,15,,38229,8,0,12 13,1,55,,38230,8,0,12 13,1,15,,38231,8,0,12 13,1,15,,38232,8,0,12 13,1,15,,38233,8,0,12 13,1,55,,38234,8,0,12 13,1,15,,38235,8,0,12 13,1,15,,38236,8,0,12 13,1,15,,38237,8,0,12 13,1,55,,38238,8,0,12 13,1,15,,38239,8,0,12 13,1,15,,38240,8,0,12 13,1,15,,38241,8,0,12 13,1,55,,38242,8,0,12 13,1,15,,38243,8,0,12 13,1,15,,38244,8,0,12 13,1,15,,38245,8,0,12 13,1,55,,38246,8,0,12 13,1,15,,38247,8,0,12 13,1,15,,38248,8,0,12 13,1,15,,38249,8,0,12 13,1,55,,38250,8,0,12 13,1,15,,38251,8,0,12 13,1,15,,38252,8,0,12 13,1,15,,38253,8,0,12 13,1,55,,38254,8,0,12 13,1,15,,38255,8,0,12 13,1,15,,38256,8,0,12 13,1,15,,38257,8,0,12 13,1,55,,38258,8,0,12 13,1,15,,38259,8,0,12 13,1,15,,38260,8,0,12 13,1,15,,38261,8,0,12 13,1,55,,38262,8,0,12 13,1
18002201,'022R-Saturday-2-26-09',526,,38341,5,,,1,15,,38340,5,,,1,15,,38263,8,,,1,55,,38264,8,,,1,15,,38265,8,,,1,15,,38266,8,,,1,15,,38267,8,,,1,55,,38268,8,,,1,15,,38269,8,,,1,15,,38270,8,,,1,15,,38271,8,,,1,55,,38272,8,,,1,15,,38273,8,,,1,15,,38274,8,,,1,15,,38275,8,,,1,55,,38276,8,,,1,15,,38277,8,,,1,15,,38278,8,,,1,15,,38279,8,,,1,55,,38280,8,,,1,15,,38281,8,,,1,15,,38282,8,,,1,15,,38283,8,,,1,55,,38284,8,,,1,15,,38285,8,,,1,15,,38286,8,,,1,15,,38287,8,,,1,55,,38288,8,,,1,15,,38289,8,,,1,15,,38290,8,,,1,15,,38291,8,,,1,55,,38292,8,,,1,15,,38293,8,,,1,15,,38294,8,,,1,15,,38295,8,,,1,55,,38296,8,,,1,15,,38297,8,,,1,15,,38298,8,,,1,15,,38299,8,,,1,55,,38300,8,,,1,15,,38301,8,,,1,15,,38302,8,,,1,15,,38303,8,,,1,55,,38304,8,,,1,15,,38305,8,,,1,15,,38306,8,,,1,15,,38307,8,,,1,55,,38308,8,,,1,15,,38309,8,,,1,15,,38310,8,,,1,15,,38311,8,,,1,55,,38312,8,,,1,15,,38313,8,,,1,15,,38314,8,,,1,15,,38315,8,,,1,55,,38316,8,,,1,15,,38317,8,,,1,15,,38318,8,,,1,15,,38319,8,,,1,55,,38320,8,,,1,15,,38321,8,,,1,15,,38322,8,,,1,15,,38323,8,,,1,55,,38324,8,,,1,15,,38325,8,,,1,15,,38326,8,,,1,15,,38327,8,,,1,55,,38328,8,,,1,15,,38329,8,,,1,15,,38330,8,,,1,15,,38331,8,,,1,55,,38332,8,,,1,15,,38333,8,,,1,15,,38334,8,,,1,15,,38335,8,,,1,55,,38336,8,,,1,15,,38337,8,,,1,15,,38338,8,,,1,15,,38339,8,,,1
18002201,'022R-Saturday-3-26-09',604,,38342,8,4,,1,15,,38343,8,4,,1,15,,38344,8,4,,1,15,,38345,8,4,,1,55,,38346,8,4,,1,15,,38347,8,4,,1,15,,38348,8,4,,1,15,,38349,8,4,,1,55,,38350,8,4,,1,15,,38351,8,4,,1,15,,38352,8,4,,1,15,,38353,8,4,,1,55,,38354,8,4,,1,15,,38355,8,4,,1,15,,38356,8,4,,1,15,,38357,8,4,,1,55,,38358,8,4,,1,15,,38359,8,4,,1,15,,38360,8,4,,1,15,,38361,8,4,,1,55,,38362,8,4,,1,15,,38363,8,4,,1,15,,38364,8,4,,1,15,,38365,8,4,,1,55,,38366,8,4,,1,15,,38367,8,4,,1,15,,38368,8,4,,1,15,,38369,8,4,,1,55,,38370,8,4,,1,15,,38371,8,4,,1,15,,38372,8,4,,1,15,,38373,8,4,,1,55,,38374,8,4,,1,15,,38375,8,4,,1,15,,38376,8,4,,1,15,,38377,8,4,,1,55,,38378,8,4,,1,15,,38379,8,4,,1,15,,38380,8,4,,1,15,,38381,8,4,,1,55,,38382,8,4,,1,15,,38383,8,4,,1,15,,38384,8,4,,1,15,,38385,8,4,,1,55,,38386,8,4,,1,15,,38387,8,4,,1,15,,38388,8,4,,1,15,,38389,8,4,,1,55,,38390,8,4,,1,15,,38391,8,4,,1,15,,38392,8,4,,1,15,,38393,8,4,,1,55,,38394,8,4,,1,15,,38395,8,4,,1,15,,38396,8,4,,1,15,,38397,8,4,,1,55,,38398,8,4,,1,15,,38399,8,4,,1,15,,38400,8,4,,1,15,,38401,8,4,,1,55,,38402,8,4,,1,15,,38403,8,4,,1,15,,38404,8,4,,1,15,,38405,8,4,,1,55,,38406,8,4,,1,15,,38407,8,4,,1,15,,38408,8,4,,1,15,,38409,8,4,,1,55,,38410,8,4,,1,15,,38411,8,4,,1,15,,38412,8,4,,1,15,,38413,8,4,,1,55,,38414,8,4,,1,15,,38415,8,4,,1,15,,38416,8,4,,1,15,,38417,8,4,,1,55,,38418,8,4,,1
18002201,'022R-Saturday-4-26-09',617,,38453,8,4,,1,15,,38454,8,4,,1,15,,38455,8,4,,1,55,,38456,8,4,,1,15,,38457,8,4,,1,15,,38458,8,4,,1,15,,38459,8,4,,1,55,,38460,8,4,,1,15,,38461,8,4,,1,15,,38462,8,4,,1,15,,38463,8,4,,1,55,,38464,8,4,,1,15,,38465,8,4,,1,15,,38466,8,4,,1,15,,38467,8,4,,1,55,,38468,8,4,,1,15,,38469,8,4,,1,15,,38470,8,4,,1,15,,38471,8,4,,1,55,,38472,8,4,,1,15,,38473,8,4,,1,15,,38474,8,4,,1,15,,38475,8,4,,1,55,,38476,8,4,,1,15,,38477,8,4,,1,15,,38478,8,4,,1,15,,38479,8,4,,1,55,,38480,8,4,,1,15,,38481,8,4,,1,15,,38482,8,4,,1,15,,38483,8,4,,1,55,,38484,8,4,,1,15,,38485,8,4,,1,15,,38486,8,4,,1,15,,38487,8,4,,1,55,,38488,8,4,,1,15,,38489,8,4,,1,15,,38490,8,4,,1,15,,38491,8,4,,1,55,,38492,8,4,,1,9,,38495,8,0,12 13,1,15,,38494,8,0,12 13,1,15,,38493,8,0,12 13,1,12,,38419,8,0,12 13,1,55,,38420,8,0,12 13,1,15,,38421,8,0,12 13,1,15,,38422,8,0,12 13,1,15,,38423,8,0,12 13,1,55,,38424,8,0,12 13,1,15,,38425,8,0,12 13,1,15,,38426,8,0,12 13,1,15,,38427,8,0,12 13,1,55,,38428,8,0,12 13,1,15,,38429,8,0,12 13,1,15,,38430,8,0,12 13,1,15,,38431,8,0,12 13,1,55,,38432,8,0,12 13,1,15,,38433,8,0,12 13,1,15,,38434,8,0,12 13,1,15,,38435,8,0,12 13,1,55,,38436,8,0,12 13,1,15,,38437,8,0,12 13,1,15,,38438,8,0,12 13,1,15,,38439,8,0,12 13,1,55,,38440,8,0,12 13,1,15,,38441,8,0,12 13,1,15,,38442,8,0,12 13,1,15,,38443,8,0,12 13,1,55,,38444,8,0,12 13,1,15,,38445,8,0,12 13,1,15,,38446,8,0,12 13,1,15,,38447,8,0,12 13,1,55,,38448,8,0,12 13,1,15,,38449,8,0,12 13,1,15,,38450,8,0,12 13,1,15,,38451,8,0,12 13,1,55,,38452,8,0,12 13,1
18002201,'022R-Sunday-1-26-09',623,,38496,8,0,12 13,1,15,,38497,8,0,12 13,1,15,,38498,8,0,12 13,1,55,,38499,8,0,12 13,1,15,,38500,8,0,12 13,1,15,,38501,8,0,12 13,1,15,,38502,8,0,12 13,1,55,,38503,8,0,12 13,1,15,,38504,8,0,12 13,1,15,,38505,8,0,12 13,1,15,,38506,8,0,12 13,1,55,,38507,8,0,12 13,1,15,,38508,8,0,12 13,1,15,,38509,8,0,12 13,1,15,,38510,8,0,12 13,1,55,,38511,8,0,12 13,1,15,,38512,8,0,12 13,1,15,,38513,8,0,12 13,1,15,,38514,8,0,12 13,1,55,,38515,8,0,12 13,1,15,,38516,8,0,12 13,1,15,,38517,8,0,12 13,1,15,,38518,8,0,12 13,1,55,,38519,8,0,12 13,1,15,,38520,8,0,12 13,1,15,,38521,8,0,12 13,1,15,,38522,8,0,12 13,1,55,,38523,8,0,12 13,1,15,,38524,8,0,12 13,1,15,,38525,8,0,12 13,1,15,,38526,8,0,12 13,1,55,,38527,8,0,12 13,1,15,,38528,8,0,12 13,1,15,,38529,8,0,12 13,1,15,,38530,8,0,12 13,1,55,,38531,8,0,12 13,1,15,,38532,8,0,12 13,1,15,,38533,8,0,12 13,1,15,,38534,8,0,12 13,1,55,,38535,8,0,12 13,1,15,,38536,8,0,12 13,1,15,,38537,8,0,12 13,1,15,,38538,8,0,12 13,1,55,,38539,8,0,12 13,1,15,,38540,8,0,12 13,1,15,,38541,8,0,12 13,1,15,,38542,8,0,12 13,1,55,,38543,8,0,12 13,1,15,,38544,8,0,12 13,1,15,,38545,8,0,12 13,1,15,,38546,8,0,12 13,1,55,,38547,8,0,12 13,1,15,,38548,8,0,12 13,1,15,,38549,8,0,12 13,1,15,,38550,8,0,12 13,1,55,,38551,8,0,12 13,1,15,,38552,8,0,12 13,1,15,,38553,8,0,12 13,1,15,,38554,8,0,12 13,1,55,,38555,8,0,12 13,1,15,,38556,8,0,12 13,1,15,,38557,8,0,12 13,1,15,,38558,8,0,12 13,1,55,,38559,8,0,12 13,1,15,,38560,8,0,12 13,1,15,,38561,8,0,12 13,1,15,,38562,8,0,12 13,1,55,,38563,8,0,12 13,1,15,,38564,8,0,12 13,1,15,,38565,8,0,12 13,1,15,,38566,8,0,12 13,1,55,,38567,8,0,12 13,1
18002201,'022R-Sunday-2-26-09',556,,38570,5,,,1,55,,38569,5,,,1,15,,38572,8,,,1,15,,38573,8,,,1,15,,38574,8,,,1,55,,38575,8,,,1,15,,38576,8,,,1,15,,38577,8,,,1,15,,38578,8,,,1,55,,38579,8,,,1,15,,38580,8,,,1,15,,38581,8,,,1,15,,38582,8,,,1,55,,38583,8,,,1,15,,38584,8,,,1,15,,38585,8,,,1,15,,38586,8,,,1,55,,38587,8,,,1,15,,38588,8,,,1,15,,38589,8,,,1,15,,38590,8,,,1,55,,38591,8,,,1,15,,38592,8,,,1,15,,38593,8,,,1,15,,38594,8,,,1,55,,38595,8,,,1,15,,38596,8,,,1,15,,38597,8,,,1,15,,38598,8,,,1,55,,38599,8,,,1,15,,38600,8,,,1,15,,38601,8,,,1,15,,38602,8,,,1,55,,38603,8,,,1,15,,38604,8,,,1,15,,38605,8,,,1,15,,38606,8,,,1,55,,38607,8,,,1,15,,38608,8,,,1,15,,38609,8,,,1,15,,38610,8,,,1,55,,38611,8,,,1,15,,38612,8,,,1,15,,38613,8,,,1,15,,38614,8,,,1,55,,38615,8,,,1,15,,38616,8,,,1,15,,38617,8,,,1,15,,38618,8,,,1,55,,38619,8,,,1,15,,38620,8,,,1,15,,38621,8,,,1,15,,38622,8,,,1,55,,38623,8,,,1,15,,38624,8,,,1,15,,38625,8,,,1,15,,38626,8,,,1,55,,38627,8,,,1,15,,38628,8,,,1,15,,38629,8,,,1,15,,38630,8,,,1,55,,38631,8,,,1,15,,38632,8,,,1,15,,38633,8,,,1,15,,38634,8,,,1,55,,38635,8,,,1,15,,38636,8,,,1,15,,38637,8,,,1,15,,38638,8,,,1,55,,38639,8,,,1,15,,38640,8,,,1,15,,38571,8,,,1,15,,38568,8,,,1
18002201,'022R-Sunday-3-26-09',634,,38641,8,4,,1,15,,38642,8,4,,1,55,,38643,8,4,,1,15,,38644,8,4,,1,15,,38645,8,4,,1,15,,38646,8,4,,1,55,,38647,8,4,,1,15,,38648,8,4,,1,15,,38649,8,4,,1,15,,38650,8,4,,1,55,,38651,8,4,,1,15,,38652,8,4,,1,15,,38653,8,4,,1,15,,38654,8,4,,1,55,,38655,8,4,,1,15,,38656,8,4,,1,15,,38657,8,4,,1,15,,38658,8,4,,1,55,,38659,8,4,,1,15,,38660,8,4,,1,15,,38661,8,4,,1,15,,38662,8,4,,1,55,,38663,8,4,,1,15,,38664,8,4,,1,15,,38665,8,4,,1,15,,38666,8,4,,1,55,,38667,8,4,,1,15,,38668,8,4,,1,15,,38669,8,4,,1,15,,38670,8,4,,1,55,,38671,8,4,,1,15,,38672,8,4,,1,15,,38673,8,4,,1,15,,38674,8,4,,1,55,,38675,8,4,,1,15,,38676,8,4,,1,15,,38677,8,4,,1,15,,38678,8,4,,1,55,,38679,8,4,,1,15,,38680,8,4,,1,15,,38681,8,4,,1,15,,38682,8,4,,1,55,,38683,8,4,,1,15,,38684,8,4,,1,15,,38685,8,4,,1,15,,38686,8,4,,1,55,,38687,8,4,,1,15,,38688,8,4,,1,15,,38689,8,4,,1,15,,38690,8,4,,1,55,,38691,8,4,,1,15,,38692,8,4,,1,15,,38693,8,4,,1,15,,38694,8,4,,1,55,,38695,8,4,,1,15,,38696,8,4,,1,15,,38697,8,4,,1,15,,38698,8,4,,1,55,,38699,8,4,,1,15,,38700,8,4,,1,15,,38701,8,4,,1,15,,38702,8,4,,1,55,,38703,8,4,,1,15,,38704,8,4,,1,15,,38705,8,4,,1,15,,38706,8,4,,1,55,,38707,8,4,,1,15,,38708,8,4,,1,15,,38709,8,4,,1,15,,38710,8,4,,1,55,,38711,8,4,,1,15,,38712,8,4,,1
18002201,'022R-Sunday-5-26-09',634,,38713,8,4,,1,15,,38714,8,4,,1,55,,38715,8,4,,1,15,,38716,8,4,,1,15,,38717,8,4,,1,15,,38718,8,4,,1,55,,38719,8,4,,1,15,,38720,8,4,,1,15,,38721,8,4,,1,15,,38722,8,4,,1,55,,38723,8,4,,1,15,,38724,8,4,,1,15,,38725,8,4,,1,15,,38726,8,4,,1,55,,38727,8,4,,1,15,,38728,8,4,,1,15,,38729,8,4,,1,15,,38730,8,4,,1,55,,38731,8,4,,1,15,,38732,8,4,,1,15,,38733,8,4,,1,15,,38734,8,4,,1,55,,38735,8,4,,1,15,,38736,8,4,,1,15,,38737,8,4,,1,15,,38738,8,4,,1,55,,38739,8,4,,1,15,,38740,8,4,,1,15,,38741,8,4,,1,15,,38742,8,4,,1,55,,38743,8,4,,1,15,,38744,8,4,,1,15,,38745,8,4,,1,15,,38746,8,4,,1,55,,38747,8,4,,1,15,,38748,8,4,,1,15,,38749,8,4,,1,15,,38750,8,4,,1,55,,38751,8,4,,1,15,,38752,8,4,,1,15,,38753,8,4,,1,15,,38754,8,4,,1,55,,38755,8,4,,1,15,,38756,8,4,,1,15,,38757,8,4,,1,15,,38758,8,4,,1,55,,38759,8,4,,1,15,,38760,8,4,,1,15,,38761,8,4,,1,15,,38762,8,4,,1,55,,38763,8,4,,1,15,,38764,8,4,,1,15,,38765,8,4,,1,15,,38766,8,4,,1,55,,38767,8,4,,1,15,,38768,8,4,,1,15,,38769,8,4,,1,15,,38770,8,4,,1,55,,38771,8,4,,1,15,,38772,8,4,,1,15,,38773,8,4,,1,15,,38774,8,4,,1,55,,38775,8,4,,1,15,,38776,8,4,,1,15,,38777,8,4,,1,15,,38778,8,4,,1,55,,38779,8,4,,1,15,,38780,8,4,,1,15,,38781,8,4,,1,15,,38782,8,4,,1,55,,38783,8,4,,1,15,,38784,8,4,,1
18002201,'022R-Sunday-6-26-09',627,,38809,8,4,,1,15,,38810,8,4,,1,15,,38811,8,4,,1,55,,38812,8,4,,1,15,,38813,8,4,,1,15,,38814,8,4,,1,15,,38815,8,4,,1,55,,38816,8,4,,1,15,,38817,8,4,,1,15,,38818,8,4,,1,15,,38819,8,4,,1,55,,38820,8,4,,1,15,,38821,8,4,,1,15,,38822,8,4,,1,15,,38823,8,4,,1,55,,38824,8,4,,1,15,,38825,8,4,,1,15,,38826,8,4,,1,15,,38827,8,4,,1,55,,38828,8,4,,1,15,,38829,8,4,,1,15,,38830,8,4,,1,15,,38831,8,4,,1,55,,38832,8,4,,1,15,,38833,8,4,,1,15,,38834,8,4,,1,15,,38835,8,4,,1,55,,38836,8,4,,1,15,,38837,8,4,,1,15,,38838,8,4,,1,15,,38839,8,4,,1,55,,38840,8,4,,1,15,,38841,8,4,,1,15,,38842,8,4,,1,15,,38843,8,4,,1,55,,38844,8,4,,1,15,,38845,8,4,,1,15,,38846,8,4,,1,15,,38847,8,4,,1,55,,38848,8,4,,1,15,,38849,8,4,,1,15,,38850,8,4,,1,15,,38851,8,4,,1,55,,38852,8,4,,1,15,,38853,8,4,,1,15,,38854,8,4,,1,15,,38855,8,4,,1,55,,38856,8,4,,1,11,,38785,8,0,12 13,1,15,,38786,8,0,12 13,1,15,,38787,8,0,12 13,1,55,,38788,8,0,12 13,1,15,,38789,8,0,12 13,1,15,,38790,8,0,12 13,1,15,,38791,8,0,12 13,1,55,,38792,8,0,12 13,1,15,,38793,8,0,12 13,1,15,,38794,8,0,12 13,1,15,,38795,8,0,12 13,1,55,,38796,8,0,12 13,1,15,,38797,8,0,12 13,1,15,,38798,8,0,12 13,1,15,,38799,8,0,12 13,1,55,,38800,8,0,12 13,1,15,,38801,8,0,12 13,1,15,,38802,8,0,12 13,1,15,,38803,8,0,12 13,1,55,,38804,8,0,12 13,1,15,,38805,8,0,12 13,1,15,,38806,8,0,12 13,1,15,,38807,8,0,12 13,1,55,,38808,8,0,12 13,1
