18002100,'021R-Weekday-1-26-06',533,,24799,11,,,1,12,,24800,11,,,1,12,,24801,11,,,1,52,,24802,11,,,1,12,,24803,11,,,1,12,,24804,11,,,1,12,,24805,11,,,1,6,,24806,11,,,1,6,,24807,11,,,1,46,,24808,11,,,1,6,,24809,11,,,1,6,,24810,11,,,1,6,,24811,11,,,1,6,,24812,11,,,1,6,,24813,11,,,1,6,,24814,11,,,1,6,,24815,11,,,1,6,,24816,11,,,1,6,,24817,11,,,1,46,,24818,11,,,1,6,,24819,11,,,1,6,,24820,11,,,1,6,,24821,11,,,1,6,,24822,11,,,1,6,,24823,11,,,1,6,,24824,11,,,1,6,,24825,11,,,1,6,,24826,11,,,1,6,,24827,11,,,1,46,,24828,11,,,1,6,,24829,11,,,1,6,,24830,11,,,1,6,,24831,11,,,1,6,,24832,11,,,1,6,,24833,11,,,1,6,,24834,11,,,1,6,,24835,11,,,1,6,,24836,11,,,1,6,,24837,11,,,1,46,,24838,11,,,1,10,,24839,11,,,1,10,,24840,11,,,1,10,,24841,11,,,1,10,,24842,11,,,1,10,,24843,11,,,1,50,,24844,11,,,1,10,,24845,11,,,1,10,,24846,11,,,1,10,,24847,11,,,1,10,,24848,11,,,1,10,,24849,11,,,1,50,,24850,11,,,1,10,,24851,11,,,1,10,,24852,11,,,1,10,,24853,11,,,1,10,,24854,11,,,1,10,,24855,11,,,1,50,,24856,11,,,1,10,,24857,11,,,1,10,,24858,11,,,1,10,,24859,11,,,1,10,,24860,11,,,1,10,,24861,11,,,1,50,,24862,11,,,1,10,,24863,11,,,1,10,,24864,11,,,1,10,,24865,11,,,1,10,,24866,11,,,1,10,,24867,11,,,1,50,,24868,11,,,1,6,,24869,11,,,1,6,,24870,11,,,1,6,,24871,11,,,1,6,,24872,11,,,1,6,,24873,11,,,1,6,,24874,11,,,1,6,,24875,11,,,1,6,,24876,11,,,1,6,,24877,11,,,1,46,,24878,11,,,1,6,,24879,11,,,1,6,,24880,11,,,1,6,,24881,11,,,1,6,,24882,11,,,1,6,,24883,11,,,1,6,,24884,11,,,1,6,,24885,11,,,1,6,,24886,11,,,1,6,,24887,11,,,1,46,,24888,11,,,1,6,,24889,11,,,1,6,,24890,11,,,1,6,,24891,11,,,1,6,,24892,11,,,1,6,,24893,11,,,1,6,,24894,11,,,1,6,,24895,11,,,1,6,,24896,11,,,1,6,,24897,11,,,1,46,,24898,11,,,1,6,,24899,11,,,1,6,,24900,11,,,1,6,,24901,11,,,1,6,,24902,11,,,1,6,,24903,11,,,1,6,,24904,11,,,1,6,,24905,11,,,1,6,,24906,11,,,1,6,,24907,11,,,1,46,,24908,11,,,1,6,,24909,11,,,1,9,,24934,11,,,1,15,,24910,11,,,1,15,,24911,11,,,1,55,,24912,11,,,1,15,,24913,11,,,1,15,,24914,11,,,1,15,,24915,11,,,1,55,,24916,11,,,1,15,,24917,11,,,1,15,,24918,11,,,1,15,,24919,11,,,1,55,,24920,11,,,1,15,,24921,11,,,1,15,,24922,11,,,1,15,,24923,11,,,1,55,,24924,11,,,1,15,,24925,11,,,1,15,,24926,11,,,1,15,,24927,11,,,1,55,,24928,11,,,1,15,,24929,11,,,1,15,,24930,11,,,1,15,,24931,11,,,1,55,,24932,11,,,1,15,,24933,11,,,1,15,,24935,11,,,1
18002100,'021R-Weekday-10-26-06',533,,32719,11,,,1,12,,32720,11,,,1,12,,32721,11,,,1,52,,32722,11,,,1,12,,32723,11,,,1,12,,32724,11,,,1,12,,32725,11,,,1,6,,32726,11,,,1,6,,32727,11,,,1,46,,32728,11,,,1,6,,32729,11,,,1,6,,32730,11,,,1,6,,32731,11,,,1,6,,32732,11,,,1,6,,32733,11,,,1,6,,32734,11,,,1,6,,32735,11,,,1,6,,32736,11,,,1,6,,32737,11,,,1,46,,32738,11,,,1,6,,32739,11,,,1,6,,32740,11,,,1,6,,32741,11,,,1,6,,32742,11,,,1,6,,32743,11,,,1,6,,32744,11,,,1,6,,32745,11,,,1,6,,32746,11,,,1,6,,32747,11,,,1,46,,32748,11,,,1,6,,32749,11,,,1,6,,32750,11,,,1,6,,32751,11,,,1,6,,32752,11,,,1,6,,32753,11,,,1,6,,32754,11,,,1,6,,32755,11,,,1,6,,32756,11,,,1,6,,32757,11,,,1,46,,32758,11,,,1,10,,32759,11,,,1,10,,32760,11,,,1,10,,32761,11,,,1,10,,32762,11,,,1,10,,32763,11,,,1,50,,32764,11,,,1,10,,32765,11,,,1,10,,32766,11,,,1,10,,32767,11,,,1,10,,32768,11,,,1,10,,32769,11,,,1,50,,32770,11,,,1,10,,32771,11,,,1,10,,32772,11,,,1,10,,32773,11,,,1,10,,32774,11,,,1,10,,32775,11,,,1,50,,32776,11,,,1,10,,32777,11,,,1,10,,32778,11,,,1,10,,32779,11,,,1,10,,32780,11,,,1,10,,32781,11,,,1,50,,32782,11,,,1,10,,32783,11,,,1,10,,32784,11,,,1,10,,32785,11,,,1,10,,32786,11,,,1,10,,32787,11,,,1,50,,32788,11,,,1,6,,32789,11,,,1,6,,32790,11,,,1,6,,32791,11,,,1,6,,32792,11,,,1,6,,32793,11,,,1,6,,32794,11,,,1,6,,32795,11,,,1,6,,32796,11,,,1,6,,32797,11,,,1,46,,32798,11,,,1,6,,32799,11,,,1,6,,32800,11,,,1,6,,32801,11,,,1,6,,32802,11,,,1,6,,32803,11,,,1,6,,32804,11,,,1,6,,32805,11,,,1,6,,32806,11,,,1,6,,32807,11,,,1,46,,32808,11,,,1,6,,32809,11,,,1,6,,32810,11,,,1,6,,32811,11,,,1,6,,32812,11,,,1,6,,32813,11,,,1,6,,32814,11,,,1,6,,32815,11,,,1,6,,32816,11,,,1,6,,32817,11,,,1,46,,32818,11,,,1,6,,32819,11,,,1,6,,32820,11,,,1,6,,32821,11,,,1,6,,32822,11,,,1,6,,32823,11,,,1,6,,32824,11,,,1,6,,32825,11,,,1,6,,32826,11,,,1,6,,32827,11,,,1,46,,32828,11,,,1,6,,32829,11,,,1,9,,32854,11,,,1,15,,32830,11,,,1,15,,32831,11,,,1,55,,32832,11,,,1,15,,32833,11,,,1,15,,32834,11,,,1,15,,32835,11,,,1,55,,32836,11,,,1,15,,32837,11,,,1,15,,32838,11,,,1,15,,32839,11,,,1,55,,32840,11,,,1,15,,32841,11,,,1,15,,32842,11,,,1,15,,32843,11,,,1,55,,32844,11,,,1,15,,32845,11,,,1,15,,32846,11,,,1,15,,32847,11,,,1,55,,32848,11,,,1,15,,32849,11,,,1,15,,32850,11,,,1,15,,32851,11,,,1,55,,32852,11,,,1,15,,32853,11,,,1,15,,32855,11,,,1
18002100,'021R-Weekday-7-26-06',533,,24936,11,,,1,12,,24937,11,,,1,12,,24938,11,,,1,52,,24939,11,,,1,12,,24940,11,,,1,12,,24941,11,,,1,12,,24942,11,,,1,6,,24943,11,,,1,6,,24944,11,,,1,46,,24945,11,,,1,6,,24946,11,,,1,6,,24947,11,,,1,6,,24948,11,,,1,6,,24949,11,,,1,6,,24950,11,,,1,6,,24951,11,,,1,6,,24952,11,,,1,6,,24953,11,,,1,6,,24954,11,,,1,46,,24955,11,,,1,6,,24956,11,,,1,6,,24957,11,,,1,6,,24958,11,,,1,6,,24959,11,,,1,6,,24960,11,,,1,6,,24961,11,,,1,6,,24962,11,,,1,6,,24963,11,,,1,6,,24964,11,,,1,46,,24965,11,,,1,6,,24966,11,,,1,6,,24967,11,,,1,6,,24968,11,,,1,6,,24969,11,,,1,6,,24970,11,,,1,6,,24971,11,,,1,6,,24972,11,,,1,6,,24973,11,,,1,6,,24974,11,,,1,46,,24975,11,,,1,10,,24976,11,,,1,10,,24977,11,,,1,10,,24978,11,,,1,10,,24979,11,,,1,10,,24980,11,,,1,50,,24981,11,,,1,10,,24982,11,,,1,10,,24983,11,,,1,10,,24984,11,,,1,10,,24985,11,,,1,10,,24986,11,,,1,50,,24987,11,,,1,10,,24988,11,,,1,10,,24989,11,,,1,10,,24990,11,,,1,10,,24991,11,,,1,10,,24992,11,,,1,50,,24993,11,,,1,10,,24994,11,,,1,10,,24995,11,,,1,10,,24996,11,,,1,10,,24997,11,,,1,10,,24998,11,,,1,50,,24999,11,,,1,10,,25000,11,,,1,10,,25001,11,,,1,10,,25002,11,,,1,10,,25003,11,,,1,10,,25004,11,,,1,50,,25005,11,,,1,6,,25006,11,,,1,6,,25007,11,,,1,6,,25008,11,,,1,6,,25009,11,,,1,6,,25010,11,,,1,6,,25011,11,,,1,6,,25012,11,,,1,6,,25013,11,,,1,6,,25014,11,,,1,46,,25015,11,,,1,6,,25016,11,,,1,6,,25017,11,,,1,6,,25018,11,,,1,6,,25019,11,,,1,6,,25020,11,,,1,6,,25021,11,,,1,6,,25022,11,,,1,6,,25023,11,,,1,6,,25024,11,,,1,46,,25025,11,,,1,6,,25026,11,,,1,6,,25027,11,,,1,6,,25028,11,,,1,6,,25029,11,,,1,6,,25030,11,,,1,6,,25031,11,,,1,6,,25032,11,,,1,6,,25033,11,,,1,6,,25034,11,,,1,46,,25035,11,,,1,6,,25036,11,,,1,6,,25037,11,,,1,6,,25038,11,,,1,6,,25039,11,,,1,6,,25040,11,,,1,6,,25041,11,,,1,6,,25042,11,,,1,6,,25043,11,,,1,6,,25044,11,,,1,46,,25045,11,,,1,6,,25046,11,,,1,9,,25071,11,,,1,15,,25047,11,,,1,15,,25048,11,,,1,55,,25049,11,,,1,15,,25050,11,,,1,15,,25051,11,,,1,15,,25052,11,,,1,55,,25053,11,,,1,15,,25054,11,,,1,15,,25055,11,,,1,15,,25056,11,,,1,55,,25057,11,,,1,15,,25058,11,,,1,15,,25059,11,,,1,15,,25060,11,,,1,55,,25061,11,,,1,15,,25062,11,,,1,15,,25063,11,,,1,15,,25064,11,,,1,55,,25065,11,,,1,15,,25066,11,,,1,15,,25067,11,,,1,15,,25068,11,,,1,55,,25069,11,,,1,15,,25070,11,,,1,15,,25072,11,,,1
18002100,'021R-Weekday-9-26-06',540,,32856,11,0,23,1,15,,32857,11,0,23,1,55,,32858,11,0,23,1,15,,32859,11,0,23,1,15,,32860,11,0,23,1,15,,32861,11,0,23,1,55,,32862,11,0,23,1,15,,32863,11,0,23,1,15,,32864,11,0,23,1,15,,32865,11,0,23,1,55,,32866,11,0,23,1,15,,32867,11,0,23,1,15,,32868,11,0,23,1,15,,32869,11,0,23,1,55,,32870,11,0,23,1,15,,32871,11,0,23,1,15,,32872,11,0,23,1,15,,32873,11,0,23,1,55,,32874,11,0,23,1,15,,32875,11,0,23,1,15,,32876,11,0,23,1,15,,32877,11,0,23,1,55,,32878,11,0,23,1,15,,32879,11,0,23,1,15,,32880,11,0,23,1,15,,32881,11,0,23,1,55,,32882,11,0,23,1,15,,32883,11,0,23,1,15,,32884,11,0,23,1,15,,32885,11,0,23,1,55,,32886,11,0,23,1,15,,32887,11,0,23,1,15,,32888,11,0,23,1,15,,32889,11,0,23,1,55,,32890,11,0,23,1,15,,32891,11,0,23,1,15,,32892,11,0,23,1,15,,32893,11,0,23,1,55,,32894,11,0,23,1,15,,32895,11,0,23,1,15,,32896,11,0,23,1,15,,32897,11,0,23,1,55,,32898,11,0,23,1,15,,32899,11,0,23,1,15,,32900,11,0,23,1,15,,32901,11,0,23,1,55,,32902,11,0,23,1,15,,32903,11,0,23,1,15,,32904,11,0,23,1,15,,32905,11,0,23,1,55,,32906,11,0,23,1,15,,32907,11,0,23,1,15,,32908,11,0,23,1,15,,32909,11,0,23,1,55,,32910,11,0,23,1,15,,32911,11,0,23,1,15,,32912,11,0,23,1,15,,32913,11,0,23,1,55,,32914,11,0,23,1,15,,32915,11,0,23,1,15,,32916,11,0,23,1,15,,32917,11,0,23,1,55,,32918,11,0,23,1,15,,32919,11,0,23,1,15,,32920,11,0,23,1,15,,32921,11,0,23,1,55,,32922,11,0,23,1,15,,32923,11,0,23,1,15,,32924,11,0,23,1,15,,32925,11,0,23,1,55,,32926,11,0,23,1,15,,32927,11,0,23,1,15,,32928,11,0,23,1,15,,32929,11,0,23,1,55,,32930,11,0,23,1,15,,32931,11,0,23,1,15,,32932,11,0,23,1,8,,33018,11,,,1,7,,32933,11,0,23,1,48,,32939,11,,,1,7,,32934,11,,,1,8,,32938,11,,,1,7,,32935,11,,,1,8,,32937,11,,,1,7,,32936,11,,,1
18002100,'021R-Saturday-1-26-06',533,,25073,11,,,1,15,,25074,11,,,1,55,,25075,11,,,1,15,,25076,11,,,1,15,,25077,11,,,1,15,,25078,11,,,1,55,,25079,11,,,1,15,,25080,11,,,1,15,,25081,11,,,1,15,,25082,11,,,1,55,,25083,11,,,1,15,,25084,11,,,1,15,,25085,11,,,1,15,,25086,11,,,1,55,,25087,11,,,1,15,,25088,11,,,1,15,,25089,11,,,1,15,,25090,11,,,1,55,,25091,11,,,1,15,,25092,11,,,1,15,,25093,11,,,1,15,,25094,11,,,1,55,,25095,11,,,1,15,,25096,11,,,1,15,,25097,11,,,1,15,,25098,11,,,1,55,,25099,11,,,1,15,,25100,11,,,1,15,,25101,11,,,1,15,,25102,11,,,1,55,,25103,11,,,1,15,,25104,11,,,1,15,,25105,11,,,1,15,,25106,11,,,1,55,,25107,11,,,1,15,,25108,11,,,1,15,,25109,11,,,1,15,,25110,11,,,1,55,,25111,11,,,1,15,,25112,11,,,1,15,,25113,11,,,1,15,,25114,11,,,1,55,,25115,11,,,1,15,,25116,11,,,1,15,,25117,11,,,1,15,,25118,11,,,1,55,,25119,11,,,1,15,,25120,11,,,1,15,,25121,11,,,1,15,,25122,11,,,1,55,,25123,11,,,1,15,,25124,11,,,1,15,,25125,11,,,1,15,,25126,11,,,1,55,,25127,11,,,1,15,,25128,11,,,1,15,,25129,11,,,1,15,,25130,11,,,1,55,,25131,11,,,1,15,,25132,11,,,1,15,,25133,11,,,1,15,,25134,11,,,1,55,,25135,11,,,1,15,,25136,11,,,1,15,,25137,11,,,1,15,,25138,11,,,1,55,,25139,11,,,1,15,,25140,11,,,1,15,,25141,11,,,1,15,,25142,11,,,1,55,,25143,11,,,1,15,,25144,11,,,1,15,,25145,11,,,1,15,,25146,11,,,1,55,,25147,11,,,1,15,,25148,11,,,1,15,,25149,11,,,1,15,,25150,11,,,1,55,,25151,11,,,1,15,,25152,11,,,1,15,,25153,11,,,1
18002200,'022R-Weekday-1-26-06',536,,26254,8,,,1,12,,26255,8,,,1,52,,26256,8,,,1,12,,26257,8,,,1,12,,26258,8,,,1,12,,26259,8,,,1,12,,26260,8,,,1,52,,26261,8,,,1,12,,26262,8,,,1,12,,26263,8,,,1,12,,26264,8,,,1,12,,26295,8,,,1,52,,26296,8,,,1,12,,26297,8,,,1,12,,26298,8,,,1,12,,26299,8,,,1,12,,26300,8,,,1,52,,26301,8,,,1,12,,26268,8,,,1,12,,26269,8,,,1,12,,26270,8,,,1,12,,26271,8,,,1,58,,26302,8,,,1,15,,26303,8,,,1,15,,26304,8,,,1,15,,26305,8,,,1,55,,26272,8,,,1,15,,26273,8,,,1,15,,26274,8,,,1,15,,26275,8,,,1,55,,26276,8,,,1,15,,26277,8,,,1,15,,26278,8,,,1,15,,26279,8,,,1,55,,26280,8,,,1,15,,26281,8,,,1,15,,26282,8,,,1,15,,26283,8,,,1,55,,26265,8,,,1,15,,26266,8,,,1,15,,26267,8,,,1,12,,26328,8,,,1,52,,26329,8,,,1,12,,26330,8,,,1,12,,26331,8,,,1,12,,26332,8,,,1,12,,26333,8,,,1,52,,26334,8,,,1,12,,26335,8,,,1,12,,26336,8,,,1,12,,26337,8,,,1,12,,26284,8,,,1,52,,26285,8,,,1,12,,26286,8,,,1,12,,26287,8,,,1,12,,26288,8,,,1,12,,26289,8,,,1,52,,26290,8,,,1,12,,26291,8,,,1,12,,26292,8,,,1,12,,26293,8,,,1,12,,26294,8,,,1,59,,26306,8,,,1,15,,26307,8,,,1,15,,26308,8,,,1,15,,26309,8,,,1,55,,26310,8,,,1,15,,26311,8,,,1,15,,26312,8,,,1,15,,26313,8,,,1,55,,26314,8,,,1,15,,26315,8,,,1,15,,26316,8,,,1,15,,26317,8,,,1,55,,26318,8,,,1,15,,26319,8,,,1,15,,26320,8,,,1,15,,26321,8,,,1,55,,26322,8,,,1,15,,26323,8,,,1,15,,26324,8,,,1,15,,26325,8,,,1,55,,26326,8,,,1,15,,26327,8,,,1,15,,26253,8,,,1
18002200,'022R-Weekday-10-26-06',533,,33312,11,,,1,15,,33313,11,,,1,55,,33314,11,,,1,15,,33315,11,,,1,15,,33316,11,,,1,15,,33317,11,,,1,55,,33318,11,,,1,15,,33319,11,,,1,15,,33320,11,,,1,15,,33321,11,,,1,55,,33322,11,,,1,15,,33323,11,,,1,15,,33324,11,,,1,15,,33325,11,,,1,55,,33326,11,,,1,15,,33327,11,,,1,15,,33328,11,,,1,15,,33329,11,,,1,55,,33330,11,,,1,15,,33331,11,,,1,15,,33332,11,,,1,15,,33333,11,,,1,55,,33334,11,,,1,15,,33335,11,,,1,15,,33336,11,,,1,15,,33337,11,,,1,55,,33338,11,,,1,15,,33339,11,,,1,15,,33340,11,,,1,15,,33341,11,,,1,55,,33342,11,,,1,15,,33343,11,,,1,15,,33344,11,,,1,15,,33345,11,,,1,55,,33346,11,,,1,15,,33347,11,,,1,15,,33348,11,,,1,15,,33349,11,,,1,55,,33350,11,,,1,15,,33351,11,,,1,15,,33352,11,,,1,15,,33353,11,,,1,55,,33354,11,,,1,15,,33355,11,,,1,15,,33356,11,,,1,15,,33357,11,,,1,55,,33358,11,,,1,15,,33359,11,,,1,15,,33360,11,,,1,15,,33361,11,,,1,55,,33362,11,,,1,15,,33363,11,,,1,15,,33364,11,,,1,15,,33365,11,,,1,55,,33366,11,,,1,15,,33367,11,,,1,15,,33368,11,,,1,15,,33369,11,,,1,55,,33370,11,,,1,15,,33371,11,,,1,15,,33372,11,,,1,15,,33373,11,,,1,55,,33374,11,,,1,15,,33375,11,,,1,15,,33376,11,,,1,15,,33377,11,,,1,55,,33378,11,,,1,15,,33379,11,,,1,15,,33380,11,,,1,15,,33381,11,,,1,55,,33382,11,,,1,15,,33383,11,,,1,15,,33384,11,,,1,15,,33385,11,,,1,55,,33386,11,,,1,15,,33387,11,,,1,15,,33388,11,,,1
18002200,'022R-Weekday-11-26-06',536,,33390,8,,,1,12,,33391,8,,,1,52,,33392,8,,,1,12,,33393,8,,,1,12,,33394,8,,,1,12,,33395,8,,,1,12,,33396,8,,,1,52,,33397,8,,,1,12,,33398,8,,,1,12,,33399,8,,,1,12,,33400,8,,,1,12,,33431,8,,,1,52,,33432,8,,,1,12,,33433,8,,,1,12,,33434,8,,,1,12,,33435,8,,,1,12,,33436,8,,,1,52,,33437,8,,,1,12,,33404,8,,,1,12,,33405,8,,,1,12,,33406,8,,,1,12,,33407,8,,,1,58,,33438,8,,,1,15,,33439,8,,,1,15,,33440,8,,,1,15,,33441,8,,,1,55,,33408,8,,,1,15,,33409,8,,,1,15,,33410,8,,,1,15,,33411,8,,,1,55,,33412,8,,,1,15,,33413,8,,,1,15,,33414,8,,,1,15,,33415,8,,,1,55,,33416,8,,,1,15,,33417,8,,,1,15,,33418,8,,,1,15,,33419,8,,,1,55,,33401,8,,,1,15,,33402,8,,,1,15,,33403,8,,,1,12,,33464,8,,,1,52,,33465,8,,,1,12,,33466,8,,,1,12,,33467,8,,,1,12,,33468,8,,,1,12,,33469,8,,,1,52,,33470,8,,,1,12,,33471,8,,,1,12,,33472,8,,,1,12,,33473,8,,,1,12,,33420,8,,,1,52,,33421,8,,,1,12,,33422,8,,,1,12,,33423,8,,,1,12,,33424,8,,,1,12,,33425,8,,,1,52,,33426,8,,,1,12,,33427,8,,,1,12,,33428,8,,,1,12,,33429,8,,,1,12,,33430,8,,,1,59,,33442,8,,,1,15,,33443,8,,,1,15,,33444,8,,,1,15,,33445,8,,,1,55,,33446,8,,,1,15,,33447,8,,,1,15,,33448,8,,,1,15,,33449,8,,,1,55,,33450,8,,,1,15,,33451,8,,,1,15,,33452,8,,,1,15,,33453,8,,,1,55,,33454,8,,,1,15,,33455,8,,,1,15,,33456,8,,,1,15,,33457,8,,,1,55,,33458,2,,,1,15,,33459,2,,,1,15,,33460,2,,,1,15,,33461,2,,,1,55,,33462,2,,,1,15,,33463,2,,,1,15,,33389,2,,,1
18002200,'022R-Weekday-7-26-06',536,,26339,8,,,1,12,,26340,8,,,1,52,,26341,8,,,1,12,,26342,8,,,1,12,,26343,8,,,1,12,,26344,8,,,1,12,,26345,8,,,1,52,,26346,8,,,1,12,,26347,8,,,1,12,,26348,8,,,1,12,,26349,8,,,1,12,,26380,8,,,1,52,,26381,8,,,1,12,,26382,8,,,1,12,,26383,8,,,1,12,,26384,8,,,1,12,,26385,8,,,1,52,,26386,8,,,1,12,,26353,8,,,1,12,,26354,8,,,1,12,,26355,8,,,1,12,,26356,8,,,1,58,,26387,8,,,1,15,,26388,8,,,1,15,,26389,8,,,1,15,,26390,8,,,1,55,,26357,8,,,1,15,,26358,8,,,1,15,,26359,8,,,1,15,,26360,8,,,1,55,,26361,8,,,1,15,,26362,8,,,1,15,,26363,8,,,1,15,,26364,8,,,1,55,,26365,8,,,1,15,,26366,8,,,1,15,,26367,8,,,1,15,,26368,8,,,1,55,,26350,8,,,1,15,,26351,8,,,1,15,,26352,8,,,1,12,,26413,8,,,1,52,,26414,8,,,1,12,,26415,8,,,1,12,,26416,8,,,1,12,,26417,8,,,1,12,,26418,8,,,1,52,,26419,8,,,1,12,,26420,8,,,1,12,,26421,8,,,1,12,,26422,8,,,1,12,,26369,8,,,1,52,,26370,8,,,1,12,,26371,8,,,1,12,,26372,8,,,1,12,,26373,8,,,1,12,,26374,8,,,1,52,,26375,8,,,1,12,,26376,8,,,1,12,,26377,8,,,1,12,,26378,8,,,1,12,,26379,8,,,1,59,,26391,8,,,1,15,,26392,8,,,1,15,,26393,8,,,1,15,,26394,8,,,1,55,,26395,8,,,1,15,,26396,8,,,1,15,,26397,8,,,1,15,,26398,8,,,1,55,,26399,8,,,1,15,,26400,8,,,1,15,,26401,8,,,1,15,,26402,8,,,1,55,,26403,8,,,1,15,,26404,8,,,1,15,,26405,8,,,1,15,,26406,8,,,1,55,,26407,8,,,1,15,,26408,8,,,1,15,,26409,8,,,1,15,,26410,8,,,1,55,,26411,8,,,1,15,,26412,8,,,1,15,,26338,8,,,1
18002200,'022R-Saturday-1-26-06',536,,26423,8,,,1,15,,26424,8,,,1,55,,26425,8,,,1,15,,26426,8,,,1,15,,26427,8,,,1,15,,26428,8,,,1,55,,26429,8,,,1,15,,26430,8,,,1,15,,26431,8,,,1,15,,26432,8,,,1,55,,26433,8,,,1,15,,26434,8,,,1,15,,26435,8,,,1,15,,26436,8,,,1,55,,26437,8,,,1,15,,26438,8,,,1,15,,26439,8,,,1,15,,26440,8,,,1,55,,26441,8,,,1,15,,26442,8,,,1,15,,26443,8,,,1,15,,26444,8,,,1,55,,26445,8,,,1,15,,26446,8,,,1,15,,26447,8,,,1,15,,26448,8,,,1,55,,26449,8,,,1,15,,26450,8,,,1,15,,26451,8,,,1,15,,26452,8,,,1,55,,26453,8,,,1,15,,26454,8,,,1,15,,26455,8,,,1,15,,26456,8,,,1,55,,26457,8,,,1,15,,26458,8,,,1,15,,26459,8,,,1,15,,26460,8,,,1,55,,26461,8,,,1,15,,26462,8,,,1,15,,26463,8,,,1,15,,26464,8,,,1,55,,26465,8,,,1,15,,26466,8,,,1,15,,26467,8,,,1,15,,26468,8,,,1,55,,26469,8,,,1,15,,26470,8,,,1,15,,26471,8,,,1,15,,26472,8,,,1,55,,26473,8,,,1,15,,26474,8,,,1,15,,26475,8,,,1,15,,26476,8,,,1,55,,26477,8,,,1,15,,26478,8,,,1,15,,26479,8,,,1,15,,26480,8,,,1,55,,26481,8,,,1,15,,26482,8,,,1,15,,26483,8,,,1,15,,26484,8,,,1,55,,26485,8,,,1,15,,26486,8,,,1,15,,26487,8,,,1,15,,26488,8,,,1,55,,26489,8,,,1,15,,26490,8,,,1,15,,26491,8,,,1,15,,26492,8,,,1,55,,26493,8,,,1,15,,26494,8,,,1,15,,26495,8,,,1,15,,26496,8,,,1,55,,26497,8,,,1,15,,26498,8,,,1,15,,26499,8,,,1
