18002100,'021R-Weekday-1-26-06',530,,24799,9,,,1,12,,24800,9,,,1,12,,24801,9,,,1,52,,24802,9,,,1,12,,24803,9,,,1,12,,24804,9,,,1,12,,24805,9,,,1,6,,24806,9,,,1,6,,24807,9,,,1,46,,24808,9,,,1,6,,24809,9,,,1,6,,24810,9,,,1,6,,24811,9,,,1,6,,24812,9,,,1,6,,24813,9,,,1,6,,24814,9,,,1,6,,24815,9,,,1,6,,24816,9,,,1,6,,24817,9,,,1,46,,24818,9,,,1,6,,24819,9,,,1,6,,24820,9,,,1,6,,24821,9,,,1,6,,24822,9,,,1,6,,24823,9,,,1,6,,24824,9,,,1,6,,24825,9,,,1,6,,24826,9,,,1,6,,24827,9,,,1,46,,24828,9,,,1,6,,24829,9,,,1,6,,24830,9,,,1,6,,24831,9,,,1,6,,24832,9,,,1,6,,24833,9,,,1,6,,24834,9,,,1,6,,24835,9,,,1,6,,24836,9,,,1,6,,24837,9,,,1,46,,24838,9,,,1,10,,24839,9,,,1,10,,24840,9,,,1,10,,24841,9,,,1,10,,24842,9,,,1,10,,24843,9,,,1,50,,24844,9,,,1,10,,24845,9,,,1,10,,24846,9,,,1,10,,24847,9,,,1,10,,24848,9,,,1,10,,24849,9,,,1,50,,24850,9,,,1,10,,24851,9,,,1,10,,24852,9,,,1,10,,24853,9,,,1,10,,24854,9,,,1,10,,24855,9,,,1,50,,24856,9,,,1,10,,24857,9,,,1,10,,24858,9,,,1,10,,24859,9,,,1,10,,24860,9,,,1,10,,24861,9,,,1,50,,24862,9,,,1,10,,24863,9,,,1,10,,24864,9,,,1,10,,24865,9,,,1,10,,24866,9,,,1,10,,24867,9,,,1,50,,24868,9,,,1,6,,24869,9,,,1,6,,24870,9,,,1,6,,24871,9,,,1,6,,24872,9,,,1,6,,24873,9,,,1,6,,24874,9,,,1,6,,24875,9,,,1,6,,24876,9,,,1,6,,24877,9,,,1,46,,24878,9,,,1,6,,24879,9,,,1,6,,24880,9,,,1,6,,24881,9,,,1,6,,24882,9,,,1,6,,24883,9,,,1,6,,24884,9,,,1,6,,24885,9,,,1,6,,24886,9,,,1,6,,24887,9,,,1,46,,24888,9,,,1,6,,24889,9,,,1,6,,24890,9,,,1,6,,24891,9,,,1,6,,24892,9,,,1,6,,24893,9,,,1,6,,24894,9,,,1,6,,24895,9,,,1,6,,24896,9,,,1,6,,24897,9,,,1,46,,24898,9,,,1,6,,24899,9,,,1,6,,24900,9,,,1,6,,24901,9,,,1,6,,24902,9,,,1,6,,24903,9,,,1,6,,24904,9,,,1,6,,24905,9,,,1,6,,24906,9,,,1,6,,24907,9,,,1,46,,24908,9,,,1,6,,24909,9,,,1,9,,24934,9,,,1,15,,24910,9,,,1,15,,24911,9,,,1,55,,24912,9,,,1,15,,24913,9,,,1,15,,24914,9,,,1,15,,24915,9,,,1,55,,24916,9,,,1,15,,24917,9,,,1,15,,24918,9,,,1,15,,24919,9,,,1,55,,24920,9,,,1,15,,24921,9,,,1,15,,24922,9,,,1,15,,24923,9,,,1,55,,24924,9,,,1,15,,24925,9,,,1,15,,24926,9,,,1,15,,24927,9,,,1,55,,24928,9,,,1,15,,24929,9,,,1,15,,24930,9,,,1,15,,24931,9,,,1,55,,24932,9,,,1,15,,24933,9,,,1,15,,24935,9,,,1
18002100,'021R-Weekday-10-26-06',530,,32719,9,,,1,12,,32720,9,,,1,12,,32721,9,,,1,52,,32722,9,,,1,12,,32723,9,,,1,12,,32724,9,,,1,12,,32725,9,,,1,6,,32726,9,,,1,6,,32727,9,,,1,46,,32728,9,,,1,6,,32729,9,,,1,6,,32730,9,,,1,6,,32731,9,,,1,6,,32732,9,,,1,6,,32733,9,,,1,6,,32734,9,,,1,6,,32735,9,,,1,6,,32736,9,,,1,6,,32737,9,,,1,46,,32738,9,,,1,6,,32739,9,,,1,6,,32740,9,,,1,6,,32741,9,,,1,6,,32742,9,,,1,6,,32743,9,,,1,6,,32744,9,,,1,6,,32745,9,,,1,6,,32746,9,,,1,6,,32747,9,,,1,46,,32748,9,,,1,6,,32749,9,,,1,6,,32750,9,,,1,6,,32751,9,,,1,6,,32752,9,,,1,6,,32753,9,,,1,6,,32754,9,,,1,6,,32755,9,,,1,6,,32756,9,,,1,6,,32757,9,,,1,46,,32758,9,,,1,10,,32759,9,,,1,10,,32760,9,,,1,10,,32761,9,,,1,10,,32762,9,,,1,10,,32763,9,,,1,50,,32764,9,,,1,10,,32765,9,,,1,10,,32766,9,,,1,10,,32767,9,,,1,10,,32768,9,,,1,10,,32769,9,,,1,50,,32770,9,,,1,10,,32771,9,,,1,10,,32772,9,,,1,10,,32773,9,,,1,10,,32774,9,,,1,10,,32775,9,,,1,50,,32776,9,,,1,10,,32777,9,,,1,10,,32778,9,,,1,10,,32779,9,,,1,10,,32780,9,,,1,10,,32781,9,,,1,50,,32782,9,,,1,10,,32783,9,,,1,10,,32784,9,,,1,10,,32785,9,,,1,10,,32786,9,,,1,10,,32787,9,,,1,50,,32788,9,,,1,6,,32789,9,,,1,6,,32790,9,,,1,6,,32791,9,,,1,6,,32792,9,,,1,6,,32793,9,,,1,6,,32794,9,,,1,6,,32795,9,,,1,6,,32796,9,,,1,6,,32797,9,,,1,46,,32798,9,,,1,6,,32799,9,,,1,6,,32800,9,,,1,6,,32801,9,,,1,6,,32802,9,,,1,6,,32803,9,,,1,6,,32804,9,,,1,6,,32805,9,,,1,6,,32806,9,,,1,6,,32807,9,,,1,46,,32808,9,,,1,6,,32809,9,,,1,6,,32810,9,,,1,6,,32811,9,,,1,6,,32812,9,,,1,6,,32813,9,,,1,6,,32814,9,,,1,6,,32815,9,,,1,6,,32816,9,,,1,6,,32817,9,,,1,46,,32818,9,,,1,6,,32819,9,,,1,6,,32820,9,,,1,6,,32821,9,,,1,6,,32822,9,,,1,6,,32823,9,,,1,6,,32824,9,,,1,6,,32825,9,,,1,6,,32826,9,,,1,6,,32827,9,,,1,46,,32828,9,,,1,6,,32829,9,,,1,9,,32854,9,,,1,15,,32830,9,,,1,15,,32831,9,,,1,55,,32832,9,,,1,15,,32833,9,,,1,15,,32834,9,,,1,15,,32835,9,,,1,55,,32836,9,,,1,15,,32837,9,,,1,15,,32838,9,,,1,15,,32839,9,,,1,55,,32840,9,,,1,15,,32841,9,,,1,15,,32842,9,,,1,15,,32843,9,,,1,55,,32844,9,,,1,15,,32845,9,,,1,15,,32846,9,,,1,15,,32847,9,,,1,55,,32848,9,,,1,15,,32849,9,,,1,15,,32850,9,,,1,15,,32851,9,,,1,55,,32852,9,,,1,15,,32853,9,,,1,15,,32855,9,,,1
18002100,'021R-Weekday-7-26-06',530,,24936,9,,,1,12,,24937,9,,,1,12,,24938,9,,,1,52,,24939,9,,,1,12,,24940,9,,,1,12,,24941,9,,,1,12,,24942,9,,,1,6,,24943,9,,,1,6,,24944,9,,,1,46,,24945,9,,,1,6,,24946,9,,,1,6,,24947,9,,,1,6,,24948,9,,,1,6,,24949,9,,,1,6,,24950,9,,,1,6,,24951,9,,,1,6,,24952,9,,,1,6,,24953,9,,,1,6,,24954,9,,,1,46,,24955,9,,,1,6,,24956,9,,,1,6,,24957,9,,,1,6,,24958,9,,,1,6,,24959,9,,,1,6,,24960,9,,,1,6,,24961,9,,,1,6,,24962,9,,,1,6,,24963,9,,,1,6,,24964,9,,,1,46,,24965,9,,,1,6,,24966,9,,,1,6,,24967,9,,,1,6,,24968,9,,,1,6,,24969,9,,,1,6,,24970,9,,,1,6,,24971,9,,,1,6,,24972,9,,,1,6,,24973,9,,,1,6,,24974,9,,,1,46,,24975,9,,,1,10,,24976,9,,,1,10,,24977,9,,,1,10,,24978,9,,,1,10,,24979,9,,,1,10,,24980,9,,,1,50,,24981,9,,,1,10,,24982,9,,,1,10,,24983,9,,,1,10,,24984,9,,,1,10,,24985,9,,,1,10,,24986,9,,,1,50,,24987,9,,,1,10,,24988,9,,,1,10,,24989,9,,,1,10,,24990,9,,,1,10,,24991,9,,,1,10,,24992,9,,,1,50,,24993,9,,,1,10,,24994,9,,,1,10,,24995,9,,,1,10,,24996,9,,,1,10,,24997,9,,,1,10,,24998,9,,,1,50,,24999,9,,,1,10,,25000,9,,,1,10,,25001,9,,,1,10,,25002,9,,,1,10,,25003,9,,,1,10,,25004,9,,,1,50,,25005,9,,,1,6,,25006,9,,,1,6,,25007,9,,,1,6,,25008,9,,,1,6,,25009,9,,,1,6,,25010,9,,,1,6,,25011,9,,,1,6,,25012,9,,,1,6,,25013,9,,,1,6,,25014,9,,,1,46,,25015,9,,,1,6,,25016,9,,,1,6,,25017,9,,,1,6,,25018,9,,,1,6,,25019,9,,,1,6,,25020,9,,,1,6,,25021,9,,,1,6,,25022,9,,,1,6,,25023,9,,,1,6,,25024,9,,,1,46,,25025,9,,,1,6,,25026,9,,,1,6,,25027,9,,,1,6,,25028,9,,,1,6,,25029,9,,,1,6,,25030,9,,,1,6,,25031,9,,,1,6,,25032,9,,,1,6,,25033,9,,,1,6,,25034,9,,,1,46,,25035,9,,,1,6,,25036,9,,,1,6,,25037,9,,,1,6,,25038,9,,,1,6,,25039,9,,,1,6,,25040,9,,,1,6,,25041,9,,,1,6,,25042,9,,,1,6,,25043,9,,,1,6,,25044,9,,,1,46,,25045,9,,,1,6,,25046,9,,,1,9,,25071,9,,,1,15,,25047,9,,,1,15,,25048,9,,,1,55,,25049,9,,,1,15,,25050,9,,,1,15,,25051,9,,,1,15,,25052,9,,,1,55,,25053,9,,,1,15,,25054,9,,,1,15,,25055,9,,,1,15,,25056,9,,,1,55,,25057,9,,,1,15,,25058,9,,,1,15,,25059,9,,,1,15,,25060,9,,,1,55,,25061,9,,,1,15,,25062,9,,,1,15,,25063,9,,,1,15,,25064,9,,,1,55,,25065,9,,,1,15,,25066,9,,,1,15,,25067,9,,,1,15,,25068,9,,,1,55,,25069,9,,,1,15,,25070,9,,,1,15,,25072,9,,,1
18002100,'021R-Weekday-9-26-06',537,,32856,9,0,23,1,15,,32857,9,0,23,1,55,,32858,9,0,23,1,15,,32859,9,0,23,1,15,,32860,9,0,23,1,15,,32861,9,0,23,1,55,,32862,9,0,23,1,15,,32863,9,0,23,1,15,,32864,9,0,23,1,15,,32865,9,0,23,1,55,,32866,9,0,23,1,15,,32867,9,0,23,1,15,,32868,9,0,23,1,15,,32869,9,0,23,1,55,,32870,9,0,23,1,15,,32871,9,0,23,1,15,,32872,9,0,23,1,15,,32873,9,0,23,1,55,,32874,9,0,23,1,15,,32875,9,0,23,1,15,,32876,9,0,23,1,15,,32877,9,0,23,1,55,,32878,9,0,23,1,15,,32879,9,0,23,1,15,,32880,9,0,23,1,15,,32881,9,0,23,1,55,,32882,9,0,23,1,15,,32883,9,0,23,1,15,,32884,9,0,23,1,15,,32885,9,0,23,1,55,,32886,9,0,23,1,15,,32887,9,0,23,1,15,,32888,9,0,23,1,15,,32889,9,0,23,1,55,,32890,9,0,23,1,15,,32891,9,0,23,1,15,,32892,9,0,23,1,15,,32893,9,0,23,1,55,,32894,9,0,23,1,15,,32895,9,0,23,1,15,,32896,9,0,23,1,15,,32897,9,0,23,1,55,,32898,9,0,23,1,15,,32899,9,0,23,1,15,,32900,9,0,23,1,15,,32901,9,0,23,1,55,,32902,9,0,23,1,15,,32903,9,0,23,1,15,,32904,9,0,23,1,15,,32905,9,0,23,1,55,,32906,9,0,23,1,15,,32907,9,0,23,1,15,,32908,9,0,23,1,15,,32909,9,0,23,1,55,,32910,9,0,23,1,15,,32911,9,0,23,1,15,,32912,9,0,23,1,15,,32913,9,0,23,1,55,,32914,9,0,23,1,15,,32915,9,0,23,1,15,,32916,9,0,23,1,15,,32917,9,0,23,1,55,,32918,9,0,23,1,15,,32919,9,0,23,1,15,,32920,9,0,23,1,15,,32921,9,0,23,1,55,,32922,9,0,23,1,15,,32923,9,0,23,1,15,,32924,9,0,23,1,15,,32925,9,0,23,1,55,,32926,9,0,23,1,15,,32927,9,0,23,1,15,,32928,9,0,23,1,15,,32929,9,0,23,1,55,,32930,9,0,23,1,15,,32931,9,0,23,1,15,,32932,9,0,23,1,8,,33018,9,,,1,7,,32933,9,0,23,1,48,,32939,9,,,1,7,,32934,9,,,1,8,,32938,9,,,1,7,,32935,9,,,1,8,,32937,9,,,1,7,,32936,9,,,1
18002100,'021R-Saturday-1-26-06',530,,25073,9,,,1,15,,25074,9,,,1,55,,25075,9,,,1,15,,25076,9,,,1,15,,25077,9,,,1,15,,25078,9,,,1,55,,25079,9,,,1,15,,25080,9,,,1,15,,25081,9,,,1,15,,25082,9,,,1,55,,25083,9,,,1,15,,25084,9,,,1,15,,25085,9,,,1,15,,25086,9,,,1,55,,25087,9,,,1,15,,25088,9,,,1,15,,25089,9,,,1,15,,25090,9,,,1,55,,25091,9,,,1,15,,25092,9,,,1,15,,25093,9,,,1,15,,25094,9,,,1,55,,25095,9,,,1,15,,25096,9,,,1,15,,25097,9,,,1,15,,25098,9,,,1,55,,25099,9,,,1,15,,25100,9,,,1,15,,25101,9,,,1,15,,25102,9,,,1,55,,25103,9,,,1,15,,25104,9,,,1,15,,25105,9,,,1,15,,25106,9,,,1,55,,25107,9,,,1,15,,25108,9,,,1,15,,25109,9,,,1,15,,25110,9,,,1,55,,25111,9,,,1,15,,25112,9,,,1,15,,25113,9,,,1,15,,25114,9,,,1,55,,25115,9,,,1,15,,25116,9,,,1,15,,25117,9,,,1,15,,25118,9,,,1,55,,25119,9,,,1,15,,25120,9,,,1,15,,25121,9,,,1,15,,25122,9,,,1,55,,25123,9,,,1,15,,25124,9,,,1,15,,25125,9,,,1,15,,25126,9,,,1,55,,25127,9,,,1,15,,25128,9,,,1,15,,25129,9,,,1,15,,25130,9,,,1,55,,25131,9,,,1,15,,25132,9,,,1,15,,25133,9,,,1,15,,25134,9,,,1,55,,25135,9,,,1,15,,25136,9,,,1,15,,25137,9,,,1,15,,25138,9,,,1,55,,25139,9,,,1,15,,25140,9,,,1,15,,25141,9,,,1,15,,25142,9,,,1,55,,25143,9,,,1,15,,25144,9,,,1,15,,25145,9,,,1,15,,25146,9,,,1,55,,25147,9,,,1,15,,25148,9,,,1,15,,25149,9,,,1,15,,25150,9,,,1,55,,25151,9,,,1,15,,25152,9,,,1,15,,25153,9,,,1
18002200,'022R-Weekday-1-26-06',533,,26254,6,,,1,12,,26255,6,,,1,12,,26256,6,,,1,52,,26257,6,,,1,12,,26258,6,,,1,12,,26259,6,,,1,12,,26260,6,,,1,12,,26261,6,,,1,52,,26262,6,,,1,12,,26263,6,,,1,12,,26264,6,,,1,12,,26295,6,,,1,12,,26296,6,,,1,52,,26297,6,,,1,12,,26298,6,,,1,12,,26299,6,,,1,12,,26300,6,,,1,12,,26301,6,,,1,52,,26268,6,,,1,12,,26269,6,,,1,12,,26270,6,,,1,12,,26271,6,,,1,58,,26302,6,,,1,15,,26303,6,,,1,15,,26304,6,,,1,15,,26305,6,,,1,55,,26272,6,,,1,15,,26273,6,,,1,15,,26274,6,,,1,15,,26275,6,,,1,55,,26276,6,,,1,15,,26277,6,,,1,15,,26278,6,,,1,15,,26279,6,,,1,55,,26280,6,,,1,15,,26281,6,,,1,15,,26282,6,,,1,15,,26283,6,,,1,55,,26265,6,,,1,15,,26266,6,,,1,15,,26267,6,,,1,12,,26328,6,,,1,12,,26329,6,,,1,52,,26330,6,,,1,12,,26331,6,,,1,12,,26332,6,,,1,12,,26333,6,,,1,12,,26334,6,,,1,52,,26335,6,,,1,12,,26336,6,,,1,12,,26337,6,,,1,12,,26284,6,,,1,12,,26285,6,,,1,52,,26286,6,,,1,12,,26287,6,,,1,12,,26288,6,,,1,12,,26289,6,,,1,12,,26290,6,,,1,52,,26291,6,,,1,12,,26292,6,,,1,12,,26293,6,,,1,12,,26294,6,,,1,59,,26306,6,,,1,15,,26307,6,,,1,15,,26308,6,,,1,15,,26309,6,,,1,55,,26310,6,,,1,15,,26311,6,,,1,15,,26312,6,,,1,15,,26313,6,,,1,55,,26314,6,,,1,15,,26315,6,,,1,15,,26316,6,,,1,15,,26317,6,,,1,55,,26318,6,,,1,15,,26319,6,,,1,15,,26320,6,,,1,15,,26321,6,,,1,55,,26322,6,,,1,15,,26323,6,,,1,15,,26324,6,,,1,15,,26325,6,,,1,55,,26326,6,,,1,15,,26327,6,,,1,15,,26253,6,,,1
18002200,'022R-Weekday-10-26-06',530,,33312,9,,,1,15,,33313,9,,,1,55,,33314,9,,,1,15,,33315,9,,,1,15,,33316,9,,,1,15,,33317,9,,,1,55,,33318,9,,,1,15,,33319,9,,,1,15,,33320,9,,,1,15,,33321,9,,,1,55,,33322,9,,,1,15,,33323,9,,,1,15,,33324,9,,,1,15,,33325,9,,,1,55,,33326,9,,,1,15,,33327,9,,,1,15,,33328,9,,,1,15,,33329,9,,,1,55,,33330,9,,,1,15,,33331,9,,,1,15,,33332,9,,,1,15,,33333,9,,,1,55,,33334,9,,,1,15,,33335,9,,,1,15,,33336,9,,,1,15,,33337,9,,,1,55,,33338,9,,,1,15,,33339,9,,,1,15,,33340,9,,,1,15,,33341,9,,,1,55,,33342,9,,,1,15,,33343,9,,,1,15,,33344,9,,,1,15,,33345,9,,,1,55,,33346,9,,,1,15,,33347,9,,,1,15,,33348,9,,,1,15,,33349,9,,,1,55,,33350,9,,,1,15,,33351,9,,,1,15,,33352,9,,,1,15,,33353,9,,,1,55,,33354,9,,,1,15,,33355,9,,,1,15,,33356,9,,,1,15,,33357,9,,,1,55,,33358,9,,,1,15,,33359,9,,,1,15,,33360,9,,,1,15,,33361,9,,,1,55,,33362,9,,,1,15,,33363,9,,,1,15,,33364,9,,,1,15,,33365,9,,,1,55,,33366,9,,,1,15,,33367,9,,,1,15,,33368,9,,,1,15,,33369,9,,,1,55,,33370,9,,,1,15,,33371,9,,,1,15,,33372,9,,,1,15,,33373,9,,,1,55,,33374,9,,,1,15,,33375,9,,,1,15,,33376,9,,,1,15,,33377,9,,,1,55,,33378,9,,,1,15,,33379,9,,,1,15,,33380,9,,,1,15,,33381,9,,,1,55,,33382,9,,,1,15,,33383,9,,,1,15,,33384,9,,,1,15,,33385,9,,,1,55,,33386,9,,,1,15,,33387,9,,,1,15,,33388,9,,,1
18002200,'022R-Weekday-11-26-06',533,,33390,6,,,1,12,,33391,6,,,1,12,,33392,6,,,1,52,,33393,6,,,1,12,,33394,6,,,1,12,,33395,6,,,1,12,,33396,6,,,1,12,,33397,6,,,1,52,,33398,6,,,1,12,,33399,6,,,1,12,,33400,6,,,1,12,,33431,6,,,1,12,,33432,6,,,1,52,,33433,6,,,1,12,,33434,6,,,1,12,,33435,6,,,1,12,,33436,6,,,1,12,,33437,6,,,1,52,,33404,6,,,1,12,,33405,6,,,1,12,,33406,6,,,1,12,,33407,6,,,1,58,,33438,6,,,1,15,,33439,6,,,1,15,,33440,6,,,1,15,,33441,6,,,1,55,,33408,6,,,1,15,,33409,6,,,1,15,,33410,6,,,1,15,,33411,6,,,1,55,,33412,6,,,1,15,,33413,6,,,1,15,,33414,6,,,1,15,,33415,6,,,1,55,,33416,6,,,1,15,,33417,6,,,1,15,,33418,6,,,1,15,,33419,6,,,1,55,,33401,6,,,1,15,,33402,6,,,1,15,,33403,6,,,1,12,,33464,6,,,1,12,,33465,6,,,1,52,,33466,6,,,1,12,,33467,6,,,1,12,,33468,6,,,1,12,,33469,6,,,1,12,,33470,6,,,1,52,,33471,6,,,1,12,,33472,6,,,1,12,,33473,6,,,1,12,,33420,6,,,1,12,,33421,6,,,1,52,,33422,6,,,1,12,,33423,6,,,1,12,,33424,6,,,1,12,,33425,6,,,1,12,,33426,6,,,1,52,,33427,6,,,1,12,,33428,6,,,1,12,,33429,6,,,1,12,,33430,6,,,1,59,,33442,6,,,1,15,,33443,6,,,1,15,,33444,6,,,1,15,,33445,6,,,1,55,,33446,6,,,1,15,,33447,6,,,1,15,,33448,6,,,1,15,,33449,6,,,1,55,,33450,6,,,1,15,,33451,6,,,1,15,,33452,6,,,1,15,,33453,6,,,1,55,,33454,6,,,1,15,,33455,6,,,1,15,,33456,6,,,1,15,,33457,6,,,1
18002200,'022R-Weekday-7-26-06',533,,26339,6,,,1,12,,26340,6,,,1,12,,26341,6,,,1,52,,26342,6,,,1,12,,26343,6,,,1,12,,26344,6,,,1,12,,26345,6,,,1,12,,26346,6,,,1,52,,26347,6,,,1,12,,26348,6,,,1,12,,26349,6,,,1,12,,26380,6,,,1,12,,26381,6,,,1,52,,26382,6,,,1,12,,26383,6,,,1,12,,26384,6,,,1,12,,26385,6,,,1,12,,26386,6,,,1,52,,26353,6,,,1,12,,26354,6,,,1,12,,26355,6,,,1,12,,26356,6,,,1,58,,26387,6,,,1,15,,26388,6,,,1,15,,26389,6,,,1,15,,26390,6,,,1,55,,26357,6,,,1,15,,26358,6,,,1,15,,26359,6,,,1,15,,26360,6,,,1,55,,26361,6,,,1,15,,26362,6,,,1,15,,26363,6,,,1,15,,26364,6,,,1,55,,26365,6,,,1,15,,26366,6,,,1,15,,26367,6,,,1,15,,26368,6,,,1,55,,26350,6,,,1,15,,26351,6,,,1,15,,26352,6,,,1,12,,26413,6,,,1,12,,26414,6,,,1,52,,26415,6,,,1,12,,26416,6,,,1,12,,26417,6,,,1,12,,26418,6,,,1,12,,26419,6,,,1,52,,26420,6,,,1,12,,26421,6,,,1,12,,26422,6,,,1,12,,26369,6,,,1,12,,26370,6,,,1,52,,26371,6,,,1,12,,26372,6,,,1,12,,26373,6,,,1,12,,26374,6,,,1,12,,26375,6,,,1,52,,26376,6,,,1,12,,26377,6,,,1,12,,26378,6,,,1,12,,26379,6,,,1,59,,26391,6,,,1,15,,26392,6,,,1,15,,26393,6,,,1,15,,26394,6,,,1,55,,26395,6,,,1,15,,26396,6,,,1,15,,26397,6,,,1,15,,26398,6,,,1,55,,26399,6,,,1,15,,26400,6,,,1,15,,26401,6,,,1,15,,26402,6,,,1,55,,26403,6,,,1,15,,26404,6,,,1,15,,26405,6,,,1,15,,26406,6,,,1,55,,26407,6,,,1,15,,26408,6,,,1,15,,26409,6,,,1,15,,26410,6,,,1,55,,26411,6,,,1,15,,26412,6,,,1,15,,26338,6,,,1
18002200,'022R-Saturday-1-26-06',533,,26423,6,,,1,15,,26424,6,,,1,55,,26425,6,,,1,15,,26426,6,,,1,15,,26427,6,,,1,15,,26428,6,,,1,55,,26429,6,,,1,15,,26430,6,,,1,15,,26431,6,,,1,15,,26432,6,,,1,55,,26433,6,,,1,15,,26434,6,,,1,15,,26435,6,,,1,15,,26436,6,,,1,55,,26437,6,,,1,15,,26438,6,,,1,15,,26439,6,,,1,15,,26440,6,,,1,55,,26441,6,,,1,15,,26442,6,,,1,15,,26443,6,,,1,15,,26444,6,,,1,55,,26445,6,,,1,15,,26446,6,,,1,15,,26447,6,,,1,15,,26448,6,,,1,55,,26449,6,,,1,15,,26450,6,,,1,15,,26451,6,,,1,15,,26452,6,,,1,55,,26453,6,,,1,15,,26454,6,,,1,15,,26455,6,,,1,15,,26456,6,,,1,55,,26457,6,,,1,15,,26458,6,,,1,15,,26459,6,,,1,15,,26460,6,,,1,55,,26461,6,,,1,15,,26462,6,,,1,15,,26463,6,,,1,15,,26464,6,,,1,55,,26465,6,,,1,15,,26466,6,,,1,15,,26467,6,,,1,15,,26468,6,,,1,55,,26469,6,,,1,15,,26470,6,,,1,15,,26471,6,,,1,15,,26472,6,,,1,55,,26473,6,,,1,15,,26474,6,,,1,15,,26475,6,,,1,15,,26476,6,,,1,55,,26477,6,,,1,15,,26478,6,,,1,15,,26479,6,,,1,15,,26480,6,,,1,55,,26481,6,,,1,15,,26482,6,,,1,15,,26483,6,,,1,15,,26484,6,,,1,55,,26485,6,,,1,15,,26486,6,,,1,15,,26487,6,,,1,15,,26488,6,,,1,55,,26489,6,,,1,15,,26490,6,,,1,15,,26491,6,,,1,15,,26492,6,,,1,55,,26493,6,,,1,15,,26494,6,,,1,15,,26495,6,,,1,15,,26496,6,,,1,55,,26497,6,,,1,15,,26498,6,,,1,15,,26499,6,,,1
