18002100,'021R-Weekday-1-26-09',531,,33638,10,,,1,12,,33639,10,,,1,12,,33640,10,,,1,52,,33641,10,,,1,12,,33642,10,,,1,12,,33643,10,,,1,12,,33644,10,,,1,6,,33645,10,,,1,6,,33646,10,,,1,46,,33647,10,,,1,6,,33648,10,,,1,6,,33649,10,,,1,6,,33650,10,,,1,6,,33651,10,,,1,6,,33652,10,,,1,6,,33653,10,,,1,6,,33654,10,,,1,6,,33655,10,,,1,6,,33656,10,,,1,46,,33657,10,,,1,6,,33658,10,,,1,6,,33659,10,,,1,6,,33660,10,,,1,6,,33661,10,,,1,6,,33662,10,,,1,6,,33663,10,,,1,6,,33664,10,,,1,6,,33665,10,,,1,6,,33666,10,,,1,46,,33667,10,,,1,6,,33668,10,,,1,6,,33669,10,,,1,6,,33670,10,,,1,6,,33671,10,,,1,6,,33672,10,,,1,6,,33673,10,,,1,6,,33674,10,,,1,6,,33675,10,,,1,6,,33676,10,,,1,46,,33677,10,,,1,10,,33678,10,,,1,10,,33679,10,,,1,10,,33680,10,,,1,10,,33681,10,,,1,10,,33682,10,,,1,50,,33683,10,,,1,10,,33684,10,,,1,10,,33685,10,,,1,10,,33686,10,,,1,10,,33687,10,,,1,10,,33688,10,,,1,50,,33689,10,,,1,10,,33690,10,,,1,10,,33691,10,,,1,10,,33692,10,,,1,10,,33693,10,,,1,10,,33694,10,,,1,50,,33695,10,,,1,10,,33696,10,,,1,10,,33697,10,,,1,10,,33698,10,,,1,10,,33699,10,,,1,10,,33700,10,,,1,50,,33701,10,,,1,10,,33702,10,,,1,10,,33703,10,,,1,10,,33704,10,,,1,10,,33705,10,,,1,10,,33706,10,,,1,50,,33707,10,,,1,6,,33708,10,,,1,6,,33709,10,,,1,6,,33710,10,,,1,6,,33711,10,,,1,6,,33712,10,,,1,6,,33713,10,,,1,6,,33714,10,,,1,6,,33715,10,,,1,6,,33716,10,,,1,46,,33717,10,,,1,6,,33718,10,,,1,6,,33719,10,,,1,6,,33720,10,,,1,6,,33721,10,,,1,6,,33722,10,,,1,6,,33723,10,,,1,6,,33724,10,,,1,6,,33725,10,,,1,6,,33726,10,,,1,46,,33727,10,,,1,6,,33728,10,,,1,6,,33729,10,,,1,6,,33730,10,,,1,6,,33731,10,,,1,6,,33732,10,,,1,6,,33733,10,,,1,6,,33734,10,,,1,6,,33735,10,,,1,6,,33736,10,,,1,46,,33737,10,,,1,6,,33738,10,,,1,6,,33739,10,,,1,6,,33740,10,,,1,6,,33741,10,,,1,6,,33742,10,,,1,6,,33743,10,,,1,6,,33744,10,,,1,6,,33745,10,,,1,6,,33746,10,,,1,46,,33747,10,,,1,6,,33748,10,,,1,9,,33773,10,,,1,15,,33749,10,,,1,15,,33750,10,,,1,55,,33751,10,,,1,15,,33752,10,,,1,15,,33753,10,,,1,15,,33754,10,,,1,55,,33755,10,,,1,15,,33756,10,,,1,15,,33757,10,,,1,15,,33758,10,,,1,55,,33759,10,,,1,15,,33760,10,,,1,15,,33761,10,,,1,15,,33762,10,,,1,55,,33763,10,,,1,15,,33764,10,,,1,15,,33765,10,,,1,15,,33766,10,,,1,55,,33767,10,,,1,15,,33768,10,,,1,15,,33769,10,,,1,15,,33770,10,,,1,55,,33771,10,,,1,15,,33772,10,,,1,15,,33774,10,,,1
18002100,'021R-Weekday-3-26-09',531,,33912,10,,,1,12,,33913,10,,,1,12,,33914,10,,,1,52,,33915,10,,,1,12,,33916,10,,,1,12,,33917,10,,,1,12,,33918,10,,,1,6,,33919,10,,,1,6,,33920,10,,,1,46,,33921,10,,,1,6,,33922,10,,,1,6,,33923,10,,,1,6,,33924,10,,,1,6,,33925,10,,,1,6,,33926,10,,,1,6,,33927,10,,,1,6,,33928,10,,,1,6,,33929,10,,,1,6,,33930,10,,,1,46,,33931,10,,,1,6,,33932,10,,,1,6,,33933,10,,,1,6,,33934,10,,,1,6,,33935,10,,,1,6,,33936,10,,,1,6,,33937,10,,,1,6,,33938,10,,,1,6,,33939,10,,,1,6,,33940,10,,,1,46,,33941,10,,,1,6,,33942,10,,,1,6,,33943,10,,,1,6,,33944,10,,,1,6,,33945,10,,,1,6,,33946,10,,,1,6,,33947,10,,,1,6,,33948,10,,,1,6,,33949,10,,,1,6,,33950,10,,,1,46,,33951,10,,,1,10,,33952,10,,,1,10,,33953,10,,,1,10,,33954,10,,,1,10,,33955,10,,,1,10,,33956,10,,,1,50,,33957,10,,,1,10,,33958,10,,,1,10,,33959,10,,,1,10,,33960,10,,,1,10,,33961,10,,,1,10,,33962,10,,,1,50,,33963,10,,,1,10,,33964,10,,,1,10,,33965,10,,,1,10,,33966,10,,,1,10,,33967,10,,,1,10,,33968,10,,,1,50,,33969,10,,,1,10,,33970,10,,,1,10,,33971,10,,,1,10,,33972,10,,,1,10,,33973,10,,,1,10,,33974,10,,,1,50,,33975,10,,,1,10,,33976,10,,,1,10,,33977,10,,,1,10,,33978,10,,,1,10,,33979,10,,,1,10,,33980,10,,,1,50,,33981,10,,,1,6,,33982,10,,,1,6,,33983,10,,,1,6,,33984,10,,,1,6,,33985,10,,,1,6,,33986,10,,,1,6,,33987,10,,,1,6,,33988,10,,,1,6,,33989,10,,,1,6,,33990,10,,,1,46,,33991,10,,,1,6,,33992,10,,,1,6,,33993,10,,,1,6,,33994,10,,,1,6,,33995,10,,,1,6,,33996,10,,,1,6,,33997,10,,,1,6,,33998,10,,,1,6,,33999,10,,,1,6,,34000,10,,,1,46,,34001,10,,,1,6,,34002,10,,,1,6,,34003,10,,,1,6,,34004,10,,,1,6,,34005,10,,,1,6,,34006,10,,,1,6,,34007,10,,,1,6,,34008,10,,,1,6,,34009,10,,,1,6,,34010,10,,,1,46,,34011,10,,,1,6,,34012,10,,,1,6,,34013,10,,,1,6,,34014,10,,,1,6,,34015,10,,,1,6,,34016,10,,,1,6,,34017,10,,,1,6,,34018,10,,,1,6,,34019,10,,,1,6,,34020,10,,,1,46,,34021,10,,,1,6,,34022,10,,,1,9,,34047,10,,,1,15,,34023,10,,,1,15,,34024,10,,,1,55,,34025,10,,,1,15,,34026,10,,,1,15,,34027,10,,,1,15,,34028,10,,,1,55,,34029,10,,,1,15,,34030,10,,,1,15,,34031,10,,,1,15,,34032,10,,,1,55,,34033,10,,,1,15,,34034,10,,,1,15,,34035,10,,,1,15,,34036,10,,,1,55,,34037,10,,,1,15,,34038,10,,,1,15,,34039,10,,,1,15,,34040,10,,,1,55,,34041,10,,,1,15,,34042,10,,,1,15,,34043,10,,,1,15,,34044,10,,,1,55,,34045,10,,,1,15,,34046,10,,,1,15,,34048,10,,,1
18002100,'021R-Weekday-4-26-09',531,,34049,10,,,1,12,,34050,10,,,1,12,,34051,10,,,1,52,,34052,10,,,1,12,,34053,10,,,1,12,,34054,10,,,1,12,,34055,10,,,1,6,,34056,10,,,1,6,,34057,10,,,1,46,,34058,10,,,1,6,,34059,10,,,1,6,,34060,10,,,1,6,,34061,10,,,1,6,,34062,10,,,1,6,,34063,10,,,1,6,,34064,10,,,1,6,,34065,10,,,1,6,,34066,10,,,1,6,,34067,10,,,1,46,,34068,10,,,1,6,,34069,10,,,1,6,,34070,10,,,1,6,,34071,10,,,1,6,,34072,10,,,1,6,,34073,10,,,1,6,,34074,10,,,1,6,,34075,10,,,1,6,,34076,10,,,1,6,,34077,10,,,1,46,,34078,10,,,1,6,,34079,10,,,1,6,,34080,10,,,1,6,,34081,10,,,1,6,,34082,10,,,1,6,,34083,10,,,1,6,,34084,10,,,1,6,,34085,10,,,1,6,,34086,10,,,1,6,,34087,10,,,1,46,,34088,10,,,1,10,,34089,10,,,1,10,,34090,10,,,1,10,,34091,10,,,1,10,,34092,10,,,1,10,,34093,10,,,1,50,,34094,10,,,1,10,,34095,10,,,1,10,,34096,10,,,1,10,,34097,10,,,1,10,,34098,10,,,1,10,,34099,10,,,1,50,,34100,10,,,1,10,,34101,10,,,1,10,,34102,10,,,1,10,,34103,10,,,1,10,,34104,10,,,1,10,,34105,10,,,1,50,,34106,10,,,1,10,,34107,10,,,1,10,,34108,10,,,1,10,,34109,10,,,1,10,,34110,10,,,1,10,,34111,10,,,1,50,,34112,10,,,1,10,,34113,10,,,1,10,,34114,10,,,1,10,,34115,10,,,1,10,,34116,10,,,1,10,,34117,10,,,1,50,,34118,10,,,1,6,,34119,10,,,1,6,,34120,10,,,1,6,,34121,10,,,1,6,,34122,10,,,1,6,,34123,10,,,1,6,,34124,10,,,1,6,,34125,10,,,1,6,,34126,10,,,1,6,,34127,10,,,1,46,,34128,10,,,1,6,,34129,10,,,1,6,,34130,10,,,1,6,,34131,10,,,1,6,,34132,10,,,1,6,,34133,10,,,1,6,,34134,10,,,1,6,,34135,10,,,1,6,,34136,10,,,1,6,,34137,10,,,1,46,,34138,10,,,1,6,,34139,10,,,1,6,,34140,10,,,1,6,,34141,10,,,1,6,,34142,10,,,1,6,,34143,10,,,1,6,,34144,10,,,1,6,,34145,10,,,1,6,,34146,10,,,1,6,,34147,10,,,1,46,,34148,10,,,1,6,,34149,10,,,1,6,,34150,10,,,1,6,,34151,10,,,1,6,,34152,10,,,1,6,,34153,10,,,1,6,,34154,10,,,1,6,,34155,10,,,1,6,,34156,10,,,1,6,,34157,10,,,1,46,,34158,10,,,1,6,,34159,10,,,1,9,,34184,10,,,1,15,,34160,10,,,1,15,,34161,10,,,1,55,,34162,10,,,1,15,,34163,10,,,1,15,,34164,10,,,1,15,,34165,10,,,1,55,,34166,10,,,1,15,,34167,10,,,1,15,,34168,10,,,1,15,,34169,10,,,1,55,,34170,10,,,1,15,,34171,10,,,1,15,,34172,10,,,1,15,,34173,10,,,1,55,,34174,10,,,1,15,,34175,10,,,1,15,,34176,10,,,1,15,,34177,10,,,1,55,,34178,10,,,1,15,,34179,10,,,1,15,,34180,10,,,1,15,,34181,10,,,1,55,,34182,10,,,1,15,,34183,10,,,1,15,,34185,10,,,1
18002100,'021R-Weekday-5-26-09',531,,34186,10,,,1,12,,34187,10,,,1,12,,34188,10,,,1,52,,34189,10,,,1,12,,34190,10,,,1,12,,34191,10,,,1,12,,34192,10,,,1,6,,34193,10,,,1,6,,34194,10,,,1,46,,34195,10,,,1,6,,34196,10,,,1,6,,34197,10,,,1,6,,34198,10,,,1,6,,34199,10,,,1,6,,34200,10,,,1,6,,34201,10,,,1,6,,34202,10,,,1,6,,34203,10,,,1,6,,34204,10,,,1,46,,34205,10,,,1,6,,34206,10,,,1,6,,34207,10,,,1,6,,34208,10,,,1,6,,34209,10,,,1,6,,34210,10,,,1,6,,34211,10,,,1,6,,34212,10,,,1,6,,34213,10,,,1,6,,34214,10,,,1,46,,34215,10,,,1,6,,34216,10,,,1,6,,34217,10,,,1,6,,34218,10,,,1,6,,34219,10,,,1,6,,34220,10,,,1,6,,34221,10,,,1,6,,34222,10,,,1,6,,34223,10,,,1,6,,34224,10,,,1,46,,34225,10,,,1,10,,34226,10,,,1,10,,34227,10,,,1,10,,34228,10,,,1,10,,34229,10,,,1,10,,34230,10,,,1,50,,34231,10,,,1,10,,34232,10,,,1,10,,34233,10,,,1,10,,34234,10,,,1,10,,34235,10,,,1,10,,34236,10,,,1,50,,34237,10,,,1,10,,34238,10,,,1,10,,34239,10,,,1,10,,34240,10,,,1,10,,34241,10,,,1,10,,34242,10,,,1,50,,34243,10,,,1,10,,34244,10,,,1,10,,34245,10,,,1,10,,34246,10,,,1,10,,34247,10,,,1,10,,34248,10,,,1,50,,34249,10,,,1,10,,34250,10,,,1,10,,34251,10,,,1,10,,34252,10,,,1,10,,34253,10,,,1,10,,34254,10,,,1,50,,34255,10,,,1,6,,34256,10,,,1,6,,34257,10,,,1,6,,34258,10,,,1,6,,34259,10,,,1,6,,34260,10,,,1,6,,34261,10,,,1,6,,34262,10,,,1,6,,34263,10,,,1,6,,34264,10,,,1,46,,34265,10,,,1,6,,34266,10,,,1,6,,34267,10,,,1,6,,34268,10,,,1,6,,34269,10,,,1,6,,34270,10,,,1,6,,34271,10,,,1,6,,34272,10,,,1,6,,34273,10,,,1,6,,34274,10,,,1,46,,34275,10,,,1,6,,34276,10,,,1,6,,34277,10,,,1,6,,34278,10,,,1,6,,34279,10,,,1,6,,34280,10,,,1,6,,34281,10,,,1,6,,34282,10,,,1,6,,34283,10,,,1,6,,34284,10,,,1,46,,34285,10,,,1,6,,34286,10,,,1,6,,34287,10,,,1,6,,34288,10,,,1,6,,34289,10,,,1,6,,34290,10,,,1,6,,34291,10,,,1,6,,34292,10,,,1,6,,34293,10,,,1,6,,34294,10,,,1,46,,34295,10,,,1,6,,34296,10,,,1,9,,34321,10,,,1,15,,34297,10,,,1,15,,34298,10,,,1,55,,34299,10,,,1,15,,34300,10,,,1,15,,34301,10,,,1,15,,34302,10,,,1,55,,34303,10,,,1,15,,34304,10,,,1,15,,34305,10,,,1,15,,34306,10,,,1,55,,34307,10,,,1,15,,34308,10,,,1,15,,34309,10,,,1,15,,34310,10,,,1,55,,34311,10,,,1,15,,34312,10,,,1,15,,34313,10,,,1,15,,34314,10,,,1,55,,34315,10,,,1,15,,34316,10,,,1,15,,34317,10,,,1,15,,34318,10,,,1,55,,34319,10,,,1,15,,34320,10,,,1,15,,34322,10,,,1
18002100,'021R-Weekday-6-26-09',531,,34323,10,,,1,12,,34324,10,,,1,12,,34325,10,,,1,52,,34326,10,,,1,12,,34327,10,,,1,12,,34328,10,,,1,12,,34329,10,,,1,6,,34330,10,,,1,6,,34331,10,,,1,46,,34332,10,,,1,6,,34333,10,,,1,6,,34334,10,,,1,6,,34335,10,,,1,6,,34336,10,,,1,6,,34337,10,,,1,6,,34338,10,,,1,6,,34339,10,,,1,6,,34340,10,,,1,6,,34341,10,,,1,46,,34342,10,,,1,6,,34343,10,,,1,6,,34344,10,,,1,6,,34345,10,,,1,6,,34346,10,,,1,6,,34347,10,,,1,6,,34348,10,,,1,6,,34349,10,,,1,6,,34350,10,,,1,6,,34351,10,,,1,46,,34352,10,,,1,6,,34353,10,,,1,6,,34354,10,,,1,6,,34355,10,,,1,6,,34356,10,,,1,6,,34357,10,,,1,6,,34358,10,,,1,6,,34359,10,,,1,6,,34360,10,,,1,6,,34361,10,,,1,46,,34362,10,,,1,10,,34363,10,,,1,10,,34364,10,,,1,10,,34365,10,,,1,10,,34366,10,,,1,10,,34367,10,,,1,50,,34368,10,,,1,10,,34369,10,,,1,10,,34370,10,,,1,10,,34371,10,,,1,10,,34372,10,,,1,10,,34373,10,,,1,50,,34374,10,,,1,10,,34375,10,,,1,10,,34376,10,,,1,10,,34377,10,,,1,10,,34378,10,,,1,10,,34379,10,,,1,50,,34380,10,,,1,10,,34381,10,,,1,10,,34382,10,,,1,10,,34383,10,,,1,10,,34384,10,,,1,10,,34385,10,,,1,50,,34386,10,,,1,10,,34387,10,,,1,10,,34388,10,,,1,10,,34389,10,,,1,10,,34390,10,,,1,10,,34391,10,,,1,50,,34392,10,,,1,6,,34393,10,,,1,6,,34394,10,,,1,6,,34395,10,,,1,6,,34396,10,,,1,6,,34397,10,,,1,6,,34398,10,,,1,6,,34399,10,,,1,6,,34400,10,,,1,6,,34401,10,,,1,46,,34402,10,,,1,6,,34403,10,,,1,6,,34404,10,,,1,6,,34405,10,,,1,6,,34406,10,,,1,6,,34407,10,,,1,6,,34408,10,,,1,6,,34409,10,,,1,6,,34410,10,,,1,6,,34411,10,,,1,46,,34412,10,,,1,6,,34413,10,,,1,6,,34414,10,,,1,6,,34415,10,,,1,6,,34416,10,,,1,6,,34417,10,,,1,6,,34418,10,,,1,6,,34419,10,,,1,6,,34420,10,,,1,6,,34421,10,,,1,46,,34422,10,,,1,6,,34423,10,,,1,6,,34424,10,,,1,6,,34425,10,,,1,6,,34426,10,,,1,6,,34427,10,,,1,6,,34428,10,,,1,6,,34429,10,,,1,6,,34430,10,,,1,6,,34431,10,,,1,46,,34432,10,,,1,6,,34433,10,,,1,9,,34458,10,,,1,15,,34434,10,,,1,15,,34435,10,,,1,55,,34436,10,,,1,15,,34437,10,,,1,15,,34438,10,,,1,15,,34439,10,,,1,55,,34440,10,,,1,15,,34441,10,,,1,15,,34442,10,,,1,15,,34443,10,,,1,55,,34444,10,,,1,15,,34445,10,,,1,15,,34446,10,,,1,15,,34447,10,,,1,55,,34448,10,,,1,15,,34449,10,,,1,15,,34450,10,,,1,15,,34451,10,,,1,55,,34452,10,,,1,15,,34453,10,,,1,15,,34454,10,,,1,15,,34455,10,,,1,55,,34456,10,,,1,15,,34457,10,,,1,15,,34459,10,,,1
18002100,'021R-Weekday-7-26-09',531,,34460,10,,,1,12,,34461,10,,,1,12,,34462,10,,,1,52,,34463,10,,,1,12,,34464,10,,,1,12,,34465,10,,,1,12,,34466,10,,,1,6,,34467,10,,,1,6,,34468,10,,,1,46,,34469,10,,,1,6,,34470,10,,,1,6,,34471,10,,,1,6,,34472,10,,,1,6,,34473,10,,,1,6,,34474,10,,,1,6,,34475,10,,,1,6,,34476,10,,,1,6,,34477,10,,,1,6,,34478,10,,,1,46,,34479,10,,,1,6,,34480,10,,,1,6,,34481,10,,,1,6,,34482,10,,,1,6,,34483,10,,,1,6,,34484,10,,,1,6,,34485,10,,,1,6,,34486,10,,,1,6,,34487,10,,,1,6,,34488,10,,,1,46,,34489,10,,,1,6,,34490,10,,,1,6,,34491,10,,,1,6,,34492,10,,,1,6,,34493,10,,,1,6,,34494,10,,,1,6,,34495,10,,,1,6,,34496,10,,,1,6,,34497,10,,,1,6,,34498,10,,,1,46,,34499,10,,,1,10,,34500,10,,,1,10,,34501,10,,,1,10,,34502,10,,,1,10,,34503,10,,,1,10,,34504,10,,,1,50,,34505,10,,,1,10,,34506,10,,,1,10,,34507,10,,,1,10,,34508,10,,,1,10,,34509,10,,,1,10,,34510,10,,,1,50,,34511,10,,,1,10,,34512,10,,,1,10,,34513,10,,,1,10,,34514,10,,,1,10,,34515,10,,,1,10,,34516,10,,,1,50,,34517,10,,,1,10,,34518,10,,,1,10,,34519,10,,,1,10,,34520,10,,,1,10,,34521,10,,,1,10,,34522,10,,,1,50,,34523,10,,,1,10,,34524,10,,,1,10,,34525,10,,,1,10,,34526,10,,,1,10,,34527,10,,,1,10,,34528,10,,,1,50,,34529,10,,,1,6,,34530,10,,,1,6,,34531,10,,,1,6,,34532,10,,,1,6,,34533,10,,,1,6,,34534,10,,,1,6,,34535,10,,,1,6,,34536,10,,,1,6,,34537,10,,,1,6,,34538,10,,,1,46,,34539,10,,,1,6,,34540,10,,,1,6,,34541,10,,,1,6,,34542,10,,,1,6,,34543,10,,,1,6,,34544,10,,,1,6,,34545,10,,,1,6,,34546,10,,,1,6,,34547,10,,,1,6,,34548,10,,,1,46,,34549,10,,,1,6,,34550,10,,,1,6,,34551,10,,,1,6,,34552,10,,,1,6,,34553,10,,,1,6,,34554,10,,,1,6,,34555,10,,,1,6,,34556,10,,,1,6,,34557,10,,,1,6,,34558,10,,,1,46,,34559,10,,,1,6,,34560,10,,,1,6,,34561,10,,,1,6,,34562,10,,,1,6,,34563,10,,,1,6,,34564,10,,,1,6,,34565,10,,,1,6,,34566,10,,,1,6,,34567,10,,,1,6,,34568,10,,,1,46,,34569,10,,,1,6,,34570,10,,,1,9,,34595,10,,,1,15,,34571,10,,,1,15,,34572,10,,,1,55,,34573,10,,,1,15,,34574,10,,,1,15,,34575,10,,,1,15,,34576,10,,,1,55,,34577,10,,,1,15,,34578,10,,,1,15,,34579,10,,,1,15,,34580,10,,,1,55,,34581,10,,,1,15,,34582,10,,,1,15,,34583,10,,,1,15,,34584,10,,,1,55,,34585,10,,,1,15,,34586,10,,,1,15,,34587,10,,,1,15,,34588,10,,,1,55,,34589,10,,,1,15,,34590,10,,,1,15,,34591,10,,,1,15,,34592,10,,,1,55,,34593,10,,,1,15,,34594,10,,,1,15,,34596,10,,,1
18002100,'021R-Saturday-1-26-09',531,,34597,10,,,1,15,,34598,10,,,1,55,,34599,10,,,1,15,,34600,10,,,1,15,,34601,10,,,1,15,,34602,10,,,1,55,,34603,10,,,1,15,,34604,10,,,1,15,,34605,10,,,1,15,,34606,10,,,1,55,,34607,10,,,1,15,,34608,10,,,1,15,,34609,10,,,1,15,,34610,10,,,1,55,,34611,10,,,1,15,,34612,10,,,1,15,,34613,10,,,1,15,,34614,10,,,1,55,,34615,10,,,1,15,,34616,10,,,1,15,,34617,10,,,1,15,,34618,10,,,1,55,,34619,10,,,1,15,,34620,10,,,1,15,,34621,10,,,1,15,,34622,10,,,1,55,,34623,10,,,1,15,,34624,10,,,1,15,,34625,10,,,1,15,,34626,10,,,1,55,,34627,10,,,1,15,,34628,10,,,1,15,,34629,10,,,1,15,,34630,10,,,1,55,,34631,10,,,1,15,,34632,10,,,1,15,,34633,10,,,1,15,,34634,10,,,1,55,,34635,10,,,1,15,,34636,10,,,1,15,,34637,10,,,1,15,,34638,10,,,1,55,,34639,10,,,1,15,,34640,10,,,1,15,,34641,10,,,1,15,,34642,10,,,1,55,,34643,10,,,1,15,,34644,10,,,1,15,,34645,10,,,1,15,,34646,10,,,1,55,,34647,10,,,1,15,,34648,10,,,1,15,,34649,10,,,1,15,,34650,10,,,1,55,,34651,10,,,1,15,,34652,10,,,1,15,,34653,10,,,1,15,,34654,10,,,1,55,,34655,10,,,1,15,,34656,10,,,1,15,,34657,10,,,1,15,,34658,10,,,1,55,,34659,10,,,1,15,,34660,10,,,1,15,,34661,10,,,1,15,,34662,10,,,1,55,,34663,10,,,1,15,,34664,10,,,1,15,,34665,10,,,1,15,,34666,10,,,1,55,,34667,10,,,1,15,,34668,10,,,1,15,,34669,10,,,1,15,,34670,10,,,1,55,,34671,10,,,1,15,,34672,10,,,1,15,,34673,10,,,1,15,,34674,10,,,1,55,,34675,10,,,1,15,,34676,10,,,1,15,,34677,10,,,1
18002100,'021R-Sunday-1-26-09',601,,34759,10,,,1,15,,34760,10,,,1,15,,34761,10,,,1,15,,34762,10,,,1,55,,34763,10,,,1,15,,34764,10,,,1,15,,34765,10,,,1,15,,34766,10,,,1,55,,34767,10,,,1,15,,34768,10,,,1,15,,34769,10,,,1,15,,34770,10,,,1,55,,34771,10,,,1,15,,34772,10,,,1,15,,34773,10,,,1,15,,34774,10,,,1,55,,34775,10,,,1,15,,34776,10,,,1,15,,34777,10,,,1,15,,34778,10,,,1,55,,34779,10,,,1,15,,34780,10,,,1,15,,34781,10,,,1,15,,34782,10,,,1,55,,34783,10,,,1,15,,34784,10,,,1,15,,34785,10,,,1,15,,34786,10,,,1,55,,34787,10,,,1,15,,34788,10,,,1,15,,34789,10,,,1,15,,34790,10,,,1,55,,34791,10,,,1,15,,34792,10,,,1,15,,34793,10,,,1,15,,34794,10,,,1,55,,34795,10,,,1,15,,34796,10,,,1,15,,34797,10,,,1,15,,34798,10,,,1,55,,34799,10,,,1,15,,34800,10,,,1,15,,34801,10,,,1,15,,34802,10,,,1,55,,34803,10,,,1,15,,34804,10,,,1,15,,34805,10,,,1,15,,34806,10,,,1,55,,34807,10,,,1,15,,34808,10,,,1,15,,34809,10,,,1,15,,34810,10,,,1,55,,34811,10,,,1,15,,34812,10,,,1,15,,34813,10,,,1,15,,34814,10,,,1,55,,34815,10,,,1,15,,34816,10,,,1,15,,34817,10,,,1,15,,34818,10,,,1,55,,34819,10,,,1,15,,34820,10,,,1,15,,34821,10,,,1,15,,34822,10,,,1,55,,34823,10,,,1,15,,34824,10,,,1,15,,34825,10,,,1,15,,34826,10,,,1,55,,34827,10,,,1,15,,34828,10,,,1,15,,34829,10,,,1,15,,34830,10,,,1,55,,34831,10,,,1,15,,34832,10,,,1,15,,34833,10,,,1,15,,34834,10,,,1,55,,34835,10,,,1
18002200,'022R-Weekday-1-26-09',534,,36327,7,,,1,12,,36328,7,,,1,12,,36329,7,,,1,52,,36330,7,,,1,12,,36331,7,,,1,12,,36332,7,,,1,12,,36333,7,,,1,12,,36334,7,,,1,52,,36335,7,,,1,12,,36336,7,,,1,12,,36337,7,,,1,12,,36368,7,,,1,12,,36369,7,,,1,52,,36370,7,,,1,12,,36371,7,,,1,12,,36372,7,,,1,12,,36373,7,,,1,12,,36374,7,,,1,52,,36341,7,,,1,12,,36342,7,,,1,12,,36343,7,,,1,12,,36344,7,,,1,58,,36375,7,,,1,15,,36376,7,,,1,15,,36377,7,,,1,15,,36378,7,,,1,55,,36345,7,,,1,15,,36346,7,,,1,15,,36347,7,,,1,15,,36348,7,,,1,55,,36349,7,,,1,15,,36350,7,,,1,15,,36351,7,,,1,15,,36352,7,,,1,55,,36353,7,,,1,15,,36354,7,,,1,15,,36355,7,,,1,15,,36356,7,,,1,55,,36338,7,,,1,15,,36339,7,,,1,15,,36340,7,,,1,12,,36401,7,,,1,12,,36402,7,,,1,52,,36403,7,,,1,12,,36404,7,,,1,12,,36405,7,,,1,12,,36406,7,,,1,12,,36407,7,,,1,52,,36408,7,,,1,12,,36409,7,,,1,12,,36410,7,,,1,12,,36357,7,,,1,12,,36358,7,,,1,52,,36359,7,,,1,12,,36360,7,,,1,12,,36361,7,,,1,12,,36362,7,,,1,12,,36363,7,,,1,52,,36364,7,,,1,12,,36365,7,,,1,12,,36366,7,,,1,12,,36367,7,,,1,59,,36379,7,,,1,15,,36380,7,,,1,15,,36381,7,,,1,15,,36382,7,,,1,55,,36383,7,,,1,15,,36384,7,,,1,15,,36385,7,,,1,15,,36386,7,,,1,55,,36387,7,,,1,15,,36388,7,,,1,15,,36389,7,,,1,15,,36390,7,,,1,55,,36391,7,,,1,15,,36392,7,,,1,15,,36393,7,,,1,15,,36394,7,,,1,55,,36395,7,,,1,15,,36396,7,,,1,15,,36397,7,,,1,15,,36398,7,,,1,55,,36399,7,,,1,15,,36400,7,,,1,15,,36326,7,,,1
18002200,'022R-Weekday-3-26-09',534,,36497,7,,,1,12,,36498,7,,,1,12,,36499,7,,,1,52,,36500,7,,,1,12,,36501,7,,,1,12,,36502,7,,,1,12,,36503,7,,,1,12,,36504,7,,,1,52,,36505,7,,,1,12,,36506,7,,,1,12,,36507,7,,,1,12,,36538,7,,,1,12,,36539,7,,,1,52,,36540,7,,,1,12,,36541,7,,,1,12,,36542,7,,,1,12,,36543,7,,,1,12,,36544,7,,,1,52,,36511,7,,,1,12,,36512,7,,,1,12,,36513,7,,,1,12,,36514,7,,,1,58,,36545,7,,,1,15,,36546,7,,,1,15,,36547,7,,,1,15,,36548,7,,,1,55,,36515,7,,,1,15,,36516,7,,,1,15,,36517,7,,,1,15,,36518,7,,,1,55,,36519,7,,,1,15,,36520,7,,,1,15,,36521,7,,,1,15,,36522,7,,,1,55,,36523,7,,,1,15,,36524,7,,,1,15,,36525,7,,,1,15,,36526,7,,,1,55,,36508,7,,,1,15,,36509,7,,,1,15,,36510,7,,,1,12,,36571,7,,,1,12,,36572,7,,,1,52,,36573,7,,,1,12,,36574,7,,,1,12,,36575,7,,,1,12,,36576,7,,,1,12,,36577,7,,,1,52,,36578,7,,,1,12,,36579,7,,,1,12,,36580,7,,,1,12,,36527,7,,,1,12,,36528,7,,,1,52,,36529,7,,,1,12,,36530,7,,,1,12,,36531,7,,,1,12,,36532,7,,,1,12,,36533,7,,,1,52,,36534,7,,,1,12,,36535,7,,,1,12,,36536,7,,,1,12,,36537,7,,,1,59,,36549,7,,,1,15,,36550,7,,,1,15,,36551,7,,,1,15,,36552,7,,,1,55,,36553,7,,,1,15,,36554,7,,,1,15,,36555,7,,,1,15,,36556,7,,,1,55,,36557,7,,,1,15,,36558,7,,,1,15,,36559,7,,,1,15,,36560,7,,,1,55,,36561,7,,,1,15,,36562,7,,,1,15,,36563,7,,,1,15,,36564,7,,,1,55,,36565,7,,,1,15,,36566,7,,,1,15,,36567,7,,,1,15,,36568,7,,,1,55,,36569,7,,,1,15,,36570,7,,,1,15,,36496,7,,,1
18002200,'022R-Weekday-4-26-09',534,,36582,7,,,1,12,,36583,7,,,1,12,,36584,7,,,1,52,,36585,7,,,1,12,,36586,7,,,1,12,,36587,7,,,1,12,,36588,7,,,1,12,,36589,7,,,1,52,,36590,7,,,1,12,,36591,7,,,1,12,,36592,7,,,1,12,,36623,7,,,1,12,,36624,7,,,1,52,,36625,7,,,1,12,,36626,7,,,1,12,,36627,7,,,1,12,,36628,7,,,1,12,,36629,7,,,1,52,,36596,7,,,1,12,,36597,7,,,1,12,,36598,7,,,1,12,,36599,7,,,1,58,,36630,7,,,1,15,,36631,7,,,1,15,,36632,7,,,1,15,,36633,7,,,1,55,,36600,7,,,1,15,,36601,7,,,1,15,,36602,7,,,1,15,,36603,7,,,1,55,,36604,7,,,1,15,,36605,7,,,1,15,,36606,7,,,1,15,,36607,7,,,1,55,,36608,7,,,1,15,,36609,7,,,1,15,,36610,7,,,1,15,,36611,7,,,1,55,,36593,7,,,1,15,,36594,7,,,1,15,,36595,7,,,1,12,,36656,7,,,1,12,,36657,7,,,1,52,,36658,7,,,1,12,,36659,7,,,1,12,,36660,7,,,1,12,,36661,7,,,1,12,,36662,7,,,1,52,,36663,7,,,1,12,,36664,7,,,1,12,,36665,7,,,1,12,,36612,7,,,1,12,,36613,7,,,1,52,,36614,7,,,1,12,,36615,7,,,1,12,,36616,7,,,1,12,,36617,7,,,1,12,,36618,7,,,1,52,,36619,7,,,1,12,,36620,7,,,1,12,,36621,7,,,1,12,,36622,7,,,1,59,,36634,7,,,1,15,,36635,7,,,1,15,,36636,7,,,1,15,,36637,7,,,1,55,,36638,7,,,1,15,,36639,7,,,1,15,,36640,7,,,1,15,,36641,7,,,1,55,,36642,7,,,1,15,,36643,7,,,1,15,,36644,7,,,1,15,,36645,7,,,1,55,,36646,7,,,1,15,,36647,7,,,1,15,,36648,7,,,1,15,,36649,7,,,1,55,,36650,7,,,1,15,,36651,7,,,1,15,,36652,7,,,1,15,,36653,7,,,1,55,,36654,7,,,1,15,,36655,7,,,1,15,,36581,7,,,1
18002200,'022R-Weekday-5-26-09',534,,36667,7,,,1,12,,36668,7,,,1,12,,36669,7,,,1,52,,36670,7,,,1,12,,36671,7,,,1,12,,36672,7,,,1,12,,36673,7,,,1,12,,36674,7,,,1,52,,36675,7,,,1,12,,36676,7,,,1,12,,36677,7,,,1,12,,36708,7,,,1,12,,36709,7,,,1,52,,36710,7,,,1,12,,36711,7,,,1,12,,36712,7,,,1,12,,36713,7,,,1,12,,36714,7,,,1,52,,36681,7,,,1,12,,36682,7,,,1,12,,36683,7,,,1,12,,36684,7,,,1,58,,36715,7,,,1,15,,36716,7,,,1,15,,36717,7,,,1,15,,36718,7,,,1,55,,36685,7,,,1,15,,36686,7,,,1,15,,36687,7,,,1,15,,36688,7,,,1,55,,36689,7,,,1,15,,36690,7,,,1,15,,36691,7,,,1,15,,36692,7,,,1,55,,36693,7,,,1,15,,36694,7,,,1,15,,36695,7,,,1,15,,36696,7,,,1,55,,36678,7,,,1,15,,36679,7,,,1,15,,36680,7,,,1,12,,36741,7,,,1,12,,36742,7,,,1,52,,36743,7,,,1,12,,36744,7,,,1,12,,36745,7,,,1,12,,36746,7,,,1,12,,36747,7,,,1,52,,36748,7,,,1,12,,36749,7,,,1,12,,36750,7,,,1,12,,36697,7,,,1,12,,36698,7,,,1,52,,36699,7,,,1,12,,36700,7,,,1,12,,36701,7,,,1,12,,36702,7,,,1,12,,36703,7,,,1,52,,36704,7,,,1,12,,36705,7,,,1,12,,36706,7,,,1,12,,36707,7,,,1,59,,36719,7,,,1,15,,36720,7,,,1,15,,36721,7,,,1,15,,36722,7,,,1,55,,36723,7,,,1,15,,36724,7,,,1,15,,36725,7,,,1,15,,36726,7,,,1,55,,36727,7,,,1,15,,36728,7,,,1,15,,36729,7,,,1,15,,36730,7,,,1,55,,36731,7,,,1,15,,36732,7,,,1,15,,36733,7,,,1,15,,36734,7,,,1,55,,36735,7,,,1,15,,36736,7,,,1,15,,36737,7,,,1,15,,36738,7,,,1,55,,36739,7,,,1,15,,36740,7,,,1,15,,36666,7,,,1
18002200,'022R-Weekday-6-26-09',534,,36752,7,,,1,12,,36753,7,,,1,12,,36754,7,,,1,52,,36755,7,,,1,12,,36756,7,,,1,12,,36757,7,,,1,12,,36758,7,,,1,12,,36759,7,,,1,52,,36760,7,,,1,12,,36761,7,,,1,12,,36762,7,,,1,12,,36793,7,,,1,12,,36794,7,,,1,52,,36795,7,,,1,12,,36796,7,,,1,12,,36797,7,,,1,12,,36798,7,,,1,12,,36799,7,,,1,52,,36766,7,,,1,12,,36767,7,,,1,12,,36768,7,,,1,12,,36769,7,,,1,58,,36800,7,,,1,15,,36801,7,,,1,15,,36802,7,,,1,15,,36803,7,,,1,55,,36770,7,,,1,15,,36771,7,,,1,15,,36772,7,,,1,15,,36773,7,,,1,55,,36774,7,,,1,15,,36775,7,,,1,15,,36776,7,,,1,15,,36777,7,,,1,55,,36778,7,,,1,15,,36779,7,,,1,15,,36780,7,,,1,15,,36781,7,,,1,55,,36763,7,,,1,15,,36764,7,,,1,15,,36765,7,,,1,12,,36826,7,,,1,12,,36827,7,,,1,52,,36828,7,,,1,12,,36829,7,,,1,12,,36830,7,,,1,12,,36831,7,,,1,12,,36832,7,,,1,52,,36833,7,,,1,12,,36834,7,,,1,12,,36835,7,,,1,12,,36782,7,,,1,12,,36783,7,,,1,52,,36784,7,,,1,12,,36785,7,,,1,12,,36786,7,,,1,12,,36787,7,,,1,12,,36788,7,,,1,52,,36789,7,,,1,12,,36790,7,,,1,12,,36791,7,,,1,12,,36792,7,,,1,59,,36804,7,,,1,15,,36805,7,,,1,15,,36806,7,,,1,15,,36807,7,,,1,55,,36808,7,,,1,15,,36809,7,,,1,15,,36810,7,,,1,15,,36811,7,,,1,55,,36812,7,,,1,15,,36813,7,,,1,15,,36814,7,,,1,15,,36815,7,,,1,55,,36816,7,,,1,15,,36817,7,,,1,15,,36818,7,,,1,15,,36819,7,,,1,55,,36820,7,,,1,15,,36821,7,,,1,15,,36822,7,,,1,15,,36823,7,,,1,55,,36824,7,,,1,15,,36825,7,,,1,15,,36751,7,,,1
18002200,'022R-Weekday-7-26-09',534,,36837,7,,,1,12,,36838,7,,,1,12,,36839,7,,,1,52,,36840,7,,,1,12,,36841,7,,,1,12,,36842,7,,,1,12,,36843,7,,,1,12,,36844,7,,,1,52,,36845,7,,,1,12,,36846,7,,,1,12,,36847,7,,,1,12,,36878,7,,,1,12,,36879,7,,,1,52,,36880,7,,,1,12,,36881,7,,,1,12,,36882,7,,,1,12,,36883,7,,,1,12,,36884,7,,,1,52,,36851,7,,,1,12,,36852,7,,,1,12,,36853,7,,,1,12,,36854,7,,,1,58,,36885,7,,,1,15,,36886,7,,,1,15,,36887,7,,,1,15,,36888,7,,,1,55,,36855,7,,,1,15,,36856,7,,,1,15,,36857,7,,,1,15,,36858,7,,,1,55,,36859,7,,,1,15,,36860,7,,,1,15,,36861,7,,,1,15,,36862,7,,,1,55,,36863,7,,,1,15,,36864,7,,,1,15,,36865,7,,,1,15,,36866,7,,,1,55,,36848,7,,,1,15,,36849,7,,,1,15,,36850,7,,,1,12,,36911,7,,,1,12,,36912,7,,,1,52,,36913,7,,,1,12,,36914,7,,,1,12,,36915,7,,,1,12,,36916,7,,,1,12,,36917,7,,,1,52,,36918,7,,,1,12,,36919,7,,,1,12,,36920,7,,,1,12,,36867,7,,,1,12,,36868,7,,,1,52,,36869,7,,,1,12,,36870,7,,,1,12,,36871,7,,,1,12,,36872,7,,,1,12,,36873,7,,,1,52,,36874,7,,,1,12,,36875,7,,,1,12,,36876,7,,,1,12,,36877,7,,,1,59,,36889,7,,,1,15,,36890,7,,,1,15,,36891,7,,,1,15,,36892,7,,,1,55,,36893,7,,,1,15,,36894,7,,,1,15,,36895,7,,,1,15,,36896,7,,,1,55,,36897,7,,,1,15,,36898,7,,,1,15,,36899,7,,,1,15,,36900,7,,,1,55,,36901,7,,,1,15,,36902,7,,,1,15,,36903,7,,,1,15,,36904,7,,,1,55,,36905,7,,,1,15,,36906,7,,,1,15,,36907,7,,,1,15,,36908,7,,,1,55,,36909,7,,,1,15,,36910,7,,,1,15,,36836,7,,,1
18002200,'022R-Saturday-1-26-09',534,,36921,7,,,1,15,,36922,7,,,1,55,,36923,7,,,1,15,,36924,7,,,1,15,,36925,7,,,1,15,,36926,7,,,1,55,,36927,7,,,1,15,,36928,7,,,1,15,,36929,7,,,1,15,,36930,7,,,1,55,,36931,7,,,1,15,,36932,7,,,1,15,,36933,7,,,1,15,,36934,7,,,1,55,,36935,7,,,1,15,,36936,7,,,1,15,,36937,7,,,1,15,,36938,7,,,1,55,,36939,7,,,1,15,,36940,7,,,1,15,,36941,7,,,1,15,,36942,7,,,1,55,,36943,7,,,1,15,,36944,7,,,1,15,,36945,7,,,1,15,,36946,7,,,1,55,,36947,7,,,1,15,,36948,7,,,1,15,,36949,7,,,1,15,,36950,7,,,1,55,,36951,7,,,1,15,,36952,7,,,1,15,,36953,7,,,1,15,,36954,7,,,1,55,,36955,7,,,1,15,,36956,7,,,1,15,,36957,7,,,1,15,,36958,7,,,1,55,,36959,7,,,1,15,,36960,7,,,1,15,,36961,7,,,1,15,,36962,7,,,1,55,,36963,7,,,1,15,,36964,7,,,1,15,,36965,7,,,1,15,,36966,7,,,1,55,,36967,7,,,1,15,,36968,7,,,1,15,,36969,7,,,1,15,,36970,7,,,1,55,,36971,7,,,1,15,,36972,7,,,1,15,,36973,7,,,1,15,,36974,7,,,1,55,,36975,7,,,1,15,,36976,7,,,1,15,,36977,7,,,1,15,,36978,7,,,1,55,,36979,7,,,1,15,,36980,7,,,1,15,,36981,7,,,1,15,,36982,7,,,1,55,,36983,7,,,1,15,,36984,7,,,1,15,,36985,7,,,1,15,,36986,7,,,1,55,,36987,7,,,1,15,,36988,7,,,1,15,,36989,7,,,1,15,,36990,7,,,1,55,,36991,7,,,1,15,,36992,7,,,1,15,,36993,7,,,1,15,,36994,7,,,1,55,,36995,7,,,1,15,,36996,7,,,1,15,,36997,7,,,1
18002200,'022R-Saturday-2-26-09',531,,36998,10,,,1,15,,36999,10,,,1,55,,37014,10,,,1,15,,37029,10,,,1,15,,37047,10,,,1,15,,37030,10,,,1,55,,37010,10,,,1,15,,37041,10,,,1,15,,37056,10,,,1,15,,37040,10,,,1,55,,37025,10,,,1,15,,37057,10,,,1,15,,37031,10,,,1,15,,37073,10,,,1,55,,37000,10,,,1,15,,37016,10,,,1,15,,37072,10,,,1,15,,37062,10,,,1,55,,37076,10,,,1,15,,37012,10,,,1,15,,37046,10,,,1,15,,37019,10,,,1,55,,37059,10,,,1,15,,37009,10,,,1,15,,37027,10,,,1,15,,37043,10,,,1,55,,37024,10,,,1,15,,37006,10,,,1,15,,37068,10,,,1,15,,37021,10,,,1,55,,37077,10,,,1,15,,37053,10,,,1,15,,37069,10,,,1,15,,37036,10,,,1,55,,37005,10,,,1,15,,37052,10,,,1,15,,37054,10,,,1,15,,37022,10,,,1,55,,37038,10,,,1,15,,37003,10,,,1,15,,37070,10,,,1,15,,37034,10,,,1,55,,37026,10,,,1,15,,37039,10,,,1,15,,37008,10,,,1,15,,37023,10,,,1,55,,37055,10,,,1,15,,37071,10,,,1,15,,37037,10,,,1,15,,37050,10,,,1,55,,37078,10,,,1,15,,37074,10,,,1,15,,37058,10,,,1,15,,37049,10,,,1,55,,37064,10,,,1,15,,37042,10,,,1,15,,37011,10,,,1,15,,37015,10,,,1,55,,37066,10,,,1,15,,37004,10,,,1,15,,37020,10,,,1,15,,37035,10,,,1,55,,37051,10,,,1,15,,37067,10,,,1,15,,37033,10,,,1,15,,37001,10,,,1,55,,37017,10,,,1,15,,37065,10,,,1,15,,37002,10,,,1,15,,37018,10,,,1,55,,37032,10,,,1,15,,37048,10,,,1,15,,37045,10,,,1,15,,37061,10,,,1,55,,37007,10,,,1,15,,37013,10,,,1,15,,37028,10,,,1,15,,37044,10,,,1,55,,37075,10,,,1,15,,37060,10,,,1,15,,37063,10,,,1
18002200,'022R-Saturday-4-26-09',537,,37216,4,0,5 6 7 8,1,15,,37212,4,0,5 6 7 8,1,55,,37208,4,0,5 6 7 8,1,15,,37232,4,0,5 6 7 8,1,15,,37221,4,0,5 6 7 8,1,15,,37191,4,0,5 6 7 8,1,55,,37202,4,0,5 6 7 8,1,15,,37198,4,0,5 6 7 8,1,15,,37201,4,0,5 6 7 8,1,15,,37194,4,0,5 6 7 8,1,55,,37209,4,0,5 6 7 8,1,15,,37190,4,0,5 6 7 8,1,15,,37229,4,0,5 6 7 8,1,15,,37197,4,0,5 6 7 8,1,55,,37225,4,0,5 6 7 8,1,15,,37217,4,0,5 6 7 8,1,15,,37213,4,0,5 6 7 8,1,15,,37205,4,0,5 6 7 8,1,55,,37218,4,0,5 6 7 8,1,15,,37214,4,0,5 6 7 8,1,15,,37210,4,0,5 6 7 8,1,15,,37206,4,0,5 6 7 8,1,55,,37228,4,0,5 6 7 8,1,15,,37222,4,0,5 6 7 8,1,15,,37230,4,0,5 6 7 8,1,15,,37193,4,0,5 6 7 8,1,55,,37226,4,0,5 6 7 8,1,15,,37196,4,0,5 6 7 8,1,15,,37192,4,0,5 6 7 8,1,15,,37231,4,0,5 6 7 8,1,55,,37227,4,0,5 6 7 8,1,15,,37211,4,0,5 6 7 8,1,15,,37207,4,0,5 6 7 8,1,15,,37215,4,0,5 6 7 8,1,55,,37204,4,0,5 6 7 8,1,15,,37200,4,0,5 6 7 8,1,15,,37219,4,0,5 6 7 8,1,15,,37199,4,0,5 6 7 8,1,55,,37203,4,0,5 6 7 8,1,15,,37195,4,0,5 6 7 8,1,15,,37223,4,0,5 6 7 8,1,15,,37224,4,0,5 6 7 8,1,55,,37220,4,0,5 6 7 8,1,12,,37156,7,,,1,15,,37157,7,,,1,15,,37158,7,,,1,55,,37159,7,,,1,15,,37160,7,,,1,15,,37161,7,,,1,15,,37162,7,,,1,55,,37163,7,,,1,15,,37164,7,,,1,15,,37165,7,,,1,15,,37166,7,,,1,55,,37167,7,,,1,15,,37168,7,,,1,15,,37169,7,,,1,15,,37170,7,,,1,55,,37171,7,,,1,15,,37172,7,,,1,15,,37173,7,,,1,15,,37174,7,,,1,55,,37175,7,,,1,15,,37176,7,,,1,15,,37177,7,,,1,15,,37178,7,,,1,55,,37179,7,,,1,15,,37180,7,,,1,15,,37181,7,,,1,15,,37182,7,,,1,55,,37183,7,,,1,15,,37184,7,,,1,15,,37185,7,,,1,15,,37186,7,,,1,55,,37187,7,,,1,15,,37188,7,,,1,15,,37189,7,,,1
18002200,'022R-Sunday-1-26-09',549,,37233,7,,,1,55,,37234,7,,,1,15,,37235,7,,,1,15,,37236,7,,,1,15,,37237,7,,,1,55,,37238,7,,,1,15,,37239,7,,,1,15,,37240,7,,,1,15,,37241,7,,,1,55,,37242,7,,,1,15,,37243,7,,,1,15,,37244,7,,,1,15,,37245,7,,,1,55,,37246,7,,,1,15,,37247,7,,,1,15,,37248,7,,,1,15,,37249,7,,,1,55,,37250,7,,,1,15,,37251,7,,,1,15,,37252,7,,,1,15,,37253,7,,,1,55,,37254,7,,,1,15,,37255,7,,,1,15,,37256,7,,,1,15,,37257,7,,,1,55,,37258,7,,,1,15,,37259,7,,,1,15,,37260,7,,,1,15,,37261,7,,,1,55,,37262,7,,,1,15,,37263,7,,,1,15,,37264,7,,,1,15,,37265,7,,,1,55,,37266,7,,,1,15,,37267,7,,,1,15,,37268,7,,,1,15,,37269,7,,,1,55,,37270,7,,,1,15,,37271,7,,,1,15,,37272,7,,,1,15,,37273,7,,,1,55,,37274,7,,,1,15,,37275,7,,,1,15,,37276,7,,,1,15,,37277,7,,,1,55,,37278,7,,,1,15,,37279,7,,,1,15,,37280,7,,,1,15,,37281,7,,,1,55,,37282,7,,,1,15,,37283,7,,,1,15,,37284,7,,,1,15,,37285,7,,,1,55,,37286,7,,,1,15,,37287,7,,,1,15,,37288,7,,,1,15,,37289,7,,,1,55,,37290,7,,,1,15,,37291,7,,,1,15,,37292,7,,,1,15,,37293,7,,,1,55,,37294,7,,,1,15,,37295,7,,,1,15,,37296,7,,,1,15,,37297,7,,,1,55,,37298,7,,,1,15,,37299,7,,,1,15,,37300,7,,,1,15,,37301,7,,,1,55,,37302,7,,,1,15,,37303,7,,,1,15,,37304,7,,,1,15,,37305,7,,,1
18002200,'022R-Sunday-2-26-09',601,,37377,10,,,1,15,,37378,10,,,1,15,,37379,10,,,1,15,,37380,10,,,1,55,,37348,10,,,1,15,,37363,10,,,1,15,,37309,10,,,1,15,,37320,10,,,1,55,,37335,10,,,1,15,,37332,10,,,1,15,,37349,10,,,1,15,,37334,10,,,1,55,,37362,10,,,1,15,,37361,10,,,1,15,,37364,10,,,1,15,,37316,10,,,1,55,,37374,10,,,1,15,,37359,10,,,1,15,,37347,10,,,1,15,,37325,10,,,1,55,,37331,10,,,1,15,,37376,10,,,1,15,,37318,10,,,1,15,,37346,10,,,1,55,,37344,10,,,1,15,,37313,10,,,1,15,,37373,10,,,1,15,,37315,10,,,1,55,,37351,10,,,1,15,,37339,10,,,1,15,,37323,10,,,1,15,,37370,10,,,1,55,,37357,10,,,1,15,,37336,10,,,1,15,,37329,10,,,1,15,,37371,10,,,1,55,,37310,10,,,1,15,,37356,10,,,1,15,,37314,10,,,1,15,,37360,10,,,1,55,,37338,10,,,1,15,,37354,10,,,1,15,,37308,10,,,1,15,,37353,10,,,1,55,,37330,10,,,1,15,,37366,10,,,1,15,,37367,10,,,1,15,,37312,10,,,1,55,,37321,10,,,1,15,,37326,10,,,1,15,,37328,10,,,1,15,,37327,10,,,1,55,,37324,10,,,1,15,,37368,10,,,1,15,,37341,10,,,1,15,,37343,10,,,1,55,,37358,10,,,1,15,,37372,10,,,1,15,,37311,10,,,1,15,,37307,10,,,1,55,,37345,10,,,1,15,,37342,10,,,1,15,,37375,10,,,1,15,,37317,10,,,1,55,,37369,10,,,1,15,,37350,10,,,1,15,,37355,10,,,1,15,,37365,10,,,1,55,,37319,10,,,1,15,,37306,10,,,1,15,,37322,10,,,1,15,,37337,10,,,1,55,,37340,10,,,1,15,,37333,10,,,1,15,,37352,10,,,1
18002200,'022R-Sunday-6-26-09',549,,37547,4,0,5 6 7 8,1,55,,37548,4,0,5 6 7 8,1,15,,37549,4,0,5 6 7 8,1,15,,37550,4,0,5 6 7 8,1,15,,37551,4,0,5 6 7 8,1,55,,37552,4,0,5 6 7 8,1,15,,37553,4,0,5 6 7 8,1,15,,37554,4,0,5 6 7 8,1,15,,37555,4,0,5 6 7 8,1,55,,37556,4,0,5 6 7 8,1,15,,37557,4,0,5 6 7 8,1,15,,37558,4,0,5 6 7 8,1,15,,37559,4,0,5 6 7 8,1,55,,37560,4,0,5 6 7 8,1,15,,37561,4,0,5 6 7 8,1,15,,37562,4,0,5 6 7 8,1,15,,37563,4,0,5 6 7 8,1,55,,37564,4,0,5 6 7 8,1,15,,37565,4,0,5 6 7 8,1,15,,37566,4,0,5 6 7 8,1,15,,37567,4,0,5 6 7 8,1,55,,37568,4,0,5 6 7 8,1,15,,37569,4,0,5 6 7 8,1,15,,37570,4,0,5 6 7 8,1,15,,37571,4,0,5 6 7 8,1,55,,37572,4,0,5 6 7 8,1,15,,37573,4,0,5 6 7 8,1,15,,37574,4,0,5 6 7 8,1,15,,37575,4,0,5 6 7 8,1,55,,37576,4,0,5 6 7 8,1,15,,37577,4,0,5 6 7 8,1,15,,37578,4,0,5 6 7 8,1,15,,37579,4,0,5 6 7 8,1,55,,37580,4,0,5 6 7 8,1,15,,37581,4,0,5 6 7 8,1,15,,37582,4,0,5 6 7 8,1,15,,37583,4,0,5 6 7 8,1,55,,37584,4,0,5 6 7 8,1,15,,37585,4,0,5 6 7 8,1,15,,37586,4,0,5 6 7 8,1,15,,37587,4,0,5 6 7 8,1,55,,37588,4,0,5 6 7 8,1,15,,37589,4,0,5 6 7 8,1,15,,37590,4,0,5 6 7 8,1,15,,37591,4,0,5 6 7 8,1,55,,37592,4,0,5 6 7 8,1,15,,37593,4,0,5 6 7 8,1,15,,37594,4,0,5 6 7 8,1,15,,37595,4,0,5 6 7 8,1,55,,37596,4,0,5 6 7 8,1,15,,37597,4,0,5 6 7 8,1,15,,37525,7,,,1,15,,37526,7,,,1,55,,37527,7,,,1,15,,37528,7,,,1,15,,37529,7,,,1,15,,37530,7,,,1,55,,37531,7,,,1,15,,37532,7,,,1,15,,37533,7,,,1,15,,37534,7,,,1,55,,37535,7,,,1,15,,37536,7,,,1,15,,37537,7,,,1,15,,37538,7,,,1,55,,37539,7,,,1,15,,37540,7,,,1,15,,37541,7,,,1,15,,37542,7,,,1,55,,37543,7,,,1,15,,37544,7,,,1,15,,37545,7,,,1,15,,37546,7,,,1
