18002100,'021R-Weekday-1-26-06',525,,24799,6,,,1,12,,24800,6,,,1,12,,24801,6,,,1,52,,24802,6,,,1,12,,24803,6,,,1,12,,24804,6,,,1,12,,24805,6,,,1,6,,24806,6,,,1,6,,24807,6,,,1,6,,24808,6,,,1,46,,24809,6,,,1,6,,24810,6,,,1,6,,24811,6,,,1,6,,24812,6,,,1,6,,24813,6,,,1,6,,24814,6,,,1,6,,24815,6,,,1,6,,24816,6,,,1,6,,24817,6,,,1,6,,24818,6,,,1,46,,24819,6,,,1,6,,24820,6,,,1,6,,24821,6,,,1,6,,24822,6,,,1,6,,24823,6,,,1,6,,24824,6,,,1,6,,24825,6,,,1,6,,24826,6,,,1,6,,24827,6,,,1,6,,24828,6,,,1,46,,24829,6,,,1,6,,24830,6,,,1,6,,24831,6,,,1,6,,24832,6,,,1,6,,24833,6,,,1,6,,24834,6,,,1,6,,24835,6,,,1,6,,24836,6,,,1,6,,24837,6,,,1,6,,24838,6,,,1,50,,24839,6,,,1,10,,24840,6,,,1,10,,24841,6,,,1,10,,24842,6,,,1,10,,24843,6,,,1,10,,24844,6,,,1,50,,24845,6,,,1,10,,24846,6,,,1,10,,24847,6,,,1,10,,24848,6,,,1,10,,24849,6,,,1,10,,24850,6,,,1,50,,24851,6,,,1,10,,24852,6,,,1,10,,24853,6,,,1,10,,24854,6,,,1,10,,24855,6,,,1,10,,24856,6,,,1,50,,24857,6,,,1,10,,24858,6,,,1,10,,24859,6,,,1,10,,24860,6,,,1,10,,24861,6,,,1,10,,24862,6,,,1,50,,24863,6,,,1,10,,24864,6,,,1,10,,24865,6,,,1,10,,24866,6,,,1,10,,24867,6,,,1,10,,24868,6,,,1,46,,24869,6,,,1,6,,24870,6,,,1,6,,24871,6,,,1,6,,24872,6,,,1,6,,24873,6,,,1,6,,24874,6,,,1,6,,24875,6,,,1,6,,24876,6,,,1,6,,24877,6,,,1,6,,24878,6,,,1,46,,24879,6,,,1,6,,24880,6,,,1,6,,24881,6,,,1,6,,24882,6,,,1,6,,24883,6,,,1,6,,24884,6,,,1,6,,24885,6,,,1,6,,24886,6,,,1,6,,24887,6,,,1,6,,24888,6,,,1,46,,24889,6,,,1,6,,24890,6,,,1,6,,24891,6,,,1,6,,24892,6,,,1,6,,24893,6,,,1,6,,24894,6,,,1,6,,24895,6,,,1,6,,24896,6,,,1,6,,24897,6,,,1,6,,24898,6,,,1,46,,24899,6,,,1,6,,24900,6,,,1,6,,24901,6,,,1,6,,24902,6,,,1,6,,24903,6,,,1,6,,24904,6,,,1,6,,24905,6,,,1,6,,24906,6,,,1,6,,24907,6,,,1,6,,24908,6,,,1,46,,24909,6,,,1,9,,24934,6,,,1,15,,24910,6,,,1,15,,24911,6,,,1,15,,24912,6,,,1,55,,24913,6,,,1,15,,24914,6,,,1,15,,24915,6,,,1,15,,24916,6,,,1,55,,24917,6,,,1,15,,24918,6,,,1,15,,24919,6,,,1,15,,24920,6,,,1,55,,24921,6,,,1,15,,24922,6,,,1,15,,24923,6,,,1,15,,24924,6,,,1,55,,24925,6,,,1,15,,24926,6,,,1,15,,24927,6,,,1,15,,24928,6,,,1,55,,24929,6,,,1,15,,24930,6,,,1,15,,24931,6,,,1,15,,24932,6,,,1,55,,24933,6,,,1,15,,24935,6,,,1
18002100,'021R-Weekday-10-26-06',525,,32719,6,,,1,12,,32720,6,,,1,12,,32721,6,,,1,52,,32722,6,,,1,12,,32723,6,,,1,12,,32724,6,,,1,12,,32725,6,,,1,6,,32726,6,,,1,6,,32727,6,,,1,6,,32728,6,,,1,46,,32729,6,,,1,6,,32730,6,,,1,6,,32731,6,,,1,6,,32732,6,,,1,6,,32733,6,,,1,6,,32734,6,,,1,6,,32735,6,,,1,6,,32736,6,,,1,6,,32737,6,,,1,6,,32738,6,,,1,46,,32739,6,,,1,6,,32740,6,,,1,6,,32741,6,,,1,6,,32742,6,,,1,6,,32743,6,,,1,6,,32744,6,,,1,6,,32745,6,,,1,6,,32746,6,,,1,6,,32747,6,,,1,6,,32748,6,,,1,46,,32749,6,,,1,6,,32750,6,,,1,6,,32751,6,,,1,6,,32752,6,,,1,6,,32753,6,,,1,6,,32754,6,,,1,6,,32755,6,,,1,6,,32756,6,,,1,6,,32757,6,,,1,6,,32758,6,,,1,50,,32759,6,,,1,10,,32760,6,,,1,10,,32761,6,,,1,10,,32762,6,,,1,10,,32763,6,,,1,10,,32764,6,,,1,50,,32765,6,,,1,10,,32766,6,,,1,10,,32767,6,,,1,10,,32768,6,,,1,10,,32769,6,,,1,10,,32770,6,,,1,50,,32771,6,,,1,10,,32772,6,,,1,10,,32773,6,,,1,10,,32774,6,,,1,10,,32775,6,,,1,10,,32776,6,,,1,50,,32777,6,,,1,10,,32778,6,,,1,10,,32779,6,,,1,10,,32780,6,,,1,10,,32781,6,,,1,10,,32782,6,,,1,50,,32783,6,,,1,10,,32784,6,,,1,10,,32785,6,,,1,10,,32786,6,,,1,10,,32787,6,,,1,10,,32788,6,,,1,46,,32789,6,,,1,6,,32790,6,,,1,6,,32791,6,,,1,6,,32792,6,,,1,6,,32793,6,,,1,6,,32794,6,,,1,6,,32795,6,,,1,6,,32796,6,,,1,6,,32797,6,,,1,6,,32798,6,,,1,46,,32799,6,,,1,6,,32800,6,,,1,6,,32801,6,,,1,6,,32802,6,,,1,6,,32803,6,,,1,6,,32804,6,,,1,6,,32805,6,,,1,6,,32806,6,,,1,6,,32807,6,,,1,6,,32808,6,,,1,46,,32809,6,,,1,6,,32810,6,,,1,6,,32811,6,,,1,6,,32812,6,,,1,6,,32813,6,,,1,6,,32814,6,,,1,6,,32815,6,,,1,6,,32816,6,,,1,6,,32817,6,,,1,6,,32818,6,,,1,46,,32819,6,,,1,6,,32820,6,,,1,6,,32821,6,,,1,6,,32822,6,,,1,6,,32823,6,,,1,6,,32824,6,,,1,6,,32825,6,,,1,6,,32826,6,,,1,6,,32827,6,,,1,6,,32828,6,,,1,46,,32829,6,,,1,9,,32854,6,,,1,15,,32830,6,,,1,15,,32831,6,,,1,15,,32832,6,,,1,55,,32833,6,,,1,15,,32834,6,,,1,15,,32835,6,,,1,15,,32836,6,,,1,55,,32837,6,,,1,15,,32838,6,,,1,15,,32839,6,,,1,15,,32840,6,,,1,55,,32841,6,,,1,15,,32842,6,,,1,15,,32843,6,,,1,15,,32844,6,,,1,55,,32845,6,,,1,15,,32846,6,,,1,15,,32847,6,,,1,15,,32848,6,,,1,55,,32849,6,,,1,15,,32850,6,,,1,15,,32851,6,,,1,15,,32852,6,,,1,55,,32853,6,,,1,15,,32855,6,,,1
18002100,'021R-Weekday-7-26-06',525,,24936,6,,,1,12,,24937,6,,,1,12,,24938,6,,,1,52,,24939,6,,,1,12,,24940,6,,,1,12,,24941,6,,,1,12,,24942,6,,,1,6,,24943,6,,,1,6,,24944,6,,,1,6,,24945,6,,,1,46,,24946,6,,,1,6,,24947,6,,,1,6,,24948,6,,,1,6,,24949,6,,,1,6,,24950,6,,,1,6,,24951,6,,,1,6,,24952,6,,,1,6,,24953,6,,,1,6,,24954,6,,,1,6,,24955,6,,,1,46,,24956,6,,,1,6,,24957,6,,,1,6,,24958,6,,,1,6,,24959,6,,,1,6,,24960,6,,,1,6,,24961,6,,,1,6,,24962,6,,,1,6,,24963,6,,,1,6,,24964,6,,,1,6,,24965,6,,,1,46,,24966,6,,,1,6,,24967,6,,,1,6,,24968,6,,,1,6,,24969,6,,,1,6,,24970,6,,,1,6,,24971,6,,,1,6,,24972,6,,,1,6,,24973,6,,,1,6,,24974,6,,,1,6,,24975,6,,,1,50,,24976,6,,,1,10,,24977,6,,,1,10,,24978,6,,,1,10,,24979,6,,,1,10,,24980,6,,,1,10,,24981,6,,,1,50,,24982,6,,,1,10,,24983,6,,,1,10,,24984,6,,,1,10,,24985,6,,,1,10,,24986,6,,,1,10,,24987,6,,,1,50,,24988,6,,,1,10,,24989,6,,,1,10,,24990,6,,,1,10,,24991,6,,,1,10,,24992,6,,,1,10,,24993,6,,,1,50,,24994,6,,,1,10,,24995,6,,,1,10,,24996,6,,,1,10,,24997,6,,,1,10,,24998,6,,,1,10,,24999,6,,,1,50,,25000,6,,,1,10,,25001,6,,,1,10,,25002,6,,,1,10,,25003,6,,,1,10,,25004,6,,,1,10,,25005,6,,,1,46,,25006,6,,,1,6,,25007,6,,,1,6,,25008,6,,,1,6,,25009,6,,,1,6,,25010,6,,,1,6,,25011,6,,,1,6,,25012,6,,,1,6,,25013,6,,,1,6,,25014,6,,,1,6,,25015,6,,,1,46,,25016,6,,,1,6,,25017,6,,,1,6,,25018,6,,,1,6,,25019,6,,,1,6,,25020,6,,,1,6,,25021,6,,,1,6,,25022,6,,,1,6,,25023,6,,,1,6,,25024,6,,,1,6,,25025,6,,,1,46,,25026,6,,,1,6,,25027,6,,,1,6,,25028,6,,,1,6,,25029,6,,,1,6,,25030,6,,,1,6,,25031,6,,,1,6,,25032,6,,,1,6,,25033,6,,,1,6,,25034,6,,,1,6,,25035,6,,,1,46,,25036,6,,,1,6,,25037,6,,,1,6,,25038,6,,,1,6,,25039,6,,,1,6,,25040,6,,,1,6,,25041,6,,,1,6,,25042,6,,,1,6,,25043,6,,,1,6,,25044,6,,,1,6,,25045,6,,,1,46,,25046,6,,,1,9,,25071,6,,,1,15,,25047,6,,,1,15,,25048,6,,,1,15,,25049,6,,,1,55,,25050,6,,,1,15,,25051,6,,,1,15,,25052,6,,,1,15,,25053,6,,,1,55,,25054,6,,,1,15,,25055,6,,,1,15,,25056,6,,,1,15,,25057,6,,,1,55,,25058,6,,,1,15,,25059,6,,,1,15,,25060,6,,,1,15,,25061,6,,,1,55,,25062,6,,,1,15,,25063,6,,,1,15,,25064,6,,,1,15,,25065,6,,,1,55,,25066,6,,,1,15,,25067,6,,,1,15,,25068,6,,,1,15,,25069,6,,,1,55,,25070,6,,,1,15,,25072,6,,,1
18002100,'021R-Weekday-9-26-06',532,,32856,6,0,23,1,15,,32857,6,0,23,1,55,,32858,6,0,23,1,15,,32859,6,0,23,1,15,,32860,6,0,23,1,15,,32861,6,0,23,1,55,,32862,6,0,23,1,15,,32863,6,0,23,1,15,,32864,6,0,23,1,15,,32865,6,0,23,1,55,,32866,6,0,23,1,15,,32867,6,0,23,1,15,,32868,6,0,23,1,15,,32869,6,0,23,1,55,,32870,6,0,23,1,15,,32871,6,0,23,1,15,,32872,6,0,23,1,15,,32873,6,0,23,1,55,,32874,6,0,23,1,15,,32875,6,0,23,1,15,,32876,6,0,23,1,15,,32877,6,0,23,1,55,,32878,6,0,23,1,15,,32879,6,0,23,1,15,,32880,6,0,23,1,15,,32881,6,0,23,1,55,,32882,6,0,23,1,15,,32883,6,0,23,1,15,,32884,6,0,23,1,15,,32885,6,0,23,1,55,,32886,6,0,23,1,15,,32887,6,0,23,1,15,,32888,6,0,23,1,15,,32889,6,0,23,1,55,,32890,6,0,23,1,15,,32891,6,0,23,1,15,,32892,6,0,23,1,15,,32893,6,0,23,1,55,,32894,6,0,23,1,15,,32895,6,0,23,1,15,,32896,6,0,23,1,15,,32897,6,0,23,1,55,,32898,6,0,23,1,15,,32899,6,0,23,1,15,,32900,6,0,23,1,15,,32901,6,0,23,1,55,,32902,6,0,23,1,15,,32903,6,0,23,1,15,,32904,6,0,23,1,15,,32905,6,0,23,1,55,,32906,6,0,23,1,15,,32907,6,0,23,1,15,,32908,6,0,23,1,15,,32909,6,0,23,1,55,,32910,6,0,23,1,15,,32911,6,0,23,1,15,,32912,6,0,23,1,15,,32913,6,0,23,1,55,,32914,6,0,23,1,15,,32915,6,0,23,1,15,,32916,6,0,23,1,15,,32917,6,0,23,1,55,,32918,6,0,23,1,15,,32919,6,0,23,1,15,,32920,6,0,23,1,15,,32921,6,0,23,1,55,,32922,6,0,23,1,15,,32923,6,0,23,1,15,,32924,6,0,23,1,15,,32925,6,0,23,1,55,,32926,6,0,23,1,15,,32927,6,0,23,1,15,,32928,6,0,23,1,15,,32929,6,0,23,1,55,,32930,6,0,23,1,15,,32931,6,0,23,1,15,,32932,6,0,23,1,8,,33018,6,,,1,7,,32933,6,0,23,1,8,,32939,6,,,1,47,,32934,6,,,1,8,,32938,6,,,1,7,,32935,6,,,1,8,,32937,6,,,1,7,,32936,6,,,1
18002100,'021R-Saturday-1-26-06',525,,25073,6,,,1,15,,25074,6,,,1,15,,25075,6,,,1,55,,25076,6,,,1,15,,25077,6,,,1,15,,25078,6,,,1,15,,25079,6,,,1,55,,25080,6,,,1,15,,25081,6,,,1,15,,25082,6,,,1,15,,25083,6,,,1,55,,25084,6,,,1,15,,25085,6,,,1,15,,25086,6,,,1,15,,25087,6,,,1,55,,25088,6,,,1,15,,25089,6,,,1,15,,25090,6,,,1,15,,25091,6,,,1,55,,25092,6,,,1,15,,25093,6,,,1,15,,25094,6,,,1,15,,25095,6,,,1,55,,25096,6,,,1,15,,25097,6,,,1,15,,25098,6,,,1,15,,25099,6,,,1,55,,25100,6,,,1,15,,25101,6,,,1,15,,25102,6,,,1,15,,25103,6,,,1,55,,25104,6,,,1,15,,25105,6,,,1,15,,25106,6,,,1,15,,25107,6,,,1,55,,25108,6,,,1,15,,25109,6,,,1,15,,25110,6,,,1,15,,25111,6,,,1,55,,25112,6,,,1,15,,25113,6,,,1,15,,25114,6,,,1,15,,25115,6,,,1,55,,25116,6,,,1,15,,25117,6,,,1,15,,25118,6,,,1,15,,25119,6,,,1,55,,25120,6,,,1,15,,25121,6,,,1,15,,25122,6,,,1,15,,25123,6,,,1,55,,25124,6,,,1,15,,25125,6,,,1,15,,25126,6,,,1,15,,25127,6,,,1,55,,25128,6,,,1,15,,25129,6,,,1,15,,25130,6,,,1,15,,25131,6,,,1,55,,25132,6,,,1,15,,25133,6,,,1,15,,25134,6,,,1,15,,25135,6,,,1,55,,25136,6,,,1,15,,25137,6,,,1,15,,25138,6,,,1,15,,25139,6,,,1,55,,25140,6,,,1,15,,25141,6,,,1,15,,25142,6,,,1,15,,25143,6,,,1,55,,25144,6,,,1,15,,25145,6,,,1,15,,25146,6,,,1,15,,25147,6,,,1,55,,25148,6,,,1,15,,25149,6,,,1,15,,25150,6,,,1,15,,25151,6,,,1,55,,25152,6,,,1,15,,25153,6,,,1
18002200,'022R-Weekday-1-26-06',527,,26254,3,,,1,12,,26255,3,,,1,12,,26256,3,,,1,52,,26257,3,,,1,12,,26258,3,,,1,12,,26259,3,,,1,12,,26260,3,,,1,12,,26261,3,,,1,52,,26262,3,,,1,12,,26263,3,,,1,12,,26264,3,,,1,12,,26295,3,,,1,12,,26296,3,,,1,52,,26297,3,,,1,12,,26298,3,,,1,12,,26299,3,,,1,12,,26300,3,,,1,12,,26301,3,,,1,52,,26268,3,,,1,12,,26269,3,,,1,12,,26270,3,,,1,12,,26271,3,,,1,18,,26302,3,,,1,55,,26303,3,,,1,15,,26304,3,,,1,15,,26305,3,,,1,15,,26272,3,,,1,55,,26273,3,,,1,15,,26274,3,,,1,15,,26275,3,,,1,15,,26276,3,,,1,55,,26277,3,,,1,15,,26278,3,,,1,15,,26279,3,,,1,15,,26280,3,,,1,55,,26281,3,,,1,15,,26282,3,,,1,15,,26283,3,,,1,15,,26265,3,,,1,55,,26266,3,,,1,15,,26267,3,,,1,12,,26328,3,,,1,12,,26329,3,,,1,52,,26330,3,,,1,12,,26331,3,,,1,12,,26332,3,,,1,12,,26333,3,,,1,12,,26334,3,,,1,52,,26335,3,,,1,12,,26336,3,,,1,12,,26337,3,,,1,12,,26284,3,,,1,12,,26285,3,,,1,52,,26286,3,,,1,12,,26287,3,,,1,12,,26288,3,,,1,12,,26289,3,,,1,12,,26290,3,,,1,52,,26291,3,,,1,12,,26292,3,,,1,12,,26293,3,,,1,12,,26294,3,,,1,19,,26306,3,,,1,55,,26307,3,,,1,15,,26308,3,,,1,15,,26309,3,,,1,15,,26310,3,,,1,55,,26311,3,,,1,15,,26312,3,,,1,15,,26313,3,,,1,15,,26314,3,,,1,55,,26315,3,,,1,15,,26316,3,,,1,15,,26317,3,,,1,15,,26318,3,,,1,55,,26319,3,,,1,15,,26320,3,,,1,15,,26321,3,,,1,15,,26322,3,,,1,55,,26323,3,,,1,15,,26324,3,,,1,15,,26325,3,,,1,15,,26326,3,,,1,55,,26327,3,,,1,15,,26253,3,,,1
18002200,'022R-Weekday-10-26-06',525,,33312,6,,,1,15,,33313,6,,,1,15,,33314,6,,,1,55,,33315,6,,,1,15,,33316,6,,,1,15,,33317,6,,,1,15,,33318,6,,,1,55,,33319,6,,,1,15,,33320,6,,,1,15,,33321,6,,,1,15,,33322,6,,,1,55,,33323,6,,,1,15,,33324,6,,,1,15,,33325,6,,,1,15,,33326,6,,,1,55,,33327,6,,,1,15,,33328,6,,,1,15,,33329,6,,,1,15,,33330,6,,,1,55,,33331,6,,,1,15,,33332,6,,,1,15,,33333,6,,,1,15,,33334,6,,,1,55,,33335,6,,,1,15,,33336,6,,,1,15,,33337,6,,,1,15,,33338,6,,,1,55,,33339,6,,,1,15,,33340,6,,,1,15,,33341,6,,,1,15,,33342,6,,,1,55,,33343,6,,,1,15,,33344,6,,,1,15,,33345,6,,,1,15,,33346,6,,,1,55,,33347,6,,,1,15,,33348,6,,,1,15,,33349,6,,,1,15,,33350,6,,,1,55,,33351,6,,,1,15,,33352,6,,,1,15,,33353,6,,,1,15,,33354,6,,,1,55,,33355,6,,,1,15,,33356,6,,,1,15,,33357,6,,,1,15,,33358,6,,,1,55,,33359,6,,,1,15,,33360,6,,,1,15,,33361,6,,,1,15,,33362,6,,,1,55,,33363,6,,,1,15,,33364,6,,,1,15,,33365,6,,,1,15,,33366,6,,,1,55,,33367,6,,,1,15,,33368,6,,,1,15,,33369,6,,,1,15,,33370,6,,,1,55,,33371,6,,,1,15,,33372,6,,,1,15,,33373,6,,,1,15,,33374,6,,,1,55,,33375,6,,,1,15,,33376,6,,,1,15,,33377,6,,,1,15,,33378,6,,,1,55,,33379,6,,,1,15,,33380,6,,,1,15,,33381,6,,,1,15,,33382,6,,,1,55,,33383,6,,,1,15,,33384,6,,,1,15,,33385,6,,,1,15,,33386,6,,,1,55,,33387,6,,,1,15,,33388,6,,,1
18002200,'022R-Weekday-11-26-06',527,,33390,3,,,1,12,,33391,3,,,1,12,,33392,3,,,1,52,,33393,3,,,1,12,,33394,3,,,1,12,,33395,3,,,1,12,,33396,3,,,1,12,,33397,3,,,1,52,,33398,3,,,1,12,,33399,3,,,1,12,,33400,3,,,1,12,,33431,3,,,1,12,,33432,3,,,1,52,,33433,3,,,1,12,,33434,3,,,1,12,,33435,3,,,1,12,,33436,3,,,1,12,,33437,3,,,1,52,,33404,3,,,1,12,,33405,3,,,1,12,,33406,3,,,1,12,,33407,3,,,1,18,,33438,3,,,1,55,,33439,3,,,1,15,,33440,3,,,1,15,,33441,3,,,1,15,,33408,3,,,1,55,,33409,3,,,1,15,,33410,3,,,1,15,,33411,3,,,1,15,,33412,3,,,1,55,,33413,3,,,1,15,,33414,3,,,1,15,,33415,3,,,1,15,,33416,3,,,1,55,,33417,3,,,1,15,,33418,3,,,1,15,,33419,3,,,1,15,,33401,3,,,1,55,,33402,3,,,1,15,,33403,3,,,1,12,,33464,3,,,1,12,,33465,3,,,1,52,,33466,3,,,1,12,,33467,3,,,1,12,,33468,3,,,1,12,,33469,3,,,1,12,,33470,3,,,1,52,,33471,3,,,1,12,,33472,3,,,1,12,,33473,3,,,1,12,,33420,3,,,1,12,,33421,3,,,1,52,,33422,3,,,1,12,,33423,3,,,1,12,,33424,3,,,1,12,,33425,3,,,1,12,,33426,3,,,1,52,,33427,3,,,1,12,,33428,3,,,1,12,,33429,3,,,1,12,,33430,3,,,1,19,,33442,3,,,1,55,,33443,3,,,1,15,,33444,3,,,1,15,,33445,3,,,1,15,,33446,3,,,1,55,,33447,3,,,1,15,,33448,3,,,1,15,,33449,3,,,1,15,,33450,3,,,1,55,,33451,3,,,1,15,,33452,3,,,1,15,,33453,3,,,1,15,,33454,3,,,1,55,,33455,3,,,1,15,,33456,3,,,1,15,,33457,3,,,1
18002200,'022R-Weekday-7-26-06',527,,26339,3,,,1,12,,26340,3,,,1,12,,26341,3,,,1,52,,26342,3,,,1,12,,26343,3,,,1,12,,26344,3,,,1,12,,26345,3,,,1,12,,26346,3,,,1,52,,26347,3,,,1,12,,26348,3,,,1,12,,26349,3,,,1,12,,26380,3,,,1,12,,26381,3,,,1,52,,26382,3,,,1,12,,26383,3,,,1,12,,26384,3,,,1,12,,26385,3,,,1,12,,26386,3,,,1,52,,26353,3,,,1,12,,26354,3,,,1,12,,26355,3,,,1,12,,26356,3,,,1,18,,26387,3,,,1,55,,26388,3,,,1,15,,26389,3,,,1,15,,26390,3,,,1,15,,26357,3,,,1,55,,26358,3,,,1,15,,26359,3,,,1,15,,26360,3,,,1,15,,26361,3,,,1,55,,26362,3,,,1,15,,26363,3,,,1,15,,26364,3,,,1,15,,26365,3,,,1,55,,26366,3,,,1,15,,26367,3,,,1,15,,26368,3,,,1,15,,26350,3,,,1,55,,26351,3,,,1,15,,26352,3,,,1,12,,26413,3,,,1,12,,26414,3,,,1,52,,26415,3,,,1,12,,26416,3,,,1,12,,26417,3,,,1,12,,26418,3,,,1,12,,26419,3,,,1,52,,26420,3,,,1,12,,26421,3,,,1,12,,26422,3,,,1,12,,26369,3,,,1,12,,26370,3,,,1,52,,26371,3,,,1,12,,26372,3,,,1,12,,26373,3,,,1,12,,26374,3,,,1,12,,26375,3,,,1,52,,26376,3,,,1,12,,26377,3,,,1,12,,26378,3,,,1,12,,26379,3,,,1,19,,26391,3,,,1,55,,26392,3,,,1,15,,26393,3,,,1,15,,26394,3,,,1,15,,26395,3,,,1,55,,26396,3,,,1,15,,26397,3,,,1,15,,26398,3,,,1,15,,26399,3,,,1,55,,26400,3,,,1,15,,26401,3,,,1,15,,26402,3,,,1,15,,26403,3,,,1,55,,26404,3,,,1,15,,26405,3,,,1,15,,26406,3,,,1,15,,26407,3,,,1,55,,26408,3,,,1,15,,26409,3,,,1,15,,26410,3,,,1,15,,26411,3,,,1,55,,26412,3,,,1,15,,26338,3,,,1
18002200,'022R-Saturday-1-26-06',528,,26423,3,,,1,15,,26424,3,,,1,15,,26425,3,,,1,55,,26426,3,,,1,15,,26427,3,,,1,15,,26428,3,,,1,15,,26429,3,,,1,55,,26430,3,,,1,15,,26431,3,,,1,15,,26432,3,,,1,15,,26433,3,,,1,55,,26434,3,,,1,15,,26435,3,,,1,15,,26436,3,,,1,15,,26437,3,,,1,55,,26438,3,,,1,15,,26439,3,,,1,15,,26440,3,,,1,15,,26441,3,,,1,55,,26442,3,,,1,15,,26443,3,,,1,15,,26444,3,,,1,15,,26445,3,,,1,55,,26446,3,,,1,15,,26447,3,,,1,15,,26448,3,,,1,15,,26449,3,,,1,55,,26450,3,,,1,15,,26451,3,,,1,15,,26452,3,,,1,15,,26453,3,,,1,55,,26454,3,,,1,15,,26455,3,,,1,15,,26456,3,,,1,15,,26457,3,,,1,55,,26458,3,,,1,15,,26459,3,,,1,15,,26460,3,,,1,15,,26461,3,,,1,55,,26462,3,,,1,15,,26463,3,,,1,15,,26464,3,,,1,15,,26465,3,,,1,55,,26466,3,,,1,15,,26467,3,,,1,15,,26468,3,,,1,15,,26469,3,,,1,55,,26470,3,,,1,15,,26471,3,,,1,15,,26472,3,,,1,15,,26473,3,,,1,55,,26474,3,,,1,15,,26475,3,,,1,15,,26476,3,,,1,15,,26477,3,,,1,55,,26478,3,,,1,15,,26479,3,,,1,15,,26480,3,,,1,15,,26481,3,,,1,55,,26482,3,,,1,15,,26483,3,,,1,15,,26484,3,,,1,15,,26485,3,,,1,55,,26486,3,,,1,15,,26487,3,,,1,15,,26488,3,,,1,15,,26489,3,,,1,55,,26490,3,,,1,15,,26491,3,,,1,15,,26492,3,,,1,15,,26493,3,,,1,55,,26494,3,,,1,15,,26495,3,,,1,15,,26496,3,,,1,15,,26497,3,,,1,55,,26498,3,,,1,15,,26499,3,,,1
