18002101,'021R-Weekday-1-26-06',528,,25529,8,,,1,12,,25531,8,,,1,12,,25532,8,,,1,6,,25663,8,,,1,46,,25530,8,,,1,6,,25561,8,,,1,6,,25562,8,,,1,6,,25563,8,,,1,6,,25564,8,,,1,6,,25560,8,,,1,6,,25559,8,,,1,6,,25558,8,,,1,6,,25557,8,,,1,6,,25556,8,,,1,46,,25555,8,,,1,6,,25554,8,,,1,6,,25553,8,,,1,6,,25552,8,,,1,6,,25551,8,,,1,6,,25550,8,,,1,6,,25549,8,,,1,6,,25548,8,,,1,6,,25547,8,,,1,6,,25546,8,,,1,46,,25545,8,,,1,6,,25544,8,,,1,6,,25543,8,,,1,6,,25542,8,,,1,6,,25541,8,,,1,6,,25540,8,,,1,6,,25539,8,,,1,6,,25538,8,,,1,6,,25537,8,,,1,6,,25536,8,,,1,46,,25535,8,,,1,6,,25534,8,,,1,10,,25565,8,,,1,10,,25566,8,,,1,10,,25567,8,,,1,10,,25568,8,,,1,50,,25569,8,,,1,10,,25570,8,,,1,10,,25571,8,,,1,10,,25572,8,,,1,10,,25573,8,,,1,10,,25574,8,,,1,50,,25575,8,,,1,10,,25576,8,,,1,10,,25577,8,,,1,10,,25578,8,,,1,10,,25579,8,,,1,10,,25580,8,,,1,50,,25581,8,,,1,10,,25582,8,,,1,10,,25583,8,,,1,10,,25584,8,,,1,10,,25585,8,,,1,10,,25586,8,,,1,50,,25587,8,,,1,10,,25588,8,,,1,10,,25589,8,,,1,10,,25590,8,,,1,10,,25591,8,,,1,10,,25592,8,,,1,50,,25593,8,,,1,10,,25594,8,,,1,6,,25595,8,,,1,6,,25596,8,,,1,6,,25597,8,,,1,6,,25598,8,,,1,6,,25599,8,,,1,6,,25600,8,,,1,6,,25601,8,,,1,6,,25602,8,,,1,46,,25603,8,,,1,6,,25604,8,,,1,6,,25605,8,,,1,6,,25606,8,,,1,6,,25607,8,,,1,6,,25608,8,,,1,6,,25609,8,,,1,6,,25610,8,,,1,6,,25611,8,,,1,6,,25612,8,,,1,46,,25613,8,,,1,6,,25614,8,,,1,6,,25615,8,,,1,6,,25616,8,,,1,6,,25617,8,,,1,6,,25618,8,,,1,6,,25619,8,,,1,6,,25620,8,,,1,6,,25621,8,,,1,6,,25622,8,,,1,46,,25623,8,,,1,6,,25624,8,,,1,6,,25625,8,,,1,6,,25626,8,,,1,6,,25627,8,,,1,6,,25628,8,,,1,6,,25629,8,,,1,6,,25630,8,,,1,6,,25631,8,,,1,6,,25632,8,,,1,46,,25633,8,,,1,6,,25634,8,,,1,6,,25635,8,,,1,9,,25636,8,,,1,15,,25637,8,,,1,15,,25638,8,,,1,55,,25639,8,,,1,15,,25640,8,,,1,15,,25641,8,,,1,15,,25642,8,,,1,55,,25643,8,,,1,15,,25644,8,,,1,15,,25645,8,,,1,15,,25646,8,,,1,55,,25647,8,,,1,15,,25648,8,,,1,15,,25649,8,,,1,15,,25650,8,,,1,55,,25651,8,,,1,15,,25652,8,,,1,15,,25653,8,,,1,15,,25654,8,,,1,55,,25655,8,,,1,15,,25656,8,,,1,15,,25657,8,,,1,15,,25658,8,,,1,55,,25659,8,,,1,15,,25660,8,,,1,15,,25661,8,,,1,15,,25662,8,,,1,55,,25533,8,,,1
18002101,'021R-Weekday-10-26-06',528,,33019,8,,,1,12,,33021,8,,,1,12,,33022,8,,,1,6,,33153,8,,,1,46,,33020,8,,,1,6,,33051,8,,,1,6,,33052,8,,,1,6,,33053,8,,,1,6,,33054,8,,,1,6,,33050,8,,,1,6,,33049,8,,,1,6,,33048,8,,,1,6,,33047,8,,,1,6,,33046,8,,,1,46,,33045,8,,,1,6,,33044,8,,,1,6,,33043,8,,,1,6,,33042,8,,,1,6,,33041,8,,,1,6,,33040,8,,,1,6,,33039,8,,,1,6,,33038,8,,,1,6,,33037,8,,,1,6,,33036,8,,,1,46,,33035,8,,,1,6,,33034,8,,,1,6,,33033,8,,,1,6,,33032,8,,,1,6,,33031,8,,,1,6,,33030,8,,,1,6,,33029,8,,,1,6,,33028,8,,,1,6,,33027,8,,,1,6,,33026,8,,,1,46,,33025,8,,,1,6,,33024,8,,,1,10,,33055,8,,,1,10,,33056,8,,,1,10,,33057,8,,,1,10,,33058,8,,,1,50,,33059,8,,,1,10,,33060,8,,,1,10,,33061,8,,,1,10,,33062,8,,,1,10,,33063,8,,,1,10,,33064,8,,,1,50,,33065,8,,,1,10,,33066,8,,,1,10,,33067,8,,,1,10,,33068,8,,,1,10,,33069,8,,,1,10,,33070,8,,,1,50,,33071,8,,,1,10,,33072,8,,,1,10,,33073,8,,,1,10,,33074,8,,,1,10,,33075,8,,,1,10,,33076,8,,,1,50,,33077,8,,,1,10,,33078,8,,,1,10,,33079,8,,,1,10,,33080,8,,,1,10,,33081,8,,,1,10,,33082,8,,,1,50,,33083,8,,,1,10,,33084,8,,,1,6,,33085,8,,,1,6,,33086,8,,,1,6,,33087,8,,,1,6,,33088,8,,,1,6,,33089,8,,,1,6,,33090,8,,,1,6,,33091,8,,,1,6,,33092,8,,,1,46,,33093,8,,,1,6,,33094,8,,,1,6,,33095,8,,,1,6,,33096,8,,,1,6,,33097,8,,,1,6,,33098,8,,,1,6,,33099,8,,,1,6,,33100,8,,,1,6,,33101,8,,,1,6,,33102,8,,,1,46,,33103,8,,,1,6,,33104,8,,,1,6,,33105,8,,,1,6,,33106,8,,,1,6,,33107,8,,,1,6,,33108,8,,,1,6,,33109,8,,,1,6,,33110,8,,,1,6,,33111,8,,,1,6,,33112,8,,,1,46,,33113,8,,,1,6,,33114,8,,,1,6,,33115,8,,,1,6,,33116,8,,,1,6,,33117,8,,,1,6,,33118,8,,,1,6,,33119,8,,,1,6,,33120,8,,,1,6,,33121,8,,,1,6,,33122,8,,,1,46,,33123,8,,,1,6,,33124,8,,,1,6,,33125,8,,,1,9,,33126,8,,,1,15,,33127,8,,,1,15,,33128,8,,,1,55,,33129,8,,,1,15,,33130,8,,,1,15,,33131,8,,,1,15,,33132,8,,,1,55,,33133,8,,,1,15,,33134,8,,,1,15,,33135,8,,,1,15,,33136,8,,,1,55,,33137,8,,,1,15,,33138,8,,,1,15,,33139,8,,,1,15,,33140,8,,,1,55,,33141,8,,,1,15,,33142,8,,,1,15,,33143,8,,,1,15,,33144,8,,,1,58,,33145,8,,,1,15,,33146,8,,,1,15,,33147,8,,,1,15,,33148,8,,,1,55,,33149,8,,,1,15,,33150,8,,,1,15,,33151,8,,,1,15,,33152,8,,,1,55,,33023,8,,,1
18002101,'021R-Weekday-7-26-06',528,,25664,8,,,1,12,,25666,8,,,1,12,,25667,8,,,1,6,,25798,8,,,1,46,,25665,8,,,1,6,,25696,8,,,1,6,,25697,8,,,1,6,,25698,8,,,1,6,,25699,8,,,1,6,,25695,8,,,1,6,,25694,8,,,1,6,,25693,8,,,1,6,,25692,8,,,1,6,,25691,8,,,1,46,,25690,8,,,1,6,,25689,8,,,1,6,,25688,8,,,1,6,,25687,8,,,1,6,,25686,8,,,1,6,,25685,8,,,1,6,,25684,8,,,1,6,,25683,8,,,1,6,,25682,8,,,1,6,,25681,8,,,1,46,,25680,8,,,1,6,,25679,8,,,1,6,,25678,8,,,1,6,,25677,8,,,1,6,,25676,8,,,1,6,,25675,8,,,1,6,,25674,8,,,1,6,,25673,8,,,1,6,,25672,8,,,1,6,,25671,8,,,1,46,,25670,8,,,1,6,,25669,8,,,1,10,,25700,8,,,1,10,,25701,8,,,1,10,,25702,8,,,1,10,,25703,8,,,1,50,,25704,8,,,1,10,,25705,8,,,1,10,,25706,8,,,1,10,,25707,8,,,1,10,,25708,8,,,1,10,,25709,8,,,1,50,,25710,8,,,1,10,,25711,8,,,1,10,,25712,8,,,1,10,,25713,8,,,1,10,,25714,8,,,1,10,,25715,8,,,1,50,,25716,8,,,1,10,,25717,8,,,1,10,,25718,8,,,1,10,,25719,8,,,1,10,,25720,8,,,1,10,,25721,8,,,1,50,,25722,8,,,1,10,,25723,8,,,1,10,,25724,8,,,1,10,,25725,8,,,1,10,,25726,8,,,1,10,,25727,8,,,1,50,,25728,8,,,1,10,,25729,8,,,1,6,,25730,8,,,1,6,,25731,8,,,1,6,,25732,8,,,1,6,,25733,8,,,1,6,,25734,8,,,1,6,,25735,8,,,1,6,,25736,8,,,1,6,,25737,8,,,1,46,,25738,8,,,1,6,,25739,8,,,1,6,,25740,8,,,1,6,,25741,8,,,1,6,,25742,8,,,1,6,,25743,8,,,1,6,,25744,8,,,1,6,,25745,8,,,1,6,,25746,8,,,1,6,,25747,8,,,1,46,,25748,8,,,1,6,,25749,8,,,1,6,,25750,8,,,1,6,,25751,8,,,1,6,,25752,8,,,1,6,,25753,8,,,1,6,,25754,8,,,1,6,,25755,8,,,1,6,,25756,8,,,1,6,,25757,8,,,1,46,,25758,8,,,1,6,,25759,8,,,1,6,,25760,8,,,1,6,,25761,8,,,1,6,,25762,8,,,1,6,,25763,8,,,1,6,,25764,8,,,1,6,,25765,8,,,1,6,,25766,8,,,1,6,,25767,8,,,1,46,,25768,8,,,1,6,,25769,8,,,1,6,,25770,8,,,1,9,,25771,8,,,1,15,,25772,8,,,1,15,,25773,8,,,1,55,,25774,8,,,1,15,,25775,8,,,1,15,,25776,8,,,1,15,,25777,8,,,1,55,,25778,8,,,1,15,,25779,8,,,1,15,,25780,8,,,1,15,,25781,8,,,1,55,,25782,8,,,1,15,,25783,8,,,1,15,,25784,8,,,1,15,,25785,8,,,1,55,,25786,8,,,1,15,,25787,8,,,1,15,,25788,8,,,1,15,,25789,8,,,1,55,,25790,8,,,1,15,,25791,8,,,1,15,,25792,8,,,1,15,,25793,8,,,1,55,,25794,8,,,1,15,,25795,8,,,1,15,,25796,8,,,1,15,,25797,8,,,1,55,,25668,8,,,1
18002101,'021R-Weekday-9-26-06',526,,33154,2,,,1,15,,33155,3,,,1,15,,33156,3,,,1,55,,33157,3,,,1,15,,33158,3,,,1,15,,33159,3,,,1,15,,33160,3,,,1,55,,33161,3,,,1,15,,33162,3,,,1,15,,33163,3,,,1,15,,33164,3,,,1,55,,33165,3,,,1,15,,33166,3,,,1,15,,33167,3,,,1,15,,33168,3,,,1,55,,33169,3,,,1,15,,33170,3,,,1,15,,33171,3,,,1,15,,33172,3,,,1,55,,33173,3,,,1,15,,33174,3,,,1,15,,33175,3,,,1,15,,33176,3,,,1,55,,33177,3,,,1,15,,33178,3,,,1,15,,33179,3,,,1,15,,33180,3,,,1,55,,33181,3,,,1,15,,33182,3,,,1,15,,33183,3,,,1,15,,33184,3,,,1,55,,33185,3,,,1,15,,33186,3,,,1,15,,33187,3,,,1,15,,33188,3,,,1,55,,33189,3,,,1,15,,33190,3,,,1,15,,33191,3,,,1,15,,33192,3,,,1,55,,33193,3,,,1,15,,33194,3,,,1,15,,33195,3,,,1,15,,33196,3,,,1,55,,33197,3,,,1,15,,33198,3,,,1,15,,33199,3,,,1,15,,33200,3,,,1,55,,33201,3,,,1,15,,33202,3,,,1,15,,33203,3,,,1,15,,33204,3,,,1,55,,33205,3,,,1,15,,33206,3,,,1,15,,33207,3,,,1,15,,33208,3,,,1,55,,33209,3,,,1,15,,33210,3,,,1,15,,33211,3,,,1,15,,33212,3,,,1,55,,33213,3,,,1,15,,33214,3,,,1,15,,33215,3,,,1,15,,33216,3,,,1,55,,33217,3,,,1,15,,33218,3,,,1,15,,33219,3,,,1,15,,33220,3,,,1,55,,33221,3,,,1,15,,33222,3,,,1,15,,33223,3,,,1,15,,33224,3,,,1,55,,33225,3,,,1,15,,33226,3,,,1,15,,33227,3,,,1,15,,33228,3,,,1,55,,33229,3,,,1,15,,33230,3,,,1,15,,33231,3,,,1,15,,33232,3,,,1,55,,33233,3,,,1
18002101,'021R-Saturday-1-26-06',525,,25799,8,,,1,15,,25800,8,,,1,15,,25801,8,,,1,55,,25802,8,,,1,15,,25803,8,,,1,15,,25804,8,,,1,15,,25805,8,,,1,55,,25806,8,,,1,15,,25807,8,,,1,15,,25808,8,,,1,15,,25809,8,,,1,55,,25810,8,,,1,15,,25811,8,,,1,15,,25812,8,,,1,15,,25813,8,,,1,55,,25814,8,,,1,15,,25815,8,,,1,15,,25816,8,,,1,15,,25817,8,,,1,55,,25818,8,,,1,15,,25819,8,,,1,15,,25820,8,,,1,15,,25821,8,,,1,55,,25822,8,,,1,15,,25823,8,,,1,15,,25824,8,,,1,15,,25825,8,,,1,55,,25826,8,,,1,15,,25827,8,,,1,15,,25828,8,,,1,15,,25829,8,,,1,55,,25830,8,,,1,15,,25831,8,,,1,15,,25832,8,,,1,15,,25833,8,,,1,55,,25834,8,,,1,15,,25835,8,,,1,15,,25836,8,,,1,15,,25837,8,,,1,55,,25838,8,,,1,15,,25839,8,,,1,15,,25840,8,,,1,15,,25841,8,,,1,55,,25842,8,,,1,15,,25843,8,,,1,15,,25844,8,,,1,15,,25845,8,,,1,55,,25846,8,,,1,15,,25847,8,,,1,15,,25848,8,,,1,15,,25849,8,,,1,55,,25850,8,,,1,15,,25851,8,,,1,15,,25852,8,,,1,15,,25853,8,,,1,55,,25854,8,,,1,15,,25855,8,,,1,15,,25856,8,,,1,15,,25857,8,,,1,55,,25858,8,,,1,15,,25859,8,,,1,15,,25860,8,,,1,15,,25861,8,,,1,55,,25862,8,,,1,15,,25863,8,,,1,15,,25864,8,,,1,15,,25865,8,,,1,55,,25866,8,,,1,15,,25867,8,,,1,15,,25868,8,,,1,15,,25869,8,,,1,55,,25870,8,,,1,15,,25871,8,,,1,15,,25872,8,,,1,15,,25873,8,,,1,55,,25874,8,,,1,15,,25875,8,,,1,15,,25876,8,,,1,15,,25877,8,,,1,55,,25878,8,,,1
18002201,'022R-Weekday-1-26-06',607,,26804,5,0,12 13,1,12,,26805,5,0,12 13,1,12,,26806,5,0,12 13,1,12,,26807,5,0,12 13,1,12,,26808,5,0,12 13,1,52,,26809,5,0,12 13,1,12,,26810,5,0,12 13,1,12,,26811,5,0,12 13,1,12,,26812,5,0,12 13,1,12,,26813,5,0,12 13,1,52,,26814,5,0,12 13,1,12,,26815,5,0,12 13,1,12,,26816,5,0,12 13,1,12,,26817,5,0,12 13,1,12,,26818,5,0,12 13,1,52,,26819,5,0,12 13,1,12,,26820,5,0,12 13,1,18,,26821,5,0,12 13,1,20,,26822,5,0,12 13,1,55,,26823,5,0,12 13,1,15,,26824,5,0,12 13,1,15,,26825,5,0,12 13,1,15,,26826,5,0,12 13,1,55,,26827,5,0,12 13,1,15,,26828,5,0,12 13,1,15,,26829,5,0,12 13,1,15,,26830,5,0,12 13,1,55,,26831,5,0,12 13,1,15,,26832,5,0,12 13,1,15,,26833,5,0,12 13,1,15,,26834,5,0,12 13,1,55,,26835,5,0,12 13,1,15,,26836,5,0,12 13,1,15,,26837,5,0,12 13,1,13,,26838,5,0,12 13,1,52,,26839,5,0,12 13,1,12,,26840,5,0,12 13,1,12,,26841,5,0,12 13,1,12,,26842,5,0,12 13,1,12,,26843,5,0,12 13,1,52,,26844,5,0,12 13,1,12,,26845,5,0,12 13,1,12,,26846,5,0,12 13,1,12,,26847,5,0,12 13,1,12,,26848,5,0,12 13,1,52,,26849,5,0,12 13,1,12,,26850,5,0,12 13,1,12,,26851,5,0,12 13,1,12,,26852,5,0,12 13,1,12,,26853,5,0,12 13,1,52,,26854,5,0,12 13,1,12,,26855,5,0,12 13,1,12,,26856,5,0,12 13,1,12,,26857,5,0,12 13,1,12,,26858,5,0,12 13,1,52,,26859,5,0,12 13,1,12,,26860,5,0,12 13,1,17,,26861,5,0,12 13,1,15,,26862,5,0,12 13,1,55,,26863,5,0,12 13,1,15,,26864,5,0,12 13,1,15,,26865,5,0,12 13,1,15,,26866,5,0,12 13,1,55,,26867,5,0,12 13,1,15,,26868,5,0,12 13,1,15,,26869,5,0,12 13,1,15,,26870,5,0,12 13,1,55,,26871,5,0,12 13,1,15,,26872,5,0,12 13,1,15,,26873,5,0,12 13,1,15,,26874,5,0,12 13,1,55,,26875,5,0,12 13,1,15,,26876,5,0,12 13,1,15,,26877,5,0,12 13,1,15,,26878,5,0,12 13,1,55,,26879,5,0,12 13,1,15,,26803,5,0,12 13,1,15,,26802,5,0,12 13,1,15,,26801,5,0,12 13,1,55,,26800,5,0,12 13,1,15,,26799,5,0,12 13,1,15,,26798,5,0,12 13,1,15,,26797,5,0,12 13,1,55,,26796,5,0,12 13,1
18002201,'022R-Weekday-10-26-06',519,,33475,2,,,1,15,,33476,2,,,1,15,,33474,5,,,1,55,,33477,5,,,1,15,,33478,5,,,1,15,,33479,5,,,1,15,,33480,5,,,1,55,,33481,5,,,1,15,,33482,5,,,1,15,,33483,5,,,1,15,,33484,5,,,1,55,,33485,5,,,1,15,,33486,5,,,1,15,,33487,5,,,1,15,,33488,5,,,1,55,,33489,5,,,1,15,,33490,5,,,1,15,,33491,5,,,1,15,,33492,5,,,1,55,,33493,5,,,1,15,,33494,5,,,1,15,,33495,5,,,1,15,,33496,5,,,1,55,,33497,5,,,1,15,,33498,5,,,1,15,,33499,5,,,1,15,,33500,5,,,1,55,,33501,5,,,1,15,,33502,5,,,1,15,,33503,5,,,1,15,,33504,5,,,1,55,,33505,5,,,1,15,,33506,5,,,1,15,,33507,5,,,1,15,,33508,5,,,1,55,,33509,5,,,1,15,,33510,5,,,1,15,,33511,5,,,1,15,,33512,5,,,1,55,,33513,5,,,1,15,,33514,5,,,1,15,,33515,5,,,1,15,,33516,5,,,1,55,,33517,5,,,1,15,,33518,5,,,1,15,,33519,5,,,1,15,,33520,5,,,1,55,,33521,5,,,1,15,,33522,5,,,1,15,,33523,5,,,1,15,,33524,5,,,1,55,,33525,5,,,1,15,,33526,5,,,1,15,,33527,5,,,1,15,,33528,5,,,1,55,,33529,5,,,1,15,,33530,5,,,1,15,,33531,5,,,1,15,,33532,5,,,1,55,,33533,5,,,1,15,,33534,5,,,1,15,,33535,5,,,1,15,,33536,5,,,1,55,,33537,5,,,1,15,,33538,5,,,1,15,,33539,5,,,1,15,,33540,5,,,1,55,,33541,5,,,1,15,,33542,5,,,1,15,,33543,5,,,1,15,,33544,5,,,1,55,,33545,5,,,1,15,,33546,5,,,1,15,,33547,5,,,1,15,,33548,5,,,1,55,,33549,5,,,1,15,,33550,5,,,1,15,,33551,5,,,1,15,,33552,5,,,1,55,,33553,5,,,1
18002201,'022R-Weekday-11-26-06',607,,33562,5,0,12 13,1,12,,33563,5,0,12 13,1,12,,33564,5,0,12 13,1,12,,33565,5,0,12 13,1,12,,33566,5,0,12 13,1,52,,33567,5,0,12 13,1,12,,33568,5,0,12 13,1,12,,33569,5,0,12 13,1,12,,33570,5,0,12 13,1,12,,33571,5,0,12 13,1,52,,33572,5,0,12 13,1,12,,33573,5,0,12 13,1,12,,33574,5,0,12 13,1,12,,33575,5,0,12 13,1,12,,33576,5,0,12 13,1,52,,33577,5,0,12 13,1,12,,33578,5,0,12 13,1,18,,33579,5,0,12 13,1,20,,33580,5,0,12 13,1,55,,33581,5,0,12 13,1,15,,33582,5,0,12 13,1,15,,33583,5,0,12 13,1,15,,33584,5,0,12 13,1,55,,33585,5,0,12 13,1,15,,33586,5,0,12 13,1,15,,33587,5,0,12 13,1,15,,33588,5,0,12 13,1,55,,33589,5,0,12 13,1,15,,33590,5,0,12 13,1,15,,33591,5,0,12 13,1,15,,33592,5,0,12 13,1,55,,33593,5,0,12 13,1,15,,33594,5,0,12 13,1,15,,33595,5,0,12 13,1,13,,33596,5,0,12 13,1,52,,33597,5,0,12 13,1,12,,33598,5,0,12 13,1,12,,33599,5,0,12 13,1,12,,33600,5,0,12 13,1,12,,33601,5,0,12 13,1,52,,33602,5,0,12 13,1,12,,33603,5,0,12 13,1,12,,33604,5,0,12 13,1,12,,33605,5,0,12 13,1,12,,33606,5,0,12 13,1,52,,33607,5,0,12 13,1,12,,33608,5,0,12 13,1,12,,33609,5,0,12 13,1,12,,33610,5,0,12 13,1,12,,33611,5,0,12 13,1,52,,33612,5,0,12 13,1,12,,33613,5,0,12 13,1,12,,33614,5,0,12 13,1,12,,33615,5,0,12 13,1,12,,33616,5,0,12 13,1,52,,33617,5,0,12 13,1,12,,33618,5,0,12 13,1,17,,33619,5,0,12 13,1,15,,33620,5,0,12 13,1,55,,33621,5,0,12 13,1,15,,33622,5,0,12 13,1,15,,33623,5,0,12 13,1,15,,33624,5,0,12 13,1,55,,33625,5,0,12 13,1,15,,33626,5,0,12 13,1,15,,33627,5,0,12 13,1,15,,33628,5,0,12 13,1,55,,33629,5,0,12 13,1,15,,33630,5,0,12 13,1,15,,33631,5,0,12 13,1,15,,33632,5,0,12 13,1,55,,33633,5,0,12 13,1,15,,33634,5,0,12 13,1,15,,33635,5,0,12 13,1,15,,33636,5,0,12 13,1,52,,33637,5,4,,1,15,,33561,5,4,,1,15,,33560,5,4,,1,15,,33559,5,4,,1,55,,33558,5,4,,1,15,,33557,5,4,,1,15,,33556,5,4,,1,15,,33555,5,4,,1,58,,33554,5,4,,1
18002201,'022R-Weekday-7-26-06',607,,26888,5,0,12 13,1,12,,26889,5,0,12 13,1,12,,26890,5,0,12 13,1,12,,26891,5,0,12 13,1,12,,26892,5,0,12 13,1,52,,26893,5,0,12 13,1,12,,26894,5,0,12 13,1,12,,26895,5,0,12 13,1,12,,26896,5,0,12 13,1,12,,26897,5,0,12 13,1,52,,26898,5,0,12 13,1,12,,26899,5,0,12 13,1,12,,26900,5,0,12 13,1,12,,26901,5,0,12 13,1,12,,26902,5,0,12 13,1,52,,26903,5,0,12 13,1,12,,26904,5,0,12 13,1,18,,26905,5,0,12 13,1,20,,26906,5,0,12 13,1,55,,26907,5,0,12 13,1,15,,26908,5,0,12 13,1,15,,26909,5,0,12 13,1,15,,26910,5,0,12 13,1,55,,26911,5,0,12 13,1,15,,26912,5,0,12 13,1,15,,26913,5,0,12 13,1,15,,26914,5,0,12 13,1,55,,26915,5,0,12 13,1,15,,26916,5,0,12 13,1,15,,26917,5,0,12 13,1,15,,26918,5,0,12 13,1,55,,26919,5,0,12 13,1,15,,26920,5,0,12 13,1,15,,26921,5,0,12 13,1,13,,26922,5,0,12 13,1,52,,26923,5,0,12 13,1,12,,26924,5,0,12 13,1,12,,26925,5,0,12 13,1,12,,26926,5,0,12 13,1,12,,26927,5,0,12 13,1,52,,26928,5,0,12 13,1,12,,26929,5,0,12 13,1,12,,26930,5,0,12 13,1,12,,26931,5,0,12 13,1,12,,26932,5,0,12 13,1,52,,26933,5,0,12 13,1,12,,26934,5,0,12 13,1,12,,26935,5,0,12 13,1,12,,26936,5,0,12 13,1,12,,26937,5,0,12 13,1,52,,26938,5,0,12 13,1,12,,26939,5,0,12 13,1,12,,26940,5,0,12 13,1,12,,26941,5,0,12 13,1,12,,26942,5,0,12 13,1,52,,26943,5,0,12 13,1,12,,26944,5,0,12 13,1,17,,26945,5,0,12 13,1,15,,26946,5,0,12 13,1,55,,26947,5,0,12 13,1,15,,26948,5,0,12 13,1,15,,26949,5,0,12 13,1,15,,26950,5,0,12 13,1,55,,26951,5,0,12 13,1,15,,26952,5,0,12 13,1,15,,26953,5,0,12 13,1,15,,26954,5,0,12 13,1,55,,26955,5,0,12 13,1,15,,26956,5,0,12 13,1,15,,26957,5,0,12 13,1,15,,26958,5,0,12 13,1,55,,26959,5,0,12 13,1,15,,26960,5,0,12 13,1,15,,26961,5,0,12 13,1,15,,26962,5,0,12 13,1,55,,26963,5,0,12 13,1,15,,26887,5,0,12 13,1,15,,26886,5,0,12 13,1,15,,26885,5,0,12 13,1,55,,26884,5,0,12 13,1,15,,26883,5,0,12 13,1,15,,26882,5,0,12 13,1,15,,26881,5,0,12 13,1,55,,26880,5,0,12 13,1
18002201,'022R-Saturday-1-26-06',605,,26964,5,0,12 13,1,15,,26965,5,0,12 13,1,15,,26966,5,0,12 13,1,15,,26967,5,0,12 13,1,55,,26968,5,0,12 13,1,15,,26969,5,0,12 13,1,15,,26970,5,0,12 13,1,15,,26971,5,0,12 13,1,55,,26972,5,0,12 13,1,15,,26973,5,0,12 13,1,15,,26974,5,0,12 13,1,15,,26975,5,0,12 13,1,55,,26976,5,0,12 13,1,15,,26977,5,0,12 13,1,15,,26978,5,0,12 13,1,15,,26979,5,0,12 13,1,55,,26980,5,0,12 13,1,15,,26981,5,0,12 13,1,15,,26982,5,0,12 13,1,15,,26983,5,0,12 13,1,55,,26984,5,0,12 13,1,15,,26985,5,0,12 13,1,15,,26986,5,0,12 13,1,15,,26987,5,0,12 13,1,55,,26988,5,0,12 13,1,15,,26989,5,0,12 13,1,15,,26990,5,0,12 13,1,15,,26991,5,0,12 13,1,55,,26992,5,0,12 13,1,15,,26993,5,0,12 13,1,15,,26994,5,0,12 13,1,15,,26995,5,0,12 13,1,55,,26996,5,0,12 13,1,15,,26997,5,0,12 13,1,15,,26998,5,0,12 13,1,15,,26999,5,0,12 13,1,55,,27000,5,0,12 13,1,15,,27001,5,0,12 13,1,15,,27002,5,0,12 13,1,15,,27003,5,0,12 13,1,55,,27004,5,0,12 13,1,15,,27005,5,0,12 13,1,15,,27006,5,0,12 13,1,15,,27007,5,0,12 13,1,55,,27008,5,0,12 13,1,15,,27009,5,0,12 13,1,15,,27010,5,0,12 13,1,15,,27011,5,0,12 13,1,55,,27012,5,0,12 13,1,15,,27013,5,0,12 13,1,15,,27014,5,0,12 13,1,15,,27015,5,0,12 13,1,55,,27016,5,0,12 13,1,15,,27017,5,0,12 13,1,15,,27018,5,0,12 13,1,15,,27019,5,0,12 13,1,55,,27020,5,0,12 13,1,15,,27021,5,0,12 13,1,15,,27022,5,0,12 13,1,15,,27023,5,0,12 13,1,55,,27024,5,0,12 13,1,15,,27025,5,0,12 13,1,15,,27026,5,0,12 13,1,15,,27027,5,0,12 13,1,55,,27028,5,0,12 13,1,15,,27029,5,0,12 13,1,15,,27030,5,0,12 13,1,15,,27031,5,0,12 13,1,55,,27032,5,0,12 13,1,15,,27033,5,0,12 13,1,15,,27034,5,0,12 13,1,15,,27035,5,0,12 13,1,55,,27036,5,0,12 13,1,15,,27037,5,0,12 13,1,15,,27038,5,0,12 13,1,15,,27039,5,0,12 13,1,55,,27040,5,0,12 13,1
