18002101,'021R-Weekday-1-26-09',535,,34990,13,,,1,12,,34992,13,,,1,12,,34993,13,,,1,46,,35124,13,,,1,6,,34991,13,,,1,6,,35022,13,,,1,6,,35023,13,,,1,6,,35024,13,,,1,6,,35025,13,,,1,6,,35021,13,,,1,6,,35020,13,,,1,6,,35019,13,,,1,6,,35018,13,,,1,46,,35017,13,,,1,6,,35016,13,,,1,6,,35015,13,,,1,6,,35014,13,,,1,6,,35013,13,,,1,6,,35012,13,,,1,6,,35011,13,,,1,6,,35010,13,,,1,6,,35009,13,,,1,6,,35008,13,,,1,46,,35007,13,,,1,6,,35006,13,,,1,6,,35005,13,,,1,6,,35004,13,,,1,6,,35003,13,,,1,6,,35002,13,,,1,6,,35001,13,,,1,6,,35000,13,,,1,6,,34999,13,,,1,6,,34998,13,,,1,46,,34997,13,,,1,6,,34996,13,,,1,6,,34995,13,,,1,10,,35026,13,,,1,10,,35027,13,,,1,10,,35028,13,,,1,10,,35029,13,,,1,50,,35030,13,,,1,10,,35031,13,,,1,10,,35032,13,,,1,10,,35033,13,,,1,10,,35034,13,,,1,10,,35035,13,,,1,50,,35036,13,,,1,10,,35037,13,,,1,10,,35038,13,,,1,10,,35039,13,,,1,10,,35040,13,,,1,10,,35041,13,,,1,50,,35042,13,,,1,10,,35043,13,,,1,10,,35044,13,,,1,10,,35045,13,,,1,10,,35046,13,,,1,10,,35047,13,,,1,50,,35048,13,,,1,10,,35049,13,,,1,10,,35050,13,,,1,10,,35051,13,,,1,10,,35052,13,,,1,10,,35053,13,,,1,50,,35054,13,,,1,10,,35055,13,,,1,6,,35056,13,,,1,6,,35057,13,,,1,6,,35058,13,,,1,6,,35059,13,,,1,6,,35060,13,,,1,6,,35061,13,,,1,6,,35062,13,,,1,46,,35063,13,,,1,6,,35064,13,,,1,6,,35065,13,,,1,6,,35066,13,,,1,6,,35067,13,,,1,6,,35068,13,,,1,6,,35069,13,,,1,6,,35070,13,,,1,6,,35071,13,,,1,6,,35072,13,,,1,46,,35073,13,,,1,6,,35074,13,,,1,6,,35075,13,,,1,6,,35076,13,,,1,6,,35077,13,,,1,6,,35078,13,,,1,6,,35079,13,,,1,6,,35080,13,,,1,6,,35081,13,,,1,6,,35082,13,,,1,46,,35083,13,,,1,6,,35084,13,,,1,6,,35085,13,,,1,6,,35086,13,,,1,6,,35087,13,,,1,6,,35088,13,,,1,6,,35089,13,,,1,6,,35090,13,,,1,6,,35091,13,,,1,6,,35092,13,,,1,46,,35093,13,,,1,6,,35094,13,,,1,6,,35095,13,,,1,6,,35096,13,,,1,9,,35097,13,,,1,15,,35098,13,,,1,55,,35099,13,,,1,15,,35100,13,,,1,15,,35101,13,,,1,15,,35102,13,,,1,55,,35103,13,,,1,15,,35104,13,,,1,15,,35105,13,,,1,15,,35106,13,,,1,55,,35107,13,,,1,15,,35108,13,,,1,15,,35109,13,,,1,15,,35110,13,,,1,55,,35111,13,,,1,15,,35112,13,,,1,15,,35113,13,,,1,15,,35114,13,,,1,55,,35115,13,,,1,15,,35116,13,,,1,15,,35117,13,,,1,15,,35118,13,,,1,55,,35119,13,,,1,15,,35120,13,,,1,15,,35121,13,,,1,15,,35122,13,,,1,55,,35123,13,,,1,15,,34994,13,,,1
18002101,'021R-Weekday-3-26-09',535,,35260,13,,,1,12,,35262,13,,,1,12,,35263,13,,,1,46,,35394,13,,,1,6,,35261,13,,,1,6,,35292,13,,,1,6,,35293,13,,,1,6,,35294,13,,,1,6,,35295,13,,,1,6,,35291,13,,,1,6,,35290,13,,,1,6,,35289,13,,,1,6,,35288,13,,,1,46,,35287,13,,,1,6,,35286,13,,,1,6,,35285,13,,,1,6,,35284,13,,,1,6,,35283,13,,,1,6,,35282,13,,,1,6,,35281,13,,,1,6,,35280,13,,,1,6,,35279,13,,,1,6,,35278,13,,,1,46,,35277,13,,,1,6,,35276,13,,,1,6,,35275,13,,,1,6,,35274,13,,,1,6,,35273,13,,,1,6,,35272,13,,,1,6,,35271,13,,,1,6,,35270,13,,,1,6,,35269,13,,,1,6,,35268,13,,,1,46,,35267,13,,,1,6,,35266,13,,,1,6,,35265,13,,,1,10,,35296,13,,,1,10,,35297,13,,,1,10,,35298,13,,,1,10,,35299,13,,,1,50,,35300,13,,,1,10,,35301,13,,,1,10,,35302,13,,,1,10,,35303,13,,,1,10,,35304,13,,,1,10,,35305,13,,,1,50,,35306,13,,,1,10,,35307,13,,,1,10,,35308,13,,,1,10,,35309,13,,,1,10,,35310,13,,,1,10,,35311,13,,,1,50,,35312,13,,,1,10,,35313,13,,,1,10,,35314,13,,,1,10,,35315,13,,,1,10,,35316,13,,,1,10,,35317,13,,,1,50,,35318,13,,,1,10,,35319,13,,,1,10,,35320,13,,,1,10,,35321,13,,,1,10,,35322,13,,,1,10,,35323,13,,,1,50,,35324,13,,,1,10,,35325,13,,,1,6,,35326,13,,,1,6,,35327,13,,,1,6,,35328,13,,,1,6,,35329,13,,,1,6,,35330,13,,,1,6,,35331,13,,,1,6,,35332,13,,,1,46,,35333,13,,,1,6,,35334,13,,,1,6,,35335,13,,,1,6,,35336,13,,,1,6,,35337,13,,,1,6,,35338,13,,,1,6,,35339,13,,,1,6,,35340,13,,,1,6,,35341,13,,,1,6,,35342,13,,,1,46,,35343,13,,,1,6,,35344,13,,,1,6,,35345,13,,,1,6,,35346,13,,,1,6,,35347,13,,,1,6,,35348,13,,,1,6,,35349,13,,,1,6,,35350,13,,,1,6,,35351,13,,,1,6,,35352,13,,,1,46,,35353,13,,,1,6,,35354,13,,,1,6,,35355,13,,,1,6,,35356,13,,,1,6,,35357,13,,,1,6,,35358,13,,,1,6,,35359,13,,,1,6,,35360,13,,,1,6,,35361,13,,,1,6,,35362,13,,,1,46,,35363,13,,,1,6,,35364,13,,,1,6,,35365,13,,,1,6,,35366,13,,,1,9,,35367,13,,,1,15,,35368,13,,,1,55,,35369,13,,,1,15,,35370,13,,,1,15,,35371,13,,,1,15,,35372,13,,,1,55,,35373,13,,,1,15,,35374,13,,,1,15,,35375,13,,,1,15,,35376,13,,,1,55,,35377,13,,,1,15,,35378,13,,,1,15,,35379,13,,,1,15,,35380,13,,,1,55,,35381,13,,,1,15,,35382,13,,,1,15,,35383,13,,,1,15,,35384,13,,,1,55,,35385,13,,,1,15,,35386,13,,,1,15,,35387,13,,,1,15,,35388,13,,,1,55,,35389,13,,,1,15,,35390,13,,,1,15,,35391,13,,,1,15,,35392,13,,,1,55,,35393,13,,,1,15,,35264,13,,,1
18002101,'021R-Weekday-4-26-09',535,,35395,13,,,1,12,,35397,13,,,1,12,,35398,13,,,1,46,,35529,13,,,1,6,,35396,13,,,1,6,,35427,13,,,1,6,,35428,13,,,1,6,,35429,13,,,1,6,,35430,13,,,1,6,,35426,13,,,1,6,,35425,13,,,1,6,,35424,13,,,1,6,,35423,13,,,1,46,,35422,13,,,1,6,,35421,13,,,1,6,,35420,13,,,1,6,,35419,13,,,1,6,,35418,13,,,1,6,,35417,13,,,1,6,,35416,13,,,1,6,,35415,13,,,1,6,,35414,13,,,1,6,,35413,13,,,1,46,,35412,13,,,1,6,,35411,13,,,1,6,,35410,13,,,1,6,,35409,13,,,1,6,,35408,13,,,1,6,,35407,13,,,1,6,,35406,13,,,1,6,,35405,13,,,1,6,,35404,13,,,1,6,,35403,13,,,1,46,,35402,13,,,1,6,,35401,13,,,1,6,,35400,13,,,1,10,,35431,13,,,1,10,,35432,13,,,1,10,,35433,13,,,1,10,,35434,13,,,1,50,,35435,13,,,1,10,,35436,13,,,1,10,,35437,13,,,1,10,,35438,13,,,1,10,,35439,13,,,1,10,,35440,13,,,1,50,,35441,13,,,1,10,,35442,13,,,1,10,,35443,13,,,1,10,,35444,13,,,1,10,,35445,13,,,1,10,,35446,13,,,1,50,,35447,13,,,1,10,,35448,13,,,1,10,,35449,13,,,1,10,,35450,13,,,1,10,,35451,13,,,1,10,,35452,13,,,1,50,,35453,13,,,1,10,,35454,13,,,1,10,,35455,13,,,1,10,,35456,13,,,1,10,,35457,13,,,1,10,,35458,13,,,1,50,,35459,13,,,1,10,,35460,13,,,1,6,,35461,13,,,1,6,,35462,13,,,1,6,,35463,13,,,1,6,,35464,13,,,1,6,,35465,13,,,1,6,,35466,13,,,1,6,,35467,13,,,1,46,,35468,13,,,1,6,,35469,13,,,1,6,,35470,13,,,1,6,,35471,13,,,1,6,,35472,13,,,1,6,,35473,13,,,1,6,,35474,13,,,1,6,,35475,13,,,1,6,,35476,13,,,1,6,,35477,13,,,1,46,,35478,13,,,1,6,,35479,13,,,1,6,,35480,13,,,1,6,,35481,13,,,1,6,,35482,13,,,1,6,,35483,13,,,1,6,,35484,13,,,1,6,,35485,13,,,1,6,,35486,13,,,1,6,,35487,13,,,1,46,,35488,13,,,1,6,,35489,13,,,1,6,,35490,13,,,1,6,,35491,13,,,1,6,,35492,13,,,1,6,,35493,13,,,1,6,,35494,13,,,1,6,,35495,13,,,1,6,,35496,13,,,1,6,,35497,13,,,1,46,,35498,13,,,1,6,,35499,13,,,1,6,,35500,13,,,1,6,,35501,13,,,1,9,,35502,13,,,1,15,,35503,13,,,1,55,,35504,13,,,1,15,,35505,13,,,1,15,,35506,13,,,1,15,,35507,13,,,1,55,,35508,13,,,1,15,,35509,13,,,1,15,,35510,13,,,1,15,,35511,13,,,1,55,,35512,13,,,1,15,,35513,13,,,1,15,,35514,13,,,1,15,,35515,13,,,1,55,,35516,13,,,1,15,,35517,13,,,1,15,,35518,13,,,1,15,,35519,13,,,1,55,,35520,13,,,1,15,,35521,13,,,1,15,,35522,13,,,1,15,,35523,13,,,1,55,,35524,13,,,1,15,,35525,13,,,1,15,,35526,13,,,1,15,,35527,13,,,1,55,,35528,13,,,1,15,,35399,13,,,1
18002101,'021R-Weekday-5-26-09',535,,35530,13,,,1,12,,35532,13,,,1,12,,35533,13,,,1,46,,35664,13,,,1,6,,35531,13,,,1,6,,35562,13,,,1,6,,35563,13,,,1,6,,35564,13,,,1,6,,35565,13,,,1,6,,35561,13,,,1,6,,35560,13,,,1,6,,35559,13,,,1,6,,35558,13,,,1,46,,35557,13,,,1,6,,35556,13,,,1,6,,35555,13,,,1,6,,35554,13,,,1,6,,35553,13,,,1,6,,35552,13,,,1,6,,35551,13,,,1,6,,35550,13,,,1,6,,35549,13,,,1,6,,35548,13,,,1,46,,35547,13,,,1,6,,35546,13,,,1,6,,35545,13,,,1,6,,35544,13,,,1,6,,35543,13,,,1,6,,35542,13,,,1,6,,35541,13,,,1,6,,35540,13,,,1,6,,35539,13,,,1,6,,35538,13,,,1,46,,35537,13,,,1,6,,35536,13,,,1,6,,35535,13,,,1,10,,35566,13,,,1,10,,35567,13,,,1,10,,35568,13,,,1,10,,35569,13,,,1,50,,35570,13,,,1,10,,35571,13,,,1,10,,35572,13,,,1,10,,35573,13,,,1,10,,35574,13,,,1,10,,35575,13,,,1,50,,35576,13,,,1,10,,35577,13,,,1,10,,35578,13,,,1,10,,35579,13,,,1,10,,35580,13,,,1,10,,35581,13,,,1,50,,35582,13,,,1,10,,35583,13,,,1,10,,35584,13,,,1,10,,35585,13,,,1,10,,35586,13,,,1,10,,35587,13,,,1,50,,35588,13,,,1,10,,35589,13,,,1,10,,35590,13,,,1,10,,35591,13,,,1,10,,35592,13,,,1,10,,35593,13,,,1,50,,35594,13,,,1,10,,35595,13,,,1,6,,35596,13,,,1,6,,35597,13,,,1,6,,35598,13,,,1,6,,35599,13,,,1,6,,35600,13,,,1,6,,35601,13,,,1,6,,35602,13,,,1,46,,35603,13,,,1,6,,35604,13,,,1,6,,35605,13,,,1,6,,35606,13,,,1,6,,35607,13,,,1,6,,35608,13,,,1,6,,35609,13,,,1,6,,35610,13,,,1,6,,35611,13,,,1,6,,35612,13,,,1,46,,35613,13,,,1,6,,35614,13,,,1,6,,35615,13,,,1,6,,35616,13,,,1,6,,35617,13,,,1,6,,35618,13,,,1,6,,35619,13,,,1,6,,35620,13,,,1,6,,35621,13,,,1,6,,35622,13,,,1,46,,35623,13,,,1,6,,35624,13,,,1,6,,35625,13,,,1,6,,35626,13,,,1,6,,35627,13,,,1,6,,35628,13,,,1,6,,35629,13,,,1,6,,35630,13,,,1,6,,35631,13,,,1,6,,35632,13,,,1,46,,35633,13,,,1,6,,35634,13,,,1,6,,35635,13,,,1,6,,35636,13,,,1,9,,35637,13,,,1,15,,35638,13,,,1,55,,35639,13,,,1,15,,35640,13,,,1,15,,35641,13,,,1,15,,35642,13,,,1,55,,35643,13,,,1,15,,35644,13,,,1,15,,35645,13,,,1,15,,35646,13,,,1,55,,35647,13,,,1,15,,35648,13,,,1,15,,35649,13,,,1,15,,35650,13,,,1,55,,35651,13,,,1,15,,35652,13,,,1,15,,35653,13,,,1,15,,35654,13,,,1,55,,35655,13,,,1,15,,35656,13,,,1,15,,35657,13,,,1,15,,35658,13,,,1,55,,35659,13,,,1,15,,35660,13,,,1,15,,35661,13,,,1,15,,35662,13,,,1,55,,35663,13,,,1,15,,35534,13,,,1
18002101,'021R-Weekday-6-26-09',535,,35665,13,,,1,12,,35667,13,,,1,12,,35668,13,,,1,46,,35799,13,,,1,6,,35666,13,,,1,6,,35697,13,,,1,6,,35698,13,,,1,6,,35699,13,,,1,6,,35700,13,,,1,6,,35696,13,,,1,6,,35695,13,,,1,6,,35694,13,,,1,6,,35693,13,,,1,46,,35692,13,,,1,6,,35691,13,,,1,6,,35690,13,,,1,6,,35689,13,,,1,6,,35688,13,,,1,6,,35687,13,,,1,6,,35686,13,,,1,6,,35685,13,,,1,6,,35684,13,,,1,6,,35683,13,,,1,46,,35682,13,,,1,6,,35681,13,,,1,6,,35680,13,,,1,6,,35679,13,,,1,6,,35678,13,,,1,6,,35677,13,,,1,6,,35676,13,,,1,6,,35675,13,,,1,6,,35674,13,,,1,6,,35673,13,,,1,46,,35672,13,,,1,6,,35671,13,,,1,6,,35670,13,,,1,10,,35701,13,,,1,10,,35702,13,,,1,10,,35703,13,,,1,10,,35704,13,,,1,50,,35705,13,,,1,10,,35706,13,,,1,10,,35707,13,,,1,10,,35708,13,,,1,10,,35709,13,,,1,10,,35710,13,,,1,50,,35711,13,,,1,10,,35712,13,,,1,10,,35713,13,,,1,10,,35714,13,,,1,10,,35715,13,,,1,10,,35716,13,,,1,50,,35717,13,,,1,10,,35718,13,,,1,10,,35719,13,,,1,10,,35720,13,,,1,10,,35721,13,,,1,10,,35722,13,,,1,50,,35723,13,,,1,10,,35724,13,,,1,10,,35725,13,,,1,10,,35726,13,,,1,10,,35727,13,,,1,10,,35728,13,,,1,50,,35729,13,,,1,10,,35730,13,,,1,6,,35731,13,,,1,6,,35732,13,,,1,6,,35733,13,,,1,6,,35734,13,,,1,6,,35735,13,,,1,6,,35736,13,,,1,6,,35737,13,,,1,46,,35738,13,,,1,6,,35739,13,,,1,6,,35740,13,,,1,6,,35741,13,,,1,6,,35742,13,,,1,6,,35743,13,,,1,6,,35744,13,,,1,6,,35745,13,,,1,6,,35746,13,,,1,6,,35747,13,,,1,46,,35748,13,,,1,6,,35749,13,,,1,6,,35750,13,,,1,6,,35751,13,,,1,6,,35752,13,,,1,6,,35753,13,,,1,6,,35754,13,,,1,6,,35755,13,,,1,6,,35756,13,,,1,6,,35757,13,,,1,46,,35758,13,,,1,6,,35759,13,,,1,6,,35760,13,,,1,6,,35761,13,,,1,6,,35762,13,,,1,6,,35763,13,,,1,6,,35764,13,,,1,6,,35765,13,,,1,6,,35766,13,,,1,6,,35767,13,,,1,46,,35768,13,,,1,6,,35769,13,,,1,6,,35770,13,,,1,6,,35771,13,,,1,9,,35772,13,,,1,15,,35773,13,,,1,55,,35774,13,,,1,15,,35775,13,,,1,15,,35776,13,,,1,15,,35777,13,,,1,55,,35778,13,,,1,15,,35779,13,,,1,15,,35780,13,,,1,15,,35781,13,,,1,55,,35782,13,,,1,15,,35783,13,,,1,15,,35784,13,,,1,15,,35785,13,,,1,55,,35786,13,,,1,15,,35787,13,,,1,15,,35788,13,,,1,15,,35789,13,,,1,55,,35790,13,,,1,15,,35791,13,,,1,15,,35792,13,,,1,15,,35793,13,,,1,55,,35794,13,,,1,15,,35795,13,,,1,15,,35796,13,,,1,15,,35797,13,,,1,55,,35798,13,,,1,15,,35669,13,,,1
18002101,'021R-Weekday-7-26-09',535,,35800,13,,,1,12,,35802,13,,,1,12,,35803,13,,,1,46,,35934,13,,,1,6,,35801,13,,,1,6,,35832,13,,,1,6,,35833,13,,,1,6,,35834,13,,,1,6,,35835,13,,,1,6,,35831,13,,,1,6,,35830,13,,,1,6,,35829,13,,,1,6,,35828,13,,,1,46,,35827,13,,,1,6,,35826,13,,,1,6,,35825,13,,,1,6,,35824,13,,,1,6,,35823,13,,,1,6,,35822,13,,,1,6,,35821,13,,,1,6,,35820,13,,,1,6,,35819,13,,,1,6,,35818,13,,,1,46,,35817,13,,,1,6,,35816,13,,,1,6,,35815,13,,,1,6,,35814,13,,,1,6,,35813,13,,,1,6,,35812,13,,,1,6,,35811,13,,,1,6,,35810,13,,,1,6,,35809,13,,,1,6,,35808,13,,,1,46,,35807,13,,,1,6,,35806,13,,,1,6,,35805,13,,,1,10,,35836,13,,,1,10,,35837,13,,,1,10,,35838,13,,,1,10,,35839,13,,,1,50,,35840,13,,,1,10,,35841,13,,,1,10,,35842,13,,,1,10,,35843,13,,,1,10,,35844,13,,,1,10,,35845,13,,,1,50,,35846,13,,,1,10,,35847,13,,,1,10,,35848,13,,,1,10,,35849,13,,,1,10,,35850,13,,,1,10,,35851,13,,,1,50,,35852,13,,,1,10,,35853,13,,,1,10,,35854,13,,,1,10,,35855,13,,,1,10,,35856,13,,,1,10,,35857,13,,,1,50,,35858,13,,,1,10,,35859,13,,,1,10,,35860,13,,,1,10,,35861,13,,,1,10,,35862,13,,,1,10,,35863,13,,,1,50,,35864,13,,,1,10,,35865,13,,,1,6,,35866,13,,,1,6,,35867,13,,,1,6,,35868,13,,,1,6,,35869,13,,,1,6,,35870,13,,,1,6,,35871,13,,,1,6,,35872,13,,,1,46,,35873,13,,,1,6,,35874,13,,,1,6,,35875,13,,,1,6,,35876,13,,,1,6,,35877,13,,,1,6,,35878,13,,,1,6,,35879,13,,,1,6,,35880,13,,,1,6,,35881,13,,,1,6,,35882,13,,,1,46,,35883,13,,,1,6,,35884,13,,,1,6,,35885,13,,,1,6,,35886,13,,,1,6,,35887,13,,,1,6,,35888,13,,,1,6,,35889,13,,,1,6,,35890,13,,,1,6,,35891,13,,,1,6,,35892,13,,,1,46,,35893,13,,,1,6,,35894,13,,,1,6,,35895,13,,,1,6,,35896,13,,,1,6,,35897,13,,,1,6,,35898,13,,,1,6,,35899,13,,,1,6,,35900,13,,,1,6,,35901,13,,,1,6,,35902,13,,,1,46,,35903,13,,,1,6,,35904,13,,,1,6,,35905,13,,,1,6,,35906,13,,,1,9,,35907,13,,,1,15,,35908,13,,,1,55,,35909,13,,,1,15,,35910,13,,,1,15,,35911,13,,,1,15,,35912,13,,,1,55,,35913,13,,,1,15,,35914,13,,,1,15,,35915,13,,,1,15,,35916,13,,,1,55,,35917,13,,,1,15,,35918,13,,,1,15,,35919,13,,,1,15,,35920,13,,,1,55,,35921,13,,,1,15,,35922,13,,,1,15,,35923,13,,,1,15,,35924,13,,,1,55,,35925,13,,,1,15,,35926,13,,,1,15,,35927,13,,,1,15,,35928,13,,,1,55,,35929,13,,,1,15,,35930,13,,,1,15,,35931,13,,,1,15,,35932,13,,,1,55,,35933,13,,,1,15,,35804,13,,,1
18002101,'021R-Saturday-1-26-09',532,,35935,13,,,1,15,,35936,13,,,1,55,,35937,13,,,1,15,,35938,13,,,1,15,,35939,13,,,1,15,,35940,13,,,1,55,,35941,13,,,1,15,,35942,13,,,1,15,,35943,13,,,1,15,,35944,13,,,1,55,,35945,13,,,1,15,,35946,13,,,1,15,,35947,13,,,1,15,,35948,13,,,1,55,,35949,13,,,1,15,,35950,13,,,1,15,,35951,13,,,1,15,,35952,13,,,1,55,,35953,13,,,1,15,,35954,13,,,1,15,,35955,13,,,1,15,,35956,13,,,1,55,,35957,13,,,1,15,,35958,13,,,1,15,,35959,13,,,1,15,,35960,13,,,1,55,,35961,13,,,1,15,,35962,13,,,1,15,,35963,13,,,1,15,,35964,13,,,1,55,,35965,13,,,1,15,,35966,13,,,1,15,,35967,13,,,1,15,,35968,13,,,1,55,,35969,13,,,1,15,,35970,13,,,1,15,,35971,13,,,1,15,,35972,13,,,1,55,,35973,13,,,1,15,,35974,13,,,1,15,,35975,13,,,1,15,,35976,13,,,1,55,,35977,13,,,1,15,,35978,13,,,1,15,,35979,13,,,1,15,,35980,13,,,1,55,,35981,13,,,1,15,,35982,13,,,1,15,,35983,13,,,1,15,,35984,13,,,1,55,,35985,13,,,1,15,,35986,13,,,1,15,,35987,13,,,1,15,,35988,13,,,1,55,,35989,13,,,1,15,,35990,13,,,1,15,,35991,13,,,1,15,,35992,13,,,1,55,,35993,13,,,1,15,,35994,13,,,1,15,,35995,13,,,1,15,,35996,13,,,1,55,,35997,13,,,1,15,,35998,13,,,1,15,,35999,13,,,1,15,,36000,13,,,1,55,,36001,13,,,1,15,,36002,13,,,1,15,,36003,13,,,1,15,,36004,13,,,1,55,,36005,13,,,1,15,,36006,13,,,1,15,,36007,13,,,1,15,,36008,13,,,1,55,,36009,13,,,1,15,,36010,13,,,1,15,,36011,13,,,1,15,,36012,13,,,1,55,,36013,13,,,1,15,,36014,13,,,1
18002101,'021R-Saturday-3-26-09',532,,42089,13,,,1,15,,42090,13,,,1,55,,42091,13,,,1,15,,42092,13,,,1,15,,42093,13,,,1,15,,42094,13,,,1,55,,42095,13,,,1,15,,42096,13,,,1,15,,42097,13,,,1,15,,42098,13,,,1,55,,42099,13,,,1,15,,42100,13,,,1,15,,42101,13,,,1,15,,42102,13,,,1,55,,42103,13,,,1,15,,42104,13,,,1,15,,42105,13,,,1,15,,42106,13,,,1,55,,42107,13,,,1,15,,42108,13,,,1,15,,42109,13,,,1,15,,42110,13,,,1,55,,42111,13,,,1,15,,42112,13,,,1,15,,42113,13,,,1,15,,42114,13,,,1,55,,42115,13,,,1,15,,42116,13,,,1,15,,42117,13,,,1,15,,42118,13,,,1,55,,42119,13,,,1,15,,42120,13,,,1,15,,42121,13,,,1,15,,42122,13,,,1,55,,42123,13,,,1,15,,42124,13,,,1,15,,42125,13,,,1,15,,42126,13,,,1,55,,42127,13,,,1,15,,42128,13,,,1,15,,42129,13,,,1,15,,42130,13,,,1,55,,42131,13,,,1,15,,42132,13,,,1,15,,42133,13,,,1,15,,42134,13,,,1,55,,42135,13,,,1,15,,42136,13,,,1,15,,42137,13,,,1,15,,42138,13,,,1,55,,42139,13,,,1,15,,42140,13,,,1,15,,42141,13,,,1,15,,42142,13,,,1,55,,42143,13,,,1,15,,42144,13,,,1,15,,42145,13,,,1,15,,42146,13,,,1,55,,42147,13,,,1,15,,42148,13,,,1,15,,42149,13,,,1,15,,42150,13,,,1,55,,42151,13,,,1,15,,42152,13,,,1,15,,42153,13,,,1,15,,42154,13,,,1,55,,42155,13,,,1,15,,42156,13,,,1,15,,42157,13,,,1,15,,42158,13,,,1,55,,42159,13,,,1,15,,42160,13,,,1,15,,42161,13,,,1,15,,42162,13,,,1,55,,42163,13,,,1,15,,42164,13,,,1,15,,42165,13,,,1,15,,42166,13,,,1,55,,42167,13,,,1,15,,42168,13,,,1
18002101,'021R-Saturday-4-26-09',532,,42169,13,,,1,7,,42170,13,,,1,15,,42171,13,,,1,55,,42172,13,,,1,15,,42173,13,,,1,15,,42174,13,,,1,15,,42175,13,,,1,55,,42176,13,,,1,15,,42177,13,,,1,15,,42178,13,,,1,15,,42179,13,,,1,55,,42180,13,,,1,15,,42181,13,,,1,15,,42182,13,,,1,15,,42183,13,,,1,55,,42184,13,,,1,15,,42185,13,,,1,15,,42186,13,,,1,15,,42187,13,,,1,55,,42188,13,,,1,15,,42189,13,,,1,15,,42190,13,,,1,15,,42191,13,,,1,55,,42192,13,,,1,15,,42193,13,,,1,15,,42194,13,,,1,15,,42195,13,,,1,55,,42196,13,,,1,15,,42197,13,,,1,15,,42198,13,,,1,15,,42199,13,,,1,55,,42200,13,,,1,15,,42201,13,,,1,15,,42202,13,,,1,15,,42203,13,,,1,55,,42204,13,,,1,15,,42205,13,,,1,15,,42206,13,,,1,15,,42207,13,,,1,55,,42208,13,,,1,15,,42209,13,,,1,15,,42210,13,,,1,15,,42211,13,,,1,55,,42212,13,,,1,15,,42213,13,,,1,15,,42214,13,,,1,15,,42215,13,,,1,55,,42216,13,,,1,15,,42217,13,,,1,15,,42218,13,,,1,15,,42219,13,,,1,55,,42220,13,,,1,15,,42221,13,,,1,15,,42222,13,,,1,15,,42223,13,,,1,55,,42224,13,,,1,15,,42225,13,,,1,15,,42226,13,,,1,15,,42227,13,,,1,55,,42228,13,,,1,15,,42229,13,,,1,15,,42230,13,,,1,15,,42231,13,,,1,55,,42232,13,,,1,15,,42233,13,,,1,15,,42234,13,,,1,15,,42235,13,,,1,55,,42236,13,,,1,15,,42237,13,,,1,15,,42238,13,,,1,15,,42239,13,,,1,55,,42240,13,,,1,15,,42241,13,,,1,15,,42242,13,,,1,15,,42243,13,,,1,55,,42244,13,,,1,15,,42245,13,,,1,15,,42246,13,,,1,15,,42247,13,,,1,55,,42248,13,,,1,15,,42249,13,,,1
18002101,'021R-Sunday-1-26-09',532,,36095,13,,,1,15,,36096,13,,,1,55,,36097,13,,,1,15,,36098,13,,,1,15,,36099,13,,,1,15,,36100,13,,,1,55,,36101,13,,,1,15,,36102,13,,,1,15,,36103,13,,,1,15,,36104,13,,,1,55,,36105,13,,,1,15,,36106,13,,,1,15,,36107,13,,,1,15,,36108,13,,,1,55,,36109,13,,,1,15,,36110,13,,,1,15,,36111,13,,,1,15,,36112,13,,,1,55,,36113,13,,,1,15,,36114,13,,,1,15,,36115,13,,,1,15,,36116,13,,,1,55,,36117,13,,,1,15,,36118,13,,,1,15,,36119,13,,,1,15,,36120,13,,,1,55,,36121,13,,,1,15,,36122,13,,,1,15,,36123,13,,,1,15,,36124,13,,,1,55,,36125,13,,,1,15,,36126,13,,,1,15,,36127,13,,,1,15,,36128,13,,,1,55,,36129,13,,,1,15,,36130,13,,,1,15,,36131,13,,,1,15,,36132,13,,,1,55,,36133,13,,,1,15,,36134,13,,,1,15,,36135,13,,,1,15,,36136,13,,,1,55,,36137,13,,,1,15,,36138,13,,,1,15,,36139,13,,,1,15,,36140,13,,,1,55,,36141,13,,,1,15,,36142,13,,,1,15,,36143,13,,,1,15,,36144,13,,,1,55,,36145,13,,,1,15,,36146,13,,,1,15,,36147,13,,,1,15,,36148,13,,,1,55,,36149,13,,,1,15,,36150,13,,,1,15,,36151,13,,,1,15,,36152,13,,,1,55,,36153,13,,,1,15,,36154,13,,,1,15,,36155,13,,,1,15,,36156,13,,,1,55,,36157,13,,,1,15,,36158,13,,,1,15,,36159,13,,,1,15,,36160,13,,,1,55,,36161,13,,,1,15,,36162,13,,,1,15,,36163,13,,,1,15,,36164,13,,,1,55,,36165,13,,,1,15,,36166,13,,,1,15,,36167,13,,,1,15,,36168,13,,,1,55,,36169,13,,,1,15,,36170,13,,,1,15,,36171,13,,,1
18002101,'021R-Sunday-5-26-09',532,,42250,13,,,1,15,,42251,13,,,1,55,,42252,13,,,1,15,,42253,13,,,1,15,,42254,13,,,1,15,,42255,13,,,1,55,,42256,13,,,1,15,,42257,13,,,1,15,,42258,13,,,1,15,,42259,13,,,1,55,,42260,13,,,1,15,,42261,13,,,1,15,,42262,13,,,1,15,,42263,13,,,1,55,,42264,13,,,1,15,,42265,13,,,1,15,,42266,13,,,1,15,,42267,13,,,1,55,,42268,13,,,1,15,,42269,13,,,1,15,,42270,13,,,1,15,,42271,13,,,1,55,,42272,13,,,1,15,,42273,13,,,1,15,,42274,13,,,1,15,,42275,13,,,1,55,,42276,13,,,1,15,,42277,13,,,1,15,,42278,13,,,1,15,,42279,13,,,1,55,,42280,13,,,1,15,,42281,13,,,1,15,,42282,13,,,1,15,,42283,13,,,1,55,,42284,13,,,1,15,,42285,13,,,1,15,,42286,13,,,1,15,,42287,13,,,1,55,,42288,13,,,1,15,,42289,13,,,1,15,,42290,13,,,1,15,,42291,13,,,1,55,,42292,13,,,1,15,,42293,13,,,1,15,,42294,13,,,1,15,,42295,13,,,1,55,,42296,13,,,1,15,,42297,13,,,1,15,,42298,13,,,1,15,,42299,13,,,1,55,,42300,13,,,1,15,,42301,13,,,1,15,,42302,13,,,1,15,,42303,13,,,1,55,,42304,13,,,1,15,,42305,13,,,1,15,,42306,13,,,1,15,,42307,13,,,1,55,,42308,13,,,1,15,,42309,13,,,1,15,,42310,13,,,1,15,,42311,13,,,1,55,,42312,13,,,1,15,,42313,13,,,1,15,,42314,13,,,1,15,,42315,13,,,1,55,,42316,13,,,1,15,,42317,13,,,1,15,,42318,13,,,1,15,,42319,13,,,1,55,,42320,13,,,1,15,,42321,13,,,1,15,,42322,13,,,1,15,,42323,13,,,1,55,,42324,13,,,1,15,,42325,13,,,1,15,,42326,13,,,1
18002101,'021R-Sunday-6-26-09',539,,42703,13,,,1,15,,42704,13,,,1,55,,42705,13,,,1,15,,42706,13,,,1,15,,42707,13,,,1,15,,42708,13,,,1,55,,42709,13,,,1,15,,42710,13,,,1,15,,42711,13,,,1,15,,42712,13,,,1,55,,42713,13,,,1,15,,42714,13,,,1,15,,42715,13,,,1,15,,42716,13,,,1,55,,42717,13,,,1,15,,42718,13,,,1,15,,42719,13,,,1,15,,42720,13,,,1,55,,42721,13,,,1,15,,42722,13,,,1,15,,42723,13,,,1,15,,42724,13,,,1,55,,42725,13,,,1,15,,42726,13,,,1,15,,42727,13,,,1,15,,42728,13,,,1,55,,42729,13,,,1,15,,42730,13,,,1,15,,42731,13,,,1,15,,42732,13,,,1,55,,42733,13,,,1,15,,42734,13,,,1,15,,42735,13,,,1,15,,42736,13,,,1,55,,42737,13,,,1,15,,42738,13,,,1,15,,42739,13,,,1,15,,42740,13,,,1,55,,42741,13,,,1,15,,42742,13,,,1,15,,42743,13,,,1,15,,42744,13,,,1,55,,42745,13,,,1,15,,42746,13,,,1,15,,42747,13,,,1,15,,42748,13,,,1,55,,42749,13,,,1,15,,42750,13,,,1,15,,42751,13,,,1,15,,42752,13,,,1,55,,42753,13,,,1,8,,42754,13,,,1,15,,42755,13,,,1,15,,42756,13,,,1,55,,42757,13,,,1,15,,42758,13,,,1,15,,42759,13,,,1,15,,42760,13,,,1,55,,42761,13,,,1,15,,42762,13,,,1,15,,42763,13,,,1,15,,42764,13,,,1,55,,42765,13,,,1,15,,42766,13,,,1,15,,42767,13,,,1,15,,42768,13,,,1,55,,42769,13,,,1,15,,42770,13,,,1,15,,42771,13,,,1,15,,42772,13,,,1,55,,42773,13,,,1,15,,42774,13,,,1,15,,42775,13,,,1,15,,42776,13,,,1,55,,42777,13,,,1,15,,42778,13,,,1,15,,42779,13,,,1
18002201,'022R-Weekday-1-26-09',615,,37606,10,4,,1,12,,37607,10,4,,1,12,,37608,10,4,,1,12,,37609,10,4,,1,52,,37610,10,4,,1,12,,37611,10,4,,1,12,,37612,10,4,,1,12,,37613,10,4,,1,12,,37614,10,4,,1,52,,37615,10,4,,1,12,,37616,10,4,,1,12,,37617,10,4,,1,12,,37618,10,4,,1,12,,37619,10,4,,1,52,,37620,10,4,,1,12,,37621,10,4,,1,12,,37622,10,4,,1,18,,37623,10,4,,1,60,,37624,10,4,,1,15,,37625,10,4,,1,15,,37626,10,4,,1,15,,37627,10,4,,1,55,,37628,10,4,,1,15,,37629,10,4,,1,15,,37630,10,4,,1,15,,37631,10,4,,1,55,,37632,10,4,,1,15,,37633,10,4,,1,15,,37634,10,4,,1,15,,37635,10,4,,1,55,,37636,10,4,,1,15,,37637,10,4,,1,15,,37638,10,4,,1,15,,37639,10,4,,1,53,,37640,10,4,,1,12,,37641,10,4,,1,12,,37642,10,4,,1,12,,37643,10,4,,1,12,,37644,10,4,,1,52,,37645,10,4,,1,12,,37646,10,4,,1,12,,37647,10,4,,1,12,,37648,10,4,,1,12,,37649,10,4,,1,52,,37650,10,4,,1,12,,37651,10,4,,1,12,,37652,10,4,,1,12,,37653,10,4,,1,12,,37654,10,4,,1,52,,37655,10,4,,1,12,,37656,10,4,,1,12,,37657,10,4,,1,12,,37658,10,4,,1,12,,37659,10,4,,1,52,,37660,10,4,,1,12,,37661,10,4,,1,12,,37662,10,4,,1,17,,37663,10,4,,1,15,,37664,10,4,,1,55,,37665,10,4,,1,15,,37666,10,4,,1,15,,37667,10,4,,1,15,,37668,10,4,,1,55,,37669,10,4,,1,15,,37670,10,4,,1,15,,37671,10,4,,1,15,,37672,10,4,,1,55,,37673,10,4,,1,15,,37674,10,4,,1,15,,37675,10,4,,1,15,,37676,10,4,,1,55,,37677,10,4,,1,15,,37678,10,4,,1,15,,37679,10,4,,1,15,,37680,10,4,,1,55,,37681,10,4,,1,15,,37605,10,4,,1,15,,37604,10,4,,1,15,,37603,10,4,,1,55,,37602,10,4,,1,15,,37601,10,4,,1,15,,37600,10,4,,1,15,,37599,10,4,,1,55,,37598,10,4,,1
18002201,'022R-Weekday-3-26-09',615,,37774,10,4,,1,12,,37775,10,4,,1,12,,37776,10,4,,1,12,,37777,10,4,,1,52,,37778,10,4,,1,12,,37779,10,4,,1,12,,37780,10,4,,1,12,,37781,10,4,,1,12,,37782,10,4,,1,52,,37783,10,4,,1,12,,37784,10,4,,1,12,,37785,10,4,,1,12,,37786,10,4,,1,12,,37787,10,4,,1,52,,37788,10,4,,1,12,,37789,10,4,,1,12,,37790,10,4,,1,18,,37791,10,4,,1,60,,37792,10,4,,1,15,,37793,10,4,,1,15,,37794,10,4,,1,15,,37795,10,4,,1,55,,37796,10,4,,1,15,,37797,10,4,,1,15,,37798,10,4,,1,15,,37799,10,4,,1,55,,37800,10,4,,1,15,,37801,10,4,,1,15,,37802,10,4,,1,15,,37803,10,4,,1,55,,37804,10,4,,1,15,,37805,10,4,,1,15,,37806,10,4,,1,15,,37807,10,4,,1,53,,37808,10,4,,1,12,,37809,10,4,,1,12,,37810,10,4,,1,12,,37811,10,4,,1,12,,37812,10,4,,1,52,,37813,10,4,,1,12,,37814,10,4,,1,12,,37815,10,4,,1,12,,37816,10,4,,1,12,,37817,10,4,,1,52,,37818,10,4,,1,12,,37819,10,4,,1,12,,37820,10,4,,1,12,,37821,10,4,,1,12,,37822,10,4,,1,52,,37823,10,4,,1,12,,37824,10,4,,1,12,,37825,10,4,,1,12,,37826,10,4,,1,12,,37827,10,4,,1,52,,37828,10,4,,1,12,,37829,10,4,,1,12,,37830,10,4,,1,17,,37831,10,4,,1,15,,37832,10,4,,1,55,,37833,10,4,,1,15,,37834,10,4,,1,15,,37835,10,4,,1,15,,37836,10,4,,1,55,,37837,10,4,,1,15,,37838,10,4,,1,15,,37839,10,4,,1,15,,37840,10,4,,1,55,,37841,10,4,,1,15,,37842,10,4,,1,15,,37843,10,4,,1,15,,37844,10,4,,1,55,,37845,10,4,,1,15,,37846,10,4,,1,15,,37847,10,4,,1,15,,37848,10,4,,1,55,,37849,10,4,,1,15,,37773,10,4,,1,15,,37772,10,4,,1,15,,37771,10,4,,1,55,,37770,10,4,,1,15,,37769,10,4,,1,15,,37768,10,4,,1,15,,37767,10,4,,1,55,,37766,10,4,,1
18002201,'022R-Weekday-4-26-09',615,,37858,10,4,,1,12,,37859,10,4,,1,12,,37860,10,4,,1,12,,37861,10,4,,1,52,,37862,10,4,,1,12,,37863,10,4,,1,12,,37864,10,4,,1,12,,37865,10,4,,1,12,,37866,10,4,,1,52,,37867,10,4,,1,12,,37868,10,4,,1,12,,37869,10,4,,1,12,,37870,10,4,,1,12,,37871,10,4,,1,52,,37872,10,4,,1,12,,37873,10,4,,1,12,,37874,10,4,,1,18,,37875,10,4,,1,60,,37876,10,4,,1,15,,37877,10,4,,1,15,,37878,10,4,,1,15,,37879,10,4,,1,55,,37880,10,4,,1,15,,37881,10,4,,1,15,,37882,10,4,,1,15,,37883,10,4,,1,55,,37884,10,4,,1,15,,37885,10,4,,1,15,,37886,10,4,,1,15,,37887,10,4,,1,55,,37888,10,4,,1,15,,37889,10,4,,1,15,,37890,10,4,,1,15,,37891,10,4,,1,53,,37892,10,4,,1,12,,37893,10,4,,1,12,,37894,10,4,,1,12,,37895,10,4,,1,12,,37896,10,4,,1,52,,37897,10,4,,1,12,,37898,10,4,,1,12,,37899,10,4,,1,12,,37900,10,4,,1,12,,37901,10,4,,1,52,,37902,10,4,,1,12,,37903,10,4,,1,12,,37904,10,4,,1,12,,37905,10,4,,1,12,,37906,10,4,,1,52,,37907,10,4,,1,12,,37908,10,4,,1,12,,37909,10,4,,1,12,,37910,10,4,,1,12,,37911,10,4,,1,52,,37912,10,4,,1,12,,37913,10,4,,1,12,,37914,10,4,,1,17,,37915,10,4,,1,15,,37916,10,4,,1,55,,37917,10,4,,1,15,,37918,10,4,,1,15,,37919,10,4,,1,15,,37920,10,4,,1,55,,37921,10,4,,1,15,,37922,10,4,,1,15,,37923,10,4,,1,15,,37924,10,4,,1,55,,37925,10,4,,1,15,,37926,10,4,,1,15,,37927,10,4,,1,15,,37928,10,4,,1,55,,37929,10,4,,1,15,,37930,10,4,,1,15,,37931,10,4,,1,15,,37932,10,4,,1,55,,37933,10,4,,1,15,,37857,10,4,,1,15,,37856,10,4,,1,15,,37855,10,4,,1,55,,37854,10,4,,1,15,,37853,10,4,,1,15,,37852,10,4,,1,15,,37851,10,4,,1,55,,37850,10,4,,1
18002201,'022R-Weekday-5-26-09',615,,37942,10,4,,1,12,,37943,10,4,,1,12,,37944,10,4,,1,12,,37945,10,4,,1,52,,37946,10,4,,1,12,,37947,10,4,,1,12,,37948,10,4,,1,12,,37949,10,4,,1,12,,37950,10,4,,1,52,,37951,10,4,,1,12,,37952,10,4,,1,12,,37953,10,4,,1,12,,37954,10,4,,1,12,,37955,10,4,,1,52,,37956,10,4,,1,12,,37957,10,4,,1,12,,37958,10,4,,1,18,,37959,10,4,,1,60,,37960,10,4,,1,15,,37961,10,4,,1,15,,37962,10,4,,1,15,,37963,10,4,,1,55,,37964,10,4,,1,15,,37965,10,4,,1,15,,37966,10,4,,1,15,,37967,10,4,,1,55,,37968,10,4,,1,15,,37969,10,4,,1,15,,37970,10,4,,1,15,,37971,10,4,,1,55,,37972,10,4,,1,15,,37973,10,4,,1,15,,37974,10,4,,1,15,,37975,10,4,,1,53,,37976,10,4,,1,12,,37977,10,4,,1,12,,37978,10,4,,1,12,,37979,10,4,,1,12,,37980,10,4,,1,52,,37981,10,4,,1,12,,37982,10,4,,1,12,,37983,10,4,,1,12,,37984,10,4,,1,12,,37985,10,4,,1,52,,37986,10,4,,1,12,,37987,10,4,,1,12,,37988,10,4,,1,12,,37989,10,4,,1,12,,37990,10,4,,1,52,,37991,10,4,,1,12,,37992,10,4,,1,12,,37993,10,4,,1,12,,37994,10,4,,1,12,,37995,10,4,,1,52,,37996,10,4,,1,12,,37997,10,4,,1,12,,37998,10,4,,1,17,,37999,10,4,,1,15,,38000,10,4,,1,55,,38001,10,4,,1,15,,38002,10,4,,1,15,,38003,10,4,,1,15,,38004,10,4,,1,55,,38005,10,4,,1,15,,38006,10,4,,1,15,,38007,10,4,,1,15,,38008,10,4,,1,55,,38009,10,4,,1,15,,38010,10,4,,1,15,,38011,10,4,,1,15,,38012,10,4,,1,55,,38013,10,4,,1,15,,38014,10,4,,1,15,,38015,10,4,,1,15,,38016,10,4,,1,55,,38017,10,4,,1,15,,37941,10,4,,1,15,,37940,10,4,,1,15,,37939,10,4,,1,55,,37938,10,4,,1,15,,37937,10,4,,1,15,,37936,10,4,,1,15,,37935,10,4,,1,55,,37934,10,4,,1
18002201,'022R-Weekday-6-26-09',615,,38026,10,4,,1,12,,38027,10,4,,1,12,,38028,10,4,,1,12,,38029,10,4,,1,52,,38030,10,4,,1,12,,38031,10,4,,1,12,,38032,10,4,,1,12,,38033,10,4,,1,12,,38034,10,4,,1,52,,38035,10,4,,1,12,,38036,10,4,,1,12,,38037,10,4,,1,12,,38038,10,4,,1,12,,38039,10,4,,1,52,,38040,10,4,,1,12,,38041,10,4,,1,12,,38042,10,4,,1,18,,38043,10,4,,1,60,,38044,10,4,,1,15,,38045,10,4,,1,15,,38046,10,4,,1,15,,38047,10,4,,1,55,,38048,10,4,,1,15,,38049,10,4,,1,15,,38050,10,4,,1,15,,38051,10,4,,1,55,,38052,10,4,,1,15,,38053,10,4,,1,15,,38054,10,4,,1,15,,38055,10,4,,1,55,,38056,10,4,,1,15,,38057,10,4,,1,15,,38058,10,4,,1,15,,38059,10,4,,1,53,,38060,10,4,,1,12,,38061,10,4,,1,12,,38062,10,4,,1,12,,38063,10,4,,1,12,,38064,10,4,,1,52,,38065,10,4,,1,12,,38066,10,4,,1,12,,38067,10,4,,1,12,,38068,10,4,,1,12,,38069,10,4,,1,52,,38070,10,4,,1,12,,38071,10,4,,1,12,,38072,10,4,,1,12,,38073,10,4,,1,12,,38074,10,4,,1,52,,38075,10,4,,1,12,,38076,10,4,,1,12,,38077,10,4,,1,12,,38078,10,4,,1,12,,38079,10,4,,1,52,,38080,10,4,,1,12,,38081,10,4,,1,12,,38082,10,4,,1,17,,38083,10,4,,1,15,,38084,10,4,,1,55,,38085,10,4,,1,15,,38086,10,4,,1,15,,38087,10,4,,1,15,,38088,10,4,,1,55,,38089,10,4,,1,15,,38090,10,4,,1,15,,38091,10,4,,1,15,,38092,10,4,,1,55,,38093,10,4,,1,15,,38094,10,4,,1,15,,38095,10,4,,1,15,,38096,10,4,,1,55,,38097,10,4,,1,15,,38098,10,4,,1,15,,38099,10,4,,1,15,,38100,10,4,,1,55,,38101,10,4,,1,15,,38025,10,4,,1,15,,38024,10,4,,1,15,,38023,10,4,,1,55,,38022,10,4,,1,15,,38021,10,4,,1,15,,38020,10,4,,1,15,,38019,10,4,,1,55,,38018,10,4,,1
18002201,'022R-Weekday-7-26-09',615,,38110,10,4,,1,12,,38111,10,4,,1,12,,38112,10,4,,1,12,,38113,10,4,,1,52,,38114,10,4,,1,12,,38115,10,4,,1,12,,38116,10,4,,1,12,,38117,10,4,,1,12,,38118,10,4,,1,52,,38119,10,4,,1,12,,38120,10,4,,1,12,,38121,10,4,,1,12,,38122,10,4,,1,12,,38123,10,4,,1,52,,38124,10,4,,1,12,,38125,10,4,,1,12,,38126,10,4,,1,18,,38127,10,4,,1,60,,38128,10,4,,1,15,,38129,10,4,,1,15,,38130,10,4,,1,15,,38131,10,4,,1,55,,38132,10,4,,1,15,,38133,10,4,,1,15,,38134,10,4,,1,15,,38135,10,4,,1,55,,38136,10,4,,1,15,,38137,10,4,,1,15,,38138,10,4,,1,15,,38139,10,4,,1,55,,38140,10,4,,1,15,,38141,10,4,,1,15,,38142,10,4,,1,15,,38143,10,4,,1,53,,38144,10,4,,1,12,,38145,10,4,,1,12,,38146,10,4,,1,12,,38147,10,4,,1,12,,38148,10,4,,1,52,,38149,10,4,,1,12,,38150,10,4,,1,12,,38151,10,4,,1,12,,38152,10,4,,1,12,,38153,10,4,,1,52,,38154,10,4,,1,12,,38155,10,4,,1,12,,38156,10,4,,1,12,,38157,10,4,,1,12,,38158,10,4,,1,52,,38159,10,4,,1,12,,38160,10,4,,1,12,,38161,10,4,,1,12,,38162,10,4,,1,12,,38163,10,4,,1,52,,38164,10,4,,1,12,,38165,10,4,,1,12,,38166,10,4,,1,17,,38167,10,4,,1,15,,38168,10,4,,1,55,,38169,10,4,,1,15,,38170,10,4,,1,15,,38171,10,4,,1,15,,38172,10,4,,1,55,,38173,10,4,,1,15,,38174,10,4,,1,15,,38175,10,4,,1,15,,38176,10,4,,1,55,,38177,10,4,,1,15,,38178,10,4,,1,15,,38179,10,4,,1,15,,38180,10,4,,1,55,,38181,10,4,,1,15,,38182,10,4,,1,15,,38183,10,4,,1,15,,38184,10,4,,1,55,,38185,10,4,,1,15,,38109,10,4,,1,15,,38108,10,4,,1,15,,38107,10,4,,1,55,,38106,10,4,,1,15,,38105,10,4,,1,15,,38104,10,4,,1,15,,38103,10,4,,1,55,,38102,10,4,,1
18002201,'022R-Saturday-1-26-09',612,,38186,10,4,,1,15,,38187,10,4,,1,15,,38188,10,4,,1,15,,38189,10,4,,1,55,,38190,10,4,,1,15,,38191,10,4,,1,15,,38192,10,4,,1,15,,38193,10,4,,1,55,,38194,10,4,,1,15,,38195,10,4,,1,15,,38196,10,4,,1,15,,38197,10,4,,1,55,,38198,10,4,,1,15,,38199,10,4,,1,15,,38200,10,4,,1,15,,38201,10,4,,1,55,,38202,10,4,,1,15,,38203,10,4,,1,15,,38204,10,4,,1,15,,38205,10,4,,1,55,,38206,10,4,,1,15,,38207,10,4,,1,15,,38208,10,4,,1,15,,38209,10,4,,1,55,,38210,10,4,,1,15,,38211,10,4,,1,15,,38212,10,4,,1,15,,38213,10,4,,1,55,,38214,10,4,,1,15,,38215,10,4,,1,15,,38216,10,4,,1,15,,38217,10,4,,1,55,,38218,10,4,,1,15,,38219,10,4,,1,15,,38220,10,4,,1,15,,38221,10,4,,1,55,,38222,10,4,,1,15,,38223,10,4,,1,15,,38224,10,4,,1,15,,38225,10,4,,1,55,,38226,10,4,,1,15,,38227,10,4,,1,15,,38228,10,4,,1,15,,38229,10,4,,1,55,,38230,10,4,,1,15,,38231,10,4,,1,15,,38232,10,4,,1,15,,38233,10,4,,1,55,,38234,10,4,,1,15,,38235,10,4,,1,15,,38236,10,4,,1,15,,38237,10,4,,1,55,,38238,10,4,,1,15,,38239,10,4,,1,15,,38240,10,4,,1,15,,38241,10,4,,1,55,,38242,10,4,,1,15,,38243,10,4,,1,15,,38244,10,4,,1,15,,38245,10,4,,1,55,,38246,10,4,,1,15,,38247,10,4,,1,15,,38248,10,4,,1,15,,38249,10,4,,1,55,,38250,10,4,,1,15,,38251,10,4,,1,15,,38252,10,4,,1,15,,38253,10,4,,1,55,,38254,10,4,,1,15,,38255,10,4,,1,15,,38256,10,4,,1,15,,38257,10,4,,1,55,,38258,10,4,,1,15,,38259,10,4,,1,15,,38260,10,4,,1,15,,38261,10,4,,1,55,,38262,10,4,,1
18002201,'022R-Saturday-4-26-09',1615,,38495,10,4,,1,15,,38494,10,4,,1,15,,38493,10,4,,1,12,,38419,10,4,,1,55,,38420,10,4,,1,15,,38421,10,4,,1,15,,38422,10,4,,1,15,,38423,10,4,,1,55,,38424,10,4,,1,15,,38425,10,4,,1,15,,38426,10,4,,1,15,,38427,10,4,,1,55,,38428,10,4,,1,15,,38429,10,4,,1,15,,38430,10,4,,1,15,,38431,10,4,,1,55,,38432,10,4,,1,15,,38433,10,4,,1,15,,38434,10,4,,1,15,,38435,10,4,,1,55,,38436,10,4,,1,15,,38437,10,4,,1,15,,38438,10,4,,1,15,,38439,10,4,,1,55,,38440,10,4,,1,15,,38441,10,4,,1,15,,38442,10,4,,1,15,,38443,10,4,,1,55,,38444,10,4,,1,15,,38445,10,4,,1,15,,38446,10,4,,1,15,,38447,10,4,,1,55,,38448,10,4,,1,15,,38449,10,4,,1,15,,38450,10,4,,1,15,,38451,10,4,,1,55,,38452,10,4,,1
18002201,'022R-Saturday-5-26-09',612,,42477,10,4,,1,15,,42478,10,4,,1,15,,42479,10,4,,1,15,,42480,10,4,,1,55,,42481,10,4,,1,15,,42482,10,4,,1,15,,42483,10,4,,1,15,,42484,10,4,,1,55,,42485,10,4,,1,15,,42486,10,4,,1,15,,42487,10,4,,1,15,,42488,10,4,,1,55,,42489,10,4,,1,15,,42490,10,4,,1,15,,42491,10,4,,1,15,,42492,10,4,,1,55,,42493,10,4,,1,15,,42494,10,4,,1,15,,42495,10,4,,1,15,,42496,10,4,,1,55,,42497,10,4,,1,15,,42498,10,4,,1,15,,42499,10,4,,1,15,,42500,10,4,,1,55,,42501,10,4,,1,15,,42502,10,4,,1,15,,42503,10,4,,1,15,,42504,10,4,,1,55,,42505,10,4,,1,15,,42506,10,4,,1,15,,42507,10,4,,1,15,,42508,10,4,,1,55,,42509,10,4,,1,15,,42510,10,4,,1,15,,42511,10,4,,1,15,,42512,10,4,,1,55,,42513,10,4,,1,15,,42514,10,4,,1,15,,42515,10,4,,1,15,,42516,10,4,,1,55,,42517,10,4,,1,15,,42518,10,4,,1,15,,42519,10,4,,1,15,,42520,10,4,,1,55,,42521,10,4,,1,15,,42522,10,4,,1,15,,42523,10,4,,1,15,,42524,10,4,,1,55,,42525,10,4,,1,15,,42526,10,4,,1,15,,42527,10,4,,1,15,,42528,10,4,,1,55,,42529,10,4,,1,15,,42530,10,4,,1,15,,42531,10,4,,1,15,,42532,10,4,,1,55,,42533,10,4,,1,15,,42534,10,4,,1,15,,42535,10,4,,1,15,,42536,10,4,,1,55,,42537,10,4,,1,15,,42538,10,4,,1,15,,42539,10,4,,1,15,,42540,10,4,,1,55,,42541,10,4,,1,15,,42542,10,4,,1,15,,42543,10,4,,1,15,,42544,10,4,,1,55,,42545,10,4,,1,15,,42546,10,4,,1,15,,42547,10,4,,1,15,,42548,10,4,,1,55,,42549,10,4,,1,15,,42550,10,4,,1,15,,42551,10,4,,1,15,,42552,10,4,,1,55,,42553,10,4,,1
18002201,'022R-Sunday-1-26-09',627,,38496,10,4,,1,15,,38497,10,4,,1,15,,38498,10,4,,1,55,,38499,10,4,,1,15,,38500,10,4,,1,15,,38501,10,4,,1,15,,38502,10,4,,1,55,,38503,10,4,,1,15,,38504,10,4,,1,15,,38505,10,4,,1,15,,38506,10,4,,1,55,,38507,10,4,,1,15,,38508,10,4,,1,15,,38509,10,4,,1,15,,38510,10,4,,1,55,,38511,10,4,,1,15,,38512,10,4,,1,15,,38513,10,4,,1,15,,38514,10,4,,1,55,,38515,10,4,,1,15,,38516,10,4,,1,15,,38517,10,4,,1,15,,38518,10,4,,1,55,,38519,10,4,,1,15,,38520,10,4,,1,15,,38521,10,4,,1,15,,38522,10,4,,1,55,,38523,10,4,,1,15,,38524,10,4,,1,15,,38525,10,4,,1,15,,38526,10,4,,1,55,,38527,10,4,,1,15,,38528,10,4,,1,15,,38529,10,4,,1,15,,38530,10,4,,1,55,,38531,10,4,,1,15,,38532,10,4,,1,15,,38533,10,4,,1,15,,38534,10,4,,1,55,,38535,10,4,,1,15,,38536,10,4,,1,15,,38537,10,4,,1,15,,38538,10,4,,1,55,,38539,10,4,,1,15,,38540,10,4,,1,15,,38541,10,4,,1,15,,38542,10,4,,1,55,,38543,10,4,,1,15,,38544,10,4,,1,15,,38545,10,4,,1,15,,38546,10,4,,1,55,,38547,10,4,,1,15,,38548,10,4,,1,15,,38549,10,4,,1,15,,38550,10,4,,1,55,,38551,10,4,,1,15,,38552,10,4,,1,15,,38553,10,4,,1,15,,38554,10,4,,1,55,,38555,10,4,,1,15,,38556,10,4,,1,15,,38557,10,4,,1,15,,38558,10,4,,1,55,,38559,10,4,,1,15,,38560,10,4,,1,15,,38561,10,4,,1,15,,38562,10,4,,1,55,,38563,10,4,,1,15,,38564,10,4,,1,15,,38565,10,4,,1,15,,38566,10,4,,1,55,,38567,10,4,,1
18002201,'022R-Sunday-6-26-09',1827,,38785,10,4,,1,15,,38786,10,4,,1,15,,38787,10,4,,1,55,,38788,10,4,,1,15,,38789,10,4,,1,15,,38790,10,4,,1,15,,38791,10,4,,1,55,,38792,10,4,,1,15,,38793,10,4,,1,15,,38794,10,4,,1,15,,38795,10,4,,1,55,,38796,10,4,,1,15,,38797,10,4,,1,15,,38798,10,4,,1,15,,38799,10,4,,1,55,,38800,10,4,,1,15,,38801,10,4,,1,15,,38802,10,4,,1,15,,38803,10,4,,1,55,,38804,10,4,,1,15,,38805,10,4,,1,15,,38806,10,4,,1,15,,38807,10,4,,1,55,,38808,10,4,,1
18002201,'022R-Sunday-7-26-09',627,,42554,10,4,,1,15,,42555,10,4,,1,15,,42556,10,4,,1,55,,42557,10,4,,1,15,,42558,10,4,,1,15,,42559,10,4,,1,15,,42560,10,4,,1,55,,42561,10,4,,1,15,,42562,10,4,,1,15,,42563,10,4,,1,15,,42564,10,4,,1,55,,42565,10,4,,1,15,,42566,10,4,,1,15,,42567,10,4,,1,15,,42568,10,4,,1,55,,42569,10,4,,1,15,,42570,10,4,,1,15,,42571,10,4,,1,15,,42572,10,4,,1,55,,42573,10,4,,1,15,,42574,10,4,,1,15,,42575,10,4,,1,15,,42576,10,4,,1,55,,42577,10,4,,1,15,,42578,10,4,,1,15,,42579,10,4,,1,15,,42580,10,4,,1,55,,42581,10,4,,1,15,,42582,10,4,,1,15,,42583,10,4,,1,15,,42584,10,4,,1,55,,42585,10,4,,1,15,,42586,10,4,,1,15,,42587,10,4,,1,15,,42588,10,4,,1,55,,42589,10,4,,1,15,,42590,10,4,,1,15,,42591,10,4,,1,15,,42592,10,4,,1,55,,42593,10,4,,1,15,,42594,10,4,,1,15,,42595,10,4,,1,15,,42596,10,4,,1,55,,42597,10,4,,1,15,,42598,10,4,,1,15,,42599,10,4,,1,15,,42600,10,4,,1,55,,42601,10,4,,1,15,,42602,10,4,,1,15,,42603,10,4,,1,15,,42604,10,4,,1,55,,42605,10,4,,1,15,,42606,10,4,,1,15,,42607,10,4,,1,15,,42608,10,4,,1,55,,42609,10,4,,1,15,,42610,10,4,,1,15,,42611,10,4,,1,15,,42612,10,4,,1,55,,42613,10,4,,1,15,,42614,10,4,,1,15,,42615,10,4,,1,15,,42616,10,4,,1,55,,42617,10,4,,1,15,,42618,10,4,,1,15,,42619,10,4,,1,15,,42620,10,4,,1,55,,42621,10,4,,1,15,,42622,10,4,,1,15,,42623,10,4,,1,15,,42624,10,4,,1,55,,42625,10,4,,1
