180021,18002100,'021R-Weekday-1-26-06',24799,24800,24801,24802,24803,24804,24805,24806,24807,24808,24809,24810,24811,24812,24813,24814,24815,24816,24817,24818,24819,24820,24821,24822,24823,24824,24825,24826,24827,24828,24829,24830,24831,24832,24833,24834,24835,24836,24837,24838,24839,24840,24841,24842,24843,24844,24845,24846,24847,24848,24849,24850,24851,24852,24853,24854,24855,24856,24857,24858,24859,24860,24861,24862,24863,24864,24865,24866,24867,24868,24869,24870,24871,24872,24873,24874,24875,24876,24877,24878,24879,24880,24881,24882,24883,24884,24885,24886,24887,24888,24889,24890,24891,24892,24893,24894,24895,24896,24897,24898,24899,24900,24901,24902,24903,24904,24905,24906,24907,24908,24909,24910,24911,24912,24913,24914,24915,24916,24917,24918,24919,24920,24921,24922,24923,24924,24925,24926,24927,24928,24929,24930,24931,24932,24933,24934,24935
180021,18002100,'021R-Weekday-10-26-06',32719,32720,32721,32722,32723,32724,32725,32726,32727,32728,32729,32730,32731,32732,32733,32734,32735,32736,32737,32738,32739,32740,32741,32742,32743,32744,32745,32746,32747,32748,32749,32750,32751,32752,32753,32754,32755,32756,32757,32758,32759,32760,32761,32762,32763,32764,32765,32766,32767,32768,32769,32770,32771,32772,32773,32774,32775,32776,32777,32778,32779,32780,32781,32782,32783,32784,32785,32786,32787,32788,32789,32790,32791,32792,32793,32794,32795,32796,32797,32798,32799,32800,32801,32802,32803,32804,32805,32806,32807,32808,32809,32810,32811,32812,32813,32814,32815,32816,32817,32818,32819,32820,32821,32822,32823,32824,32825,32826,32827,32828,32829,32830,32831,32832,32833,32834,32835,32836,32837,32838,32839,32840,32841,32842,32843,32844,32845,32846,32847,32848,32849,32850,32851,32852,32853,32854,32855
180021,18002100,'021R-Weekday-7-26-06',24936,24937,24938,24939,24940,24941,24942,24943,24944,24945,24946,24947,24948,24949,24950,24951,24952,24953,24954,24955,24956,24957,24958,24959,24960,24961,24962,24963,24964,24965,24966,24967,24968,24969,24970,24971,24972,24973,24974,24975,24976,24977,24978,24979,24980,24981,24982,24983,24984,24985,24986,24987,24988,24989,24990,24991,24992,24993,24994,24995,24996,24997,24998,24999,25000,25001,25002,25003,25004,25005,25006,25007,25008,25009,25010,25011,25012,25013,25014,25015,25016,25017,25018,25019,25020,25021,25022,25023,25024,25025,25026,25027,25028,25029,25030,25031,25032,25033,25034,25035,25036,25037,25038,25039,25040,25041,25042,25043,25044,25045,25046,25047,25048,25049,25050,25051,25052,25053,25054,25055,25056,25057,25058,25059,25060,25061,25062,25063,25064,25065,25066,25067,25068,25069,25070,25071,25072
180021,18002100,'021R-Weekday-9-26-06',32856,32857,32858,32859,32860,32861,32862,32863,32864,32865,32866,32867,32868,32869,32870,32871,32872,32873,32874,32875,32876,32877,32878,32879,32880,32881,32882,32883,32884,32885,32886,32887,32888,32889,32890,32891,32892,32893,32894,32895,32896,32897,32898,32899,32900,32901,32902,32903,32904,32905,32906,32907,32908,32909,32910,32911,32912,32913,32914,32915,32916,32917,32918,32919,32920,32921,32922,32923,32924,32925,32926,32927,32928,32929,32930,32931,32932,32933,32934,32935,32936,32937,32938,32939,32940,32941,32942,32943,32944,32945,32946,32947,32948,32949,32950,32951,32952,32953,32954,32955,32956,32957,32958,32959,32960,32961,32962,32963,32964,32965,32966,32967,32968,32969,32970,32971,32972,32973,32974,32975,32976,32977,32978,32979,32980,32981,32982,32983,32984,32985,32986,32987,32988,32989,32990,32991,32992,32993,32994,32995,32996,32997,32998,32999,33000,33001,33002,33003,33004,33005,33006,33007,33008,33009,33010,33011,33012,33013,33014,33015,33016,33017,33018
180021,18002100,'021R-Saturday-1-26-06',25073,25074,25075,25076,25077,25078,25079,25080,25081,25082,25083,25084,25085,25086,25087,25088,25089,25090,25091,25092,25093,25094,25095,25096,25097,25098,25099,25100,25101,25102,25103,25104,25105,25106,25107,25108,25109,25110,25111,25112,25113,25114,25115,25116,25117,25118,25119,25120,25121,25122,25123,25124,25125,25126,25127,25128,25129,25130,25131,25132,25133,25134,25135,25136,25137,25138,25139,25140,25141,25142,25143,25144,25145,25146,25147,25148,25149,25150,25151,25152,25153
180021,18002101,'021R-Weekday-1-26-06',25529,25530,25531,25532,25533,25534,25535,25536,25537,25538,25539,25540,25541,25542,25543,25544,25545,25546,25547,25548,25549,25550,25551,25552,25553,25554,25555,25556,25557,25558,25559,25560,25561,25562,25563,25564,25565,25566,25567,25568,25569,25570,25571,25572,25573,25574,25575,25576,25577,25578,25579,25580,25581,25582,25583,25584,25585,25586,25587,25588,25589,25590,25591,25592,25593,25594,25595,25596,25597,25598,25599,25600,25601,25602,25603,25604,25605,25606,25607,25608,25609,25610,25611,25612,25613,25614,25615,25616,25617,25618,25619,25620,25621,25622,25623,25624,25625,25626,25627,25628,25629,25630,25631,25632,25633,25634,25635,25636,25637,25638,25639,25640,25641,25642,25643,25644,25645,25646,25647,25648,25649,25650,25651,25652,25653,25654,25655,25656,25657,25658,25659,25660,25661,25662,25663
180021,18002101,'021R-Weekday-10-26-06',33019,33020,33021,33022,33023,33024,33025,33026,33027,33028,33029,33030,33031,33032,33033,33034,33035,33036,33037,33038,33039,33040,33041,33042,33043,33044,33045,33046,33047,33048,33049,33050,33051,33052,33053,33054,33055,33056,33057,33058,33059,33060,33061,33062,33063,33064,33065,33066,33067,33068,33069,33070,33071,33072,33073,33074,33075,33076,33077,33078,33079,33080,33081,33082,33083,33084,33085,33086,33087,33088,33089,33090,33091,33092,33093,33094,33095,33096,33097,33098,33099,33100,33101,33102,33103,33104,33105,33106,33107,33108,33109,33110,33111,33112,33113,33114,33115,33116,33117,33118,33119,33120,33121,33122,33123,33124,33125,33126,33127,33128,33129,33130,33131,33132,33133,33134,33135,33136,33137,33138,33139,33140,33141,33142,33143,33144,33145,33146,33147,33148,33149,33150,33151,33152,33153
180021,18002101,'021R-Weekday-7-26-06',25664,25665,25666,25667,25668,25669,25670,25671,25672,25673,25674,25675,25676,25677,25678,25679,25680,25681,25682,25683,25684,25685,25686,25687,25688,25689,25690,25691,25692,25693,25694,25695,25696,25697,25698,25699,25700,25701,25702,25703,25704,25705,25706,25707,25708,25709,25710,25711,25712,25713,25714,25715,25716,25717,25718,25719,25720,25721,25722,25723,25724,25725,25726,25727,25728,25729,25730,25731,25732,25733,25734,25735,25736,25737,25738,25739,25740,25741,25742,25743,25744,25745,25746,25747,25748,25749,25750,25751,25752,25753,25754,25755,25756,25757,25758,25759,25760,25761,25762,25763,25764,25765,25766,25767,25768,25769,25770,25771,25772,25773,25774,25775,25776,25777,25778,25779,25780,25781,25782,25783,25784,25785,25786,25787,25788,25789,25790,25791,25792,25793,25794,25795,25796,25797,25798
180021,18002101,'021R-Weekday-9-26-06',33154,33155,33156,33157,33158,33159,33160,33161,33162,33163,33164,33165,33166,33167,33168,33169,33170,33171,33172,33173,33174,33175,33176,33177,33178,33179,33180,33181,33182,33183,33184,33185,33186,33187,33188,33189,33190,33191,33192,33193,33194,33195,33196,33197,33198,33199,33200,33201,33202,33203,33204,33205,33206,33207,33208,33209,33210,33211,33212,33213,33214,33215,33216,33217,33218,33219,33220,33221,33222,33223,33224,33225,33226,33227,33228,33229,33230,33231,33232,33233,33234,33235,33236,33237,33238,33239,33240,33241,33242,33243,33244,33245,33246,33247,33248,33249,33250,33251,33252,33253,33254,33255,33256,33257,33258,33259,33260,33261,33262,33263,33264,33265,33266,33267,33268,33269,33270,33271,33272,33273,33274,33275,33276,33277,33278,33279,33280,33281,33282,33283,33284,33285,33286,33287,33288,33289,33290,33291,33292,33293,33294,33295,33296,33297,33298,33299,33300,33301,33302,33303,33304,33305,33306,33307,33308,33309,33310,33311
180021,18002101,'021R-Saturday-1-26-06',25799,25800,25801,25802,25803,25804,25805,25806,25807,25808,25809,25810,25811,25812,25813,25814,25815,25816,25817,25818,25819,25820,25821,25822,25823,25824,25825,25826,25827,25828,25829,25830,25831,25832,25833,25834,25835,25836,25837,25838,25839,25840,25841,25842,25843,25844,25845,25846,25847,25848,25849,25850,25851,25852,25853,25854,25855,25856,25857,25858,25859,25860,25861,25862,25863,25864,25865,25866,25867,25868,25869,25870,25871,25872,25873,25874,25875,25876,25877,25878
180022,18002200,'022R-Weekday-1-26-06',26253,26254,26255,26256,26257,26258,26259,26260,26261,26262,26263,26264,26265,26266,26267,26268,26269,26270,26271,26272,26273,26274,26275,26276,26277,26278,26279,26280,26281,26282,26283,26284,26285,26286,26287,26288,26289,26290,26291,26292,26293,26294,26295,26296,26297,26298,26299,26300,26301,26302,26303,26304,26305,26306,26307,26308,26309,26310,26311,26312,26313,26314,26315,26316,26317,26318,26319,26320,26321,26322,26323,26324,26325,26326,26327,26328,26329,26330,26331,26332,26333,26334,26335,26336,26337
180022,18002200,'022R-Weekday-10-26-06',33312,33313,33314,33315,33316,33317,33318,33319,33320,33321,33322,33323,33324,33325,33326,33327,33328,33329,33330,33331,33332,33333,33334,33335,33336,33337,33338,33339,33340,33341,33342,33343,33344,33345,33346,33347,33348,33349,33350,33351,33352,33353,33354,33355,33356,33357,33358,33359,33360,33361,33362,33363,33364,33365,33366,33367,33368,33369,33370,33371,33372,33373,33374,33375,33376,33377,33378,33379,33380,33381,33382,33383,33384,33385,33386,33387,33388
180022,18002200,'022R-Weekday-11-26-06',33389,33390,33391,33392,33393,33394,33395,33396,33397,33398,33399,33400,33401,33402,33403,33404,33405,33406,33407,33408,33409,33410,33411,33412,33413,33414,33415,33416,33417,33418,33419,33420,33421,33422,33423,33424,33425,33426,33427,33428,33429,33430,33431,33432,33433,33434,33435,33436,33437,33438,33439,33440,33441,33442,33443,33444,33445,33446,33447,33448,33449,33450,33451,33452,33453,33454,33455,33456,33457,33458,33459,33460,33461,33462,33463,33464,33465,33466,33467,33468,33469,33470,33471,33472,33473
180022,18002200,'022R-Weekday-7-26-06',26338,26339,26340,26341,26342,26343,26344,26345,26346,26347,26348,26349,26350,26351,26352,26353,26354,26355,26356,26357,26358,26359,26360,26361,26362,26363,26364,26365,26366,26367,26368,26369,26370,26371,26372,26373,26374,26375,26376,26377,26378,26379,26380,26381,26382,26383,26384,26385,26386,26387,26388,26389,26390,26391,26392,26393,26394,26395,26396,26397,26398,26399,26400,26401,26402,26403,26404,26405,26406,26407,26408,26409,26410,26411,26412,26413,26414,26415,26416,26417,26418,26419,26420,26421,26422
180022,18002200,'022R-Saturday-1-26-06',26423,26424,26425,26426,26427,26428,26429,26430,26431,26432,26433,26434,26435,26436,26437,26438,26439,26440,26441,26442,26443,26444,26445,26446,26447,26448,26449,26450,26451,26452,26453,26454,26455,26456,26457,26458,26459,26460,26461,26462,26463,26464,26465,26466,26467,26468,26469,26470,26471,26472,26473,26474,26475,26476,26477,26478,26479,26480,26481,26482,26483,26484,26485,26486,26487,26488,26489,26490,26491,26492,26493,26494,26495,26496,26497,26498,26499
180022,18002201,'022R-Weekday-1-26-06',26796,26797,26798,26799,26800,26801,26802,26803,26804,26805,26806,26807,26808,26809,26810,26811,26812,26813,26814,26815,26816,26817,26818,26819,26820,26821,26822,26823,26824,26825,26826,26827,26828,26829,26830,26831,26832,26833,26834,26835,26836,26837,26838,26839,26840,26841,26842,26843,26844,26845,26846,26847,26848,26849,26850,26851,26852,26853,26854,26855,26856,26857,26858,26859,26860,26861,26862,26863,26864,26865,26866,26867,26868,26869,26870,26871,26872,26873,26874,26875,26876,26877,26878,26879
180022,18002201,'022R-Weekday-10-26-06',33474,33475,33476,33477,33478,33479,33480,33481,33482,33483,33484,33485,33486,33487,33488,33489,33490,33491,33492,33493,33494,33495,33496,33497,33498,33499,33500,33501,33502,33503,33504,33505,33506,33507,33508,33509,33510,33511,33512,33513,33514,33515,33516,33517,33518,33519,33520,33521,33522,33523,33524,33525,33526,33527,33528,33529,33530,33531,33532,33533,33534,33535,33536,33537,33538,33539,33540,33541,33542,33543,33544,33545,33546,33547,33548,33549,33550,33551,33552,33553
180022,18002201,'022R-Weekday-11-26-06',33554,33555,33556,33557,33558,33559,33560,33561,33562,33563,33564,33565,33566,33567,33568,33569,33570,33571,33572,33573,33574,33575,33576,33577,33578,33579,33580,33581,33582,33583,33584,33585,33586,33587,33588,33589,33590,33591,33592,33593,33594,33595,33596,33597,33598,33599,33600,33601,33602,33603,33604,33605,33606,33607,33608,33609,33610,33611,33612,33613,33614,33615,33616,33617,33618,33619,33620,33621,33622,33623,33624,33625,33626,33627,33628,33629,33630,33631,33632,33633,33634,33635,33636,33637
180022,18002201,'022R-Weekday-7-26-06',26880,26881,26882,26883,26884,26885,26886,26887,26888,26889,26890,26891,26892,26893,26894,26895,26896,26897,26898,26899,26900,26901,26902,26903,26904,26905,26906,26907,26908,26909,26910,26911,26912,26913,26914,26915,26916,26917,26918,26919,26920,26921,26922,26923,26924,26925,26926,26927,26928,26929,26930,26931,26932,26933,26934,26935,26936,26937,26938,26939,26940,26941,26942,26943,26944,26945,26946,26947,26948,26949,26950,26951,26952,26953,26954,26955,26956,26957,26958,26959,26960,26961,26962,26963
180022,18002201,'022R-Saturday-1-26-06',26964,26965,26966,26967,26968,26969,26970,26971,26972,26973,26974,26975,26976,26977,26978,26979,26980,26981,26982,26983,26984,26985,26986,26987,26988,26989,26990,26991,26992,26993,26994,26995,26996,26997,26998,26999,27000,27001,27002,27003,27004,27005,27006,27007,27008,27009,27010,27011,27012,27013,27014,27015,27016,27017,27018,27019,27020,27021,27022,27023,27024,27025,27026,27027,27028,27029,27030,27031,27032,27033,27034,27035,27036,27037,27038,27039,27040
180023,18002300,'20260720-Weekday-1-26-06',27571,27572,27573,27574,27575,27576,27577,27578,27579,27580,27581,27582,27583,27584,27585,27586,27587,27588,27589,27590,27591,27592,27593,27594,27595,27596,27597,27598,27599,27600,27601,27602,27603,27604,27605,27606,27607,27608,27609,27610,27611,27612,27613,27614,27615,27616,27617,27618,27619,27620,27621,27622,27623,27624,27625,27626,27627,27628,27629,27630,27631,27632,27633,27634,27635,27636,27637,27638,27639,27640,27641,27642,27643,27644,27645,27646,27647,27648,27649,27650,27651,27652,27653,27654,27655,27656,27657,27658,27659,27660,27661,27662,27663,27664,27665,27666,27667,27668,27669,27670,27671,27672,27673,27674,27675,27676,27677,27678,27679,27680,27681,27682,27683,27684,27685,27686,27687,27688,27689,27690,27691,27692,27693,27694,27695,27696,27697,27698,27699,27700,27701,27702,27703,27704,27705,27706,27707,27708,27709,27710,27711,27712,27713,27714,27715,27716,27717,27718,27719,27720,27721,27722,27723,27724,27725,27726,27727,27728,27729,27730,27731,27732
180023,18002300,'20260801-Saturday-1-26-06',27733,27734,27735,27736,27737,27738,27739,27740,27741,27742,27743,27744,27745,27746,27747,27748,27749,27750,27751,27752,27753,27754,27755,27756,27757,27758,27759,27760,27761,27762,27763,27764,27765,27766,27767,27768,27769,27770,27771,27772,27773,27774,27775,27776,27777,27778,27779,27780,27781,27782,27783,27784,27785,27786,27787,27788,27789,27790,27791,27792,27793,27794,27795,27796,27797,27798,27799,27800,27801,27802,27803,27804,27805,27806,27807,27808,27809,27810,27811,27812,27813,27814,27815,27816,27817,27818,27819,27820,27821,27822,27823,27824,27825,27826,27827,27828,27829,27830,27831,27832,27833,27834,27835,27836,27837,27838,27839
180023,18002300,'20260826-Holiday2-2-26-06',28336,28337,28338,28339,28340,28341,28342,28343,28344,28345,28346,28347,28348,28349,28350,28351,28352,28353,28354,28355,28356,28357,28358,28359,28360,28361,28362,28363,28364,28365,28366,28367,28368,28369,28370,28371,28372,28373,28374,28375,28376,28377,28378,28379,28380,28381,28382,28383,28384,28385,28386,28387,28388,28389,28390,28391,28392,28393,28394,28395,28396,28397,28398,28399,28400,28401,28402,28403,28404,28405,28406,28407,28408,28409,28410,28411,28412,28413,28414,28415,28416,28417,28418,28419,28420,28421,28422,28423,28424,28425,28426,28427,28428,28429,28430,28431,28432,28433,28434,28435,28436,28437,28438,28439,28440,28441,28442,28443,28444,28445,28446,28447,28448,28449,28450,28451,28452,28453,28454,28455,28456,28457,28458,28459,28460,28461,28462,28463,28464,28465,28466,28467,28468,28469,28470,28471,28472,28473,28474,28475,28476,28477,28478,28479,28480,28481,28482,28483,28484,28485,28486,28487,28488,28489,28490,28491,28492,28493,28494,28495,28496,28497,28498,28499,28500,28501,28502,28503,28504
180023,18002301,'20260720-Weekday-1-26-06',28739,28740,28741,28742,28743,28744,28745,28746,28747,28748,28749,28750,28751,28752,28753,28754,28755,28756,28757,28758,28759,28760,28761,28762,28763,28764,28765,28766,28767,28768,28769,28770,28771,28772,28773,28774,28775,28776,28777,28778,28779,28780,28781,28782,28783,28784,28785,28786,28787,28788,28789,28790,28791,28792,28793,28794,28795,28796,28797,28798,28799,28800,28801,28802,28803,28804,28805,28806,28807,28808,28809,28810,28811,28812,28813,28814,28815,28816,28817,28818,28819,28820,28821,28822,28823,28824,28825,28826,28827,28828,28829,28830,28831,28832,28833,28834,28835,28836,28837,28838,28839,28840,28841,28842,28843,28844,28845,28846,28847,28848,28849,28850,28851,28852,28853,28854,28855,28856,28857,28858,28859,28860,28861,28862,28863,28864,28865,28866,28867,28868,28869,28870,28871,28872,28873,28874,28875,28876,28877,28878,28879,28880,28881,28882,28883,28884,28885,28886,28887,28888,28889,28890,28891,28892,28893,28894,28895,28896,28897,28898,28899,28900,28901,28902
180023,18002301,'20260801-Saturday-1-26-06',28903,28904,28905,28906,28907,28908,28909,28910,28911,28912,28913,28914,28915,28916,28917,28918,28919,28920,28921,28922,28923,28924,28925,28926,28927,28928,28929,28930,28931,28932,28933,28934,28935,28936,28937,28938,28939,28940,28941,28942,28943,28944,28945,28946,28947,28948,28949,28950,28951,28952,28953,28954,28955,28956,28957,28958,28959,28960,28961,28962,28963,28964,28965,28966,28967,28968,28969,28970,28971,28972,28973,28974,28975,28976,28977,28978,28979,28980,28981,28982,28983,28984,28985,28986,28987,28988,28989,28990,28991,28992,28993,28994,28995,28996,28997,28998,28999,29000,29001,29002,29003,29004,29005,29006,29007,29008,29009
180023,18002301,'20260826-Holiday2-2-26-06',29507,29508,29509,29510,29511,29512,29513,29514,29515,29516,29517,29518,29519,29520,29521,29522,29523,29524,29525,29526,29527,29528,29529,29530,29531,29532,29533,29534,29535,29536,29537,29538,29539,29540,29541,29542,29543,29544,29545,29546,29547,29548,29549,29550,29551,29552,29553,29554,29555,29556,29557,29558,29559,29560,29561,29562,29563,29564,29565,29566,29567,29568,29569,29570,29571,29572,29573,29574,29575,29576,29577,29578,29579,29580,29581,29582,29583,29584,29585,29586,29587,29588,29589,29590,29591,29592,29593,29594,29595,29596,29597,29598,29599,29600,29601,29602,29603,29604,29605,29606,29607,29608,29609,29610,29611,29612,29613,29614,29615,29616,29617,29618,29619,29620,29621,29622,29623,29624,29625,29626,29627,29628,29629,29630,29631,29632,29633,29634,29635,29636,29637,29638,29639,29640,29641,29642,29643,29644,29645,29646,29647,29648,29649,29650,29651,29652,29653,29654,29655,29656,29657,29658,29659,29660,29661,29662,29663,29664,29665,29666,29667,29668,29669,29670,29671,29672,29673,29674,29675,29676,29677
