18002100,'021R-Weekday-1-26-09',529,,33638,8,,,1,12,,33639,8,,,1,12,,33640,8,,,1,52,,33641,8,,,1,12,,33642,8,,,1,12,,33643,8,,,1,12,,33644,8,,,1,6,,33645,8,,,1,6,,33646,8,,,1,6,,33647,8,,,1,46,,33648,8,,,1,6,,33649,8,,,1,6,,33650,8,,,1,6,,33651,8,,,1,6,,33652,8,,,1,6,,33653,8,,,1,6,,33654,8,,,1,6,,33655,8,,,1,6,,33656,8,,,1,6,,33657,8,,,1,46,,33658,8,,,1,6,,33659,8,,,1,6,,33660,8,,,1,6,,33661,8,,,1,6,,33662,8,,,1,6,,33663,8,,,1,6,,33664,8,,,1,6,,33665,8,,,1,6,,33666,8,,,1,6,,33667,8,,,1,46,,33668,8,,,1,6,,33669,8,,,1,6,,33670,8,,,1,6,,33671,8,,,1,6,,33672,8,,,1,6,,33673,8,,,1,6,,33674,8,,,1,6,,33675,8,,,1,6,,33676,8,,,1,6,,33677,8,,,1,50,,33678,8,,,1,10,,33679,8,,,1,10,,33680,8,,,1,10,,33681,8,,,1,10,,33682,8,,,1,10,,33683,8,,,1,50,,33684,8,,,1,10,,33685,8,,,1,10,,33686,8,,,1,10,,33687,8,,,1,10,,33688,8,,,1,10,,33689,8,,,1,50,,33690,8,,,1,10,,33691,8,,,1,10,,33692,8,,,1,10,,33693,8,,,1,10,,33694,8,,,1,10,,33695,8,,,1,50,,33696,8,,,1,10,,33697,8,,,1,10,,33698,8,,,1,10,,33699,8,,,1,10,,33700,8,,,1,10,,33701,8,,,1,50,,33702,8,,,1,10,,33703,8,,,1,10,,33704,8,,,1,10,,33705,8,,,1,10,,33706,8,,,1,10,,33707,8,,,1,46,,33708,8,,,1,6,,33709,8,,,1,6,,33710,8,,,1,6,,33711,8,,,1,6,,33712,8,,,1,6,,33713,8,,,1,6,,33714,8,,,1,6,,33715,8,,,1,6,,33716,8,,,1,6,,33717,8,,,1,46,,33718,8,,,1,6,,33719,8,,,1,6,,33720,8,,,1,6,,33721,8,,,1,6,,33722,8,,,1,6,,33723,8,,,1,6,,33724,8,,,1,6,,33725,8,,,1,6,,33726,8,,,1,6,,33727,8,,,1,46,,33728,8,,,1,6,,33729,8,,,1,6,,33730,8,,,1,6,,33731,8,,,1,6,,33732,8,,,1,6,,33733,8,,,1,6,,33734,8,,,1,6,,33735,8,,,1,6,,33736,8,,,1,6,,33737,8,,,1,46,,33738,8,,,1,6,,33739,8,,,1,6,,33740,8,,,1,6,,33741,8,,,1,6,,33742,8,,,1,6,,33743,8,,,1,6,,33744,8,,,1,6,,33745,8,,,1,6,,33746,8,,,1,6,,33747,8,,,1,46,,33748,8,,,1,9,,33773,8,,,1,15,,33749,8,,,1,15,,33750,8,,,1,15,,33751,8,,,1,55,,33752,8,,,1,15,,33753,8,,,1,15,,33754,8,,,1,15,,33755,8,,,1,55,,33756,8,,,1,15,,33757,8,,,1,15,,33758,8,,,1,15,,33759,8,,,1,55,,33760,8,,,1,15,,33761,8,,,1,15,,33762,8,,,1,15,,33763,8,,,1,55,,33764,8,,,1,15,,33765,8,,,1,15,,33766,8,,,1,15,,33767,8,,,1,55,,33768,8,,,1,15,,33769,8,,,1,15,,33770,8,,,1,15,,33771,8,,,1,55,,33772,8,,,1,15,,33774,8,,,1
18002100,'021R-Weekday-2-26-09',529,,33775,8,,,1,12,,33776,8,,,1,12,,33777,8,,,1,52,,33778,8,,,1,12,,33779,8,,,1,12,,33780,8,,,1,12,,33781,8,,,1,6,,33782,8,,,1,6,,33783,8,,,1,6,,33784,8,,,1,46,,33785,8,,,1,6,,33786,8,,,1,6,,33787,8,,,1,6,,33788,8,,,1,6,,33789,8,,,1,6,,33790,8,,,1,6,,33791,8,,,1,6,,33792,8,,,1,6,,33793,8,,,1,6,,33794,8,,,1,46,,33795,8,,,1,6,,33796,8,,,1,6,,33797,8,,,1,6,,33798,8,,,1,6,,33799,8,,,1,6,,33800,8,,,1,6,,33801,8,,,1,6,,33802,8,,,1,6,,33803,8,,,1,6,,33804,8,,,1,46,,33805,8,,,1,6,,33806,8,,,1,6,,33807,8,,,1,6,,33808,8,,,1,6,,33809,8,,,1,6,,33810,8,,,1,6,,33811,8,,,1,6,,33812,8,,,1,6,,33813,8,,,1,6,,33814,8,,,1,50,,33815,8,,,1,10,,33816,8,,,1,10,,33817,8,,,1,10,,33818,8,,,1,10,,33819,8,,,1,10,,33820,8,,,1,50,,33821,8,,,1,10,,33822,8,,,1,10,,33823,8,,,1,10,,33824,8,,,1,10,,33825,8,,,1,10,,33826,8,,,1,50,,33827,8,,,1,10,,33828,8,,,1,10,,33829,8,,,1,10,,33830,8,,,1,10,,33831,8,,,1,10,,33832,8,,,1,50,,33833,8,,,1,10,,33834,8,,,1,10,,33835,8,,,1,10,,33836,8,,,1,10,,33837,8,,,1,10,,33838,8,,,1,50,,33839,8,,,1,10,,33840,8,,,1,10,,33841,8,,,1,10,,33842,8,,,1,10,,33843,8,,,1,10,,33844,8,,,1,46,,33845,8,,,1,6,,33846,8,,,1,6,,33847,8,,,1,6,,33848,8,,,1,6,,33849,8,,,1,6,,33850,8,,,1,6,,33851,8,,,1,6,,33852,8,,,1,6,,33853,8,,,1,6,,33854,8,,,1,46,,33855,8,,,1,6,,33856,8,,,1,6,,33857,8,,,1,6,,33858,8,,,1,6,,33859,8,,,1,6,,33860,8,,,1,6,,33861,8,,,1,6,,33862,8,,,1,6,,33863,8,,,1,6,,33864,8,,,1,46,,33865,8,,,1,6,,33866,8,,,1,6,,33867,8,,,1,6,,33868,8,,,1,6,,33869,8,,,1,6,,33870,8,,,1,6,,33871,8,,,1,6,,33872,8,,,1,6,,33873,8,,,1,6,,33874,8,,,1,46,,33875,8,,,1,6,,33876,8,,,1,6,,33877,8,,,1,6,,33878,8,,,1,6,,33879,8,,,1,6,,33880,8,,,1,6,,33881,8,,,1,6,,33882,8,,,1,6,,33883,8,,,1,6,,33884,8,,,1,46,,33885,8,,,1,9,,33910,8,,,1,15,,33886,8,,,1,15,,33887,8,,,1,15,,33888,8,,,1,55,,33889,8,,,1,15,,33890,8,,,1,15,,33891,8,,,1,15,,33892,8,,,1,55,,33893,8,,,1,15,,33894,8,,,1,15,,33895,8,,,1,15,,33896,8,,,1,55,,33897,8,,,1,15,,33898,8,,,1,15,,33899,8,,,1,15,,33900,8,,,1,55,,33901,8,,,1,15,,33902,8,,,1,15,,33903,8,,,1,15,,33904,8,,,1,55,,33905,8,,,1,15,,33906,8,,,1,15,,33907,8,,,1,15,,33908,8,,,1,55,,33909,8,,,1,15,,33911,8,,,1
18002100,'021R-Weekday-3-26-09',529,,33912,8,,,1,12,,33913,8,,,1,12,,33914,8,,,1,52,,33915,8,,,1,12,,33916,8,,,1,12,,33917,8,,,1,12,,33918,8,,,1,6,,33919,8,,,1,6,,33920,8,,,1,6,,33921,8,,,1,46,,33922,8,,,1,6,,33923,8,,,1,6,,33924,8,,,1,6,,33925,8,,,1,6,,33926,8,,,1,6,,33927,8,,,1,6,,33928,8,,,1,6,,33929,8,,,1,6,,33930,8,,,1,6,,33931,8,,,1,46,,33932,8,,,1,6,,33933,8,,,1,6,,33934,8,,,1,6,,33935,8,,,1,6,,33936,8,,,1,6,,33937,8,,,1,6,,33938,8,,,1,6,,33939,8,,,1,6,,33940,8,,,1,6,,33941,8,,,1,46,,33942,8,,,1,6,,33943,8,,,1,6,,33944,8,,,1,6,,33945,8,,,1,6,,33946,8,,,1,6,,33947,8,,,1,6,,33948,8,,,1,6,,33949,8,,,1,6,,33950,8,,,1,6,,33951,8,,,1,50,,33952,8,,,1,10,,33953,8,,,1,10,,33954,8,,,1,10,,33955,8,,,1,10,,33956,8,,,1,10,,33957,8,,,1,50,,33958,8,,,1,10,,33959,8,,,1,10,,33960,8,,,1,10,,33961,8,,,1,10,,33962,8,,,1,10,,33963,8,,,1,50,,33964,8,,,1,10,,33965,8,,,1,10,,33966,8,,,1,10,,33967,8,,,1,10,,33968,8,,,1,10,,33969,8,,,1,50,,33970,8,,,1,10,,33971,8,,,1,10,,33972,8,,,1,10,,33973,8,,,1,10,,33974,8,,,1,10,,33975,8,,,1,50,,33976,8,,,1,10,,33977,8,,,1,10,,33978,8,,,1,10,,33979,8,,,1,10,,33980,8,,,1,10,,33981,8,,,1,46,,33982,8,,,1,6,,33983,8,,,1,6,,33984,8,,,1,6,,33985,8,,,1,6,,33986,8,,,1,6,,33987,8,,,1,6,,33988,8,,,1,6,,33989,8,,,1,6,,33990,8,,,1,6,,33991,8,,,1,46,,33992,8,,,1,6,,33993,8,,,1,6,,33994,8,,,1,6,,33995,8,,,1,6,,33996,8,,,1,6,,33997,8,,,1,6,,33998,8,,,1,6,,33999,8,,,1,6,,34000,8,,,1,6,,34001,8,,,1,46,,34002,8,,,1,6,,34003,8,,,1,6,,34004,8,,,1,6,,34005,8,,,1,6,,34006,8,,,1,6,,34007,8,,,1,6,,34008,8,,,1,6,,34009,8,,,1,6,,34010,8,,,1,6,,34011,8,,,1,46,,34012,8,,,1,6,,34013,8,,,1,6,,34014,8,,,1,6,,34015,8,,,1,6,,34016,8,,,1,6,,34017,8,,,1,6,,34018,8,,,1,6,,34019,8,,,1,6,,34020,8,,,1,6,,34021,8,,,1,46,,34022,8,,,1,9,,34047,8,,,1,15,,34023,8,,,1,15,,34024,8,,,1,15,,34025,8,,,1,55,,34026,8,,,1,15,,34027,8,,,1,15,,34028,8,,,1,15,,34029,8,,,1,55,,34030,8,,,1,15,,34031,8,,,1,15,,34032,8,,,1,15,,34033,8,,,1,55,,34034,8,,,1,15,,34035,8,,,1,15,,34036,8,,,1,15,,34037,8,,,1,55,,34038,8,,,1,15,,34039,8,,,1,15,,34040,8,,,1,15,,34041,8,,,1,55,,34042,8,,,1,15,,34043,8,,,1,15,,34044,8,,,1,15,,34045,8,,,1,55,,34046,8,,,1,15,,34048,8,,,1
18002100,'021R-Weekday-4-26-09',529,,34049,8,,,1,12,,34050,8,,,1,12,,34051,8,,,1,52,,34052,8,,,1,12,,34053,8,,,1,12,,34054,8,,,1,12,,34055,8,,,1,6,,34056,8,,,1,6,,34057,8,,,1,6,,34058,8,,,1,46,,34059,8,,,1,6,,34060,8,,,1,6,,34061,8,,,1,6,,34062,8,,,1,6,,34063,8,,,1,6,,34064,8,,,1,6,,34065,8,,,1,6,,34066,8,,,1,6,,34067,8,,,1,6,,34068,8,,,1,46,,34069,8,,,1,6,,34070,8,,,1,6,,34071,8,,,1,6,,34072,8,,,1,6,,34073,8,,,1,6,,34074,8,,,1,6,,34075,8,,,1,6,,34076,8,,,1,6,,34077,8,,,1,6,,34078,8,,,1,46,,34079,8,,,1,6,,34080,8,,,1,6,,34081,8,,,1,6,,34082,8,,,1,6,,34083,8,,,1,6,,34084,8,,,1,6,,34085,8,,,1,6,,34086,8,,,1,6,,34087,8,,,1,6,,34088,8,,,1,50,,34089,8,,,1,10,,34090,8,,,1,10,,34091,8,,,1,10,,34092,8,,,1,10,,34093,8,,,1,10,,34094,8,,,1,50,,34095,8,,,1,10,,34096,8,,,1,10,,34097,8,,,1,10,,34098,8,,,1,10,,34099,8,,,1,10,,34100,8,,,1,50,,34101,8,,,1,10,,34102,8,,,1,10,,34103,8,,,1,10,,34104,8,,,1,10,,34105,8,,,1,10,,34106,8,,,1,50,,34107,8,,,1,10,,34108,8,,,1,10,,34109,8,,,1,10,,34110,8,,,1,10,,34111,8,,,1,10,,34112,8,,,1,50,,34113,8,,,1,10,,34114,8,,,1,10,,34115,8,,,1,10,,34116,8,,,1,10,,34117,8,,,1,10,,34118,8,,,1,46,,34119,8,,,1,6,,34120,8,,,1,6,,34121,8,,,1,6,,34122,8,,,1,6,,34123,8,,,1,6,,34124,8,,,1,6,,34125,8,,,1,6,,34126,8,,,1,6,,34127,8,,,1,6,,34128,8,,,1,46,,34129,8,,,1,6,,34130,8,,,1,6,,34131,8,,,1,6,,34132,8,,,1,6,,34133,8,,,1,6,,34134,8,,,1,6,,34135,8,,,1,6,,34136,8,,,1,6,,34137,8,,,1,6,,34138,8,,,1,46,,34139,8,,,1,6,,34140,8,,,1,6,,34141,8,,,1,6,,34142,8,,,1,6,,34143,8,,,1,6,,34144,8,,,1,6,,34145,8,,,1,6,,34146,8,,,1,6,,34147,8,,,1,6,,34148,8,,,1,46,,34149,8,,,1,6,,34150,8,,,1,6,,34151,8,,,1,6,,34152,8,,,1,6,,34153,8,,,1,6,,34154,8,,,1,6,,34155,8,,,1,6,,34156,8,,,1,6,,34157,8,,,1,6,,34158,8,,,1,46,,34159,8,,,1,9,,34184,8,,,1,15,,34160,8,,,1,15,,34161,8,,,1,15,,34162,8,,,1,55,,34163,8,,,1,15,,34164,8,,,1,15,,34165,8,,,1,15,,34166,8,,,1,55,,34167,8,,,1,15,,34168,8,,,1,15,,34169,8,,,1,15,,34170,8,,,1,55,,34171,8,,,1,15,,34172,8,,,1,15,,34173,8,,,1,15,,34174,8,,,1,55,,34175,8,,,1,15,,34176,8,,,1,15,,34177,8,,,1,15,,34178,8,,,1,55,,34179,8,,,1,15,,34180,8,,,1,15,,34181,8,,,1,15,,34182,8,,,1,55,,34183,8,,,1,15,,34185,8,,,1
18002100,'021R-Weekday-5-26-09',529,,34186,8,,,1,12,,34187,8,,,1,12,,34188,8,,,1,52,,34189,8,,,1,12,,34190,8,,,1,12,,34191,8,,,1,12,,34192,8,,,1,6,,34193,8,,,1,6,,34194,8,,,1,6,,34195,8,,,1,46,,34196,8,,,1,6,,34197,8,,,1,6,,34198,8,,,1,6,,34199,8,,,1,6,,34200,8,,,1,6,,34201,8,,,1,6,,34202,8,,,1,6,,34203,8,,,1,6,,34204,8,,,1,6,,34205,8,,,1,46,,34206,8,,,1,6,,34207,8,,,1,6,,34208,8,,,1,6,,34209,8,,,1,6,,34210,8,,,1,6,,34211,8,,,1,6,,34212,8,,,1,6,,34213,8,,,1,6,,34214,8,,,1,6,,34215,8,,,1,46,,34216,8,,,1,6,,34217,8,,,1,6,,34218,8,,,1,6,,34219,8,,,1,6,,34220,8,,,1,6,,34221,8,,,1,6,,34222,8,,,1,6,,34223,8,,,1,6,,34224,8,,,1,6,,34225,8,,,1,50,,34226,8,,,1,10,,34227,8,,,1,10,,34228,8,,,1,10,,34229,8,,,1,10,,34230,8,,,1,10,,34231,8,,,1,50,,34232,8,,,1,10,,34233,8,,,1,10,,34234,8,,,1,10,,34235,8,,,1,10,,34236,8,,,1,10,,34237,8,,,1,50,,34238,8,,,1,10,,34239,8,,,1,10,,34240,8,,,1,10,,34241,8,,,1,10,,34242,8,,,1,10,,34243,8,,,1,50,,34244,8,,,1,10,,34245,8,,,1,10,,34246,8,,,1,10,,34247,8,,,1,10,,34248,8,,,1,10,,34249,8,,,1,50,,34250,8,,,1,10,,34251,8,,,1,10,,34252,8,,,1,10,,34253,8,,,1,10,,34254,8,,,1,10,,34255,8,,,1,46,,34256,8,,,1,6,,34257,8,,,1,6,,34258,8,,,1,6,,34259,8,,,1,6,,34260,8,,,1,6,,34261,8,,,1,6,,34262,8,,,1,6,,34263,8,,,1,6,,34264,8,,,1,6,,34265,8,,,1,46,,34266,8,,,1,6,,34267,8,,,1,6,,34268,8,,,1,6,,34269,8,,,1,6,,34270,8,,,1,6,,34271,8,,,1,6,,34272,8,,,1,6,,34273,8,,,1,6,,34274,8,,,1,6,,34275,8,,,1,46,,34276,8,,,1,6,,34277,8,,,1,6,,34278,8,,,1,6,,34279,8,,,1,6,,34280,8,,,1,6,,34281,8,,,1,6,,34282,8,,,1,6,,34283,8,,,1,6,,34284,8,,,1,6,,34285,8,,,1,46,,34286,8,,,1,6,,34287,8,,,1,6,,34288,8,,,1,6,,34289,8,,,1,6,,34290,8,,,1,6,,34291,8,,,1,6,,34292,8,,,1,6,,34293,8,,,1,6,,34294,8,,,1,6,,34295,8,,,1,46,,34296,8,,,1,9,,34321,8,,,1,15,,34297,8,,,1,15,,34298,8,,,1,15,,34299,8,,,1,55,,34300,8,,,1,15,,34301,8,,,1,15,,34302,8,,,1,15,,34303,8,,,1,55,,34304,8,,,1,15,,34305,8,,,1,15,,34306,8,,,1,15,,34307,8,,,1,55,,34308,8,,,1,15,,34309,8,,,1,15,,34310,8,,,1,15,,34311,8,,,1,55,,34312,8,,,1,15,,34313,8,,,1,15,,34314,8,,,1,15,,34315,8,,,1,55,,34316,8,,,1,15,,34317,8,,,1,15,,34318,8,,,1,15,,34319,8,,,1,55,,34320,8,,,1,15,,34322,8,,,1
18002100,'021R-Weekday-6-26-09',529,,34323,8,,,1,12,,34324,8,,,1,12,,34325,8,,,1,52,,34326,8,,,1,12,,34327,8,,,1,12,,34328,8,,,1,12,,34329,8,,,1,6,,34330,8,,,1,6,,34331,8,,,1,6,,34332,8,,,1,46,,34333,8,,,1,6,,34334,8,,,1,6,,34335,8,,,1,6,,34336,8,,,1,6,,34337,8,,,1,6,,34338,8,,,1,6,,34339,8,,,1,6,,34340,8,,,1,6,,34341,8,,,1,6,,34342,8,,,1,46,,34343,8,,,1,6,,34344,8,,,1,6,,34345,8,,,1,6,,34346,8,,,1,6,,34347,8,,,1,6,,34348,8,,,1,6,,34349,8,,,1,6,,34350,8,,,1,6,,34351,8,,,1,6,,34352,8,,,1,46,,34353,8,,,1,6,,34354,8,,,1,6,,34355,8,,,1,6,,34356,8,,,1,6,,34357,8,,,1,6,,34358,8,,,1,6,,34359,8,,,1,6,,34360,8,,,1,6,,34361,8,,,1,6,,34362,8,,,1,50,,34363,8,,,1,10,,34364,8,,,1,10,,34365,8,,,1,10,,34366,8,,,1,10,,34367,8,,,1,10,,34368,8,,,1,50,,34369,8,,,1,10,,34370,8,,,1,10,,34371,8,,,1,10,,34372,8,,,1,10,,34373,8,,,1,10,,34374,8,,,1,50,,34375,8,,,1,10,,34376,8,,,1,10,,34377,8,,,1,10,,34378,8,,,1,10,,34379,8,,,1,10,,34380,8,,,1,50,,34381,8,,,1,10,,34382,8,,,1,10,,34383,8,,,1,10,,34384,8,,,1,10,,34385,8,,,1,10,,34386,8,,,1,50,,34387,8,,,1,10,,34388,8,,,1,10,,34389,8,,,1,10,,34390,8,,,1,10,,34391,8,,,1,10,,34392,8,,,1,46,,34393,8,,,1,6,,34394,8,,,1,6,,34395,8,,,1,6,,34396,8,,,1,6,,34397,8,,,1,6,,34398,8,,,1,6,,34399,8,,,1,6,,34400,8,,,1,6,,34401,8,,,1,6,,34402,8,,,1,46,,34403,8,,,1,6,,34404,8,,,1,6,,34405,8,,,1,6,,34406,8,,,1,6,,34407,8,,,1,6,,34408,8,,,1,6,,34409,8,,,1,6,,34410,8,,,1,6,,34411,8,,,1,6,,34412,8,,,1,46,,34413,8,,,1,6,,34414,8,,,1,6,,34415,8,,,1,6,,34416,8,,,1,6,,34417,8,,,1,6,,34418,8,,,1,6,,34419,8,,,1,6,,34420,8,,,1,6,,34421,8,,,1,6,,34422,8,,,1,46,,34423,8,,,1,6,,34424,8,,,1,6,,34425,8,,,1,6,,34426,8,,,1,6,,34427,8,,,1,6,,34428,8,,,1,6,,34429,8,,,1,6,,34430,8,,,1,6,,34431,8,,,1,6,,34432,8,,,1,46,,34433,8,,,1,9,,34458,8,,,1,15,,34434,8,,,1,15,,34435,8,,,1,15,,34436,8,,,1,55,,34437,8,,,1,15,,34438,8,,,1,15,,34439,8,,,1,15,,34440,8,,,1,55,,34441,8,,,1,15,,34442,8,,,1,15,,34443,8,,,1,15,,34444,8,,,1,55,,34445,8,,,1,15,,34446,8,,,1,15,,34447,8,,,1,15,,34448,8,,,1,55,,34449,8,,,1,15,,34450,8,,,1,15,,34451,8,,,1,15,,34452,8,,,1,55,,34453,8,,,1,15,,34454,8,,,1,15,,34455,8,,,1,15,,34456,8,,,1,55,,34457,8,,,1,15,,34459,8,,,1
18002100,'021R-Weekday-7-26-09',529,,34460,8,,,1,12,,34461,8,,,1,12,,34462,8,,,1,52,,34463,8,,,1,12,,34464,8,,,1,12,,34465,8,,,1,12,,34466,8,,,1,6,,34467,8,,,1,6,,34468,8,,,1,6,,34469,8,,,1,46,,34470,8,,,1,6,,34471,8,,,1,6,,34472,8,,,1,6,,34473,8,,,1,6,,34474,8,,,1,6,,34475,8,,,1,6,,34476,8,,,1,6,,34477,8,,,1,6,,34478,8,,,1,6,,34479,8,,,1,46,,34480,8,,,1,6,,34481,8,,,1,6,,34482,8,,,1,6,,34483,8,,,1,6,,34484,8,,,1,6,,34485,8,,,1,6,,34486,8,,,1,6,,34487,8,,,1,6,,34488,8,,,1,6,,34489,8,,,1,46,,34490,8,,,1,6,,34491,8,,,1,6,,34492,8,,,1,6,,34493,8,,,1,6,,34494,8,,,1,6,,34495,8,,,1,6,,34496,8,,,1,6,,34497,8,,,1,6,,34498,8,,,1,6,,34499,8,,,1,50,,34500,8,,,1,10,,34501,8,,,1,10,,34502,8,,,1,10,,34503,8,,,1,10,,34504,8,,,1,10,,34505,8,,,1,50,,34506,8,,,1,10,,34507,8,,,1,10,,34508,8,,,1,10,,34509,8,,,1,10,,34510,8,,,1,10,,34511,8,,,1,50,,34512,8,,,1,10,,34513,8,,,1,10,,34514,8,,,1,10,,34515,8,,,1,10,,34516,8,,,1,10,,34517,8,,,1,50,,34518,8,,,1,10,,34519,8,,,1,10,,34520,8,,,1,10,,34521,8,,,1,10,,34522,8,,,1,10,,34523,8,,,1,50,,34524,8,,,1,10,,34525,8,,,1,10,,34526,8,,,1,10,,34527,8,,,1,10,,34528,8,,,1,10,,34529,8,,,1,46,,34530,8,,,1,6,,34531,8,,,1,6,,34532,8,,,1,6,,34533,8,,,1,6,,34534,8,,,1,6,,34535,8,,,1,6,,34536,8,,,1,6,,34537,8,,,1,6,,34538,8,,,1,6,,34539,8,,,1,46,,34540,8,,,1,6,,34541,8,,,1,6,,34542,8,,,1,6,,34543,8,,,1,6,,34544,8,,,1,6,,34545,8,,,1,6,,34546,8,,,1,6,,34547,8,,,1,6,,34548,8,,,1,6,,34549,8,,,1,46,,34550,8,,,1,6,,34551,8,,,1,6,,34552,8,,,1,6,,34553,8,,,1,6,,34554,8,,,1,6,,34555,8,,,1,6,,34556,8,,,1,6,,34557,8,,,1,6,,34558,8,,,1,6,,34559,8,,,1,46,,34560,8,,,1,6,,34561,8,,,1,6,,34562,8,,,1,6,,34563,8,,,1,6,,34564,8,,,1,6,,34565,8,,,1,6,,34566,8,,,1,6,,34567,8,,,1,6,,34568,8,,,1,6,,34569,8,,,1,46,,34570,8,,,1,9,,34595,8,,,1,15,,34571,8,,,1,15,,34572,8,,,1,15,,34573,8,,,1,55,,34574,8,,,1,15,,34575,8,,,1,15,,34576,8,,,1,15,,34577,8,,,1,55,,34578,8,,,1,15,,34579,8,,,1,15,,34580,8,,,1,15,,34581,8,,,1,55,,34582,8,,,1,15,,34583,8,,,1,15,,34584,8,,,1,15,,34585,8,,,1,55,,34586,8,,,1,15,,34587,8,,,1,15,,34588,8,,,1,15,,34589,8,,,1,55,,34590,8,,,1,15,,34591,8,,,1,15,,34592,8,,,1,15,,34593,8,,,1,55,,34594,8,,,1,15,,34596,8,,,1
18002100,'021R-Saturday-1-26-09',529,,34597,8,,,1,15,,34598,8,,,1,15,,34599,8,,,1,55,,34600,8,,,1,15,,34601,8,,,1,15,,34602,8,,,1,15,,34603,8,,,1,55,,34604,8,,,1,15,,34605,8,,,1,15,,34606,8,,,1,15,,34607,8,,,1,55,,34608,8,,,1,15,,34609,8,,,1,15,,34610,8,,,1,15,,34611,8,,,1,55,,34612,8,,,1,15,,34613,8,,,1,15,,34614,8,,,1,15,,34615,8,,,1,55,,34616,8,,,1,15,,34617,8,,,1,15,,34618,8,,,1,15,,34619,8,,,1,55,,34620,8,,,1,15,,34621,8,,,1,15,,34622,8,,,1,15,,34623,8,,,1,55,,34624,8,,,1,15,,34625,8,,,1,15,,34626,8,,,1,15,,34627,8,,,1,55,,34628,8,,,1,15,,34629,8,,,1,15,,34630,8,,,1,15,,34631,8,,,1,55,,34632,8,,,1,15,,34633,8,,,1,15,,34634,8,,,1,15,,34635,8,,,1,55,,34636,8,,,1,15,,34637,8,,,1,15,,34638,8,,,1,15,,34639,8,,,1,55,,34640,8,,,1,15,,34641,8,,,1,15,,34642,8,,,1,15,,34643,8,,,1,55,,34644,8,,,1,15,,34645,8,,,1,15,,34646,8,,,1,15,,34647,8,,,1,55,,34648,8,,,1,15,,34649,8,,,1,15,,34650,8,,,1,15,,34651,8,,,1,55,,34652,8,,,1,15,,34653,8,,,1,15,,34654,8,,,1,15,,34655,8,,,1,55,,34656,8,,,1,15,,34657,8,,,1,15,,34658,8,,,1,15,,34659,8,,,1,55,,34660,8,,,1,15,,34661,8,,,1,15,,34662,8,,,1,15,,34663,8,,,1,55,,34664,8,,,1,15,,34665,8,,,1,15,,34666,8,,,1,15,,34667,8,,,1,55,,34668,8,,,1,15,,34669,8,,,1,15,,34670,8,,,1,15,,34671,8,,,1,55,,34672,8,,,1,15,,34673,8,,,1,15,,34674,8,,,1,15,,34675,8,,,1,55,,34676,8,,,1,15,,34677,8,,,1
18002100,'021R-Saturday-2-26-09',529,,34678,8,,,1,15,,34679,8,,,1,15,,34680,8,,,1,55,,34681,8,,,1,15,,34682,8,,,1,15,,34683,8,,,1,15,,34684,8,,,1,55,,34685,8,,,1,15,,34686,8,,,1,15,,34687,8,,,1,15,,34688,8,,,1,55,,34689,8,,,1,15,,34690,8,,,1,15,,34691,8,,,1,15,,34692,8,,,1,55,,34693,8,,,1,15,,34694,8,,,1,15,,34695,8,,,1,15,,34696,8,,,1,55,,34697,8,,,1,15,,34698,8,,,1,15,,34699,8,,,1,15,,34700,8,,,1,55,,34701,8,,,1,15,,34702,8,,,1,15,,34703,8,,,1,15,,34704,8,,,1,55,,34705,8,,,1,15,,34706,8,,,1,15,,34707,8,,,1,15,,34708,8,,,1,55,,34709,8,,,1,15,,34710,8,,,1,15,,34711,8,,,1,15,,34712,8,,,1,55,,34713,8,,,1,15,,34714,8,,,1,15,,34715,8,,,1,15,,34716,8,,,1,55,,34717,8,,,1,15,,34718,8,,,1,15,,34719,8,,,1,15,,34720,8,,,1,55,,34721,8,,,1,15,,34722,8,,,1,15,,34723,8,,,1,15,,34724,8,,,1,55,,34725,8,,,1,15,,34726,8,,,1,15,,34727,8,,,1,15,,34728,8,,,1,55,,34729,8,,,1,15,,34730,8,,,1,15,,34731,8,,,1,15,,34732,8,,,1,55,,34733,8,,,1,15,,34734,8,,,1,15,,34735,8,,,1,15,,34736,8,,,1,55,,34737,8,,,1,15,,34738,8,,,1,15,,34739,8,,,1,15,,34740,8,,,1,55,,34741,8,,,1,15,,34742,8,,,1,15,,34743,8,,,1,15,,34744,8,,,1,55,,34745,8,,,1,15,,34746,8,,,1,15,,34747,8,,,1,15,,34748,8,,,1,55,,34749,8,,,1,15,,34750,8,,,1,15,,34751,8,,,1,15,,34752,8,,,1,55,,34753,8,,,1,15,,34754,8,,,1,15,,34755,8,,,1,15,,34756,8,,,1,55,,34757,8,,,1,15,,34758,8,,,1
18002100,'021R-Sunday-1-26-09',559,,34759,8,,,1,55,,34760,8,,,1,15,,34761,8,,,1,15,,34762,8,,,1,15,,34763,8,,,1,55,,34764,8,,,1,15,,34765,8,,,1,15,,34766,8,,,1,15,,34767,8,,,1,55,,34768,8,,,1,15,,34769,8,,,1,15,,34770,8,,,1,15,,34771,8,,,1,55,,34772,8,,,1,15,,34773,8,,,1,15,,34774,8,,,1,15,,34775,8,,,1,55,,34776,8,,,1,15,,34777,8,,,1,15,,34778,8,,,1,15,,34779,8,,,1,55,,34780,8,,,1,15,,34781,8,,,1,15,,34782,8,,,1,15,,34783,8,,,1,55,,34784,8,,,1,15,,34785,8,,,1,15,,34786,8,,,1,15,,34787,8,,,1,55,,34788,8,,,1,15,,34789,8,,,1,15,,34790,8,,,1,15,,34791,8,,,1,55,,34792,8,,,1,15,,34793,8,,,1,15,,34794,8,,,1,15,,34795,8,,,1,55,,34796,8,,,1,15,,34797,8,,,1,15,,34798,8,,,1,15,,34799,8,,,1,55,,34800,8,,,1,15,,34801,8,,,1,15,,34802,8,,,1,15,,34803,8,,,1,55,,34804,8,,,1,15,,34805,8,,,1,15,,34806,8,,,1,15,,34807,8,,,1,55,,34808,8,,,1,15,,34809,8,,,1,15,,34810,8,,,1,15,,34811,8,,,1,55,,34812,8,,,1,15,,34813,8,,,1,15,,34814,8,,,1,15,,34815,8,,,1,55,,34816,8,,,1,15,,34817,8,,,1,15,,34818,8,,,1,15,,34819,8,,,1,55,,34820,8,,,1,15,,34821,8,,,1,15,,34822,8,,,1,15,,34823,8,,,1,55,,34824,8,,,1,15,,34825,8,,,1,15,,34826,8,,,1,15,,34827,8,,,1,55,,34828,8,,,1,15,,34829,8,,,1,15,,34830,8,,,1,15,,34831,8,,,1,55,,34832,8,,,1,15,,34833,8,,,1,15,,34834,8,,,1,15,,34835,8,,,1
18002100,'021R-Sunday-2-26-09',559,,34836,8,,,1,55,,34837,8,,,1,15,,34838,8,,,1,15,,34839,8,,,1,15,,34840,8,,,1,55,,34841,8,,,1,15,,34842,8,,,1,15,,34843,8,,,1,15,,34844,8,,,1,55,,34845,8,,,1,15,,34846,8,,,1,15,,34847,8,,,1,15,,34848,8,,,1,55,,34849,8,,,1,15,,34850,8,,,1,15,,34851,8,,,1,15,,34852,8,,,1,55,,34853,8,,,1,15,,34854,8,,,1,15,,34855,8,,,1,15,,34856,8,,,1,55,,34857,8,,,1,15,,34858,8,,,1,15,,34859,8,,,1,15,,34860,8,,,1,55,,34861,8,,,1,15,,34862,8,,,1,15,,34863,8,,,1,15,,34864,8,,,1,55,,34865,8,,,1,15,,34866,8,,,1,15,,34867,8,,,1,15,,34868,8,,,1,55,,34869,8,,,1,15,,34870,8,,,1,15,,34871,8,,,1,15,,34872,8,,,1,55,,34873,8,,,1,15,,34874,8,,,1,15,,34875,8,,,1,15,,34876,8,,,1,55,,34877,8,,,1,15,,34878,8,,,1,15,,34879,8,,,1,15,,34880,8,,,1,55,,34881,8,,,1,15,,34882,8,,,1,15,,34883,8,,,1,15,,34884,8,,,1,55,,34885,8,,,1,15,,34886,8,,,1,15,,34887,8,,,1,15,,34888,8,,,1,55,,34889,8,,,1,15,,34890,8,,,1,15,,34891,8,,,1,15,,34892,8,,,1,55,,34893,8,,,1,15,,34894,8,,,1,15,,34895,8,,,1,15,,34896,8,,,1,55,,34897,8,,,1,15,,34898,8,,,1,15,,34899,8,,,1,15,,34900,8,,,1,55,,34901,8,,,1,15,,34902,8,,,1,15,,34903,8,,,1,15,,34904,8,,,1,55,,34905,8,,,1,15,,34906,8,,,1,15,,34907,8,,,1,15,,34908,8,,,1,55,,34909,8,,,1,15,,34910,8,,,1,15,,34911,8,,,1,15,,34912,8,,,1
18002100,'021R-Sunday-4-26-09',559,,34913,8,,,1,55,,34914,8,,,1,15,,34915,8,,,1,15,,34916,8,,,1,15,,34917,8,,,1,55,,34918,8,,,1,15,,34919,8,,,1,15,,34920,8,,,1,15,,34921,8,,,1,55,,34922,8,,,1,15,,34923,8,,,1,15,,34924,8,,,1,15,,34925,8,,,1,55,,34926,8,,,1,15,,34927,8,,,1,15,,34928,8,,,1,15,,34929,8,,,1,55,,34930,8,,,1,15,,34931,8,,,1,15,,34932,8,,,1,15,,34933,8,,,1,55,,34934,8,,,1,15,,34935,8,,,1,15,,34936,8,,,1,15,,34937,8,,,1,55,,34938,8,,,1,15,,34939,8,,,1,15,,34940,8,,,1,15,,34941,8,,,1,55,,34942,8,,,1,15,,34943,8,,,1,15,,34944,8,,,1,15,,34945,8,,,1,55,,34946,8,,,1,15,,34947,8,,,1,15,,34948,8,,,1,15,,34949,8,,,1,55,,34950,8,,,1,15,,34951,8,,,1,15,,34952,8,,,1,15,,34953,8,,,1,55,,34954,8,,,1,15,,34955,8,,,1,15,,34956,8,,,1,15,,34957,8,,,1,55,,34958,8,,,1,15,,34959,8,,,1,15,,34960,8,,,1,15,,34961,8,,,1,55,,34962,8,,,1,15,,34963,8,,,1,15,,34964,8,,,1,15,,34965,8,,,1,55,,34966,8,,,1,15,,34967,8,,,1,15,,34968,8,,,1,15,,34969,8,,,1,55,,34970,8,,,1,15,,34971,8,,,1,15,,34972,8,,,1,15,,34973,8,,,1,55,,34974,8,,,1,15,,34975,8,,,1,15,,34976,8,,,1,15,,34977,8,,,1,55,,34978,8,,,1,15,,34979,8,,,1,15,,34980,8,,,1,15,,34981,8,,,1,55,,34982,8,,,1,15,,34983,8,,,1,15,,34984,8,,,1,15,,34985,8,,,1,55,,34986,8,,,1,15,,34987,8,,,1,15,,34988,8,,,1,15,,34989,8,,,1
18002200,'022R-Weekday-1-26-09',532,,36327,5,,,1,12,,36328,5,,,1,12,,36329,5,,,1,52,,36330,5,,,1,12,,36331,5,,,1,12,,36332,5,,,1,12,,36333,5,,,1,12,,36334,5,,,1,52,,36335,5,,,1,12,,36336,5,,,1,12,,36337,5,,,1,12,,36368,5,,,1,12,,36369,5,,,1,52,,36370,5,,,1,12,,36371,5,,,1,12,,36372,5,,,1,12,,36373,5,,,1,12,,36374,5,,,1,52,,36341,5,,,1,12,,36342,5,,,1,12,,36343,5,,,1,12,,36344,5,,,1,58,,36375,5,,,1,15,,36376,5,,,1,15,,36377,5,,,1,15,,36378,5,,,1,55,,36345,5,,,1,15,,36346,5,,,1,15,,36347,5,,,1,15,,36348,5,,,1,55,,36349,5,,,1,15,,36350,5,,,1,15,,36351,5,,,1,15,,36352,5,,,1,55,,36353,5,,,1,15,,36354,5,,,1,15,,36355,5,,,1,15,,36356,5,,,1,55,,36338,5,,,1,15,,36339,5,,,1,15,,36340,5,,,1,12,,36401,5,,,1,12,,36402,5,,,1,52,,36403,5,,,1,12,,36404,5,,,1,12,,36405,5,,,1,12,,36406,5,,,1,12,,36407,5,,,1,52,,36408,5,,,1,12,,36409,5,,,1,12,,36410,5,,,1,12,,36357,5,,,1,12,,36358,5,,,1,52,,36359,5,,,1,12,,36360,5,,,1,12,,36361,5,,,1,12,,36362,5,,,1,12,,36363,5,,,1,52,,36364,5,,,1,12,,36365,5,,,1,12,,36366,5,,,1,12,,36367,5,,,1,59,,36379,5,,,1,15,,36380,5,,,1,15,,36381,5,,,1,15,,36382,5,,,1,55,,36383,5,,,1,15,,36384,5,,,1,15,,36385,5,,,1,15,,36386,5,,,1,55,,36387,5,,,1,15,,36388,5,,,1,15,,36389,5,,,1,15,,36390,5,,,1,55,,36391,5,,,1,15,,36392,5,,,1,15,,36393,5,,,1,15,,36394,5,,,1,55,,36395,5,,,1,15,,36396,5,,,1,15,,36397,5,,,1,15,,36398,5,,,1,55,,36399,5,,,1,15,,36400,5,,,1,15,,36326,5,,,1
18002200,'022R-Weekday-2-26-09',532,,36412,5,,,1,12,,36413,5,,,1,12,,36414,5,,,1,52,,36415,5,,,1,12,,36416,5,,,1,12,,36417,5,,,1,12,,36418,5,,,1,12,,36419,5,,,1,52,,36420,5,,,1,12,,36421,5,,,1,12,,36422,5,,,1,12,,36453,5,,,1,12,,36454,5,,,1,52,,36455,5,,,1,12,,36456,5,,,1,12,,36457,5,,,1,12,,36458,5,,,1,12,,36459,5,,,1,52,,36426,5,,,1,12,,36427,5,,,1,12,,36428,5,,,1,12,,36429,5,,,1,58,,36460,5,,,1,15,,36461,5,,,1,15,,36462,5,,,1,15,,36463,5,,,1,55,,36430,5,,,1,15,,36431,5,,,1,15,,36432,5,,,1,15,,36433,5,,,1,55,,36434,5,,,1,15,,36435,5,,,1,15,,36436,5,,,1,15,,36437,5,,,1,55,,36438,5,,,1,15,,36439,5,,,1,15,,36440,5,,,1,15,,36441,5,,,1,55,,36423,5,,,1,15,,36424,5,,,1,15,,36425,5,,,1,12,,36486,5,,,1,12,,36487,5,,,1,52,,36488,5,,,1,12,,36489,5,,,1,12,,36490,5,,,1,12,,36491,5,,,1,12,,36492,5,,,1,52,,36493,5,,,1,12,,36494,5,,,1,12,,36495,5,,,1,12,,36442,5,,,1,12,,36443,5,,,1,52,,36444,5,,,1,12,,36445,5,,,1,12,,36446,5,,,1,12,,36447,5,,,1,12,,36448,5,,,1,52,,36449,5,,,1,12,,36450,5,,,1,12,,36451,5,,,1,12,,36452,5,,,1,59,,36464,5,,,1,15,,36465,5,,,1,15,,36466,5,,,1,15,,36467,5,,,1,55,,36468,5,,,1,15,,36469,5,,,1,15,,36470,5,,,1,15,,36471,5,,,1,55,,36472,5,,,1,15,,36473,5,,,1,15,,36474,5,,,1,15,,36475,5,,,1,55,,36476,5,,,1,15,,36477,5,,,1,15,,36478,5,,,1,15,,36479,5,,,1,55,,36480,5,,,1,15,,36481,5,,,1,15,,36482,5,,,1,15,,36483,5,,,1,55,,36484,5,,,1,15,,36485,5,,,1,15,,36411,5,,,1
18002200,'022R-Weekday-3-26-09',532,,36497,5,,,1,12,,36498,5,,,1,12,,36499,5,,,1,52,,36500,5,,,1,12,,36501,5,,,1,12,,36502,5,,,1,12,,36503,5,,,1,12,,36504,5,,,1,52,,36505,5,,,1,12,,36506,5,,,1,12,,36507,5,,,1,12,,36538,5,,,1,12,,36539,5,,,1,52,,36540,5,,,1,12,,36541,5,,,1,12,,36542,5,,,1,12,,36543,5,,,1,12,,36544,5,,,1,52,,36511,5,,,1,12,,36512,5,,,1,12,,36513,5,,,1,12,,36514,5,,,1,58,,36545,5,,,1,15,,36546,5,,,1,15,,36547,5,,,1,15,,36548,5,,,1,55,,36515,5,,,1,15,,36516,5,,,1,15,,36517,5,,,1,15,,36518,5,,,1,55,,36519,5,,,1,15,,36520,5,,,1,15,,36521,5,,,1,15,,36522,5,,,1,55,,36523,5,,,1,15,,36524,5,,,1,15,,36525,5,,,1,15,,36526,5,,,1,55,,36508,5,,,1,15,,36509,5,,,1,15,,36510,5,,,1,12,,36571,5,,,1,12,,36572,5,,,1,52,,36573,5,,,1,12,,36574,5,,,1,12,,36575,5,,,1,12,,36576,5,,,1,12,,36577,5,,,1,52,,36578,5,,,1,12,,36579,5,,,1,12,,36580,5,,,1,12,,36527,5,,,1,12,,36528,5,,,1,52,,36529,5,,,1,12,,36530,5,,,1,12,,36531,5,,,1,12,,36532,5,,,1,12,,36533,5,,,1,52,,36534,5,,,1,12,,36535,5,,,1,12,,36536,5,,,1,12,,36537,5,,,1,59,,36549,5,,,1,15,,36550,5,,,1,15,,36551,5,,,1,15,,36552,5,,,1,55,,36553,5,,,1,15,,36554,5,,,1,15,,36555,5,,,1,15,,36556,5,,,1,55,,36557,5,,,1,15,,36558,5,,,1,15,,36559,5,,,1,15,,36560,5,,,1,55,,36561,5,,,1,15,,36562,5,,,1,15,,36563,5,,,1,15,,36564,5,,,1,55,,36565,5,,,1,15,,36566,5,,,1,15,,36567,5,,,1,15,,36568,5,,,1,55,,36569,5,,,1,15,,36570,5,,,1,15,,36496,5,,,1
18002200,'022R-Weekday-4-26-09',532,,36582,5,,,1,12,,36583,5,,,1,12,,36584,5,,,1,52,,36585,5,,,1,12,,36586,5,,,1,12,,36587,5,,,1,12,,36588,5,,,1,12,,36589,5,,,1,52,,36590,5,,,1,12,,36591,5,,,1,12,,36592,5,,,1,12,,36623,5,,,1,12,,36624,5,,,1,52,,36625,5,,,1,12,,36626,5,,,1,12,,36627,5,,,1,12,,36628,5,,,1,12,,36629,5,,,1,52,,36596,5,,,1,12,,36597,5,,,1,12,,36598,5,,,1,12,,36599,5,,,1,58,,36630,5,,,1,15,,36631,5,,,1,15,,36632,5,,,1,15,,36633,5,,,1,55,,36600,5,,,1,15,,36601,5,,,1,15,,36602,5,,,1,15,,36603,5,,,1,55,,36604,5,,,1,15,,36605,5,,,1,15,,36606,5,,,1,15,,36607,5,,,1,55,,36608,5,,,1,15,,36609,5,,,1,15,,36610,5,,,1,15,,36611,5,,,1,55,,36593,5,,,1,15,,36594,5,,,1,15,,36595,5,,,1,12,,36656,5,,,1,12,,36657,5,,,1,52,,36658,5,,,1,12,,36659,5,,,1,12,,36660,5,,,1,12,,36661,5,,,1,12,,36662,5,,,1,52,,36663,5,,,1,12,,36664,5,,,1,12,,36665,5,,,1,12,,36612,5,,,1,12,,36613,5,,,1,52,,36614,5,,,1,12,,36615,5,,,1,12,,36616,5,,,1,12,,36617,5,,,1,12,,36618,5,,,1,52,,36619,5,,,1,12,,36620,5,,,1,12,,36621,5,,,1,12,,36622,5,,,1,59,,36634,5,,,1,15,,36635,5,,,1,15,,36636,5,,,1,15,,36637,5,,,1,55,,36638,5,,,1,15,,36639,5,,,1,15,,36640,5,,,1,15,,36641,5,,,1,55,,36642,5,,,1,15,,36643,5,,,1,15,,36644,5,,,1,15,,36645,5,,,1,55,,36646,5,,,1,15,,36647,5,,,1,15,,36648,5,,,1,15,,36649,5,,,1,55,,36650,5,,,1,15,,36651,5,,,1,15,,36652,5,,,1,15,,36653,5,,,1,55,,36654,5,,,1,15,,36655,5,,,1,15,,36581,5,,,1
18002200,'022R-Weekday-5-26-09',532,,36667,5,,,1,12,,36668,5,,,1,12,,36669,5,,,1,52,,36670,5,,,1,12,,36671,5,,,1,12,,36672,5,,,1,12,,36673,5,,,1,12,,36674,5,,,1,52,,36675,5,,,1,12,,36676,5,,,1,12,,36677,5,,,1,12,,36708,5,,,1,12,,36709,5,,,1,52,,36710,5,,,1,12,,36711,5,,,1,12,,36712,5,,,1,12,,36713,5,,,1,12,,36714,5,,,1,52,,36681,5,,,1,12,,36682,5,,,1,12,,36683,5,,,1,12,,36684,5,,,1,58,,36715,5,,,1,15,,36716,5,,,1,15,,36717,5,,,1,15,,36718,5,,,1,55,,36685,5,,,1,15,,36686,5,,,1,15,,36687,5,,,1,15,,36688,5,,,1,55,,36689,5,,,1,15,,36690,5,,,1,15,,36691,5,,,1,15,,36692,5,,,1,55,,36693,5,,,1,15,,36694,5,,,1,15,,36695,5,,,1,15,,36696,5,,,1,55,,36678,5,,,1,15,,36679,5,,,1,15,,36680,5,,,1,12,,36741,5,,,1,12,,36742,5,,,1,52,,36743,5,,,1,12,,36744,5,,,1,12,,36745,5,,,1,12,,36746,5,,,1,12,,36747,5,,,1,52,,36748,5,,,1,12,,36749,5,,,1,12,,36750,5,,,1,12,,36697,5,,,1,12,,36698,5,,,1,52,,36699,5,,,1,12,,36700,5,,,1,12,,36701,5,,,1,12,,36702,5,,,1,12,,36703,5,,,1,52,,36704,5,,,1,12,,36705,5,,,1,12,,36706,5,,,1,12,,36707,5,,,1,59,,36719,5,,,1,15,,36720,5,,,1,15,,36721,5,,,1,15,,36722,5,,,1,55,,36723,5,,,1,15,,36724,5,,,1,15,,36725,5,,,1,15,,36726,5,,,1,55,,36727,5,,,1,15,,36728,5,,,1,15,,36729,5,,,1,15,,36730,5,,,1,55,,36731,5,,,1,15,,36732,5,,,1,15,,36733,5,,,1,15,,36734,5,,,1,55,,36735,5,,,1,15,,36736,5,,,1,15,,36737,5,,,1,15,,36738,5,,,1,55,,36739,5,,,1,15,,36740,5,,,1,15,,36666,5,,,1
18002200,'022R-Weekday-6-26-09',532,,36752,5,,,1,12,,36753,5,,,1,12,,36754,5,,,1,52,,36755,5,,,1,12,,36756,5,,,1,12,,36757,5,,,1,12,,36758,5,,,1,12,,36759,5,,,1,52,,36760,5,,,1,12,,36761,5,,,1,12,,36762,5,,,1,12,,36793,5,,,1,12,,36794,5,,,1,52,,36795,5,,,1,12,,36796,5,,,1,12,,36797,5,,,1,12,,36798,5,,,1,12,,36799,5,,,1,52,,36766,5,,,1,12,,36767,5,,,1,12,,36768,5,,,1,12,,36769,5,,,1,58,,36800,5,,,1,15,,36801,5,,,1,15,,36802,5,,,1,15,,36803,5,,,1,55,,36770,5,,,1,15,,36771,5,,,1,15,,36772,5,,,1,15,,36773,5,,,1,55,,36774,5,,,1,15,,36775,5,,,1,15,,36776,5,,,1,15,,36777,5,,,1,55,,36778,5,,,1,15,,36779,5,,,1,15,,36780,5,,,1,15,,36781,5,,,1,55,,36763,5,,,1,15,,36764,5,,,1,15,,36765,5,,,1,12,,36826,5,,,1,12,,36827,5,,,1,52,,36828,5,,,1,12,,36829,5,,,1,12,,36830,5,,,1,12,,36831,5,,,1,12,,36832,5,,,1,52,,36833,5,,,1,12,,36834,5,,,1,12,,36835,5,,,1,12,,36782,5,,,1,12,,36783,5,,,1,52,,36784,5,,,1,12,,36785,5,,,1,12,,36786,5,,,1,12,,36787,5,,,1,12,,36788,5,,,1,52,,36789,5,,,1,12,,36790,5,,,1,12,,36791,5,,,1,12,,36792,5,,,1,59,,36804,5,,,1,15,,36805,5,,,1,15,,36806,5,,,1,15,,36807,5,,,1,55,,36808,5,,,1,15,,36809,5,,,1,15,,36810,5,,,1,15,,36811,5,,,1,55,,36812,5,,,1,15,,36813,5,,,1,15,,36814,5,,,1,15,,36815,5,,,1,55,,36816,5,,,1,15,,36817,5,,,1,15,,36818,5,,,1,15,,36819,5,,,1,55,,36820,5,,,1,15,,36821,5,,,1,15,,36822,5,,,1,15,,36823,5,,,1,55,,36824,5,,,1,15,,36825,5,,,1,15,,36751,5,,,1
18002200,'022R-Weekday-7-26-09',532,,36837,5,,,1,12,,36838,5,,,1,12,,36839,5,,,1,52,,36840,5,,,1,12,,36841,5,,,1,12,,36842,5,,,1,12,,36843,5,,,1,12,,36844,5,,,1,52,,36845,5,,,1,12,,36846,5,,,1,12,,36847,5,,,1,12,,36878,5,,,1,12,,36879,5,,,1,52,,36880,5,,,1,12,,36881,5,,,1,12,,36882,5,,,1,12,,36883,5,,,1,12,,36884,5,,,1,52,,36851,5,,,1,12,,36852,5,,,1,12,,36853,5,,,1,12,,36854,5,,,1,58,,36885,5,,,1,15,,36886,5,,,1,15,,36887,5,,,1,15,,36888,5,,,1,55,,36855,5,,,1,15,,36856,5,,,1,15,,36857,5,,,1,15,,36858,5,,,1,55,,36859,5,,,1,15,,36860,5,,,1,15,,36861,5,,,1,15,,36862,5,,,1,55,,36863,5,,,1,15,,36864,5,,,1,15,,36865,5,,,1,15,,36866,5,,,1,55,,36848,5,,,1,15,,36849,5,,,1,15,,36850,5,,,1,12,,36911,5,,,1,12,,36912,5,,,1,52,,36913,5,,,1,12,,36914,5,,,1,12,,36915,5,,,1,12,,36916,5,,,1,12,,36917,5,,,1,52,,36918,5,,,1,12,,36919,5,,,1,12,,36920,5,,,1,12,,36867,5,,,1,12,,36868,5,,,1,52,,36869,5,,,1,12,,36870,5,,,1,12,,36871,5,,,1,12,,36872,5,,,1,12,,36873,5,,,1,52,,36874,5,,,1,12,,36875,5,,,1,12,,36876,5,,,1,12,,36877,5,,,1,59,,36889,5,,,1,15,,36890,5,,,1,15,,36891,5,,,1,15,,36892,5,,,1,55,,36893,5,,,1,15,,36894,5,,,1,15,,36895,5,,,1,15,,36896,5,,,1,55,,36897,5,,,1,15,,36898,5,,,1,15,,36899,5,,,1,15,,36900,5,,,1,55,,36901,5,,,1,15,,36902,5,,,1,15,,36903,5,,,1,15,,36904,5,,,1,55,,36905,5,,,1,15,,36906,5,,,1,15,,36907,5,,,1,15,,36908,5,,,1,55,,36909,5,,,1,15,,36910,5,,,1,15,,36836,5,,,1
18002200,'022R-Saturday-1-26-09',532,,36921,5,,,1,15,,36922,5,,,1,55,,36923,5,,,1,15,,36924,5,,,1,15,,36925,5,,,1,15,,36926,5,,,1,55,,36927,5,,,1,15,,36928,5,,,1,15,,36929,5,,,1,15,,36930,5,,,1,55,,36931,5,,,1,15,,36932,5,,,1,15,,36933,5,,,1,15,,36934,5,,,1,55,,36935,5,,,1,15,,36936,5,,,1,15,,36937,5,,,1,15,,36938,5,,,1,55,,36939,5,,,1,15,,36940,5,,,1,15,,36941,5,,,1,15,,36942,5,,,1,55,,36943,5,,,1,15,,36944,5,,,1,15,,36945,5,,,1,15,,36946,5,,,1,55,,36947,5,,,1,15,,36948,5,,,1,15,,36949,5,,,1,15,,36950,5,,,1,55,,36951,5,,,1,15,,36952,5,,,1,15,,36953,5,,,1,15,,36954,5,,,1,55,,36955,5,,,1,15,,36956,5,,,1,15,,36957,5,,,1,15,,36958,5,,,1,55,,36959,5,,,1,15,,36960,5,,,1,15,,36961,5,,,1,15,,36962,5,,,1,55,,36963,5,,,1,15,,36964,5,,,1,15,,36965,5,,,1,15,,36966,5,,,1,55,,36967,5,,,1,15,,36968,5,,,1,15,,36969,5,,,1,15,,36970,5,,,1,55,,36971,5,,,1,15,,36972,5,,,1,15,,36973,5,,,1,15,,36974,5,,,1,55,,36975,5,,,1,15,,36976,5,,,1,15,,36977,5,,,1,15,,36978,5,,,1,55,,36979,5,,,1,15,,36980,5,,,1,15,,36981,5,,,1,15,,36982,5,,,1,55,,36983,5,,,1,15,,36984,5,,,1,15,,36985,5,,,1,15,,36986,5,,,1,55,,36987,5,,,1,15,,36988,5,,,1,15,,36989,5,,,1,15,,36990,5,,,1,55,,36991,5,,,1,15,,36992,5,,,1,15,,36993,5,,,1,15,,36994,5,,,1,55,,36995,5,,,1,15,,36996,5,,,1,15,,36997,5,,,1
18002200,'022R-Saturday-2-26-09',529,,36998,8,,,1,15,,36999,8,,,1,15,,37014,8,,,1,55,,37029,8,,,1,15,,37047,8,,,1,15,,37030,8,,,1,15,,37010,8,,,1,55,,37041,8,,,1,15,,37056,8,,,1,15,,37040,8,,,1,15,,37025,8,,,1,55,,37057,8,,,1,15,,37031,8,,,1,15,,37073,8,,,1,15,,37000,8,,,1,55,,37016,8,,,1,15,,37072,8,,,1,15,,37062,8,,,1,15,,37076,8,,,1,55,,37012,8,,,1,15,,37046,8,,,1,15,,37019,8,,,1,15,,37059,8,,,1,55,,37009,8,,,1,15,,37027,8,,,1,15,,37043,8,,,1,15,,37024,8,,,1,55,,37006,8,,,1,15,,37068,8,,,1,15,,37021,8,,,1,15,,37077,8,,,1,55,,37053,8,,,1,15,,37069,8,,,1,15,,37036,8,,,1,15,,37005,8,,,1,55,,37052,8,,,1,15,,37054,8,,,1,15,,37022,8,,,1,15,,37038,8,,,1,55,,37003,8,,,1,15,,37070,8,,,1,15,,37034,8,,,1,15,,37026,8,,,1,55,,37039,8,,,1,15,,37008,8,,,1,15,,37023,8,,,1,15,,37055,8,,,1,55,,37071,8,,,1,15,,37037,8,,,1,15,,37050,8,,,1,15,,37078,8,,,1,55,,37074,8,,,1,15,,37058,8,,,1,15,,37049,8,,,1,15,,37064,8,,,1,55,,37042,8,,,1,15,,37011,8,,,1,15,,37015,8,,,1,15,,37066,8,,,1,55,,37004,8,,,1,15,,37020,8,,,1,15,,37035,8,,,1,15,,37051,8,,,1,55,,37067,8,,,1,15,,37033,8,,,1,15,,37001,8,,,1,15,,37017,8,,,1,55,,37065,8,,,1,15,,37002,8,,,1,15,,37018,8,,,1,15,,37032,8,,,1,55,,37048,8,,,1,15,,37045,8,,,1,15,,37061,8,,,1,15,,37007,8,,,1,55,,37013,8,,,1,15,,37028,8,,,1,15,,37044,8,,,1,15,,37075,8,,,1,55,,37060,8,,,1,15,,37063,8,,,1
18002200,'022R-Saturday-3-26-09',522,,37086,2,0,5 6 7 8,1,15,,37131,2,0,5 6 7 8,1,15,,37096,2,0,5 6 7 8,1,55,,37080,2,0,5 6 7 8,1,15,,37122,2,0,5 6 7 8,1,15,,37090,2,0,5 6 7 8,1,15,,37102,2,0,5 6 7 8,1,55,,37138,2,0,5 6 7 8,1,15,,37092,2,0,5 6 7 8,1,15,,37154,2,0,5 6 7 8,1,15,,37140,2,0,5 6 7 8,1,55,,37083,2,0,5 6 7 8,1,15,,37108,2,0,5 6 7 8,1,15,,37124,2,0,5 6 7 8,1,15,,37128,2,0,5 6 7 8,1,55,,37112,2,0,5 6 7 8,1,15,,37144,2,0,5 6 7 8,1,15,,37115,2,0,5 6 7 8,1,15,,37126,2,0,5 6 7 8,1,55,,37098,2,0,5 6 7 8,1,15,,37142,2,0,5 6 7 8,1,15,,37094,2,0,5 6 7 8,1,15,,37125,2,0,5 6 7 8,1,55,,37093,2,0,5 6 7 8,1,15,,37109,2,0,5 6 7 8,1,15,,37155,2,0,5 6 7 8,1,15,,37110,2,0,5 6 7 8,1,55,,37104,2,0,5 6 7 8,1,15,,37136,2,0,5 6 7 8,1,15,,37091,2,0,5 6 7 8,1,15,,37107,2,0,5 6 7 8,1,55,,37088,2,0,5 6 7 8,1,15,,37123,2,0,5 6 7 8,1,15,,37120,2,0,5 6 7 8,1,15,,37139,2,0,5 6 7 8,1,55,,37141,2,0,5 6 7 8,1,15,,37127,2,0,5 6 7 8,1,15,,37111,2,0,5 6 7 8,1,15,,37143,2,0,5 6 7 8,1,55,,37095,2,0,5 6 7 8,1,15,,37079,2,0,5 6 7 8,1,15,,37135,2,0,5 6 7 8,1,15,,37153,2,0,5 6 7 8,1,55,,37105,2,0,5 6 7 8,1,15,,37087,2,0,5 6 7 8,1,15,,37121,2,0,5 6 7 8,1,15,,37084,2,0,5 6 7 8,1,55,,37151,2,0,5 6 7 8,1,15,,37119,2,0,5 6 7 8,1,15,,37137,2,0,5 6 7 8,1,15,,37103,2,0,5 6 7 8,1,55,,37089,2,0,5 6 7 8,1,15,,37150,2,0,5 6 7 8,1,15,,37100,2,0,5 6 7 8,1,15,,37132,2,0,5 6 7 8,1,55,,37116,2,0,5 6 7 8,1,15,,37148,2,0,5 6 7 8,1,15,,37099,2,0,5 6 7 8,1,15,,37085,2,0,5 6 7 8,1,55,,37118,2,0,5 6 7 8,1,15,,37082,2,0,5 6 7 8,1,15,,37134,2,0,5 6 7 8,1,15,,37101,2,0,5 6 7 8,1,55,,37117,2,0,5 6 7 8,1,15,,37133,2,0,5 6 7 8,1,15,,37149,2,0,5 6 7 8,1,15,,37113,2,0,5 6 7 8,1,55,,37152,2,0,5 6 7 8,1,15,,37114,2,0,5 6 7 8,1,15,,37106,2,0,5 6 7 8,1,15,,37145,2,0,5 6 7 8,1,55,,37097,2,0,5 6 7 8,1,15,,37081,2,0,5 6 7 8,1,15,,37147,2,0,5 6 7 8,1,15,,37146,2,0,5 6 7 8,1,55,,37130,2,0,5 6 7 8,1,15,,37129,2,0,5 6 7 8,1
18002200,'022R-Saturday-4-26-09',535,,37216,2,0,5 6 7 8,1,15,,37212,2,0,5 6 7 8,1,55,,37208,2,0,5 6 7 8,1,15,,37232,2,0,5 6 7 8,1,15,,37221,2,0,5 6 7 8,1,15,,37191,2,0,5 6 7 8,1,55,,37202,2,0,5 6 7 8,1,15,,37198,2,0,5 6 7 8,1,15,,37201,2,0,5 6 7 8,1,15,,37194,2,0,5 6 7 8,1,55,,37209,2,0,5 6 7 8,1,15,,37190,2,0,5 6 7 8,1,15,,37229,2,0,5 6 7 8,1,15,,37197,2,0,5 6 7 8,1,55,,37225,2,0,5 6 7 8,1,15,,37217,2,0,5 6 7 8,1,15,,37213,2,0,5 6 7 8,1,15,,37205,2,0,5 6 7 8,1,55,,37218,2,0,5 6 7 8,1,15,,37214,2,0,5 6 7 8,1,15,,37210,2,0,5 6 7 8,1,15,,37206,2,0,5 6 7 8,1,55,,37228,2,0,5 6 7 8,1,15,,37222,2,0,5 6 7 8,1,15,,37230,2,0,5 6 7 8,1,15,,37193,2,0,5 6 7 8,1,55,,37226,2,0,5 6 7 8,1,15,,37196,2,0,5 6 7 8,1,15,,37192,2,0,5 6 7 8,1,15,,37231,2,0,5 6 7 8,1,55,,37227,2,0,5 6 7 8,1,15,,37211,2,0,5 6 7 8,1,15,,37207,2,0,5 6 7 8,1,15,,37215,2,0,5 6 7 8,1,55,,37204,2,0,5 6 7 8,1,15,,37200,2,0,5 6 7 8,1,15,,37219,2,0,5 6 7 8,1,15,,37199,2,0,5 6 7 8,1,55,,37203,2,0,5 6 7 8,1,15,,37195,2,0,5 6 7 8,1,15,,37223,2,0,5 6 7 8,1,15,,37224,2,0,5 6 7 8,1,55,,37220,2,0,5 6 7 8,1,12,,37156,5,,,1,15,,37157,5,,,1,15,,37158,5,,,1,55,,37159,5,,,1,15,,37160,5,,,1,15,,37161,5,,,1,15,,37162,5,,,1,55,,37163,5,,,1,15,,37164,5,,,1,15,,37165,5,,,1,15,,37166,5,,,1,55,,37167,5,,,1,15,,37168,5,,,1,15,,37169,5,,,1,15,,37170,5,,,1,55,,37171,5,,,1,15,,37172,5,,,1,15,,37173,5,,,1,15,,37174,5,,,1,55,,37175,5,,,1,15,,37176,5,,,1,15,,37177,5,,,1,15,,37178,5,,,1,55,,37179,5,,,1,15,,37180,5,,,1,15,,37181,5,,,1,15,,37182,5,,,1,55,,37183,5,,,1,15,,37184,5,,,1,15,,37185,5,,,1,15,,37186,5,,,1,55,,37187,5,,,1,15,,37188,5,,,1,15,,37189,5,,,1
18002200,'022R-Sunday-1-26-09',547,,37233,5,,,1,55,,37234,5,,,1,15,,37235,5,,,1,15,,37236,5,,,1,15,,37237,5,,,1,55,,37238,5,,,1,15,,37239,5,,,1,15,,37240,5,,,1,15,,37241,5,,,1,55,,37242,5,,,1,15,,37243,5,,,1,15,,37244,5,,,1,15,,37245,5,,,1,55,,37246,5,,,1,15,,37247,5,,,1,15,,37248,5,,,1,15,,37249,5,,,1,55,,37250,5,,,1,15,,37251,5,,,1,15,,37252,5,,,1,15,,37253,5,,,1,55,,37254,5,,,1,15,,37255,5,,,1,15,,37256,5,,,1,15,,37257,5,,,1,55,,37258,5,,,1,15,,37259,5,,,1,15,,37260,5,,,1,15,,37261,5,,,1,55,,37262,5,,,1,15,,37263,5,,,1,15,,37264,5,,,1,15,,37265,5,,,1,55,,37266,5,,,1,15,,37267,5,,,1,15,,37268,5,,,1,15,,37269,5,,,1,55,,37270,5,,,1,15,,37271,5,,,1,15,,37272,5,,,1,15,,37273,5,,,1,55,,37274,5,,,1,15,,37275,5,,,1,15,,37276,5,,,1,15,,37277,5,,,1,55,,37278,5,,,1,15,,37279,5,,,1,15,,37280,5,,,1,15,,37281,5,,,1,55,,37282,5,,,1,15,,37283,5,,,1,15,,37284,5,,,1,15,,37285,5,,,1,55,,37286,5,,,1,15,,37287,5,,,1,15,,37288,5,,,1,15,,37289,5,,,1,55,,37290,5,,,1,15,,37291,5,,,1,15,,37292,5,,,1,15,,37293,5,,,1,55,,37294,5,,,1,15,,37295,5,,,1,15,,37296,5,,,1,15,,37297,5,,,1,55,,37298,5,,,1,15,,37299,5,,,1,15,,37300,5,,,1,15,,37301,5,,,1,55,,37302,5,,,1,15,,37303,5,,,1,15,,37304,5,,,1,15,,37305,5,,,1
18002200,'022R-Sunday-2-26-09',559,,37377,8,,,1,55,,37378,8,,,1,15,,37379,8,,,1,15,,37380,8,,,1,15,,37348,8,,,1,55,,37363,8,,,1,15,,37309,8,,,1,15,,37320,8,,,1,15,,37335,8,,,1,55,,37332,8,,,1,15,,37349,8,,,1,15,,37334,8,,,1,15,,37362,8,,,1,55,,37361,8,,,1,15,,37364,8,,,1,15,,37316,8,,,1,15,,37374,8,,,1,55,,37359,8,,,1,15,,37347,8,,,1,15,,37325,8,,,1,15,,37331,8,,,1,55,,37376,8,,,1,15,,37318,8,,,1,15,,37346,8,,,1,15,,37344,8,,,1,55,,37313,8,,,1,15,,37373,8,,,1,15,,37315,8,,,1,15,,37351,8,,,1,55,,37339,8,,,1,15,,37323,8,,,1,15,,37370,8,,,1,15,,37357,8,,,1,55,,37336,8,,,1,15,,37329,8,,,1,15,,37371,8,,,1,15,,37310,8,,,1,55,,37356,8,,,1,15,,37314,8,,,1,15,,37360,8,,,1,15,,37338,8,,,1,55,,37354,8,,,1,15,,37308,8,,,1,15,,37353,8,,,1,15,,37330,8,,,1,55,,37366,8,,,1,15,,37367,8,,,1,15,,37312,8,,,1,15,,37321,8,,,1,55,,37326,8,,,1,15,,37328,8,,,1,15,,37327,8,,,1,15,,37324,8,,,1,55,,37368,8,,,1,15,,37341,8,,,1,15,,37343,8,,,1,15,,37358,8,,,1,55,,37372,8,,,1,15,,37311,8,,,1,15,,37307,8,,,1,15,,37345,8,,,1,55,,37342,8,,,1,15,,37375,8,,,1,15,,37317,8,,,1,15,,37369,8,,,1,55,,37350,8,,,1,15,,37355,8,,,1,15,,37365,8,,,1,15,,37319,8,,,1,55,,37306,8,,,1,15,,37322,8,,,1,15,,37337,8,,,1,15,,37340,8,,,1,55,,37333,8,,,1,15,,37352,8,,,1
18002200,'022R-Sunday-3-26-09',552,,37381,2,0,5 6 7 8,1,55,,37382,2,0,5 6 7 8,1,15,,37383,2,0,5 6 7 8,1,15,,37384,2,0,5 6 7 8,1,15,,37385,2,0,5 6 7 8,1,55,,37386,2,0,5 6 7 8,1,15,,37387,2,0,5 6 7 8,1,15,,37388,2,0,5 6 7 8,1,15,,37389,2,0,5 6 7 8,1,55,,37390,2,0,5 6 7 8,1,15,,37391,2,0,5 6 7 8,1,15,,37392,2,0,5 6 7 8,1,15,,37393,2,0,5 6 7 8,1,55,,37394,2,0,5 6 7 8,1,15,,37395,2,0,5 6 7 8,1,15,,37396,2,0,5 6 7 8,1,15,,37397,2,0,5 6 7 8,1,55,,37398,2,0,5 6 7 8,1,15,,37399,2,0,5 6 7 8,1,15,,37400,2,0,5 6 7 8,1,15,,37401,2,0,5 6 7 8,1,55,,37402,2,0,5 6 7 8,1,15,,37403,2,0,5 6 7 8,1,15,,37404,2,0,5 6 7 8,1,15,,37405,2,0,5 6 7 8,1,55,,37406,2,0,5 6 7 8,1,15,,37407,2,0,5 6 7 8,1,15,,37408,2,0,5 6 7 8,1,15,,37409,2,0,5 6 7 8,1,55,,37410,2,0,5 6 7 8,1,15,,37411,2,0,5 6 7 8,1,15,,37412,2,0,5 6 7 8,1,15,,37413,2,0,5 6 7 8,1,55,,37414,2,0,5 6 7 8,1,15,,37415,2,0,5 6 7 8,1,15,,37416,2,0,5 6 7 8,1,15,,37417,2,0,5 6 7 8,1,55,,37418,2,0,5 6 7 8,1,15,,37419,2,0,5 6 7 8,1,15,,37420,2,0,5 6 7 8,1,15,,37421,2,0,5 6 7 8,1,55,,37422,2,0,5 6 7 8,1,15,,37423,2,0,5 6 7 8,1,15,,37424,2,0,5 6 7 8,1,15,,37425,2,0,5 6 7 8,1,55,,37426,2,0,5 6 7 8,1,15,,37427,2,0,5 6 7 8,1,15,,37428,2,0,5 6 7 8,1,15,,37429,2,0,5 6 7 8,1,55,,37430,2,0,5 6 7 8,1,15,,37431,2,0,5 6 7 8,1,15,,37432,2,0,5 6 7 8,1,15,,37433,2,0,5 6 7 8,1,55,,37434,2,0,5 6 7 8,1,15,,37435,2,0,5 6 7 8,1,15,,37436,2,0,5 6 7 8,1,15,,37437,2,0,5 6 7 8,1,55,,37438,2,0,5 6 7 8,1,15,,37439,2,0,5 6 7 8,1,15,,37440,2,0,5 6 7 8,1,15,,37441,2,0,5 6 7 8,1,55,,37442,2,0,5 6 7 8,1,15,,37443,2,0,5 6 7 8,1,15,,37444,2,0,5 6 7 8,1,15,,37445,2,0,5 6 7 8,1,55,,37446,2,0,5 6 7 8,1,15,,37447,2,0,5 6 7 8,1,15,,37448,2,0,5 6 7 8,1,15,,37449,2,0,5 6 7 8,1,55,,37450,2,0,5 6 7 8,1,15,,37451,2,0,5 6 7 8,1,15,,37452,2,0,5 6 7 8,1
18002200,'022R-Sunday-5-26-09',552,,37453,2,0,5 6 7 8,1,55,,37454,2,0,5 6 7 8,1,15,,37455,2,0,5 6 7 8,1,15,,37456,2,0,5 6 7 8,1,15,,37457,2,0,5 6 7 8,1,55,,37458,2,0,5 6 7 8,1,15,,37459,2,0,5 6 7 8,1,15,,37460,2,0,5 6 7 8,1,15,,37461,2,0,5 6 7 8,1,55,,37462,2,0,5 6 7 8,1,15,,37463,2,0,5 6 7 8,1,15,,37464,2,0,5 6 7 8,1,15,,37465,2,0,5 6 7 8,1,55,,37466,2,0,5 6 7 8,1,15,,37467,2,0,5 6 7 8,1,15,,37468,2,0,5 6 7 8,1,15,,37469,2,0,5 6 7 8,1,55,,37470,2,0,5 6 7 8,1,15,,37471,2,0,5 6 7 8,1,15,,37472,2,0,5 6 7 8,1,15,,37473,2,0,5 6 7 8,1,55,,37474,2,0,5 6 7 8,1,15,,37475,2,0,5 6 7 8,1,15,,37476,2,0,5 6 7 8,1,15,,37477,2,0,5 6 7 8,1,55,,37478,2,0,5 6 7 8,1,15,,37479,2,0,5 6 7 8,1,15,,37480,2,0,5 6 7 8,1,15,,37481,2,0,5 6 7 8,1,55,,37482,2,0,5 6 7 8,1,15,,37483,2,0,5 6 7 8,1,15,,37484,2,0,5 6 7 8,1,15,,37485,2,0,5 6 7 8,1,55,,37486,2,0,5 6 7 8,1,15,,37487,2,0,5 6 7 8,1,15,,37488,2,0,5 6 7 8,1,15,,37489,2,0,5 6 7 8,1,55,,37490,2,0,5 6 7 8,1,15,,37491,2,0,5 6 7 8,1,15,,37492,2,0,5 6 7 8,1,15,,37493,2,0,5 6 7 8,1,55,,37494,2,0,5 6 7 8,1,15,,37495,2,0,5 6 7 8,1,15,,37496,2,0,5 6 7 8,1,15,,37497,2,0,5 6 7 8,1,55,,37498,2,0,5 6 7 8,1,15,,37499,2,0,5 6 7 8,1,15,,37500,2,0,5 6 7 8,1,15,,37501,2,0,5 6 7 8,1,55,,37502,2,0,5 6 7 8,1,15,,37503,2,0,5 6 7 8,1,15,,37504,2,0,5 6 7 8,1,15,,37505,2,0,5 6 7 8,1,55,,37506,2,0,5 6 7 8,1,15,,37507,2,0,5 6 7 8,1,15,,37508,2,0,5 6 7 8,1,15,,37509,2,0,5 6 7 8,1,55,,37510,2,0,5 6 7 8,1,15,,37511,2,0,5 6 7 8,1,15,,37512,2,0,5 6 7 8,1,15,,37513,2,0,5 6 7 8,1,55,,37514,2,0,5 6 7 8,1,15,,37515,2,0,5 6 7 8,1,15,,37516,2,0,5 6 7 8,1,15,,37517,2,0,5 6 7 8,1,55,,37518,2,0,5 6 7 8,1,15,,37519,2,0,5 6 7 8,1,15,,37520,2,0,5 6 7 8,1,15,,37521,2,0,5 6 7 8,1,55,,37522,2,0,5 6 7 8,1,15,,37523,2,0,5 6 7 8,1,15,,37524,2,0,5 6 7 8,1
18002200,'022R-Sunday-6-26-09',547,,37547,2,0,5 6 7 8,1,55,,37548,2,0,5 6 7 8,1,15,,37549,2,0,5 6 7 8,1,15,,37550,2,0,5 6 7 8,1,15,,37551,2,0,5 6 7 8,1,55,,37552,2,0,5 6 7 8,1,15,,37553,2,0,5 6 7 8,1,15,,37554,2,0,5 6 7 8,1,15,,37555,2,0,5 6 7 8,1,55,,37556,2,0,5 6 7 8,1,15,,37557,2,0,5 6 7 8,1,15,,37558,2,0,5 6 7 8,1,15,,37559,2,0,5 6 7 8,1,55,,37560,2,0,5 6 7 8,1,15,,37561,2,0,5 6 7 8,1,15,,37562,2,0,5 6 7 8,1,15,,37563,2,0,5 6 7 8,1,55,,37564,2,0,5 6 7 8,1,15,,37565,2,0,5 6 7 8,1,15,,37566,2,0,5 6 7 8,1,15,,37567,2,0,5 6 7 8,1,55,,37568,2,0,5 6 7 8,1,15,,37569,2,0,5 6 7 8,1,15,,37570,2,0,5 6 7 8,1,15,,37571,2,0,5 6 7 8,1,55,,37572,2,0,5 6 7 8,1,15,,37573,2,0,5 6 7 8,1,15,,37574,2,0,5 6 7 8,1,15,,37575,2,0,5 6 7 8,1,55,,37576,2,0,5 6 7 8,1,15,,37577,2,0,5 6 7 8,1,15,,37578,2,0,5 6 7 8,1,15,,37579,2,0,5 6 7 8,1,55,,37580,2,0,5 6 7 8,1,15,,37581,2,0,5 6 7 8,1,15,,37582,2,0,5 6 7 8,1,15,,37583,2,0,5 6 7 8,1,55,,37584,2,0,5 6 7 8,1,15,,37585,2,0,5 6 7 8,1,15,,37586,2,0,5 6 7 8,1,15,,37587,2,0,5 6 7 8,1,55,,37588,2,0,5 6 7 8,1,15,,37589,2,0,5 6 7 8,1,15,,37590,2,0,5 6 7 8,1,15,,37591,2,0,5 6 7 8,1,55,,37592,2,0,5 6 7 8,1,15,,37593,2,0,5 6 7 8,1,15,,37594,2,0,5 6 7 8,1,15,,37595,2,0,5 6 7 8,1,55,,37596,2,0,5 6 7 8,1,15,,37597,2,0,5 6 7 8,1,15,,37525,5,,,1,15,,37526,5,,,1,55,,37527,5,,,1,15,,37528,5,,,1,15,,37529,5,,,1,15,,37530,5,,,1,55,,37531,5,,,1,15,,37532,5,,,1,15,,37533,5,,,1,15,,37534,5,,,1,55,,37535,5,,,1,15,,37536,5,,,1,15,,37537,5,,,1,15,,37538,5,,,1,55,,37539,5,,,1,15,,37540,5,,,1,15,,37541,5,,,1,15,,37542,5,,,1,55,,37543,5,,,1,15,,37544,5,,,1,15,,37545,5,,,1,15,,37546,5,,,1
