18002101,'021R-Weekday-1-26-09',543,,34990,16,,,1,12,,34992,16,,,1,52,,34993,16,,,1,6,,35124,16,,,1,6,,34991,16,,,1,6,,35022,16,,,1,6,,35023,16,,,1,6,,35024,16,,,1,6,,35025,16,,,1,6,,35021,16,,,1,6,,35020,16,,,1,46,,35019,16,,,1,6,,35018,16,,,1,6,,35017,16,,,1,6,,35016,16,,,1,6,,35015,16,,,1,6,,35014,16,,,1,6,,35013,16,,,1,6,,35012,16,,,1,6,,35011,16,,,1,6,,35010,16,,,1,46,,35009,16,,,1,6,,35008,16,,,1,6,,35007,16,,,1,6,,35006,16,,,1,6,,35005,16,,,1,6,,35004,16,,,1,6,,35003,16,,,1,6,,35002,16,,,1,6,,35001,16,,,1,6,,35000,16,,,1,46,,34999,16,,,1,6,,34998,16,,,1,6,,34997,16,,,1,6,,34996,16,,,1,6,,34995,16,,,1,10,,35026,16,,,1,10,,35027,16,,,1,10,,35028,16,,,1,50,,35029,16,,,1,10,,35030,16,,,1,10,,35031,16,,,1,10,,35032,16,,,1,10,,35033,16,,,1,10,,35034,16,,,1,50,,35035,16,,,1,10,,35036,16,,,1,10,,35037,16,,,1,10,,35038,16,,,1,10,,35039,16,,,1,10,,35040,16,,,1,50,,35041,16,,,1,10,,35042,16,,,1,10,,35043,16,,,1,10,,35044,16,,,1,10,,35045,16,,,1,10,,35046,16,,,1,50,,35047,16,,,1,10,,35048,16,,,1,10,,35049,16,,,1,10,,35050,16,,,1,10,,35051,16,,,1,10,,35052,16,,,1,50,,35053,16,,,1,10,,35054,16,,,1,10,,35055,16,,,1,6,,35056,16,,,1,6,,35057,16,,,1,6,,35058,16,,,1,6,,35059,16,,,1,6,,35060,16,,,1,46,,35061,16,,,1,6,,35062,16,,,1,6,,35063,16,,,1,6,,35064,16,,,1,6,,35065,16,,,1,6,,35066,16,,,1,6,,35067,16,,,1,6,,35068,16,,,1,6,,35069,16,,,1,6,,35070,16,,,1,46,,35071,16,,,1,6,,35072,16,,,1,6,,35073,16,,,1,6,,35074,16,,,1,6,,35075,16,,,1,6,,35076,16,,,1,6,,35077,16,,,1,6,,35078,16,,,1,6,,35079,16,,,1,6,,35080,16,,,1,46,,35081,16,,,1,6,,35082,16,,,1,6,,35083,16,,,1,6,,35084,16,,,1,6,,35085,16,,,1,6,,35086,16,,,1,6,,35087,16,,,1,6,,35088,16,,,1,6,,35089,16,,,1,6,,35090,16,,,1,46,,35091,16,,,1,6,,35092,16,,,1,6,,35093,16,,,1,6,,35094,16,,,1,6,,35095,16,,,1,6,,35096,16,,,1,9,,35097,16,,,1,15,,35098,16,,,1,55,,35099,16,,,1,15,,35100,16,,,1,15,,35101,16,,,1,15,,35102,16,,,1,55,,35103,16,,,1,15,,35104,16,,,1,15,,35105,16,,,1,15,,35106,16,,,1,55,,35107,16,,,1,15,,35108,16,,,1,15,,35109,16,,,1,15,,35110,16,,,1,55,,35111,16,,,1,15,,35112,16,,,1,15,,35113,16,,,1,15,,35114,16,,,1,55,,35115,16,,,1,15,,35116,16,,,1,15,,35117,16,,,1,15,,35118,16,,,1,55,,35119,16,,,1,15,,35120,16,,,1,15,,35121,16,,,1,15,,35122,16,,,1,55,,35123,16,,,1,15,,34994,16,,,1
18002101,'021R-Weekday-3-26-09',543,,35260,16,,,1,12,,35262,16,,,1,52,,35263,16,,,1,6,,35394,16,,,1,6,,35261,16,,,1,6,,35292,16,,,1,6,,35293,16,,,1,6,,35294,16,,,1,6,,35295,16,,,1,6,,35291,16,,,1,6,,35290,16,,,1,46,,35289,16,,,1,6,,35288,16,,,1,6,,35287,16,,,1,6,,35286,16,,,1,6,,35285,16,,,1,6,,35284,16,,,1,6,,35283,16,,,1,6,,35282,16,,,1,6,,35281,16,,,1,6,,35280,16,,,1,46,,35279,16,,,1,6,,35278,16,,,1,6,,35277,16,,,1,6,,35276,16,,,1,6,,35275,16,,,1,6,,35274,16,,,1,6,,35273,16,,,1,6,,35272,16,,,1,6,,35271,16,,,1,6,,35270,16,,,1,46,,35269,16,,,1,6,,35268,16,,,1,6,,35267,16,,,1,6,,35266,16,,,1,6,,35265,16,,,1,10,,35296,16,,,1,10,,35297,16,,,1,10,,35298,16,,,1,50,,35299,16,,,1,10,,35300,16,,,1,10,,35301,16,,,1,10,,35302,16,,,1,10,,35303,16,,,1,10,,35304,16,,,1,50,,35305,16,,,1,10,,35306,16,,,1,10,,35307,16,,,1,10,,35308,16,,,1,10,,35309,16,,,1,10,,35310,16,,,1,50,,35311,16,,,1,10,,35312,16,,,1,10,,35313,16,,,1,10,,35314,16,,,1,10,,35315,16,,,1,10,,35316,16,,,1,50,,35317,16,,,1,10,,35318,16,,,1,10,,35319,16,,,1,10,,35320,16,,,1,10,,35321,16,,,1,10,,35322,16,,,1,50,,35323,16,,,1,10,,35324,16,,,1,10,,35325,16,,,1,6,,35326,16,,,1,6,,35327,16,,,1,6,,35328,16,,,1,6,,35329,16,,,1,6,,35330,16,,,1,46,,35331,16,,,1,6,,35332,16,,,1,6,,35333,16,,,1,6,,35334,16,,,1,6,,35335,16,,,1,6,,35336,16,,,1,6,,35337,16,,,1,6,,35338,16,,,1,6,,35339,16,,,1,6,,35340,16,,,1,46,,35341,16,,,1,6,,35342,16,,,1,6,,35343,16,,,1,6,,35344,16,,,1,6,,35345,16,,,1,6,,35346,16,,,1,6,,35347,16,,,1,6,,35348,16,,,1,6,,35349,16,,,1,6,,35350,16,,,1,46,,35351,16,,,1,6,,35352,16,,,1,6,,35353,16,,,1,6,,35354,16,,,1,6,,35355,16,,,1,6,,35356,16,,,1,6,,35357,16,,,1,6,,35358,16,,,1,6,,35359,16,,,1,6,,35360,16,,,1,46,,35361,16,,,1,6,,35362,16,,,1,6,,35363,16,,,1,6,,35364,16,,,1,6,,35365,16,,,1,6,,35366,16,,,1,9,,35367,16,,,1,15,,35368,16,,,1,55,,35369,16,,,1,15,,35370,16,,,1,15,,35371,16,,,1,15,,35372,16,,,1,55,,35373,16,,,1,15,,35374,16,,,1,15,,35375,16,,,1,15,,35376,16,,,1,55,,35377,16,,,1,15,,35378,16,,,1,15,,35379,16,,,1,15,,35380,16,,,1,55,,35381,16,,,1,15,,35382,16,,,1,15,,35383,16,,,1,15,,35384,16,,,1,55,,35385,16,,,1,15,,35386,16,,,1,15,,35387,16,,,1,15,,35388,16,,,1,55,,35389,16,,,1,15,,35390,16,,,1,15,,35391,16,,,1,15,,35392,16,,,1,55,,35393,16,,,1,15,,35264,16,,,1
18002101,'021R-Weekday-4-26-09',543,,35395,16,,,1,12,,35397,16,,,1,52,,35398,16,,,1,6,,35529,16,,,1,6,,35396,16,,,1,6,,35427,16,,,1,6,,35428,16,,,1,6,,35429,16,,,1,6,,35430,16,,,1,6,,35426,16,,,1,6,,35425,16,,,1,46,,35424,16,,,1,6,,35423,16,,,1,6,,35422,16,,,1,6,,35421,16,,,1,6,,35420,16,,,1,6,,35419,16,,,1,6,,35418,16,,,1,6,,35417,16,,,1,6,,35416,16,,,1,6,,35415,16,,,1,46,,35414,16,,,1,6,,35413,16,,,1,6,,35412,16,,,1,6,,35411,16,,,1,6,,35410,16,,,1,6,,35409,16,,,1,6,,35408,16,,,1,6,,35407,16,,,1,6,,35406,16,,,1,6,,35405,16,,,1,46,,35404,16,,,1,6,,35403,16,,,1,6,,35402,16,,,1,6,,35401,16,,,1,6,,35400,16,,,1,10,,35431,16,,,1,10,,35432,16,,,1,10,,35433,16,,,1,50,,35434,16,,,1,10,,35435,16,,,1,10,,35436,16,,,1,10,,35437,16,,,1,10,,35438,16,,,1,10,,35439,16,,,1,50,,35440,16,,,1,10,,35441,16,,,1,10,,35442,16,,,1,10,,35443,16,,,1,10,,35444,16,,,1,10,,35445,16,,,1,50,,35446,16,,,1,10,,35447,16,,,1,10,,35448,16,,,1,10,,35449,16,,,1,10,,35450,16,,,1,10,,35451,16,,,1,50,,35452,16,,,1,10,,35453,16,,,1,10,,35454,16,,,1,10,,35455,16,,,1,10,,35456,16,,,1,10,,35457,16,,,1,50,,35458,16,,,1,10,,35459,16,,,1,10,,35460,16,,,1,6,,35461,16,,,1,6,,35462,16,,,1,6,,35463,16,,,1,6,,35464,16,,,1,6,,35465,16,,,1,46,,35466,16,,,1,6,,35467,16,,,1,6,,35468,16,,,1,6,,35469,16,,,1,6,,35470,16,,,1,6,,35471,16,,,1,6,,35472,16,,,1,6,,35473,16,,,1,6,,35474,16,,,1,6,,35475,16,,,1,46,,35476,16,,,1,6,,35477,16,,,1,6,,35478,16,,,1,6,,35479,16,,,1,6,,35480,16,,,1,6,,35481,16,,,1,6,,35482,16,,,1,6,,35483,16,,,1,6,,35484,16,,,1,6,,35485,16,,,1,46,,35486,16,,,1,6,,35487,16,,,1,6,,35488,16,,,1,6,,35489,16,,,1,6,,35490,16,,,1,6,,35491,16,,,1,6,,35492,16,,,1,6,,35493,16,,,1,6,,35494,16,,,1,6,,35495,16,,,1,46,,35496,16,,,1,6,,35497,16,,,1,6,,35498,16,,,1,6,,35499,16,,,1,6,,35500,16,,,1,6,,35501,16,,,1,9,,35502,16,,,1,15,,35503,16,,,1,55,,35504,16,,,1,15,,35505,16,,,1,15,,35506,16,,,1,15,,35507,16,,,1,55,,35508,16,,,1,15,,35509,16,,,1,15,,35510,16,,,1,15,,35511,16,,,1,55,,35512,16,,,1,15,,35513,16,,,1,15,,35514,16,,,1,15,,35515,16,,,1,55,,35516,16,,,1,15,,35517,16,,,1,15,,35518,16,,,1,15,,35519,16,,,1,55,,35520,16,,,1,15,,35521,16,,,1,15,,35522,16,,,1,15,,35523,16,,,1,55,,35524,16,,,1,15,,35525,16,,,1,15,,35526,16,,,1,15,,35527,16,,,1,55,,35528,16,,,1,15,,35399,16,,,1
18002101,'021R-Weekday-5-26-09',543,,35530,16,,,1,12,,35532,16,,,1,52,,35533,16,,,1,6,,35664,16,,,1,6,,35531,16,,,1,6,,35562,16,,,1,6,,35563,16,,,1,6,,35564,16,,,1,6,,35565,16,,,1,6,,35561,16,,,1,6,,35560,16,,,1,46,,35559,16,,,1,6,,35558,16,,,1,6,,35557,16,,,1,6,,35556,16,,,1,6,,35555,16,,,1,6,,35554,16,,,1,6,,35553,16,,,1,6,,35552,16,,,1,6,,35551,16,,,1,6,,35550,16,,,1,46,,35549,16,,,1,6,,35548,16,,,1,6,,35547,16,,,1,6,,35546,16,,,1,6,,35545,16,,,1,6,,35544,16,,,1,6,,35543,16,,,1,6,,35542,16,,,1,6,,35541,16,,,1,6,,35540,16,,,1,46,,35539,16,,,1,6,,35538,16,,,1,6,,35537,16,,,1,6,,35536,16,,,1,6,,35535,16,,,1,10,,35566,16,,,1,10,,35567,16,,,1,10,,35568,16,,,1,50,,35569,16,,,1,10,,35570,16,,,1,10,,35571,16,,,1,10,,35572,16,,,1,10,,35573,16,,,1,10,,35574,16,,,1,50,,35575,16,,,1,10,,35576,16,,,1,10,,35577,16,,,1,10,,35578,16,,,1,10,,35579,16,,,1,10,,35580,16,,,1,50,,35581,16,,,1,10,,35582,16,,,1,10,,35583,16,,,1,10,,35584,16,,,1,10,,35585,16,,,1,10,,35586,16,,,1,50,,35587,16,,,1,10,,35588,16,,,1,10,,35589,16,,,1,10,,35590,16,,,1,10,,35591,16,,,1,10,,35592,16,,,1,50,,35593,16,,,1,10,,35594,16,,,1,10,,35595,16,,,1,6,,35596,16,,,1,6,,35597,16,,,1,6,,35598,16,,,1,6,,35599,16,,,1,6,,35600,16,,,1,46,,35601,16,,,1,6,,35602,16,,,1,6,,35603,16,,,1,6,,35604,16,,,1,6,,35605,16,,,1,6,,35606,16,,,1,6,,35607,16,,,1,6,,35608,16,,,1,6,,35609,16,,,1,6,,35610,16,,,1,46,,35611,16,,,1,6,,35612,16,,,1,6,,35613,16,,,1,6,,35614,16,,,1,6,,35615,16,,,1,6,,35616,16,,,1,6,,35617,16,,,1,6,,35618,16,,,1,6,,35619,16,,,1,6,,35620,16,,,1,46,,35621,16,,,1,6,,35622,16,,,1,6,,35623,16,,,1,6,,35624,16,,,1,6,,35625,16,,,1,6,,35626,16,,,1,6,,35627,16,,,1,6,,35628,16,,,1,6,,35629,16,,,1,6,,35630,16,,,1,46,,35631,16,,,1,6,,35632,16,,,1,6,,35633,16,,,1,6,,35634,16,,,1,6,,35635,16,,,1,6,,35636,16,,,1,9,,35637,16,,,1,15,,35638,16,,,1,55,,35639,16,,,1,15,,35640,16,,,1,15,,35641,16,,,1,15,,35642,16,,,1,55,,35643,16,,,1,15,,35644,16,,,1,15,,35645,16,,,1,15,,35646,16,,,1,55,,35647,16,,,1,15,,35648,16,,,1,15,,35649,16,,,1,15,,35650,16,,,1,55,,35651,16,,,1,15,,35652,16,,,1,15,,35653,16,,,1,15,,35654,16,,,1,55,,35655,16,,,1,15,,35656,16,,,1,15,,35657,16,,,1,15,,35658,16,,,1,55,,35659,16,,,1,15,,35660,16,,,1,15,,35661,16,,,1,15,,35662,16,,,1,55,,35663,16,,,1,15,,35534,16,,,1
18002101,'021R-Weekday-6-26-09',543,,35665,16,,,1,12,,35667,16,,,1,52,,35668,16,,,1,6,,35799,16,,,1,6,,35666,16,,,1,6,,35697,16,,,1,6,,35698,16,,,1,6,,35699,16,,,1,6,,35700,16,,,1,6,,35696,16,,,1,6,,35695,16,,,1,46,,35694,16,,,1,6,,35693,16,,,1,6,,35692,16,,,1,6,,35691,16,,,1,6,,35690,16,,,1,6,,35689,16,,,1,6,,35688,16,,,1,6,,35687,16,,,1,6,,35686,16,,,1,6,,35685,16,,,1,46,,35684,16,,,1,6,,35683,16,,,1,6,,35682,16,,,1,6,,35681,16,,,1,6,,35680,16,,,1,6,,35679,16,,,1,6,,35678,16,,,1,6,,35677,16,,,1,6,,35676,16,,,1,6,,35675,16,,,1,46,,35674,16,,,1,6,,35673,16,,,1,6,,35672,16,,,1,6,,35671,16,,,1,6,,35670,16,,,1,10,,35701,16,,,1,10,,35702,16,,,1,10,,35703,16,,,1,50,,35704,16,,,1,10,,35705,16,,,1,10,,35706,16,,,1,10,,35707,16,,,1,10,,35708,16,,,1,10,,35709,16,,,1,50,,35710,16,,,1,10,,35711,16,,,1,10,,35712,16,,,1,10,,35713,16,,,1,10,,35714,16,,,1,10,,35715,16,,,1,50,,35716,16,,,1,10,,35717,16,,,1,10,,35718,16,,,1,10,,35719,16,,,1,10,,35720,16,,,1,10,,35721,16,,,1,50,,35722,16,,,1,10,,35723,16,,,1,10,,35724,16,,,1,10,,35725,16,,,1,10,,35726,16,,,1,10,,35727,16,,,1,50,,35728,16,,,1,10,,35729,16,,,1,10,,35730,16,,,1,6,,35731,16,,,1,6,,35732,16,,,1,6,,35733,16,,,1,6,,35734,16,,,1,6,,35735,16,,,1,46,,35736,16,,,1,6,,35737,16,,,1,6,,35738,16,,,1,6,,35739,16,,,1,6,,35740,16,,,1,6,,35741,16,,,1,6,,35742,16,,,1,6,,35743,16,,,1,6,,35744,16,,,1,6,,35745,16,,,1,46,,35746,16,,,1,6,,35747,16,,,1,6,,35748,16,,,1,6,,35749,16,,,1,6,,35750,16,,,1,6,,35751,16,,,1,6,,35752,16,,,1,6,,35753,16,,,1,6,,35754,16,,,1,6,,35755,16,,,1,46,,35756,16,,,1,6,,35757,16,,,1,6,,35758,16,,,1,6,,35759,16,,,1,6,,35760,16,,,1,6,,35761,16,,,1,6,,35762,16,,,1,6,,35763,16,,,1,6,,35764,16,,,1,6,,35765,16,,,1,46,,35766,16,,,1,6,,35767,16,,,1,6,,35768,16,,,1,6,,35769,16,,,1,6,,35770,16,,,1,6,,35771,16,,,1,9,,35772,16,,,1,15,,35773,16,,,1,55,,35774,16,,,1,15,,35775,16,,,1,15,,35776,16,,,1,15,,35777,16,,,1,55,,35778,16,,,1,15,,35779,16,,,1,15,,35780,16,,,1,15,,35781,16,,,1,55,,35782,16,,,1,15,,35783,16,,,1,15,,35784,16,,,1,15,,35785,16,,,1,55,,35786,16,,,1,15,,35787,16,,,1,15,,35788,16,,,1,15,,35789,16,,,1,55,,35790,16,,,1,15,,35791,16,,,1,15,,35792,16,,,1,15,,35793,16,,,1,55,,35794,16,,,1,15,,35795,16,,,1,15,,35796,16,,,1,15,,35797,16,,,1,55,,35798,16,,,1,15,,35669,16,,,1
18002101,'021R-Weekday-7-26-09',543,,35800,16,,,1,12,,35802,16,,,1,52,,35803,16,,,1,6,,35934,16,,,1,6,,35801,16,,,1,6,,35832,16,,,1,6,,35833,16,,,1,6,,35834,16,,,1,6,,35835,16,,,1,6,,35831,16,,,1,6,,35830,16,,,1,46,,35829,16,,,1,6,,35828,16,,,1,6,,35827,16,,,1,6,,35826,16,,,1,6,,35825,16,,,1,6,,35824,16,,,1,6,,35823,16,,,1,6,,35822,16,,,1,6,,35821,16,,,1,6,,35820,16,,,1,46,,35819,16,,,1,6,,35818,16,,,1,6,,35817,16,,,1,6,,35816,16,,,1,6,,35815,16,,,1,6,,35814,16,,,1,6,,35813,16,,,1,6,,35812,16,,,1,6,,35811,16,,,1,6,,35810,16,,,1,46,,35809,16,,,1,6,,35808,16,,,1,6,,35807,16,,,1,6,,35806,16,,,1,6,,35805,16,,,1,10,,35836,16,,,1,10,,35837,16,,,1,10,,35838,16,,,1,50,,35839,16,,,1,10,,35840,16,,,1,10,,35841,16,,,1,10,,35842,16,,,1,10,,35843,16,,,1,10,,35844,16,,,1,50,,35845,16,,,1,10,,35846,16,,,1,10,,35847,16,,,1,10,,35848,16,,,1,10,,35849,16,,,1,10,,35850,16,,,1,50,,35851,16,,,1,10,,35852,16,,,1,10,,35853,16,,,1,10,,35854,16,,,1,10,,35855,16,,,1,10,,35856,16,,,1,50,,35857,16,,,1,10,,35858,16,,,1,10,,35859,16,,,1,10,,35860,16,,,1,10,,35861,16,,,1,10,,35862,16,,,1,50,,35863,16,,,1,10,,35864,16,,,1,10,,35865,16,,,1,6,,35866,16,,,1,6,,35867,16,,,1,6,,35868,16,,,1,6,,35869,16,,,1,6,,35870,16,,,1,46,,35871,16,,,1,6,,35872,16,,,1,6,,35873,16,,,1,6,,35874,16,,,1,6,,35875,16,,,1,6,,35876,16,,,1,6,,35877,16,,,1,6,,35878,16,,,1,6,,35879,16,,,1,6,,35880,16,,,1,46,,35881,16,,,1,6,,35882,16,,,1,6,,35883,16,,,1,6,,35884,16,,,1,6,,35885,16,,,1,6,,35886,16,,,1,6,,35887,16,,,1,6,,35888,16,,,1,6,,35889,16,,,1,6,,35890,16,,,1,46,,35891,16,,,1,6,,35892,16,,,1,6,,35893,16,,,1,6,,35894,16,,,1,6,,35895,16,,,1,6,,35896,16,,,1,6,,35897,16,,,1,6,,35898,16,,,1,6,,35899,16,,,1,6,,35900,16,,,1,46,,35901,16,,,1,6,,35902,16,,,1,6,,35903,16,,,1,6,,35904,16,,,1,6,,35905,16,,,1,6,,35906,16,,,1,9,,35907,16,,,1,15,,35908,16,,,1,55,,35909,16,,,1,15,,35910,16,,,1,15,,35911,16,,,1,15,,35912,16,,,1,55,,35913,16,,,1,15,,35914,16,,,1,15,,35915,16,,,1,15,,35916,16,,,1,55,,35917,16,,,1,15,,35918,16,,,1,15,,35919,16,,,1,15,,35920,16,,,1,55,,35921,16,,,1,15,,35922,16,,,1,15,,35923,16,,,1,15,,35924,16,,,1,55,,35925,16,,,1,15,,35926,16,,,1,15,,35927,16,,,1,15,,35928,16,,,1,55,,35929,16,,,1,15,,35930,16,,,1,15,,35931,16,,,1,15,,35932,16,,,1,55,,35933,16,,,1,15,,35804,16,,,1
18002101,'021R-Saturday-1-26-09',540,,35935,16,,,1,15,,35936,16,,,1,55,,35937,16,,,1,15,,35938,16,,,1,15,,35939,16,,,1,15,,35940,16,,,1,55,,35941,16,,,1,15,,35942,16,,,1,15,,35943,16,,,1,15,,35944,16,,,1,55,,35945,16,,,1,15,,35946,16,,,1,15,,35947,16,,,1,15,,35948,16,,,1,55,,35949,16,,,1,15,,35950,16,,,1,15,,35951,16,,,1,15,,35952,16,,,1,55,,35953,16,,,1,15,,35954,16,,,1,15,,35955,16,,,1,15,,35956,16,,,1,55,,35957,16,,,1,15,,35958,16,,,1,15,,35959,16,,,1,15,,35960,16,,,1,55,,35961,16,,,1,15,,35962,16,,,1,15,,35963,16,,,1,15,,35964,16,,,1,55,,35965,16,,,1,15,,35966,16,,,1,15,,35967,16,,,1,15,,35968,16,,,1,55,,35969,16,,,1,15,,35970,16,,,1,15,,35971,16,,,1,15,,35972,16,,,1,55,,35973,16,,,1,15,,35974,16,,,1,15,,35975,16,,,1,15,,35976,16,,,1,55,,35977,16,,,1,15,,35978,16,,,1,15,,35979,16,,,1,15,,35980,16,,,1,55,,35981,16,,,1,15,,35982,16,,,1,15,,35983,16,,,1,15,,35984,16,,,1,55,,35985,16,,,1,15,,35986,16,,,1,15,,35987,16,,,1,15,,35988,16,,,1,55,,35989,16,,,1,15,,35990,16,,,1,15,,35991,16,,,1,15,,35992,16,,,1,55,,35993,16,,,1,15,,35994,16,,,1,15,,35995,16,,,1,15,,35996,16,,,1,55,,35997,16,,,1,15,,35998,16,,,1,15,,35999,16,,,1,15,,36000,16,,,1,55,,36001,16,,,1,15,,36002,16,,,1,15,,36003,16,,,1,15,,36004,16,,,1,55,,36005,16,,,1,15,,36006,16,,,1,15,,36007,16,,,1,15,,36008,16,,,1,55,,36009,16,,,1,15,,36010,16,,,1,15,,36011,16,,,1,15,,36012,16,,,1,55,,36013,16,,,1,15,,36014,16,,,1
18002101,'021R-Saturday-3-26-09',540,,42089,16,,,1,15,,42090,16,,,1,55,,42091,16,,,1,15,,42092,16,,,1,15,,42093,16,,,1,15,,42094,16,,,1,55,,42095,16,,,1,15,,42096,16,,,1,15,,42097,16,,,1,15,,42098,16,,,1,55,,42099,16,,,1,15,,42100,16,,,1,15,,42101,16,,,1,15,,42102,16,,,1,55,,42103,16,,,1,15,,42104,16,,,1,15,,42105,16,,,1,15,,42106,16,,,1,55,,42107,16,,,1,15,,42108,16,,,1,15,,42109,16,,,1,15,,42110,16,,,1,55,,42111,16,,,1,15,,42112,16,,,1,15,,42113,16,,,1,15,,42114,16,,,1,55,,42115,16,,,1,15,,42116,16,,,1,15,,42117,16,,,1,15,,42118,16,,,1,55,,42119,16,,,1,15,,42120,16,,,1,15,,42121,16,,,1,15,,42122,16,,,1,55,,42123,16,,,1,15,,42124,16,,,1,15,,42125,16,,,1,15,,42126,16,,,1,55,,42127,16,,,1,15,,42128,16,,,1,15,,42129,16,,,1,15,,42130,16,,,1,55,,42131,16,,,1,15,,42132,16,,,1,15,,42133,16,,,1,15,,42134,16,,,1,55,,42135,16,,,1,15,,42136,16,,,1,15,,42137,16,,,1,15,,42138,16,,,1,55,,42139,16,,,1,15,,42140,16,,,1,15,,42141,16,,,1,15,,42142,16,,,1,55,,42143,16,,,1,15,,42144,16,,,1,15,,42145,16,,,1,15,,42146,16,,,1,55,,42147,16,,,1,15,,42148,16,,,1,15,,42149,16,,,1,15,,42150,16,,,1,55,,42151,16,,,1,15,,42152,16,,,1,15,,42153,16,,,1,15,,42154,16,,,1,55,,42155,16,,,1,15,,42156,16,,,1,15,,42157,16,,,1,15,,42158,16,,,1,55,,42159,16,,,1,15,,42160,16,,,1,15,,42161,16,,,1,15,,42162,16,,,1,55,,42163,16,,,1,15,,42164,16,,,1,15,,42165,16,,,1,15,,42166,16,,,1,55,,42167,16,,,1,15,,42168,16,,,1
18002101,'021R-Saturday-4-26-09',540,,42169,16,,,1,7,,42170,16,,,1,55,,42171,16,,,1,15,,42172,16,,,1,15,,42173,16,,,1,15,,42174,16,,,1,55,,42175,16,,,1,15,,42176,16,,,1,15,,42177,16,,,1,15,,42178,16,,,1,55,,42179,16,,,1,15,,42180,16,,,1,15,,42181,16,,,1,15,,42182,16,,,1,55,,42183,16,,,1,15,,42184,16,,,1,15,,42185,16,,,1,15,,42186,16,,,1,55,,42187,16,,,1,15,,42188,16,,,1,15,,42189,16,,,1,15,,42190,16,,,1,55,,42191,16,,,1,15,,42192,16,,,1,15,,42193,16,,,1,15,,42194,16,,,1,55,,42195,16,,,1,15,,42196,16,,,1,15,,42197,16,,,1,15,,42198,16,,,1,55,,42199,16,,,1,15,,42200,16,,,1,15,,42201,16,,,1,15,,42202,16,,,1,55,,42203,16,,,1,15,,42204,16,,,1,15,,42205,16,,,1,15,,42206,16,,,1,55,,42207,16,,,1,15,,42208,16,,,1,15,,42209,16,,,1,15,,42210,16,,,1,55,,42211,16,,,1,15,,42212,16,,,1,15,,42213,16,,,1,15,,42214,16,,,1,55,,42215,16,,,1,15,,42216,16,,,1,15,,42217,16,,,1,15,,42218,16,,,1,55,,42219,16,,,1,15,,42220,16,,,1,15,,42221,16,,,1,15,,42222,16,,,1,55,,42223,16,,,1,15,,42224,16,,,1,15,,42225,16,,,1,15,,42226,16,,,1,55,,42227,16,,,1,15,,42228,16,,,1,15,,42229,16,,,1,15,,42230,16,,,1,55,,42231,16,,,1,15,,42232,16,,,1,15,,42233,16,,,1,15,,42234,16,,,1,55,,42235,16,,,1,15,,42236,16,,,1,15,,42237,16,,,1,15,,42238,16,,,1,55,,42239,16,,,1,15,,42240,16,,,1,15,,42241,16,,,1,15,,42242,16,,,1,55,,42243,16,,,1,15,,42244,16,,,1,15,,42245,16,,,1,15,,42246,16,,,1,55,,42247,16,,,1,15,,42248,16,,,1,15,,42249,16,,,1
18002101,'021R-Sunday-1-26-09',540,,36095,16,,,1,15,,36096,16,,,1,55,,36097,16,,,1,15,,36098,16,,,1,15,,36099,16,,,1,15,,36100,16,,,1,55,,36101,16,,,1,15,,36102,16,,,1,15,,36103,16,,,1,15,,36104,16,,,1,55,,36105,16,,,1,15,,36106,16,,,1,15,,36107,16,,,1,15,,36108,16,,,1,55,,36109,16,,,1,15,,36110,16,,,1,15,,36111,16,,,1,15,,36112,16,,,1,55,,36113,16,,,1,15,,36114,16,,,1,15,,36115,16,,,1,15,,36116,16,,,1,55,,36117,16,,,1,15,,36118,16,,,1,15,,36119,16,,,1,15,,36120,16,,,1,55,,36121,16,,,1,15,,36122,16,,,1,15,,36123,16,,,1,15,,36124,16,,,1,55,,36125,16,,,1,15,,36126,16,,,1,15,,36127,16,,,1,15,,36128,16,,,1,55,,36129,16,,,1,15,,36130,16,,,1,15,,36131,16,,,1,15,,36132,16,,,1,55,,36133,16,,,1,15,,36134,16,,,1,15,,36135,16,,,1,15,,36136,16,,,1,55,,36137,16,,,1,15,,36138,16,,,1,15,,36139,16,,,1,15,,36140,16,,,1,55,,36141,16,,,1,15,,36142,16,,,1,15,,36143,16,,,1,15,,36144,16,,,1,55,,36145,16,,,1,15,,36146,16,,,1,15,,36147,16,,,1,15,,36148,16,,,1,55,,36149,16,,,1,15,,36150,16,,,1,15,,36151,16,,,1,15,,36152,16,,,1,55,,36153,16,,,1,15,,36154,16,,,1,15,,36155,16,,,1,15,,36156,16,,,1,55,,36157,16,,,1,15,,36158,16,,,1,15,,36159,16,,,1,15,,36160,16,,,1,55,,36161,16,,,1,15,,36162,16,,,1,15,,36163,16,,,1,15,,36164,16,,,1,55,,36165,16,,,1,15,,36166,16,,,1,15,,36167,16,,,1,15,,36168,16,,,1,55,,36169,16,,,1,15,,36170,16,,,1,15,,36171,16,,,1
18002101,'021R-Sunday-5-26-09',540,,42250,16,,,1,15,,42251,16,,,1,55,,42252,16,,,1,15,,42253,16,,,1,15,,42254,16,,,1,15,,42255,16,,,1,55,,42256,16,,,1,15,,42257,16,,,1,15,,42258,16,,,1,15,,42259,16,,,1,55,,42260,16,,,1,15,,42261,16,,,1,15,,42262,16,,,1,15,,42263,16,,,1,55,,42264,16,,,1,15,,42265,16,,,1,15,,42266,16,,,1,15,,42267,16,,,1,55,,42268,16,,,1,15,,42269,16,,,1,15,,42270,16,,,1,15,,42271,16,,,1,55,,42272,16,,,1,15,,42273,16,,,1,15,,42274,16,,,1,15,,42275,16,,,1,55,,42276,16,,,1,15,,42277,16,,,1,15,,42278,16,,,1,15,,42279,16,,,1,55,,42280,16,,,1,15,,42281,16,,,1,15,,42282,16,,,1,15,,42283,16,,,1,55,,42284,16,,,1,15,,42285,16,,,1,15,,42286,16,,,1,15,,42287,16,,,1,55,,42288,16,,,1,15,,42289,16,,,1,15,,42290,16,,,1,15,,42291,16,,,1,55,,42292,16,,,1,15,,42293,16,,,1,15,,42294,16,,,1,15,,42295,16,,,1,55,,42296,16,,,1,15,,42297,16,,,1,15,,42298,16,,,1,15,,42299,16,,,1,55,,42300,16,,,1,15,,42301,16,,,1,15,,42302,16,,,1,15,,42303,16,,,1,55,,42304,16,,,1,15,,42305,16,,,1,15,,42306,16,,,1,15,,42307,16,,,1,55,,42308,16,,,1,15,,42309,16,,,1,15,,42310,16,,,1,15,,42311,16,,,1,55,,42312,16,,,1,15,,42313,16,,,1,15,,42314,16,,,1,15,,42315,16,,,1,55,,42316,16,,,1,15,,42317,16,,,1,15,,42318,16,,,1,15,,42319,16,,,1,55,,42320,16,,,1,15,,42321,16,,,1,15,,42322,16,,,1,15,,42323,16,,,1,55,,42324,16,,,1,15,,42325,16,,,1,15,,42326,16,,,1
18002101,'021R-Sunday-6-26-09',547,,42703,16,,,1,55,,42704,16,,,1,15,,42705,16,,,1,15,,42706,16,,,1,15,,42707,16,,,1,55,,42708,16,,,1,15,,42709,16,,,1,15,,42710,16,,,1,15,,42711,16,,,1,55,,42712,16,,,1,15,,42713,16,,,1,15,,42714,16,,,1,15,,42715,16,,,1,55,,42716,16,,,1,15,,42717,16,,,1,15,,42718,16,,,1,15,,42719,16,,,1,55,,42720,16,,,1,15,,42721,16,,,1,15,,42722,16,,,1,15,,42723,16,,,1,55,,42724,16,,,1,15,,42725,16,,,1,15,,42726,16,,,1,15,,42727,16,,,1,55,,42728,16,,,1,15,,42729,16,,,1,15,,42730,16,,,1,15,,42731,16,,,1,55,,42732,16,,,1,15,,42733,16,,,1,15,,42734,16,,,1,15,,42735,16,,,1,55,,42736,16,,,1,15,,42737,16,,,1,15,,42738,16,,,1,15,,42739,16,,,1,55,,42740,16,,,1,15,,42741,16,,,1,15,,42742,16,,,1,15,,42743,16,,,1,55,,42744,16,,,1,15,,42745,16,,,1,15,,42746,16,,,1,15,,42747,16,,,1,55,,42748,16,,,1,15,,42749,16,,,1,15,,42750,16,,,1,15,,42751,16,,,1,55,,42752,16,,,1,15,,42753,16,,,1,8,,42754,16,,,1,15,,42755,16,,,1,15,,42756,16,,,1,55,,42757,16,,,1,15,,42758,16,,,1,15,,42759,16,,,1,15,,42760,16,,,1,55,,42761,16,,,1,15,,42762,16,,,1,15,,42763,16,,,1,15,,42764,16,,,1,55,,42765,16,,,1,15,,42766,16,,,1,15,,42767,16,,,1,15,,42768,16,,,1,55,,42769,16,,,1,15,,42770,16,,,1,15,,42771,16,,,1,15,,42772,16,,,1,55,,42773,16,,,1,15,,42774,16,,,1,15,,42775,16,,,1,15,,42776,16,,,1,55,,42777,16,,,1,15,,42778,16,,,1,15,,42779,16,,,1
