18002100,'021R-Weekday-1-26-09',518,,33638,3,,,1,12,,33639,3,,,1,12,,33640,3,,,1,12,,33641,3,,,1,52,,33642,3,,,1,12,,33643,3,,,1,12,,33644,3,,,1,6,,33645,3,,,1,6,,33646,3,,,1,6,,33647,3,,,1,6,,33648,3,,,1,46,,33649,3,,,1,6,,33650,3,,,1,6,,33651,3,,,1,6,,33652,3,,,1,6,,33653,3,,,1,6,,33654,3,,,1,6,,33655,3,,,1,6,,33656,3,,,1,6,,33657,3,,,1,6,,33658,3,,,1,46,,33659,3,,,1,6,,33660,3,,,1,6,,33661,3,,,1,6,,33662,3,,,1,6,,33663,3,,,1,6,,33664,3,,,1,6,,33665,3,,,1,6,,33666,3,,,1,6,,33667,3,,,1,6,,33668,3,,,1,46,,33669,3,,,1,6,,33670,3,,,1,6,,33671,3,,,1,6,,33672,3,,,1,6,,33673,3,,,1,6,,33674,3,,,1,6,,33675,3,,,1,6,,33676,3,,,1,6,,33677,3,,,1,10,,33678,3,,,1,50,,33679,3,,,1,10,,33680,3,,,1,10,,33681,3,,,1,10,,33682,3,,,1,10,,33683,3,,,1,10,,33684,3,,,1,50,,33685,3,,,1,10,,33686,3,,,1,10,,33687,3,,,1,10,,33688,3,,,1,10,,33689,3,,,1,10,,33690,3,,,1,50,,33691,3,,,1,10,,33692,3,,,1,10,,33693,3,,,1,10,,33694,3,,,1,10,,33695,3,,,1,10,,33696,3,,,1,50,,33697,3,,,1,10,,33698,3,,,1,10,,33699,3,,,1,10,,33700,3,,,1,10,,33701,3,,,1,10,,33702,3,,,1,50,,33703,3,,,1,10,,33704,3,,,1,10,,33705,3,,,1,10,,33706,3,,,1,10,,33707,3,,,1,6,,33708,3,,,1,46,,33709,3,,,1,6,,33710,3,,,1,6,,33711,3,,,1,6,,33712,3,,,1,6,,33713,3,,,1,6,,33714,3,,,1,6,,33715,3,,,1,6,,33716,3,,,1,6,,33717,3,,,1,6,,33718,3,,,1,46,,33719,3,,,1,6,,33720,3,,,1,6,,33721,3,,,1,6,,33722,3,,,1,6,,33723,3,,,1,6,,33724,3,,,1,6,,33725,3,,,1,6,,33726,3,,,1,6,,33727,3,,,1,6,,33728,3,,,1,46,,33729,3,,,1,6,,33730,3,,,1,6,,33731,3,,,1,6,,33732,3,,,1,6,,33733,3,,,1,6,,33734,3,,,1,6,,33735,3,,,1,6,,33736,3,,,1,6,,33737,3,,,1,6,,33738,3,,,1,46,,33739,3,,,1,6,,33740,3,,,1,6,,33741,3,,,1,6,,33742,3,,,1,6,,33743,3,,,1,6,,33744,3,,,1,6,,33745,3,,,1,6,,33746,3,,,1,6,,33747,3,,,1,6,,33748,3,,,1,49,,33773,3,,,1,15,,33749,3,,,1,15,,33750,3,,,1,15,,33751,3,,,1,55,,33752,3,,,1,15,,33753,3,,,1,15,,33754,3,,,1,15,,33755,3,,,1,55,,33756,3,,,1,15,,33757,3,,,1,15,,33758,3,,,1,15,,33759,3,,,1,55,,33760,3,,,1,15,,33761,3,,,1,15,,33762,3,,,1,15,,33763,3,,,1,55,,33764,3,,,1,15,,33765,3,,,1,15,,33766,3,,,1,15,,33767,3,,,1,55,,33768,3,,,1,15,,33769,3,,,1,15,,33770,3,,,1,15,,33771,3,,,1,55,,33772,3,,,1,15,,33774,3,,,1
18002100,'021R-Weekday-2-26-09',518,,33775,3,,,1,12,,33776,3,,,1,12,,33777,3,,,1,12,,33778,3,,,1,52,,33779,3,,,1,12,,33780,3,,,1,12,,33781,3,,,1,6,,33782,3,,,1,6,,33783,3,,,1,6,,33784,3,,,1,6,,33785,3,,,1,46,,33786,3,,,1,6,,33787,3,,,1,6,,33788,3,,,1,6,,33789,3,,,1,6,,33790,3,,,1,6,,33791,3,,,1,6,,33792,3,,,1,6,,33793,3,,,1,6,,33794,3,,,1,6,,33795,3,,,1,46,,33796,3,,,1,6,,33797,3,,,1,6,,33798,3,,,1,6,,33799,3,,,1,6,,33800,3,,,1,6,,33801,3,,,1,6,,33802,3,,,1,6,,33803,3,,,1,6,,33804,3,,,1,6,,33805,3,,,1,46,,33806,3,,,1,6,,33807,3,,,1,6,,33808,3,,,1,6,,33809,3,,,1,6,,33810,3,,,1,6,,33811,3,,,1,6,,33812,3,,,1,6,,33813,3,,,1,6,,33814,3,,,1,10,,33815,3,,,1,50,,33816,3,,,1,10,,33817,3,,,1,10,,33818,3,,,1,10,,33819,3,,,1,10,,33820,3,,,1,10,,33821,3,,,1,50,,33822,3,,,1,10,,33823,3,,,1,10,,33824,3,,,1,10,,33825,3,,,1,10,,33826,3,,,1,10,,33827,3,,,1,50,,33828,3,,,1,10,,33829,3,,,1,10,,33830,3,,,1,10,,33831,3,,,1,10,,33832,3,,,1,10,,33833,3,,,1,50,,33834,3,,,1,10,,33835,3,,,1,10,,33836,3,,,1,10,,33837,3,,,1,10,,33838,3,,,1,10,,33839,3,,,1,50,,33840,3,,,1,10,,33841,3,,,1,10,,33842,3,,,1,10,,33843,3,,,1,10,,33844,3,,,1,6,,33845,3,,,1,46,,33846,3,,,1,6,,33847,3,,,1,6,,33848,3,,,1,6,,33849,3,,,1,6,,33850,3,,,1,6,,33851,3,,,1,6,,33852,3,,,1,6,,33853,3,,,1,6,,33854,3,,,1,6,,33855,3,,,1,46,,33856,3,,,1,6,,33857,3,,,1,6,,33858,3,,,1,6,,33859,3,,,1,6,,33860,3,,,1,6,,33861,3,,,1,6,,33862,3,,,1,6,,33863,3,,,1,6,,33864,3,,,1,6,,33865,3,,,1,46,,33866,3,,,1,6,,33867,3,,,1,6,,33868,3,,,1,6,,33869,3,,,1,6,,33870,3,,,1,6,,33871,3,,,1,6,,33872,3,,,1,6,,33873,3,,,1,6,,33874,3,,,1,6,,33875,3,,,1,46,,33876,3,,,1,6,,33877,3,,,1,6,,33878,3,,,1,6,,33879,3,,,1,6,,33880,3,,,1,6,,33881,3,,,1,6,,33882,3,,,1,6,,33883,3,,,1,6,,33884,3,,,1,6,,33885,3,,,1,49,,33910,3,,,1,15,,33886,3,,,1,15,,33887,3,,,1,15,,33888,3,,,1,55,,33889,3,,,1,15,,33890,3,,,1,15,,33891,3,,,1,15,,33892,3,,,1,55,,33893,3,,,1,15,,33894,3,,,1,15,,33895,3,,,1,15,,33896,3,,,1,55,,33897,3,,,1,15,,33898,3,,,1,15,,33899,3,,,1,15,,33900,3,,,1,55,,33901,3,,,1,15,,33902,3,,,1,15,,33903,3,,,1,15,,33904,3,,,1,55,,33905,3,,,1,15,,33906,3,,,1,15,,33907,3,,,1,15,,33908,3,,,1,55,,33909,3,,,1,15,,33911,3,,,1
18002100,'021R-Weekday-3-26-09',518,,33912,3,,,1,12,,33913,3,,,1,12,,33914,3,,,1,12,,33915,3,,,1,52,,33916,3,,,1,12,,33917,3,,,1,12,,33918,3,,,1,6,,33919,3,,,1,6,,33920,3,,,1,6,,33921,3,,,1,6,,33922,3,,,1,46,,33923,3,,,1,6,,33924,3,,,1,6,,33925,3,,,1,6,,33926,3,,,1,6,,33927,3,,,1,6,,33928,3,,,1,6,,33929,3,,,1,6,,33930,3,,,1,6,,33931,3,,,1,6,,33932,3,,,1,46,,33933,3,,,1,6,,33934,3,,,1,6,,33935,3,,,1,6,,33936,3,,,1,6,,33937,3,,,1,6,,33938,3,,,1,6,,33939,3,,,1,6,,33940,3,,,1,6,,33941,3,,,1,6,,33942,3,,,1,46,,33943,3,,,1,6,,33944,3,,,1,6,,33945,3,,,1,6,,33946,3,,,1,6,,33947,3,,,1,6,,33948,3,,,1,6,,33949,3,,,1,6,,33950,3,,,1,6,,33951,3,,,1,10,,33952,3,,,1,50,,33953,3,,,1,10,,33954,3,,,1,10,,33955,3,,,1,10,,33956,3,,,1,10,,33957,3,,,1,10,,33958,3,,,1,50,,33959,3,,,1,10,,33960,3,,,1,10,,33961,3,,,1,10,,33962,3,,,1,10,,33963,3,,,1,10,,33964,3,,,1,50,,33965,3,,,1,10,,33966,3,,,1,10,,33967,3,,,1,10,,33968,3,,,1,10,,33969,3,,,1,10,,33970,3,,,1,50,,33971,3,,,1,10,,33972,3,,,1,10,,33973,3,,,1,10,,33974,3,,,1,10,,33975,3,,,1,10,,33976,3,,,1,50,,33977,3,,,1,10,,33978,3,,,1,10,,33979,3,,,1,10,,33980,3,,,1,10,,33981,3,,,1,6,,33982,3,,,1,46,,33983,3,,,1,6,,33984,3,,,1,6,,33985,3,,,1,6,,33986,3,,,1,6,,33987,3,,,1,6,,33988,3,,,1,6,,33989,3,,,1,6,,33990,3,,,1,6,,33991,3,,,1,6,,33992,3,,,1,46,,33993,3,,,1,6,,33994,3,,,1,6,,33995,3,,,1,6,,33996,3,,,1,6,,33997,3,,,1,6,,33998,3,,,1,6,,33999,3,,,1,6,,34000,3,,,1,6,,34001,3,,,1,6,,34002,3,,,1,46,,34003,3,,,1,6,,34004,3,,,1,6,,34005,3,,,1,6,,34006,3,,,1,6,,34007,3,,,1,6,,34008,3,,,1,6,,34009,3,,,1,6,,34010,3,,,1,6,,34011,3,,,1,6,,34012,3,,,1,46,,34013,3,,,1,6,,34014,3,,,1,6,,34015,3,,,1,6,,34016,3,,,1,6,,34017,3,,,1,6,,34018,3,,,1,6,,34019,3,,,1,6,,34020,3,,,1,6,,34021,3,,,1,6,,34022,3,,,1,49,,34047,3,,,1,15,,34023,3,,,1,15,,34024,3,,,1,15,,34025,3,,,1,55,,34026,3,,,1,15,,34027,3,,,1,15,,34028,3,,,1,15,,34029,3,,,1,55,,34030,3,,,1,15,,34031,3,,,1,15,,34032,3,,,1,15,,34033,3,,,1,55,,34034,3,,,1,15,,34035,3,,,1,15,,34036,3,,,1,15,,34037,3,,,1,55,,34038,3,,,1,15,,34039,3,,,1,15,,34040,3,,,1,15,,34041,3,,,1,55,,34042,3,,,1,15,,34043,3,,,1,15,,34044,3,,,1,15,,34045,3,,,1,55,,34046,3,,,1,15,,34048,3,,,1
18002100,'021R-Weekday-4-26-09',518,,34049,3,,,1,12,,34050,3,,,1,12,,34051,3,,,1,12,,34052,3,,,1,52,,34053,3,,,1,12,,34054,3,,,1,12,,34055,3,,,1,6,,34056,3,,,1,6,,34057,3,,,1,6,,34058,3,,,1,6,,34059,3,,,1,46,,34060,3,,,1,6,,34061,3,,,1,6,,34062,3,,,1,6,,34063,3,,,1,6,,34064,3,,,1,6,,34065,3,,,1,6,,34066,3,,,1,6,,34067,3,,,1,6,,34068,3,,,1,6,,34069,3,,,1,46,,34070,3,,,1,6,,34071,3,,,1,6,,34072,3,,,1,6,,34073,3,,,1,6,,34074,3,,,1,6,,34075,3,,,1,6,,34076,3,,,1,6,,34077,3,,,1,6,,34078,3,,,1,6,,34079,3,,,1,46,,34080,3,,,1,6,,34081,3,,,1,6,,34082,3,,,1,6,,34083,3,,,1,6,,34084,3,,,1,6,,34085,3,,,1,6,,34086,3,,,1,6,,34087,3,,,1,6,,34088,3,,,1,10,,34089,3,,,1,50,,34090,3,,,1,10,,34091,3,,,1,10,,34092,3,,,1,10,,34093,3,,,1,10,,34094,3,,,1,10,,34095,3,,,1,50,,34096,3,,,1,10,,34097,3,,,1,10,,34098,3,,,1,10,,34099,3,,,1,10,,34100,3,,,1,10,,34101,3,,,1,50,,34102,3,,,1,10,,34103,3,,,1,10,,34104,3,,,1,10,,34105,3,,,1,10,,34106,3,,,1,10,,34107,3,,,1,50,,34108,3,,,1,10,,34109,3,,,1,10,,34110,3,,,1,10,,34111,3,,,1,10,,34112,3,,,1,10,,34113,3,,,1,50,,34114,3,,,1,10,,34115,3,,,1,10,,34116,3,,,1,10,,34117,3,,,1,10,,34118,3,,,1,6,,34119,3,,,1,46,,34120,3,,,1,6,,34121,3,,,1,6,,34122,3,,,1,6,,34123,3,,,1,6,,34124,3,,,1,6,,34125,3,,,1,6,,34126,3,,,1,6,,34127,3,,,1,6,,34128,3,,,1,6,,34129,3,,,1,46,,34130,3,,,1,6,,34131,3,,,1,6,,34132,3,,,1,6,,34133,3,,,1,6,,34134,3,,,1,6,,34135,3,,,1,6,,34136,3,,,1,6,,34137,3,,,1,6,,34138,3,,,1,6,,34139,3,,,1,46,,34140,3,,,1,6,,34141,3,,,1,6,,34142,3,,,1,6,,34143,3,,,1,6,,34144,3,,,1,6,,34145,3,,,1,6,,34146,3,,,1,6,,34147,3,,,1,6,,34148,3,,,1,6,,34149,3,,,1,46,,34150,3,,,1,6,,34151,3,,,1,6,,34152,3,,,1,6,,34153,3,,,1,6,,34154,3,,,1,6,,34155,3,,,1,6,,34156,3,,,1,6,,34157,3,,,1,6,,34158,3,,,1,6,,34159,3,,,1,49,,34184,3,,,1,15,,34160,3,,,1,15,,34161,3,,,1,15,,34162,3,,,1,55,,34163,3,,,1,15,,34164,3,,,1,15,,34165,3,,,1,15,,34166,3,,,1,55,,34167,3,,,1,15,,34168,3,,,1,15,,34169,3,,,1,15,,34170,3,,,1,55,,34171,3,,,1,15,,34172,3,,,1,15,,34173,3,,,1,15,,34174,3,,,1,55,,34175,3,,,1,15,,34176,3,,,1,15,,34177,3,,,1,15,,34178,3,,,1,55,,34179,3,,,1,15,,34180,3,,,1,15,,34181,3,,,1,15,,34182,3,,,1,55,,34183,3,,,1,15,,34185,3,,,1
18002100,'021R-Weekday-5-26-09',518,,34186,3,,,1,12,,34187,3,,,1,12,,34188,3,,,1,12,,34189,3,,,1,52,,34190,3,,,1,12,,34191,3,,,1,12,,34192,3,,,1,6,,34193,3,,,1,6,,34194,3,,,1,6,,34195,3,,,1,6,,34196,3,,,1,46,,34197,3,,,1,6,,34198,3,,,1,6,,34199,3,,,1,6,,34200,3,,,1,6,,34201,3,,,1,6,,34202,3,,,1,6,,34203,3,,,1,6,,34204,3,,,1,6,,34205,3,,,1,6,,34206,3,,,1,46,,34207,3,,,1,6,,34208,3,,,1,6,,34209,3,,,1,6,,34210,3,,,1,6,,34211,3,,,1,6,,34212,3,,,1,6,,34213,3,,,1,6,,34214,3,,,1,6,,34215,3,,,1,6,,34216,3,,,1,46,,34217,3,,,1,6,,34218,3,,,1,6,,34219,3,,,1,6,,34220,3,,,1,6,,34221,3,,,1,6,,34222,3,,,1,6,,34223,3,,,1,6,,34224,3,,,1,6,,34225,3,,,1,10,,34226,3,,,1,50,,34227,3,,,1,10,,34228,3,,,1,10,,34229,3,,,1,10,,34230,3,,,1,10,,34231,3,,,1,10,,34232,3,,,1,50,,34233,3,,,1,10,,34234,3,,,1,10,,34235,3,,,1,10,,34236,3,,,1,10,,34237,3,,,1,10,,34238,3,,,1,50,,34239,3,,,1,10,,34240,3,,,1,10,,34241,3,,,1,10,,34242,3,,,1,10,,34243,3,,,1,10,,34244,3,,,1,50,,34245,3,,,1,10,,34246,3,,,1,10,,34247,3,,,1,10,,34248,3,,,1,10,,34249,3,,,1,10,,34250,3,,,1,50,,34251,3,,,1,10,,34252,3,,,1,10,,34253,3,,,1,10,,34254,3,,,1,10,,34255,3,,,1,6,,34256,3,,,1,46,,34257,3,,,1,6,,34258,3,,,1,6,,34259,3,,,1,6,,34260,3,,,1,6,,34261,3,,,1,6,,34262,3,,,1,6,,34263,3,,,1,6,,34264,3,,,1,6,,34265,3,,,1,6,,34266,3,,,1,46,,34267,3,,,1,6,,34268,3,,,1,6,,34269,3,,,1,6,,34270,3,,,1,6,,34271,3,,,1,6,,34272,3,,,1,6,,34273,3,,,1,6,,34274,3,,,1,6,,34275,3,,,1,6,,34276,3,,,1,46,,34277,3,,,1,6,,34278,3,,,1,6,,34279,3,,,1,6,,34280,3,,,1,6,,34281,3,,,1,6,,34282,3,,,1,6,,34283,3,,,1,6,,34284,3,,,1,6,,34285,3,,,1,6,,34286,3,,,1,46,,34287,3,,,1,6,,34288,3,,,1,6,,34289,3,,,1,6,,34290,3,,,1,6,,34291,3,,,1,6,,34292,3,,,1,6,,34293,3,,,1,6,,34294,3,,,1,6,,34295,3,,,1,6,,34296,3,,,1,49,,34321,3,,,1,15,,34297,3,,,1,15,,34298,3,,,1,15,,34299,3,,,1,55,,34300,3,,,1,15,,34301,3,,,1,15,,34302,3,,,1,15,,34303,3,,,1,55,,34304,3,,,1,15,,34305,3,,,1,15,,34306,3,,,1,15,,34307,3,,,1,55,,34308,3,,,1,15,,34309,3,,,1,15,,34310,3,,,1,15,,34311,3,,,1,55,,34312,3,,,1,15,,34313,3,,,1,15,,34314,3,,,1,15,,34315,3,,,1,55,,34316,3,,,1,15,,34317,3,,,1,15,,34318,3,,,1,15,,34319,3,,,1,55,,34320,3,,,1,15,,34322,3,,,1
18002100,'021R-Weekday-6-26-09',518,,34323,3,,,1,12,,34324,3,,,1,12,,34325,3,,,1,12,,34326,3,,,1,52,,34327,3,,,1,12,,34328,3,,,1,12,,34329,3,,,1,6,,34330,3,,,1,6,,34331,3,,,1,6,,34332,3,,,1,6,,34333,3,,,1,46,,34334,3,,,1,6,,34335,3,,,1,6,,34336,3,,,1,6,,34337,3,,,1,6,,34338,3,,,1,6,,34339,3,,,1,6,,34340,3,,,1,6,,34341,3,,,1,6,,34342,3,,,1,6,,34343,3,,,1,46,,34344,3,,,1,6,,34345,3,,,1,6,,34346,3,,,1,6,,34347,3,,,1,6,,34348,3,,,1,6,,34349,3,,,1,6,,34350,3,,,1,6,,34351,3,,,1,6,,34352,3,,,1,6,,34353,3,,,1,46,,34354,3,,,1,6,,34355,3,,,1,6,,34356,3,,,1,6,,34357,3,,,1,6,,34358,3,,,1,6,,34359,3,,,1,6,,34360,3,,,1,6,,34361,3,,,1,6,,34362,3,,,1,10,,34363,3,,,1,50,,34364,3,,,1,10,,34365,3,,,1,10,,34366,3,,,1,10,,34367,3,,,1,10,,34368,3,,,1,10,,34369,3,,,1,50,,34370,3,,,1,10,,34371,3,,,1,10,,34372,3,,,1,10,,34373,3,,,1,10,,34374,3,,,1,10,,34375,3,,,1,50,,34376,3,,,1,10,,34377,3,,,1,10,,34378,3,,,1,10,,34379,3,,,1,10,,34380,3,,,1,10,,34381,3,,,1,50,,34382,3,,,1,10,,34383,3,,,1,10,,34384,3,,,1,10,,34385,3,,,1,10,,34386,3,,,1,10,,34387,3,,,1,50,,34388,3,,,1,10,,34389,3,,,1,10,,34390,3,,,1,10,,34391,3,,,1,10,,34392,3,,,1,6,,34393,3,,,1,46,,34394,3,,,1,6,,34395,3,,,1,6,,34396,3,,,1,6,,34397,3,,,1,6,,34398,3,,,1,6,,34399,3,,,1,6,,34400,3,,,1,6,,34401,3,,,1,6,,34402,3,,,1,6,,34403,3,,,1,46,,34404,3,,,1,6,,34405,3,,,1,6,,34406,3,,,1,6,,34407,3,,,1,6,,34408,3,,,1,6,,34409,3,,,1,6,,34410,3,,,1,6,,34411,3,,,1,6,,34412,3,,,1,6,,34413,3,,,1,46,,34414,3,,,1,6,,34415,3,,,1,6,,34416,3,,,1,6,,34417,3,,,1,6,,34418,3,,,1,6,,34419,3,,,1,6,,34420,3,,,1,6,,34421,3,,,1,6,,34422,3,,,1,6,,34423,3,,,1,46,,34424,3,,,1,6,,34425,3,,,1,6,,34426,3,,,1,6,,34427,3,,,1,6,,34428,3,,,1,6,,34429,3,,,1,6,,34430,3,,,1,6,,34431,3,,,1,6,,34432,3,,,1,6,,34433,3,,,1,49,,34458,3,,,1,15,,34434,3,,,1,15,,34435,3,,,1,15,,34436,3,,,1,55,,34437,3,,,1,15,,34438,3,,,1,15,,34439,3,,,1,15,,34440,3,,,1,55,,34441,3,,,1,15,,34442,3,,,1,15,,34443,3,,,1,15,,34444,3,,,1,55,,34445,3,,,1,15,,34446,3,,,1,15,,34447,3,,,1,15,,34448,3,,,1,55,,34449,3,,,1,15,,34450,3,,,1,15,,34451,3,,,1,15,,34452,3,,,1,55,,34453,3,,,1,15,,34454,3,,,1,15,,34455,3,,,1,15,,34456,3,,,1,55,,34457,3,,,1,15,,34459,3,,,1
18002100,'021R-Weekday-7-26-09',518,,34460,3,,,1,12,,34461,3,,,1,12,,34462,3,,,1,12,,34463,3,,,1,52,,34464,3,,,1,12,,34465,3,,,1,12,,34466,3,,,1,6,,34467,3,,,1,6,,34468,3,,,1,6,,34469,3,,,1,6,,34470,3,,,1,46,,34471,3,,,1,6,,34472,3,,,1,6,,34473,3,,,1,6,,34474,3,,,1,6,,34475,3,,,1,6,,34476,3,,,1,6,,34477,3,,,1,6,,34478,3,,,1,6,,34479,3,,,1,6,,34480,3,,,1,46,,34481,3,,,1,6,,34482,3,,,1,6,,34483,3,,,1,6,,34484,3,,,1,6,,34485,3,,,1,6,,34486,3,,,1,6,,34487,3,,,1,6,,34488,3,,,1,6,,34489,3,,,1,6,,34490,3,,,1,46,,34491,3,,,1,6,,34492,3,,,1,6,,34493,3,,,1,6,,34494,3,,,1,6,,34495,3,,,1,6,,34496,3,,,1,6,,34497,3,,,1,6,,34498,3,,,1,6,,34499,3,,,1,10,,34500,3,,,1,50,,34501,3,,,1,10,,34502,3,,,1,10,,34503,3,,,1,10,,34504,3,,,1,10,,34505,3,,,1,10,,34506,3,,,1,50,,34507,3,,,1,10,,34508,3,,,1,10,,34509,3,,,1,10,,34510,3,,,1,10,,34511,3,,,1,10,,34512,3,,,1,50,,34513,3,,,1,10,,34514,3,,,1,10,,34515,3,,,1,10,,34516,3,,,1,10,,34517,3,,,1,10,,34518,3,,,1,50,,34519,3,,,1,10,,34520,3,,,1,10,,34521,3,,,1,10,,34522,3,,,1,10,,34523,3,,,1,10,,34524,3,,,1,50,,34525,3,,,1,10,,34526,3,,,1,10,,34527,3,,,1,10,,34528,3,,,1,10,,34529,3,,,1,6,,34530,3,,,1,46,,34531,3,,,1,6,,34532,3,,,1,6,,34533,3,,,1,6,,34534,3,,,1,6,,34535,3,,,1,6,,34536,3,,,1,6,,34537,3,,,1,6,,34538,3,,,1,6,,34539,3,,,1,6,,34540,3,,,1,46,,34541,3,,,1,6,,34542,3,,,1,6,,34543,3,,,1,6,,34544,3,,,1,6,,34545,3,,,1,6,,34546,3,,,1,6,,34547,3,,,1,6,,34548,3,,,1,6,,34549,3,,,1,6,,34550,3,,,1,46,,34551,3,,,1,6,,34552,3,,,1,6,,34553,3,,,1,6,,34554,3,,,1,6,,34555,3,,,1,6,,34556,3,,,1,6,,34557,3,,,1,6,,34558,3,,,1,6,,34559,3,,,1,6,,34560,3,,,1,46,,34561,3,,,1,6,,34562,3,,,1,6,,34563,3,,,1,6,,34564,3,,,1,6,,34565,3,,,1,6,,34566,3,,,1,6,,34567,3,,,1,6,,34568,3,,,1,6,,34569,3,,,1,6,,34570,3,,,1,49,,34595,3,,,1,15,,34571,3,,,1,15,,34572,3,,,1,15,,34573,3,,,1,55,,34574,3,,,1,15,,34575,3,,,1,15,,34576,3,,,1,15,,34577,3,,,1,55,,34578,3,,,1,15,,34579,3,,,1,15,,34580,3,,,1,15,,34581,3,,,1,55,,34582,3,,,1,15,,34583,3,,,1,15,,34584,3,,,1,15,,34585,3,,,1,55,,34586,3,,,1,15,,34587,3,,,1,15,,34588,3,,,1,15,,34589,3,,,1,55,,34590,3,,,1,15,,34591,3,,,1,15,,34592,3,,,1,15,,34593,3,,,1,55,,34594,3,,,1,15,,34596,3,,,1
18002100,'021R-Saturday-1-26-09',518,,34597,3,,,1,15,,34598,3,,,1,15,,34599,3,,,1,55,,34600,3,,,1,15,,34601,3,,,1,15,,34602,3,,,1,15,,34603,3,,,1,55,,34604,3,,,1,15,,34605,3,,,1,15,,34606,3,,,1,15,,34607,3,,,1,55,,34608,3,,,1,15,,34609,3,,,1,15,,34610,3,,,1,15,,34611,3,,,1,55,,34612,3,,,1,15,,34613,3,,,1,15,,34614,3,,,1,15,,34615,3,,,1,55,,34616,3,,,1,15,,34617,3,,,1,15,,34618,3,,,1,15,,34619,3,,,1,55,,34620,3,,,1,15,,34621,3,,,1,15,,34622,3,,,1,15,,34623,3,,,1,55,,34624,3,,,1,15,,34625,3,,,1,15,,34626,3,,,1,15,,34627,3,,,1,55,,34628,3,,,1,15,,34629,3,,,1,15,,34630,3,,,1,15,,34631,3,,,1,55,,34632,3,,,1,15,,34633,3,,,1,15,,34634,3,,,1,15,,34635,3,,,1,55,,34636,3,,,1,15,,34637,3,,,1,15,,34638,3,,,1,15,,34639,3,,,1,55,,34640,3,,,1,15,,34641,3,,,1,15,,34642,3,,,1,15,,34643,3,,,1,55,,34644,3,,,1,15,,34645,3,,,1,15,,34646,3,,,1,15,,34647,3,,,1,55,,34648,3,,,1,15,,34649,3,,,1,15,,34650,3,,,1,15,,34651,3,,,1,55,,34652,3,,,1,15,,34653,3,,,1,15,,34654,3,,,1,15,,34655,3,,,1,55,,34656,3,,,1,15,,34657,3,,,1,15,,34658,3,,,1,15,,34659,3,,,1,55,,34660,3,,,1,15,,34661,3,,,1,15,,34662,3,,,1,15,,34663,3,,,1,55,,34664,3,,,1,15,,34665,3,,,1,15,,34666,3,,,1,15,,34667,3,,,1,55,,34668,3,,,1,15,,34669,3,,,1,15,,34670,3,,,1,15,,34671,3,,,1,55,,34672,3,,,1,15,,34673,3,,,1,15,,34674,3,,,1,15,,34675,3,,,1,55,,34676,3,,,1,15,,34677,3,,,1
18002100,'021R-Saturday-2-26-09',518,,34678,3,,,1,15,,34679,3,,,1,15,,34680,3,,,1,55,,34681,3,,,1,15,,34682,3,,,1,15,,34683,3,,,1,15,,34684,3,,,1,55,,34685,3,,,1,15,,34686,3,,,1,15,,34687,3,,,1,15,,34688,3,,,1,55,,34689,3,,,1,15,,34690,3,,,1,15,,34691,3,,,1,15,,34692,3,,,1,55,,34693,3,,,1,15,,34694,3,,,1,15,,34695,3,,,1,15,,34696,3,,,1,55,,34697,3,,,1,15,,34698,3,,,1,15,,34699,3,,,1,15,,34700,3,,,1,55,,34701,3,,,1,15,,34702,3,,,1,15,,34703,3,,,1,15,,34704,3,,,1,55,,34705,3,,,1,15,,34706,3,,,1,15,,34707,3,,,1,15,,34708,3,,,1,55,,34709,3,,,1,15,,34710,3,,,1,15,,34711,3,,,1,15,,34712,3,,,1,55,,34713,3,,,1,15,,34714,3,,,1,15,,34715,3,,,1,15,,34716,3,,,1,55,,34717,3,,,1,15,,34718,3,,,1,15,,34719,3,,,1,15,,34720,3,,,1,55,,34721,3,,,1,15,,34722,3,,,1,15,,34723,3,,,1,15,,34724,3,,,1,55,,34725,3,,,1,15,,34726,3,,,1,15,,34727,3,,,1,15,,34728,3,,,1,55,,34729,3,,,1,15,,34730,3,,,1,15,,34731,3,,,1,15,,34732,3,,,1,55,,34733,3,,,1,15,,34734,3,,,1,15,,34735,3,,,1,15,,34736,3,,,1,55,,34737,3,,,1,15,,34738,3,,,1,15,,34739,3,,,1,15,,34740,3,,,1,55,,34741,3,,,1,15,,34742,3,,,1,15,,34743,3,,,1,15,,34744,3,,,1,55,,34745,3,,,1,15,,34746,3,,,1,15,,34747,3,,,1,15,,34748,3,,,1,55,,34749,3,,,1,15,,34750,3,,,1,15,,34751,3,,,1,15,,34752,3,,,1,55,,34753,3,,,1,15,,34754,3,,,1,15,,34755,3,,,1,15,,34756,3,,,1,55,,34757,3,,,1,15,,34758,3,,,1
18002100,'021R-Sunday-1-26-09',548,,34759,3,,,1,55,,34760,3,,,1,15,,34761,3,,,1,15,,34762,3,,,1,15,,34763,3,,,1,55,,34764,3,,,1,15,,34765,3,,,1,15,,34766,3,,,1,15,,34767,3,,,1,55,,34768,3,,,1,15,,34769,3,,,1,15,,34770,3,,,1,15,,34771,3,,,1,55,,34772,3,,,1,15,,34773,3,,,1,15,,34774,3,,,1,15,,34775,3,,,1,55,,34776,3,,,1,15,,34777,3,,,1,15,,34778,3,,,1,15,,34779,3,,,1,55,,34780,3,,,1,15,,34781,3,,,1,15,,34782,3,,,1,15,,34783,3,,,1,55,,34784,3,,,1,15,,34785,3,,,1,15,,34786,3,,,1,15,,34787,3,,,1,55,,34788,3,,,1,15,,34789,3,,,1,15,,34790,3,,,1,15,,34791,3,,,1,55,,34792,3,,,1,15,,34793,3,,,1,15,,34794,3,,,1,15,,34795,3,,,1,55,,34796,3,,,1,15,,34797,3,,,1,15,,34798,3,,,1,15,,34799,3,,,1,55,,34800,3,,,1,15,,34801,3,,,1,15,,34802,3,,,1,15,,34803,3,,,1,55,,34804,3,,,1,15,,34805,3,,,1,15,,34806,3,,,1,15,,34807,3,,,1,55,,34808,3,,,1,15,,34809,3,,,1,15,,34810,3,,,1,15,,34811,3,,,1,55,,34812,3,,,1,15,,34813,3,,,1,15,,34814,3,,,1,15,,34815,3,,,1,55,,34816,3,,,1,15,,34817,3,,,1,15,,34818,3,,,1,15,,34819,3,,,1,55,,34820,3,,,1,15,,34821,3,,,1,15,,34822,3,,,1,15,,34823,3,,,1,55,,34824,3,,,1,15,,34825,3,,,1,15,,34826,3,,,1,15,,34827,3,,,1,55,,34828,3,,,1,15,,34829,3,,,1,15,,34830,3,,,1,15,,34831,3,,,1,55,,34832,3,,,1,15,,34833,3,,,1,15,,34834,3,,,1,15,,34835,3,,,1
18002100,'021R-Sunday-2-26-09',548,,34836,3,,,1,55,,34837,3,,,1,15,,34838,3,,,1,15,,34839,3,,,1,15,,34840,3,,,1,55,,34841,3,,,1,15,,34842,3,,,1,15,,34843,3,,,1,15,,34844,3,,,1,55,,34845,3,,,1,15,,34846,3,,,1,15,,34847,3,,,1,15,,34848,3,,,1,55,,34849,3,,,1,15,,34850,3,,,1,15,,34851,3,,,1,15,,34852,3,,,1,55,,34853,3,,,1,15,,34854,3,,,1,15,,34855,3,,,1,15,,34856,3,,,1,55,,34857,3,,,1,15,,34858,3,,,1,15,,34859,3,,,1,15,,34860,3,,,1,55,,34861,3,,,1,15,,34862,3,,,1,15,,34863,3,,,1,15,,34864,3,,,1,55,,34865,3,,,1,15,,34866,3,,,1,15,,34867,3,,,1,15,,34868,3,,,1,55,,34869,3,,,1,15,,34870,3,,,1,15,,34871,3,,,1,15,,34872,3,,,1,55,,34873,3,,,1,15,,34874,3,,,1,15,,34875,3,,,1,15,,34876,3,,,1,55,,34877,3,,,1,15,,34878,3,,,1,15,,34879,3,,,1,15,,34880,3,,,1,55,,34881,3,,,1,15,,34882,3,,,1,15,,34883,3,,,1,15,,34884,3,,,1,55,,34885,3,,,1,15,,34886,3,,,1,15,,34887,3,,,1,15,,34888,3,,,1,55,,34889,3,,,1,15,,34890,3,,,1,15,,34891,3,,,1,15,,34892,3,,,1,55,,34893,3,,,1,15,,34894,3,,,1,15,,34895,3,,,1,15,,34896,3,,,1,55,,34897,3,,,1,15,,34898,3,,,1,15,,34899,3,,,1,15,,34900,3,,,1,55,,34901,3,,,1,15,,34902,3,,,1,15,,34903,3,,,1,15,,34904,3,,,1,55,,34905,3,,,1,15,,34906,3,,,1,15,,34907,3,,,1,15,,34908,3,,,1,55,,34909,3,,,1,15,,34910,3,,,1,15,,34911,3,,,1,15,,34912,3,,,1
18002100,'021R-Sunday-4-26-09',548,,34913,3,,,1,55,,34914,3,,,1,15,,34915,3,,,1,15,,34916,3,,,1,15,,34917,3,,,1,55,,34918,3,,,1,15,,34919,3,,,1,15,,34920,3,,,1,15,,34921,3,,,1,55,,34922,3,,,1,15,,34923,3,,,1,15,,34924,3,,,1,15,,34925,3,,,1,55,,34926,3,,,1,15,,34927,3,,,1,15,,34928,3,,,1,15,,34929,3,,,1,55,,34930,3,,,1,15,,34931,3,,,1,15,,34932,3,,,1,15,,34933,3,,,1,55,,34934,3,,,1,15,,34935,3,,,1,15,,34936,3,,,1,15,,34937,3,,,1,55,,34938,3,,,1,15,,34939,3,,,1,15,,34940,3,,,1,15,,34941,3,,,1,55,,34942,3,,,1,15,,34943,3,,,1,15,,34944,3,,,1,15,,34945,3,,,1,55,,34946,3,,,1,15,,34947,3,,,1,15,,34948,3,,,1,15,,34949,3,,,1,55,,34950,3,,,1,15,,34951,3,,,1,15,,34952,3,,,1,15,,34953,3,,,1,55,,34954,3,,,1,15,,34955,3,,,1,15,,34956,3,,,1,15,,34957,3,,,1,55,,34958,3,,,1,15,,34959,3,,,1,15,,34960,3,,,1,15,,34961,3,,,1,55,,34962,3,,,1,15,,34963,3,,,1,15,,34964,3,,,1,15,,34965,3,,,1,55,,34966,3,,,1,15,,34967,3,,,1,15,,34968,3,,,1,15,,34969,3,,,1,55,,34970,3,,,1,15,,34971,3,,,1,15,,34972,3,,,1,15,,34973,3,,,1,55,,34974,3,,,1,15,,34975,3,,,1,15,,34976,3,,,1,15,,34977,3,,,1,55,,34978,3,,,1,15,,34979,3,,,1,15,,34980,3,,,1,15,,34981,3,,,1,55,,34982,3,,,1,15,,34983,3,,,1,15,,34984,3,,,1,15,,34985,3,,,1,55,,34986,3,,,1,15,,34987,3,,,1,15,,34988,3,,,1,15,,34989,3,,,1
18002200,'022R-Saturday-2-26-09',518,,36998,3,,,1,15,,36999,3,,,1,15,,37014,3,,,1,55,,37029,3,,,1,15,,37047,3,,,1,15,,37030,3,,,1,15,,37010,3,,,1,55,,37041,3,,,1,15,,37056,3,,,1,15,,37040,3,,,1,15,,37025,3,,,1,55,,37057,3,,,1,15,,37031,3,,,1,15,,37073,3,,,1,15,,37000,3,,,1,55,,37016,3,,,1,15,,37072,3,,,1,15,,37062,3,,,1,15,,37076,3,,,1,55,,37012,3,,,1,15,,37046,3,,,1,15,,37019,3,,,1,15,,37059,3,,,1,55,,37009,3,,,1,15,,37027,3,,,1,15,,37043,3,,,1,15,,37024,3,,,1,55,,37006,3,,,1,15,,37068,3,,,1,15,,37021,3,,,1,15,,37077,3,,,1,55,,37053,3,,,1,15,,37069,3,,,1,15,,37036,3,,,1,15,,37005,3,,,1,55,,37052,3,,,1,15,,37054,3,,,1,15,,37022,3,,,1,15,,37038,3,,,1,55,,37003,3,,,1,15,,37070,3,,,1,15,,37034,3,,,1,15,,37026,3,,,1,55,,37039,3,,,1,15,,37008,3,,,1,15,,37023,3,,,1,15,,37055,3,,,1,55,,37071,3,,,1,15,,37037,3,,,1,15,,37050,3,,,1,15,,37078,3,,,1,55,,37074,3,,,1,15,,37058,3,,,1,15,,37049,3,,,1,15,,37064,3,,,1,55,,37042,3,,,1,15,,37011,3,,,1,15,,37015,3,,,1,15,,37066,3,,,1,55,,37004,3,,,1,15,,37020,3,,,1,15,,37035,3,,,1,15,,37051,3,,,1,55,,37067,3,,,1,15,,37033,3,,,1,15,,37001,3,,,1,15,,37017,3,,,1,55,,37065,3,,,1,15,,37002,3,,,1,15,,37018,3,,,1,15,,37032,3,,,1,55,,37048,3,,,1,15,,37045,3,,,1,15,,37061,3,,,1,15,,37007,3,,,1,55,,37013,3,,,1,15,,37028,3,,,1,15,,37044,3,,,1,15,,37075,3,,,1,55,,37060,3,,,1,15,,37063,3,,,1
18002200,'022R-Sunday-2-26-09',548,,37377,3,,,1,55,,37378,3,,,1,15,,37379,3,,,1,15,,37380,3,,,1,15,,37348,3,,,1,55,,37363,3,,,1,15,,37309,3,,,1,15,,37320,3,,,1,15,,37335,3,,,1,55,,37332,3,,,1,15,,37349,3,,,1,15,,37334,3,,,1,15,,37362,3,,,1,55,,37361,3,,,1,15,,37364,3,,,1,15,,37316,3,,,1,15,,37374,3,,,1,55,,37359,3,,,1,15,,37347,3,,,1,15,,37325,3,,,1,15,,37331,3,,,1,55,,37376,3,,,1,15,,37318,3,,,1,15,,37346,3,,,1,15,,37344,3,,,1,55,,37313,3,,,1,15,,37373,3,,,1,15,,37315,3,,,1,15,,37351,3,,,1,55,,37339,3,,,1,15,,37323,3,,,1,15,,37370,3,,,1,15,,37357,3,,,1,55,,37336,3,,,1,15,,37329,3,,,1,15,,37371,3,,,1,15,,37310,3,,,1,55,,37356,3,,,1,15,,37314,3,,,1,15,,37360,3,,,1,15,,37338,3,,,1,55,,37354,3,,,1,15,,37308,3,,,1,15,,37353,3,,,1,15,,37330,3,,,1,55,,37366,3,,,1,15,,37367,3,,,1,15,,37312,3,,,1,15,,37321,3,,,1,55,,37326,3,,,1,15,,37328,3,,,1,15,,37327,3,,,1,15,,37324,3,,,1,55,,37368,3,,,1,15,,37341,3,,,1,15,,37343,3,,,1,15,,37358,3,,,1,55,,37372,3,,,1,15,,37311,3,,,1,15,,37307,3,,,1,15,,37345,3,,,1,55,,37342,3,,,1,15,,37375,3,,,1,15,,37317,3,,,1,15,,37369,3,,,1,55,,37350,3,,,1,15,,37355,3,,,1,15,,37365,3,,,1,15,,37319,3,,,1,55,,37306,3,,,1,15,,37322,3,,,1,15,,37337,3,,,1,15,,37340,3,,,1,55,,37333,3,,,1,15,,37352,3,,,1
