18002300,'20260913-Sunday-1-26-09',510,,38857,1,,,1,15,,38873,1,,,1,15,,38889,1,,,1,15,,38905,1,,,1,55,,38921,1,,,1,15,,38858,1,,,1,15,,38874,1,,,1,15,,38890,1,,,1,55,,38906,1,,,1,15,,38922,1,,,1,15,,38859,1,,,1,15,,38875,1,,,1,55,,38891,1,,,1,15,,38907,1,,,1,15,,38923,1,,,1,15,,38860,1,,,1,55,,38876,1,,,1,15,,38892,1,,,1,15,,38908,1,,,1,15,,38924,1,,,1,55,,38861,1,,,1,15,,38877,1,,,1,15,,38893,1,,,1,15,,38909,1,,,1,55,,38925,1,,,1,15,,38862,1,,,1,15,,38878,1,,,1,15,,38894,1,,,1,55,,38910,1,,,1,15,,38926,1,,,1,15,,38863,1,,,1,15,,38879,1,,,1,55,,38895,1,,,1,15,,38911,1,,,1,15,,38927,1,,,1,15,,38864,1,,,1,55,,38880,1,,,1,15,,38896,1,,,1,15,,38912,1,,,1,15,,38928,1,,,1,55,,38865,1,,,1,15,,38881,1,,,1,15,,38897,1,,,1,15,,38913,1,,,1,55,,38929,1,,,1,15,,38866,1,,,1,15,,38882,1,,,1,15,,38898,1,,,1,55,,38914,1,,,1,15,,38930,1,,,1,15,,38867,1,,,1,15,,38883,1,,,1,55,,38899,1,,,1,15,,38915,1,,,1,15,,38931,1,,,1,15,,38868,1,,,1,55,,38884,1,,,1,15,,38900,1,,,1,15,,38916,1,,,1,15,,38932,1,,,1,55,,38869,1,,,1,15,,38885,1,,,1,15,,38901,1,,,1,15,,38917,1,,,1,55,,38933,1,,,1,15,,38870,1,,,1,15,,38886,1,,,1,15,,38902,1,,,1,55,,38918,1,,,1,15,,38934,1,,,1,15,,38871,1,,,1,15,,38887,1,,,1,55,,38903,1,,,1,15,,38919,1,,,1,15,,38935,1,,,1,15,,38872,1,,,1,55,,38888,1,,,1,15,,38904,1,,,1,15,,38920,1,,,1
18002300,'20260914-Weekday-1-26-09',500,,38936,1,,,1,10,,38960,1,,,1,10,,38948,1,,,1,10,,38972,1,,,1,10,,39013,1,,,1,10,,38983,1,,,1,7,,39000,1,,,1,45,,39030,1,,,1,5,,38937,1,,,1,5,,39042,1,,,1,5,,38961,1,,,1,5,,39050,1,,,1,5,,38949,1,,,1,5,,39074,1,,,1,5,,38973,1,,,1,5,,39058,1,,,1,5,,39014,1,,,1,5,,39091,1,,,1,5,,38984,1,,,1,45,,39001,1,,,1,5,,39031,1,,,1,5,,38938,1,,,1,5,,39043,1,,,1,5,,38962,1,,,1,5,,39051,1,,,1,5,,38950,1,,,1,5,,39075,1,,,1,5,,38974,1,,,1,5,,39059,1,,,1,5,,39015,1,,,1,5,,39092,1,,,1,45,,38985,1,,,1,5,,39002,1,,,1,5,,39032,1,,,1,5,,38939,1,,,1,5,,39044,1,,,1,5,,38963,1,,,1,5,,39052,1,,,1,5,,38951,1,,,1,5,,39076,1,,,1,5,,38975,1,,,1,5,,39060,1,,,1,5,,39016,1,,,1,45,,39093,1,,,1,5,,38986,1,,,1,5,,39003,1,,,1,5,,39033,1,,,1,5,,38940,1,,,1,5,,39045,1,,,1,5,,38964,1,,,1,5,,39053,1,,,1,5,,38952,1,,,1,5,,39077,1,,,1,5,,38976,1,,,1,5,,39061,1,,,1,48,,39017,1,,,1,10,,38987,1,,,1,10,,39034,1,,,1,10,,38941,1,,,1,10,,38965,1,,,1,10,,39078,1,,,1,50,,39062,1,,,1,10,,39018,1,,,1,10,,38988,1,,,1,10,,39035,1,,,1,10,,38942,1,,,1,10,,38966,1,,,1,50,,39079,1,,,1,10,,39063,1,,,1,10,,39019,1,,,1,10,,38989,1,,,1,10,,39036,1,,,1,10,,38943,1,,,1,50,,38967,1,,,1,10,,39080,1,,,1,10,,39064,1,,,1,10,,39020,1,,,1,10,,38990,1,,,1,10,,39037,1,,,1,50,,38944,1,,,1,10,,38968,1,,,1,10,,39081,1,,,1,7,,39054,1,,,1,5,,38953,1,,,1,5,,39021,1,,,1,5,,39094,1,,,1,5,,38991,1,,,1,5,,39004,1,,,1,45,,39038,1,,,1,5,,39065,1,,,1,5,,39046,1,,,1,5,,38945,1,,,1,5,,38977,1,,,1,5,,38969,1,,,1,5,,39082,1,,,1,5,,39055,1,,,1,5,,38954,1,,,1,5,,39022,1,,,1,5,,39095,1,,,1,5,,38992,1,,,1,45,,39005,1,,,1,5,,39039,1,,,1,5,,39066,1,,,1,5,,39047,1,,,1,5,,38946,1,,,1,5,,38978,1,,,1,5,,38970,1,,,1,5,,39083,1,,,1,5,,39056,1,,,1,5,,38955,1,,,1,5,,39023,1,,,1,5,,39096,1,,,1,45,,38993,1,,,1,5,,39006,1,,,1,5,,39040,1,,,1,5,,39067,1,,,1,5,,39048,1,,,1,5,,38947,1,,,1,5,,38979,1,,,1,5,,38971,1,,,1,5,,39084,1,,,1,5,,39057,1,,,1,5,,38956,1,,,1,5,,39024,1,,,1,45,,39097,1,,,1,5,,38994,1,,,1,5,,39007,1,,,1,5,,39041,1,,,1,5,,39068,1,,,1,5,,39049,1,,,1,13,,38980,1,,,1,10,,39085,1,,,1,50,,38957,1,,,1,10,,39025,1,,,1,10,,38995,1,,,1,10,,39008,1,,,1,10,,39069,1,,,1,10,,38981,1,,,1,50,,39086,1,,,1,10,,38958,1,,,1,10,,39026,1,,,1,10,,38996,1,,,1,10,,39009,1,,,1,10,,39070,1,,,1,50,,38982,1,,,1,10,,39087,1,,,1,10,,38959,1,,,1,10,,39027,1,,,1,15,,38997,1,,,1,55,,39010,1,,,1,15,,39071,1,,,1,15,,39088,1,,,1,15,,39028,1,,,1,55,,38998,1,,,1,15,,39011,1,,,1,15,,39072,1,,,1,15,,39089,1,,,1,55,,39029,1,,,1,15,,38999,1,,,1,15,,39012,1,,,1,15,,39073,1,,,1,55,,39090,1,,,1
18002300,'20260914-Weekday-2-26-09',500,,39098,1,,,1,10,,39122,1,,,1,10,,39110,1,,,1,10,,39134,1,,,1,10,,39175,1,,,1,10,,39145,1,,,1,7,,39162,1,,,1,45,,39192,1,,,1,5,,39099,1,,,1,5,,39204,1,,,1,5,,39123,1,,,1,5,,39212,1,,,1,5,,39111,1,,,1,5,,39236,1,,,1,5,,39135,1,,,1,5,,39220,1,,,1,5,,39176,1,,,1,5,,39253,1,,,1,5,,39146,1,,,1,45,,39163,1,,,1,5,,39193,1,,,1,5,,39100,1,,,1,5,,39205,1,,,1,5,,39124,1,,,1,5,,39213,1,,,1,5,,39112,1,,,1,5,,39237,1,,,1,5,,39136,1,,,1,5,,39221,1,,,1,5,,39177,1,,,1,5,,39254,1,,,1,45,,39147,1,,,1,5,,39164,1,,,1,5,,39194,1,,,1,5,,39101,1,,,1,5,,39206,1,,,1,5,,39125,1,,,1,5,,39214,1,,,1,5,,39113,1,,,1,5,,39238,1,,,1,5,,39137,1,,,1,5,,39222,1,,,1,5,,39178,1,,,1,45,,39255,1,,,1,5,,39148,1,,,1,5,,39165,1,,,1,5,,39195,1,,,1,5,,39102,1,,,1,5,,39207,1,,,1,5,,39126,1,,,1,5,,39215,1,,,1,5,,39114,1,,,1,5,,39239,1,,,1,5,,39138,1,,,1,5,,39223,1,,,1,48,,39179,1,,,1,10,,39149,1,,,1,10,,39196,1,,,1,10,,39103,1,,,1,10,,39127,1,,,1,10,,39240,1,,,1,50,,39224,1,,,1,10,,39180,1,,,1,10,,39150,1,,,1,10,,39197,1,,,1,10,,39104,1,,,1,10,,39128,1,,,1,50,,39241,1,,,1,10,,39225,1,,,1,10,,39181,1,,,1,10,,39151,1,,,1,10,,39198,1,,,1,10,,39105,1,,,1,50,,39129,1,,,1,10,,39242,1,,,1,10,,39226,1,,,1,10,,39182,1,,,1,10,,39152,1,,,1,10,,39199,1,,,1,50,,39106,1,,,1,10,,39130,1,,,1,10,,39243,1,,,1,7,,39216,1,,,1,5,,39115,1,,,1,5,,39183,1,,,1,5,,39256,1,,,1,5,,39153,1,,,1,5,,39166,1,,,1,45,,39200,1,,,1,5,,39227,1,,,1,5,,39208,1,,,1,5,,39107,1,,,1,5,,39139,1,,,1,5,,39131,1,,,1,5,,39244,1,,,1,5,,39217,1,,,1,5,,39116,1,,,1,5,,39184,1,,,1,5,,39257,1,,,1,5,,39154,1,,,1,45,,39167,1,,,1,5,,39201,1,,,1,5,,39228,1,,,1,5,,39209,1,,,1,5,,39108,1,,,1,5,,39140,1,,,1,5,,39132,1,,,1,5,,39245,1,,,1,5,,39218,1,,,1,5,,39117,1,,,1,5,,39185,1,,,1,5,,39258,1,,,1,45,,39155,1,,,1,5,,39168,1,,,1,5,,39202,1,,,1,5,,39229,1,,,1,5,,39210,1,,,1,5,,39109,1,,,1,5,,39141,1,,,1,5,,39133,1,,,1,5,,39246,1,,,1,5,,39219,1,,,1,5,,39118,1,,,1,5,,39186,1,,,1,45,,39259,1,,,1,5,,39156,1,,,1,5,,39169,1,,,1,5,,39203,1,,,1,5,,39230,1,,,1,5,,39211,1,,,1,13,,39142,1,,,1,10,,39247,1,,,1,50,,39119,1,,,1,10,,39187,1,,,1,10,,39157,1,,,1,10,,39170,1,,,1,10,,39231,1,,,1,10,,39143,1,,,1,50,,39248,1,,,1,10,,39120,1,,,1,10,,39188,1,,,1,10,,39158,1,,,1,10,,39171,1,,,1,10,,39232,1,,,1,50,,39144,1,,,1,10,,39249,1,,,1,10,,39121,1,,,1,10,,39189,1,,,1,15,,39159,1,,,1,55,,39172,1,,,1,15,,39233,1,,,1,15,,39250,1,,,1,15,,39190,1,,,1,55,,39160,1,,,1,15,,39173,1,,,1,15,,39234,1,,,1,15,,39251,1,,,1,55,,39191,1,,,1,15,,39161,1,,,1,15,,39174,1,,,1,15,,39235,1,,,1,55,,39252,1,,,1
18002300,'20260914-Weekday-3-26-09',500,,39260,1,,,1,10,,39284,1,,,1,10,,39272,1,,,1,10,,39296,1,,,1,10,,39337,1,,,1,10,,39307,1,,,1,7,,39324,1,,,1,45,,39354,1,,,1,5,,39261,1,,,1,5,,39366,1,,,1,5,,39285,1,,,1,5,,39374,1,,,1,5,,39273,1,,,1,5,,39398,1,,,1,5,,39297,1,,,1,5,,39382,1,,,1,5,,39338,1,,,1,5,,39415,1,,,1,5,,39308,1,,,1,45,,39325,1,,,1,5,,39355,1,,,1,5,,39262,1,,,1,5,,39367,1,,,1,5,,39286,1,,,1,5,,39375,1,,,1,5,,39274,1,,,1,5,,39399,1,,,1,5,,39298,1,,,1,5,,39383,1,,,1,5,,39339,1,,,1,5,,39416,1,,,1,45,,39309,1,,,1,5,,39326,1,,,1,5,,39356,1,,,1,5,,39263,1,,,1,5,,39368,1,,,1,5,,39287,1,,,1,5,,39376,1,,,1,5,,39275,1,,,1,5,,39400,1,,,1,5,,39299,1,,,1,5,,39384,1,,,1,5,,39340,1,,,1,45,,39417,1,,,1,5,,39310,1,,,1,5,,39327,1,,,1,5,,39357,1,,,1,5,,39264,1,,,1,5,,39369,1,,,1,5,,39288,1,,,1,5,,39377,1,,,1,5,,39276,1,,,1,5,,39401,1,,,1,5,,39300,1,,,1,5,,39385,1,,,1,48,,39341,1,,,1,10,,39311,1,,,1,10,,39358,1,,,1,10,,39265,1,,,1,10,,39289,1,,,1,10,,39402,1,,,1,50,,39386,1,,,1,10,,39342,1,,,1,10,,39312,1,,,1,10,,39359,1,,,1,10,,39266,1,,,1,10,,39290,1,,,1,50,,39403,1,,,1,10,,39387,1,,,1,10,,39343,1,,,1,10,,39313,1,,,1,10,,39360,1,,,1,10,,39267,1,,,1,50,,39291,1,,,1,10,,39404,1,,,1,10,,39388,1,,,1,10,,39344,1,,,1,10,,39314,1,,,1,10,,39361,1,,,1,50,,39268,1,,,1,10,,39292,1,,,1,10,,39405,1,,,1,7,,39378,1,,,1,5,,39277,1,,,1,5,,39345,1,,,1,5,,39418,1,,,1,5,,39315,1,,,1,5,,39328,1,,,1,45,,39362,1,,,1,5,,39389,1,,,1,5,,39370,1,,,1,5,,39269,1,,,1,5,,39301,1,,,1,5,,39293,1,,,1,5,,39406,1,,,1,5,,39379,1,,,1,5,,39278,1,,,1,5,,39346,1,,,1,5,,39419,1,,,1,5,,39316,1,,,1,45,,39329,1,,,1,5,,39363,1,,,1,5,,39390,1,,,1,5,,39371,1,,,1,5,,39270,1,,,1,5,,39302,1,,,1,5,,39294,1,,,1,5,,39407,1,,,1,5,,39380,1,,,1,5,,39279,1,,,1,5,,39347,1,,,1,5,,39420,1,,,1,45,,39317,1,,,1,5,,39330,1,,,1,5,,39364,1,,,1,5,,39391,1,,,1,5,,39372,1,,,1,5,,39271,1,,,1,5,,39303,1,,,1,5,,39295,1,,,1,5,,39408,1,,,1,5,,39381,1,,,1,5,,39280,1,,,1,5,,39348,1,,,1,45,,39421,1,,,1,5,,39318,1,,,1,5,,39331,1,,,1,5,,39365,1,,,1,5,,39392,1,,,1,5,,39373,1,,,1,13,,39304,1,,,1,10,,39409,1,,,1,50,,39281,1,,,1,10,,39349,1,,,1,10,,39319,1,,,1,10,,39332,1,,,1,10,,39393,1,,,1,10,,39305,1,,,1,50,,39410,1,,,1,10,,39282,1,,,1,10,,39350,1,,,1,10,,39320,1,,,1,10,,39333,1,,,1,10,,39394,1,,,1,50,,39306,1,,,1,10,,39411,1,,,1,10,,39283,1,,,1,10,,39351,1,,,1,15,,39321,1,,,1,55,,39334,1,,,1,15,,39395,1,,,1,15,,39412,1,,,1,15,,39352,1,,,1,55,,39322,1,,,1,15,,39335,1,,,1,15,,39396,1,,,1,15,,39413,1,,,1,55,,39353,1,,,1,15,,39323,1,,,1,15,,39336,1,,,1,15,,39397,1,,,1,55,,39414,1,,,1
18002300,'20260914-Weekday-4-26-09',500,,39422,1,,,1,10,,39446,1,,,1,10,,39434,1,,,1,10,,39458,1,,,1,10,,39499,1,,,1,10,,39469,1,,,1,7,,39486,1,,,1,45,,39516,1,,,1,5,,39423,1,,,1,5,,39528,1,,,1,5,,39447,1,,,1,5,,39536,1,,,1,5,,39435,1,,,1,5,,39560,1,,,1,5,,39459,1,,,1,5,,39544,1,,,1,5,,39500,1,,,1,5,,39577,1,,,1,5,,39470,1,,,1,45,,39487,1,,,1,5,,39517,1,,,1,5,,39424,1,,,1,5,,39529,1,,,1,5,,39448,1,,,1,5,,39537,1,,,1,5,,39436,1,,,1,5,,39561,1,,,1,5,,39460,1,,,1,5,,39545,1,,,1,5,,39501,1,,,1,5,,39578,1,,,1,45,,39471,1,,,1,5,,39488,1,,,1,5,,39518,1,,,1,5,,39425,1,,,1,5,,39530,1,,,1,5,,39449,1,,,1,5,,39538,1,,,1,5,,39437,1,,,1,5,,39562,1,,,1,5,,39461,1,,,1,5,,39546,1,,,1,5,,39502,1,,,1,45,,39579,1,,,1,5,,39472,1,,,1,5,,39489,1,,,1,5,,39519,1,,,1,5,,39426,1,,,1,5,,39531,1,,,1,5,,39450,1,,,1,5,,39539,1,,,1,5,,39438,1,,,1,5,,39563,1,,,1,5,,39462,1,,,1,5,,39547,1,,,1,48,,39503,1,,,1,10,,39473,1,,,1,10,,39520,1,,,1,10,,39427,1,,,1,10,,39451,1,,,1,10,,39564,1,,,1,50,,39548,1,,,1,10,,39504,1,,,1,10,,39474,1,,,1,10,,39521,1,,,1,10,,39428,1,,,1,10,,39452,1,,,1,50,,39565,1,,,1,10,,39549,1,,,1,10,,39505,1,,,1,10,,39475,1,,,1,10,,39522,1,,,1,10,,39429,1,,,1,50,,39453,1,,,1,10,,39566,1,,,1,10,,39550,1,,,1,10,,39506,1,,,1,10,,39476,1,,,1,10,,39523,1,,,1,50,,39430,1,,,1,10,,39454,1,,,1,10,,39567,1,,,1,7,,39540,1,,,1,5,,39439,1,,,1,5,,39507,1,,,1,5,,39580,1,,,1,5,,39477,1,,,1,5,,39490,1,,,1,45,,39524,1,,,1,5,,39551,1,,,1,5,,39532,1,,,1,5,,39431,1,,,1,5,,39463,1,,,1,5,,39455,1,,,1,5,,39568,1,,,1,5,,39541,1,,,1,5,,39440,1,,,1,5,,39508,1,,,1,5,,39581,1,,,1,5,,39478,1,,,1,45,,39491,1,,,1,5,,39525,1,,,1,5,,39552,1,,,1,5,,39533,1,,,1,5,,39432,1,,,1,5,,39464,1,,,1,5,,39456,1,,,1,5,,39569,1,,,1,5,,39542,1,,,1,5,,39441,1,,,1,5,,39509,1,,,1,5,,39582,1,,,1,45,,39479,1,,,1,5,,39492,1,,,1,5,,39526,1,,,1,5,,39553,1,,,1,5,,39534,1,,,1,5,,39433,1,,,1,5,,39465,1,,,1,5,,39457,1,,,1,5,,39570,1,,,1,5,,39543,1,,,1,5,,39442,1,,,1,5,,39510,1,,,1,45,,39583,1,,,1,5,,39480,1,,,1,5,,39493,1,,,1,5,,39527,1,,,1,5,,39554,1,,,1,5,,39535,1,,,1,13,,39466,1,,,1,10,,39571,1,,,1,50,,39443,1,,,1,10,,39511,1,,,1,10,,39481,1,,,1,10,,39494,1,,,1,10,,39555,1,,,1,10,,39467,1,,,1,50,,39572,1,,,1,10,,39444,1,,,1,10,,39512,1,,,1,10,,39482,1,,,1,10,,39495,1,,,1,10,,39556,1,,,1,50,,39468,1,,,1,10,,39573,1,,,1,10,,39445,1,,,1,10,,39513,1,,,1,15,,39483,1,,,1,55,,39496,1,,,1,15,,39557,1,,,1,15,,39574,1,,,1,15,,39514,1,,,1,55,,39484,1,,,1,15,,39497,1,,,1,15,,39558,1,,,1,15,,39575,1,,,1,55,,39515,1,,,1,15,,39485,1,,,1,15,,39498,1,,,1,15,,39559,1,,,1,55,,39576,1,,,1
18002300,'20260914-Weekday-5-26-09',500,,39584,1,,,1,10,,39608,1,,,1,10,,39596,1,,,1,10,,39620,1,,,1,10,,39661,1,,,1,10,,39631,1,,,1,7,,39648,1,,,1,45,,39678,1,,,1,5,,39585,1,,,1,5,,39690,1,,,1,5,,39609,1,,,1,5,,39698,1,,,1,5,,39597,1,,,1,5,,39722,1,,,1,5,,39621,1,,,1,5,,39706,1,,,1,5,,39662,1,,,1,5,,39739,1,,,1,5,,39632,1,,,1,45,,39649,1,,,1,5,,39679,1,,,1,5,,39586,1,,,1,5,,39691,1,,,1,5,,39610,1,,,1,5,,39699,1,,,1,5,,39598,1,,,1,5,,39723,1,,,1,5,,39622,1,,,1,5,,39707,1,,,1,5,,39663,1,,,1,5,,39740,1,,,1,45,,39633,1,,,1,5,,39650,1,,,1,5,,39680,1,,,1,5,,39587,1,,,1,5,,39692,1,,,1,5,,39611,1,,,1,5,,39700,1,,,1,5,,39599,1,,,1,5,,39724,1,,,1,5,,39623,1,,,1,5,,39708,1,,,1,5,,39664,1,,,1,45,,39741,1,,,1,5,,39634,1,,,1,5,,39651,1,,,1,5,,39681,1,,,1,5,,39588,1,,,1,5,,39693,1,,,1,5,,39612,1,,,1,5,,39701,1,,,1,5,,39600,1,,,1,5,,39725,1,,,1,5,,39624,1,,,1,5,,39709,1,,,1,48,,39665,1,,,1,10,,39635,1,,,1,10,,39682,1,,,1,10,,39589,1,,,1,10,,39613,1,,,1,10,,39726,1,,,1,50,,39710,1,,,1,10,,39666,1,,,1,10,,39636,1,,,1,10,,39683,1,,,1,10,,39590,1,,,1,10,,39614,1,,,1,50,,39727,1,,,1,10,,39711,1,,,1,10,,39667,1,,,1,10,,39637,1,,,1,10,,39684,1,,,1,10,,39591,1,,,1,50,,39615,1,,,1,10,,39728,1,,,1,10,,39712,1,,,1,10,,39668,1,,,1,10,,39638,1,,,1,10,,39685,1,,,1,50,,39592,1,,,1,10,,39616,1,,,1,10,,39729,1,,,1,7,,39702,1,,,1,5,,39601,1,,,1,5,,39669,1,,,1,5,,39742,1,,,1,5,,39639,1,,,1,5,,39652,1,,,1,45,,39686,1,,,1,5,,39713,1,,,1,5,,39694,1,,,1,5,,39593,1,,,1,5,,39625,1,,,1,5,,39617,1,,,1,5,,39730,1,,,1,5,,39703,1,,,1,5,,39602,1,,,1,5,,39670,1,,,1,5,,39743,1,,,1,5,,39640,1,,,1,45,,39653,1,,,1,5,,39687,1,,,1,5,,39714,1,,,1,5,,39695,1,,,1,5,,39594,1,,,1,5,,39626,1,,,1,5,,39618,1,,,1,5,,39731,1,,,1,5,,39704,1,,,1,5,,39603,1,,,1,5,,39671,1,,,1,5,,39744,1,,,1,45,,39641,1,,,1,5,,39654,1,,,1,5,,39688,1,,,1,5,,39715,1,,,1,5,,39696,1,,,1,5,,39595,1,,,1,5,,39627,1,,,1,5,,39619,1,,,1,5,,39732,1,,,1,5,,39705,1,,,1,5,,39604,1,,,1,5,,39672,1,,,1,45,,39745,1,,,1,5,,39642,1,,,1,5,,39655,1,,,1,5,,39689,1,,,1,5,,39716,1,,,1,5,,39697,1,,,1,13,,39628,1,,,1,10,,39733,1,,,1,50,,39605,1,,,1,10,,39673,1,,,1,10,,39643,1,,,1,10,,39656,1,,,1,10,,39717,1,,,1,10,,39629,1,,,1,50,,39734,1,,,1,10,,39606,1,,,1,10,,39674,1,,,1,10,,39644,1,,,1,10,,39657,1,,,1,10,,39718,1,,,1,50,,39630,1,,,1,10,,39735,1,,,1,10,,39607,1,,,1,10,,39675,1,,,1,15,,39645,1,,,1,55,,39658,1,,,1,15,,39719,1,,,1,15,,39736,1,,,1,15,,39676,1,,,1,55,,39646,1,,,1,15,,39659,1,,,1,15,,39720,1,,,1,15,,39737,1,,,1,55,,39677,1,,,1,15,,39647,1,,,1,15,,39660,1,,,1,15,,39721,1,,,1,55,,39738,1,,,1
18002300,'20260914-Weekday-6-26-09',500,,39746,1,,,1,10,,39770,1,,,1,10,,39758,1,,,1,10,,39782,1,,,1,10,,39823,1,,,1,10,,39793,1,,,1,7,,39810,1,,,1,45,,39840,1,,,1,5,,39747,1,,,1,5,,39852,1,,,1,5,,39771,1,,,1,5,,39860,1,,,1,5,,39759,1,,,1,5,,39884,1,,,1,5,,39783,1,,,1,5,,39868,1,,,1,5,,39824,1,,,1,5,,39901,1,,,1,5,,39794,1,,,1,45,,39811,1,,,1,5,,39841,1,,,1,5,,39748,1,,,1,5,,39853,1,,,1,5,,39772,1,,,1,5,,39861,1,,,1,5,,39760,1,,,1,5,,39885,1,,,1,5,,39784,1,,,1,5,,39869,1,,,1,5,,39825,1,,,1,5,,39902,1,,,1,45,,39795,1,,,1,5,,39812,1,,,1,5,,39842,1,,,1,5,,39749,1,,,1,5,,39854,1,,,1,5,,39773,1,,,1,5,,39862,1,,,1,5,,39761,1,,,1,5,,39886,1,,,1,5,,39785,1,,,1,5,,39870,1,,,1,5,,39826,1,,,1,45,,39903,1,,,1,5,,39796,1,,,1,5,,39813,1,,,1,5,,39843,1,,,1,5,,39750,1,,,1,5,,39855,1,,,1,5,,39774,1,,,1,5,,39863,1,,,1,5,,39762,1,,,1,5,,39887,1,,,1,5,,39786,1,,,1,5,,39871,1,,,1,48,,39827,1,,,1,10,,39797,1,,,1,10,,39844,1,,,1,10,,39751,1,,,1,10,,39775,1,,,1,10,,39888,1,,,1,50,,39872,1,,,1,10,,39828,1,,,1,10,,39798,1,,,1,10,,39845,1,,,1,10,,39752,1,,,1,10,,39776,1,,,1,50,,39889,1,,,1,10,,39873,1,,,1,10,,39829,1,,,1,10,,39799,1,,,1,10,,39846,1,,,1,10,,39753,1,,,1,50,,39777,1,,,1,10,,39890,1,,,1,10,,39874,1,,,1,10,,39830,1,,,1,10,,39800,1,,,1,10,,39847,1,,,1,50,,39754,1,,,1,10,,39778,1,,,1,10,,39891,1,,,1,7,,39864,1,,,1,5,,39763,1,,,1,5,,39831,1,,,1,5,,39904,1,,,1,5,,39801,1,,,1,5,,39814,1,,,1,45,,39848,1,,,1,5,,39875,1,,,1,5,,39856,1,,,1,5,,39755,1,,,1,5,,39787,1,,,1,5,,39779,1,,,1,5,,39892,1,,,1,5,,39865,1,,,1,5,,39764,1,,,1,5,,39832,1,,,1,5,,39905,1,,,1,5,,39802,1,,,1,45,,39815,1,,,1,5,,39849,1,,,1,5,,39876,1,,,1,5,,39857,1,,,1,5,,39756,1,,,1,5,,39788,1,,,1,5,,39780,1,,,1,5,,39893,1,,,1,5,,39866,1,,,1,5,,39765,1,,,1,5,,39833,1,,,1,5,,39906,1,,,1,45,,39803,1,,,1,5,,39816,1,,,1,5,,39850,1,,,1,5,,39877,1,,,1,5,,39858,1,,,1,5,,39757,1,,,1,5,,39789,1,,,1,5,,39781,1,,,1,5,,39894,1,,,1,5,,39867,1,,,1,5,,39766,1,,,1,5,,39834,1,,,1,45,,39907,1,,,1,5,,39804,1,,,1,5,,39817,1,,,1,5,,39851,1,,,1,5,,39878,1,,,1,5,,39859,1,,,1,13,,39790,1,,,1,10,,39895,1,,,1,50,,39767,1,,,1,10,,39835,1,,,1,10,,39805,1,,,1,10,,39818,1,,,1,10,,39879,1,,,1,10,,39791,1,,,1,50,,39896,1,,,1,10,,39768,1,,,1,10,,39836,1,,,1,10,,39806,1,,,1,10,,39819,1,,,1,10,,39880,1,,,1,50,,39792,1,,,1,10,,39897,1,,,1,10,,39769,1,,,1,10,,39837,1,,,1,15,,39807,1,,,1,55,,39820,1,,,1,15,,39881,1,,,1,15,,39898,1,,,1,15,,39838,1,,,1,55,,39808,1,,,1,15,,39821,1,,,1,15,,39882,1,,,1,15,,39899,1,,,1,55,,39839,1,,,1,15,,39809,1,,,1,15,,39822,1,,,1,15,,39883,1,,,1,55,,39900,1,,,1
18002300,'20260914-Weekday-7-26-09',500,,39908,1,,,1,10,,39932,1,,,1,10,,39920,1,,,1,10,,39944,1,,,1,10,,39985,1,,,1,10,,39955,1,,,1,7,,39972,1,,,1,45,,40002,1,,,1,5,,39909,1,,,1,5,,40014,1,,,1,5,,39933,1,,,1,5,,40022,1,,,1,5,,39921,1,,,1,5,,40046,1,,,1,5,,39945,1,,,1,5,,40030,1,,,1,5,,39986,1,,,1,5,,40063,1,,,1,5,,39956,1,,,1,45,,39973,1,,,1,5,,40003,1,,,1,5,,39910,1,,,1,5,,40015,1,,,1,5,,39934,1,,,1,5,,40023,1,,,1,5,,39922,1,,,1,5,,40047,1,,,1,5,,39946,1,,,1,5,,40031,1,,,1,5,,39987,1,,,1,5,,40064,1,,,1,45,,39957,1,,,1,5,,39974,1,,,1,5,,40004,1,,,1,5,,39911,1,,,1,5,,40016,1,,,1,5,,39935,1,,,1,5,,40024,1,,,1,5,,39923,1,,,1,5,,40048,1,,,1,5,,39947,1,,,1,5,,40032,1,,,1,5,,39988,1,,,1,45,,40065,1,,,1,5,,39958,1,,,1,5,,39975,1,,,1,5,,40005,1,,,1,5,,39912,1,,,1,5,,40017,1,,,1,5,,39936,1,,,1,5,,40025,1,,,1,5,,39924,1,,,1,5,,40049,1,,,1,5,,39948,1,,,1,5,,40033,1,,,1,48,,39989,1,,,1,10,,39959,1,,,1,10,,40006,1,,,1,10,,39913,1,,,1,10,,39937,1,,,1,10,,40050,1,,,1,50,,40034,1,,,1,10,,39990,1,,,1,10,,39960,1,,,1,10,,40007,1,,,1,10,,39914,1,,,1,10,,39938,1,,,1,50,,40051,1,,,1,10,,40035,1,,,1,10,,39991,1,,,1,10,,39961,1,,,1,10,,40008,1,,,1,10,,39915,1,,,1,50,,39939,1,,,1,10,,40052,1,,,1,10,,40036,1,,,1,10,,39992,1,,,1,10,,39962,1,,,1,10,,40009,1,,,1,50,,39916,1,,,1,10,,39940,1,,,1,10,,40053,1,,,1,7,,40026,1,,,1,5,,39925,1,,,1,5,,39993,1,,,1,5,,40066,1,,,1,5,,39963,1,,,1,5,,39976,1,,,1,45,,40010,1,,,1,5,,40037,1,,,1,5,,40018,1,,,1,5,,39917,1,,,1,5,,39949,1,,,1,5,,39941,1,,,1,5,,40054,1,,,1,5,,40027,1,,,1,5,,39926,1,,,1,5,,39994,1,,,1,5,,40067,1,,,1,5,,39964,1,,,1,45,,39977,1,,,1,5,,40011,1,,,1,5,,40038,1,,,1,5,,40019,1,,,1,5,,39918,1,,,1,5,,39950,1,,,1,5,,39942,1,,,1,5,,40055,1,,,1,5,,40028,1,,,1,5,,39927,1,,,1,5,,39995,1,,,1,5,,40068,1,,,1,45,,39965,1,,,1,5,,39978,1,,,1,5,,40012,1,,,1,5,,40039,1,,,1,5,,40020,1,,,1,5,,39919,1,,,1,5,,39951,1,,,1,5,,39943,1,,,1,5,,40056,1,,,1,5,,40029,1,,,1,5,,39928,1,,,1,5,,39996,1,,,1,45,,40069,1,,,1,5,,39966,1,,,1,5,,39979,1,,,1,5,,40013,1,,,1,5,,40040,1,,,1,5,,40021,1,,,1,13,,39952,1,,,1,10,,40057,1,,,1,50,,39929,1,,,1,10,,39997,1,,,1,10,,39967,1,,,1,10,,39980,1,,,1,10,,40041,1,,,1,10,,39953,1,,,1,50,,40058,1,,,1,10,,39930,1,,,1,10,,39998,1,,,1,10,,39968,1,,,1,10,,39981,1,,,1,10,,40042,1,,,1,50,,39954,1,,,1,10,,40059,1,,,1,10,,39931,1,,,1,10,,39999,1,,,1,15,,39969,1,,,1,55,,39982,1,,,1,15,,40043,1,,,1,15,,40060,1,,,1,15,,40000,1,,,1,55,,39970,1,,,1,15,,39983,1,,,1,15,,40044,1,,,1,15,,40061,1,,,1,55,,40001,1,,,1,15,,39971,1,,,1,15,,39984,1,,,1,15,,40045,1,,,1,55,,40062,1,,,1
18002300,'20260917-Holiday1-1-26-09',500,,40070,1,,,1,10,,40097,1,,,1,10,,40082,1,,,1,10,,40109,1,,,1,10,,40153,1,,,1,10,,40123,1,,,1,7,,40140,1,,,1,45,,40171,1,,,1,5,,40071,1,,,1,5,,40183,1,,,1,5,,40098,1,,,1,5,,40191,1,,,1,5,,40083,1,,,1,5,,40215,1,,,1,5,,40110,1,,,1,5,,40199,1,,,1,5,,40154,1,,,1,5,,40232,1,,,1,5,,40124,1,,,1,45,,40141,1,,,1,5,,40172,1,,,1,5,,40072,1,,,1,5,,40184,1,,,1,5,,40099,1,,,1,5,,40192,1,,,1,5,,40084,1,,,1,5,,40216,1,,,1,5,,40111,1,,,1,5,,40200,1,,,1,5,,40155,1,,,1,5,,40233,1,,,1,45,,40125,1,,,1,5,,40142,1,,,1,5,,40173,1,,,1,5,,40073,1,,,1,5,,40185,1,,,1,5,,40100,1,,,1,5,,40193,1,,,1,5,,40085,1,,,1,5,,40217,1,,,1,5,,40112,1,,,1,5,,40201,1,,,1,5,,40156,1,,,1,45,,40234,1,,,1,5,,40126,1,,,1,5,,40143,1,,,1,5,,40174,1,,,1,5,,40074,1,,,1,5,,40186,1,,,1,5,,40101,1,,,1,5,,40194,1,,,1,5,,40086,1,,,1,5,,40218,1,,,1,5,,40113,1,,,1,5,,40202,1,,,1,48,,40157,1,,,1,10,,40127,1,,,1,10,,40175,1,,,1,10,,40075,1,,,1,10,,40102,1,,,1,10,,40219,1,,,1,50,,40203,1,,,1,10,,40158,1,,,1,10,,40128,1,,,1,10,,40176,1,,,1,10,,40076,1,,,1,10,,40103,1,,,1,50,,40220,1,,,1,10,,40204,1,,,1,10,,40159,1,,,1,10,,40129,1,,,1,10,,40177,1,,,1,10,,40077,1,,,1,50,,40104,1,,,1,10,,40221,1,,,1,10,,40205,1,,,1,10,,40160,1,,,1,10,,40130,1,,,1,10,,40178,1,,,1,50,,40078,1,,,1,10,,40105,1,,,1,10,,40222,1,,,1,7,,40195,1,,,1,5,,40087,1,,,1,5,,40161,1,,,1,5,,40235,1,,,1,5,,40131,1,,,1,5,,40144,1,,,1,45,,40179,1,,,1,5,,40206,1,,,1,5,,40187,1,,,1,5,,40079,1,,,1,5,,40114,1,,,1,5,,40106,1,,,1,5,,40223,1,,,1,5,,40196,1,,,1,5,,40088,1,,,1,5,,40162,1,,,1,5,,40236,1,,,1,5,,40132,1,,,1,45,,40145,1,,,1,5,,40180,1,,,1,5,,40207,1,,,1,5,,40188,1,,,1,5,,40080,1,,,1,5,,40115,1,,,1,5,,40107,1,,,1,5,,40224,1,,,1,5,,40197,1,,,1,5,,40089,1,,,1,5,,40163,1,,,1,5,,40237,1,,,1,45,,40133,1,,,1,5,,40146,1,,,1,5,,40181,1,,,1,5,,40208,1,,,1,5,,40189,1,,,1,5,,40081,1,,,1,5,,40116,1,,,1,5,,40108,1,,,1,5,,40225,1,,,1,5,,40198,1,,,1,5,,40090,1,,,1,5,,40164,1,,,1,45,,40238,1,,,1,5,,40134,1,,,1,5,,40147,1,,,1,5,,40182,1,,,1,5,,40209,1,,,1,5,,40190,1,,,1,13,,40117,1,,,1,10,,40226,1,,,1,50,,40091,1,,,1,10,,40165,1,,,1,10,,40135,1,,,1,10,,40148,1,,,1,10,,40210,1,,,1,10,,40118,1,,,1,50,,40227,1,,,1,10,,40092,1,,,1,10,,40166,1,,,1,10,,40136,1,,,1,10,,40149,1,,,1,10,,40211,1,,,1,50,,40119,1,,,1,10,,40228,1,,,1,10,,40093,1,,,1,10,,40167,1,,,1,10,,40137,1,,,1,10,,40150,1,,,1,50,,40212,1,,,1,10,,40120,1,,,1,10,,40229,1,,,1,10,,40094,1,,,1,10,,40168,1,,,1,10,,40138,1,,,1,50,,40151,1,,,1,10,,40213,1,,,1,10,,40121,1,,,1,10,,40230,1,,,1,10,,40095,1,,,1,10,,40169,1,,,1,50,,40139,1,,,1,10,,40152,1,,,1,10,,40214,1,,,1,10,,40122,1,,,1,10,,40231,1,,,1,10,,40096,1,,,1,50,,40170,1,,,1
18002300,'20260919-Saturday-1-26-09',510,,40239,1,,,1,10,,40256,1,,,1,10,,40273,1,,,1,10,,40285,1,,,1,10,,40302,1,,,1,50,,40319,1,,,1,10,,40335,1,,,1,10,,40240,1,,,1,10,,40257,1,,,1,10,,40274,1,,,1,10,,40286,1,,,1,50,,40303,1,,,1,10,,40320,1,,,1,10,,40336,1,,,1,10,,40241,1,,,1,10,,40258,1,,,1,10,,40275,1,,,1,50,,40287,1,,,1,10,,40304,1,,,1,10,,40321,1,,,1,10,,40337,1,,,1,10,,40242,1,,,1,10,,40259,1,,,1,50,,40276,1,,,1,10,,40288,1,,,1,10,,40305,1,,,1,10,,40322,1,,,1,10,,40338,1,,,1,10,,40243,1,,,1,50,,40260,1,,,1,10,,40277,1,,,1,10,,40289,1,,,1,10,,40306,1,,,1,10,,40323,1,,,1,10,,40339,1,,,1,50,,40244,1,,,1,10,,40261,1,,,1,10,,40278,1,,,1,10,,40290,1,,,1,10,,40307,1,,,1,10,,40324,1,,,1,50,,40340,1,,,1,10,,40245,1,,,1,10,,40262,1,,,1,10,,40279,1,,,1,10,,40291,1,,,1,10,,40308,1,,,1,50,,40325,1,,,1,10,,40341,1,,,1,10,,40246,1,,,1,10,,40263,1,,,1,10,,40280,1,,,1,10,,40292,1,,,1,50,,40309,1,,,1,10,,40326,1,,,1,10,,40342,1,,,1,10,,40247,1,,,1,10,,40264,1,,,1,10,,40281,1,,,1,50,,40293,1,,,1,10,,40310,1,,,1,10,,40327,1,,,1,10,,40343,1,,,1,10,,40248,1,,,1,10,,40265,1,,,1,50,,40282,1,,,1,10,,40294,1,,,1,10,,40311,1,,,1,10,,40328,1,,,1,10,,40344,1,,,1,10,,40249,1,,,1,50,,40266,1,,,1,10,,40283,1,,,1,10,,40295,1,,,1,10,,40312,1,,,1,10,,40329,1,,,1,10,,40345,1,,,1,50,,40250,1,,,1,10,,40267,1,,,1,10,,40284,1,,,1,10,,40296,1,,,1,15,,40313,1,,,1,55,,40330,1,,,1,15,,40251,1,,,1,15,,40268,1,,,1,15,,40297,1,,,1,55,,40314,1,,,1,15,,40331,1,,,1,15,,40252,1,,,1,15,,40269,1,,,1,55,,40298,1,,,1,15,,40315,1,,,1,15,,40332,1,,,1,15,,40253,1,,,1,55,,40270,1,,,1,15,,40299,1,,,1,15,,40316,1,,,1,15,,40333,1,,,1,55,,40254,1,,,1,15,,40271,1,,,1,15,,40300,1,,,1,15,,40317,1,,,1,55,,40334,1,,,1,15,,40255,1,,,1,15,,40272,1,,,1,15,,40301,1,,,1,55,,40318,1,,,1
