18002201,'022R-Weekday-1-26-09',600,,37606,2,,,1,12,,37607,2,,,1,12,,37608,2,,,1,12,,37609,2,,,1,12,,37610,2,,,1,52,,37611,2,,,1,12,,37612,2,,,1,12,,37613,2,,,1,12,,37614,2,,,1,12,,37615,2,,,1,52,,37616,2,,,1,12,,37617,2,,,1,12,,37618,2,,,1,12,,37619,2,,,1,12,,37620,2,,,1,52,,37621,2,,,1,12,,37622,2,,,1,18,,37623,2,,,1,20,,37624,2,,,1,55,,37625,2,,,1,15,,37626,2,,,1,15,,37627,2,,,1,15,,37628,2,,,1,55,,37629,2,,,1,15,,37630,2,,,1,15,,37631,2,,,1,15,,37632,2,,,1,55,,37633,2,,,1,15,,37634,2,,,1,15,,37635,2,,,1,15,,37636,2,,,1,55,,37637,2,,,1,15,,37638,2,,,1,15,,37639,2,,,1,13,,37640,2,,,1,52,,37641,2,,,1,12,,37642,2,,,1,12,,37643,2,,,1,12,,37644,2,,,1,12,,37645,2,,,1,52,,37646,2,,,1,12,,37647,2,,,1,12,,37648,2,,,1,12,,37649,2,,,1,12,,37650,2,,,1,52,,37651,2,,,1,12,,37652,2,,,1,12,,37653,2,,,1,12,,37654,2,,,1,12,,37655,2,,,1,52,,37656,2,,,1,12,,37657,2,,,1,12,,37658,2,,,1,12,,37659,2,,,1,12,,37660,2,,,1,52,,37661,2,,,1,12,,37662,2,,,1,17,,37663,2,,,1,15,,37664,2,,,1,15,,37665,2,,,1,55,,37666,2,,,1,15,,37667,2,,,1,15,,37668,2,,,1,15,,37669,2,,,1,55,,37670,2,,,1,15,,37671,2,,,1,15,,37672,2,,,1,15,,37673,2,,,1,55,,37674,2,,,1,15,,37675,2,,,1,15,,37676,2,,,1,15,,37677,2,,,1,55,,37678,2,,,1,15,,37679,2,,,1,15,,37680,2,,,1,15,,37681,2,,,1,55,,37605,2,,,1,15,,37604,2,,,1,15,,37603,2,,,1,15,,37602,2,,,1,55,,37601,2,,,1,15,,37600,2,,,1,15,,37599,2,,,1,15,,37598,2,,,1
18002201,'022R-Weekday-3-26-09',600,,37774,2,,,1,12,,37775,2,,,1,12,,37776,2,,,1,12,,37777,2,,,1,12,,37778,2,,,1,52,,37779,2,,,1,12,,37780,2,,,1,12,,37781,2,,,1,12,,37782,2,,,1,12,,37783,2,,,1,52,,37784,2,,,1,12,,37785,2,,,1,12,,37786,2,,,1,12,,37787,2,,,1,12,,37788,2,,,1,52,,37789,2,,,1,12,,37790,2,,,1,18,,37791,2,,,1,20,,37792,2,,,1,55,,37793,2,,,1,15,,37794,2,,,1,15,,37795,2,,,1,15,,37796,2,,,1,55,,37797,2,,,1,15,,37798,2,,,1,15,,37799,2,,,1,15,,37800,2,,,1,55,,37801,2,,,1,15,,37802,2,,,1,15,,37803,2,,,1,15,,37804,2,,,1,55,,37805,2,,,1,15,,37806,2,,,1,15,,37807,2,,,1,13,,37808,2,,,1,52,,37809,2,,,1,12,,37810,2,,,1,12,,37811,2,,,1,12,,37812,2,,,1,12,,37813,2,,,1,52,,37814,2,,,1,12,,37815,2,,,1,12,,37816,2,,,1,12,,37817,2,,,1,12,,37818,2,,,1,52,,37819,2,,,1,12,,37820,2,,,1,12,,37821,2,,,1,12,,37822,2,,,1,12,,37823,2,,,1,52,,37824,2,,,1,12,,37825,2,,,1,12,,37826,2,,,1,12,,37827,2,,,1,12,,37828,2,,,1,52,,37829,2,,,1,12,,37830,2,,,1,17,,37831,2,,,1,15,,37832,2,,,1,15,,37833,2,,,1,55,,37834,2,,,1,15,,37835,2,,,1,15,,37836,2,,,1,15,,37837,2,,,1,55,,37838,2,,,1,15,,37839,2,,,1,15,,37840,2,,,1,15,,37841,2,,,1,55,,37842,2,,,1,15,,37843,2,,,1,15,,37844,2,,,1,15,,37845,2,,,1,55,,37846,2,,,1,15,,37847,2,,,1,15,,37848,2,,,1,15,,37849,2,,,1,55,,37773,2,,,1,15,,37772,2,,,1,15,,37771,2,,,1,15,,37770,2,,,1,55,,37769,2,,,1,15,,37768,2,,,1,15,,37767,2,,,1,15,,37766,2,,,1
18002201,'022R-Weekday-4-26-09',600,,37858,2,,,1,12,,37859,2,,,1,12,,37860,2,,,1,12,,37861,2,,,1,12,,37862,2,,,1,52,,37863,2,,,1,12,,37864,2,,,1,12,,37865,2,,,1,12,,37866,2,,,1,12,,37867,2,,,1,52,,37868,2,,,1,12,,37869,2,,,1,12,,37870,2,,,1,12,,37871,2,,,1,12,,37872,2,,,1,52,,37873,2,,,1,12,,37874,2,,,1,18,,37875,2,,,1,20,,37876,2,,,1,55,,37877,2,,,1,15,,37878,2,,,1,15,,37879,2,,,1,15,,37880,2,,,1,55,,37881,2,,,1,15,,37882,2,,,1,15,,37883,2,,,1,15,,37884,2,,,1,55,,37885,2,,,1,15,,37886,2,,,1,15,,37887,2,,,1,15,,37888,2,,,1,55,,37889,2,,,1,15,,37890,2,,,1,15,,37891,2,,,1,13,,37892,2,,,1,52,,37893,2,,,1,12,,37894,2,,,1,12,,37895,2,,,1,12,,37896,2,,,1,12,,37897,2,,,1,52,,37898,2,,,1,12,,37899,2,,,1,12,,37900,2,,,1,12,,37901,2,,,1,12,,37902,2,,,1,52,,37903,2,,,1,12,,37904,2,,,1,12,,37905,2,,,1,12,,37906,2,,,1,12,,37907,2,,,1,52,,37908,2,,,1,12,,37909,2,,,1,12,,37910,2,,,1,12,,37911,2,,,1,12,,37912,2,,,1,52,,37913,2,,,1,12,,37914,2,,,1,17,,37915,2,,,1,15,,37916,2,,,1,15,,37917,2,,,1,55,,37918,2,,,1,15,,37919,2,,,1,15,,37920,2,,,1,15,,37921,2,,,1,55,,37922,2,,,1,15,,37923,2,,,1,15,,37924,2,,,1,15,,37925,2,,,1,55,,37926,2,,,1,15,,37927,2,,,1,15,,37928,2,,,1,15,,37929,2,,,1,55,,37930,2,,,1,15,,37931,2,,,1,15,,37932,2,,,1,15,,37933,2,,,1,55,,37857,2,,,1,15,,37856,2,,,1,15,,37855,2,,,1,15,,37854,2,,,1,55,,37853,2,,,1,15,,37852,2,,,1,15,,37851,2,,,1,15,,37850,2,,,1
18002201,'022R-Weekday-5-26-09',600,,37942,2,,,1,12,,37943,2,,,1,12,,37944,2,,,1,12,,37945,2,,,1,12,,37946,2,,,1,52,,37947,2,,,1,12,,37948,2,,,1,12,,37949,2,,,1,12,,37950,2,,,1,12,,37951,2,,,1,52,,37952,2,,,1,12,,37953,2,,,1,12,,37954,2,,,1,12,,37955,2,,,1,12,,37956,2,,,1,52,,37957,2,,,1,12,,37958,2,,,1,18,,37959,2,,,1,20,,37960,2,,,1,55,,37961,2,,,1,15,,37962,2,,,1,15,,37963,2,,,1,15,,37964,2,,,1,55,,37965,2,,,1,15,,37966,2,,,1,15,,37967,2,,,1,15,,37968,2,,,1,55,,37969,2,,,1,15,,37970,2,,,1,15,,37971,2,,,1,15,,37972,2,,,1,55,,37973,2,,,1,15,,37974,2,,,1,15,,37975,2,,,1,13,,37976,2,,,1,52,,37977,2,,,1,12,,37978,2,,,1,12,,37979,2,,,1,12,,37980,2,,,1,12,,37981,2,,,1,52,,37982,2,,,1,12,,37983,2,,,1,12,,37984,2,,,1,12,,37985,2,,,1,12,,37986,2,,,1,52,,37987,2,,,1,12,,37988,2,,,1,12,,37989,2,,,1,12,,37990,2,,,1,12,,37991,2,,,1,52,,37992,2,,,1,12,,37993,2,,,1,12,,37994,2,,,1,12,,37995,2,,,1,12,,37996,2,,,1,52,,37997,2,,,1,12,,37998,2,,,1,17,,37999,2,,,1,15,,38000,2,,,1,15,,38001,2,,,1,55,,38002,2,,,1,15,,38003,2,,,1,15,,38004,2,,,1,15,,38005,2,,,1,55,,38006,2,,,1,15,,38007,2,,,1,15,,38008,2,,,1,15,,38009,2,,,1,55,,38010,2,,,1,15,,38011,2,,,1,15,,38012,2,,,1,15,,38013,2,,,1,55,,38014,2,,,1,15,,38015,2,,,1,15,,38016,2,,,1,15,,38017,2,,,1,55,,37941,2,,,1,15,,37940,2,,,1,15,,37939,2,,,1,15,,37938,2,,,1,55,,37937,2,,,1,15,,37936,2,,,1,15,,37935,2,,,1,15,,37934,2,,,1
18002201,'022R-Weekday-6-26-09',600,,38026,2,,,1,12,,38027,2,,,1,12,,38028,2,,,1,12,,38029,2,,,1,12,,38030,2,,,1,52,,38031,2,,,1,12,,38032,2,,,1,12,,38033,2,,,1,12,,38034,2,,,1,12,,38035,2,,,1,52,,38036,2,,,1,12,,38037,2,,,1,12,,38038,2,,,1,12,,38039,2,,,1,12,,38040,2,,,1,52,,38041,2,,,1,12,,38042,2,,,1,18,,38043,2,,,1,20,,38044,2,,,1,55,,38045,2,,,1,15,,38046,2,,,1,15,,38047,2,,,1,15,,38048,2,,,1,55,,38049,2,,,1,15,,38050,2,,,1,15,,38051,2,,,1,15,,38052,2,,,1,55,,38053,2,,,1,15,,38054,2,,,1,15,,38055,2,,,1,15,,38056,2,,,1,55,,38057,2,,,1,15,,38058,2,,,1,15,,38059,2,,,1,13,,38060,2,,,1,52,,38061,2,,,1,12,,38062,2,,,1,12,,38063,2,,,1,12,,38064,2,,,1,12,,38065,2,,,1,52,,38066,2,,,1,12,,38067,2,,,1,12,,38068,2,,,1,12,,38069,2,,,1,12,,38070,2,,,1,52,,38071,2,,,1,12,,38072,2,,,1,12,,38073,2,,,1,12,,38074,2,,,1,12,,38075,2,,,1,52,,38076,2,,,1,12,,38077,2,,,1,12,,38078,2,,,1,12,,38079,2,,,1,12,,38080,2,,,1,52,,38081,2,,,1,12,,38082,2,,,1,17,,38083,2,,,1,15,,38084,2,,,1,15,,38085,2,,,1,55,,38086,2,,,1,15,,38087,2,,,1,15,,38088,2,,,1,15,,38089,2,,,1,55,,38090,2,,,1,15,,38091,2,,,1,15,,38092,2,,,1,15,,38093,2,,,1,55,,38094,2,,,1,15,,38095,2,,,1,15,,38096,2,,,1,15,,38097,2,,,1,55,,38098,2,,,1,15,,38099,2,,,1,15,,38100,2,,,1,15,,38101,2,,,1,55,,38025,2,,,1,15,,38024,2,,,1,15,,38023,2,,,1,15,,38022,2,,,1,55,,38021,2,,,1,15,,38020,2,,,1,15,,38019,2,,,1,15,,38018,2,,,1
18002201,'022R-Weekday-7-26-09',600,,38110,2,,,1,12,,38111,2,,,1,12,,38112,2,,,1,12,,38113,2,,,1,12,,38114,2,,,1,52,,38115,2,,,1,12,,38116,2,,,1,12,,38117,2,,,1,12,,38118,2,,,1,12,,38119,2,,,1,52,,38120,2,,,1,12,,38121,2,,,1,12,,38122,2,,,1,12,,38123,2,,,1,12,,38124,2,,,1,52,,38125,2,,,1,12,,38126,2,,,1,18,,38127,2,,,1,20,,38128,2,,,1,55,,38129,2,,,1,15,,38130,2,,,1,15,,38131,2,,,1,15,,38132,2,,,1,55,,38133,2,,,1,15,,38134,2,,,1,15,,38135,2,,,1,15,,38136,2,,,1,55,,38137,2,,,1,15,,38138,2,,,1,15,,38139,2,,,1,15,,38140,2,,,1,55,,38141,2,,,1,15,,38142,2,,,1,15,,38143,2,,,1,13,,38144,2,,,1,52,,38145,2,,,1,12,,38146,2,,,1,12,,38147,2,,,1,12,,38148,2,,,1,12,,38149,2,,,1,52,,38150,2,,,1,12,,38151,2,,,1,12,,38152,2,,,1,12,,38153,2,,,1,12,,38154,2,,,1,52,,38155,2,,,1,12,,38156,2,,,1,12,,38157,2,,,1,12,,38158,2,,,1,12,,38159,2,,,1,52,,38160,2,,,1,12,,38161,2,,,1,12,,38162,2,,,1,12,,38163,2,,,1,12,,38164,2,,,1,52,,38165,2,,,1,12,,38166,2,,,1,17,,38167,2,,,1,15,,38168,2,,,1,15,,38169,2,,,1,55,,38170,2,,,1,15,,38171,2,,,1,15,,38172,2,,,1,15,,38173,2,,,1,55,,38174,2,,,1,15,,38175,2,,,1,15,,38176,2,,,1,15,,38177,2,,,1,55,,38178,2,,,1,15,,38179,2,,,1,15,,38180,2,,,1,15,,38181,2,,,1,55,,38182,2,,,1,15,,38183,2,,,1,15,,38184,2,,,1,15,,38185,2,,,1,55,,38109,2,,,1,15,,38108,2,,,1,15,,38107,2,,,1,15,,38106,2,,,1,55,,38105,2,,,1,15,,38104,2,,,1,15,,38103,2,,,1,15,,38102,2,,,1
18002201,'022R-Saturday-1-26-09',558,,38186,2,,,1,55,,38187,2,,,1,15,,38188,2,,,1,15,,38189,2,,,1,15,,38190,2,,,1,55,,38191,2,,,1,15,,38192,2,,,1,15,,38193,2,,,1,15,,38194,2,,,1,55,,38195,2,,,1,15,,38196,2,,,1,15,,38197,2,,,1,15,,38198,2,,,1,55,,38199,2,,,1,15,,38200,2,,,1,15,,38201,2,,,1,15,,38202,2,,,1,55,,38203,2,,,1,15,,38204,2,,,1,15,,38205,2,,,1,15,,38206,2,,,1,55,,38207,2,,,1,15,,38208,2,,,1,15,,38209,2,,,1,15,,38210,2,,,1,55,,38211,2,,,1,15,,38212,2,,,1,15,,38213,2,,,1,15,,38214,2,,,1,55,,38215,2,,,1,15,,38216,2,,,1,15,,38217,2,,,1,15,,38218,2,,,1,55,,38219,2,,,1,15,,38220,2,,,1,15,,38221,2,,,1,15,,38222,2,,,1,55,,38223,2,,,1,15,,38224,2,,,1,15,,38225,2,,,1,15,,38226,2,,,1,55,,38227,2,,,1,15,,38228,2,,,1,15,,38229,2,,,1,15,,38230,2,,,1,55,,38231,2,,,1,15,,38232,2,,,1,15,,38233,2,,,1,15,,38234,2,,,1,55,,38235,2,,,1,15,,38236,2,,,1,15,,38237,2,,,1,15,,38238,2,,,1,55,,38239,2,,,1,15,,38240,2,,,1,15,,38241,2,,,1,15,,38242,2,,,1,55,,38243,2,,,1,15,,38244,2,,,1,15,,38245,2,,,1,15,,38246,2,,,1,55,,38247,2,,,1,15,,38248,2,,,1,15,,38249,2,,,1,15,,38250,2,,,1,55,,38251,2,,,1,15,,38252,2,,,1,15,,38253,2,,,1,15,,38254,2,,,1,55,,38255,2,,,1,15,,38256,2,,,1,15,,38257,2,,,1,15,,38258,2,,,1,55,,38259,2,,,1,15,,38260,2,,,1,15,,38261,2,,,1,15,,38262,2,,,1
18002201,'022R-Saturday-4-26-09',606,,38453,2,0,9 11,1,15,,38454,2,0,9 11,1,15,,38455,2,0,9 11,1,15,,38456,2,0,9 11,1,55,,38457,2,0,9 11,1,15,,38458,2,0,9 11,1,15,,38459,2,0,9 11,1,15,,38460,2,0,9 11,1,55,,38461,2,0,9 11,1,15,,38462,2,0,9 11,1,15,,38463,2,0,9 11,1,15,,38464,2,0,9 11,1,55,,38465,2,0,9 11,1,15,,38466,2,0,9 11,1,15,,38467,2,0,9 11,1,15,,38468,2,0,9 11,1,55,,38469,2,0,9 11,1,15,,38470,2,0,9 11,1,15,,38471,2,0,9 11,1,15,,38472,2,0,9 11,1,55,,38473,2,0,9 11,1,15,,38474,2,0,9 11,1,15,,38475,2,0,9 11,1,15,,38476,2,0,9 11,1,55,,38477,2,0,9 11,1,15,,38478,2,0,9 11,1,15,,38479,2,0,9 11,1,15,,38480,2,0,9 11,1,55,,38481,2,0,9 11,1,15,,38482,2,0,9 11,1,15,,38483,2,0,9 11,1,15,,38484,2,0,9 11,1,55,,38485,2,0,9 11,1,15,,38486,2,0,9 11,1,15,,38487,2,0,9 11,1,15,,38488,2,0,9 11,1,55,,38489,2,0,9 11,1,15,,38490,2,0,9 11,1,15,,38491,2,0,9 11,1,15,,38492,2,0,9 11,1,50,,38495,2,,,1,15,,38494,2,,,1,15,,38493,2,,,1,12,,38419,2,,,1,15,,38420,2,,,1,55,,38421,2,,,1,15,,38422,2,,,1,15,,38423,2,,,1,15,,38424,2,,,1,55,,38425,2,,,1,15,,38426,2,,,1,15,,38427,2,,,1,15,,38428,2,,,1,55,,38429,2,,,1,15,,38430,2,,,1,15,,38431,2,,,1,15,,38432,2,,,1,55,,38433,2,,,1,15,,38434,2,,,1,15,,38435,2,,,1,15,,38436,2,,,1,55,,38437,2,,,1,15,,38438,2,,,1,15,,38439,2,,,1,15,,38440,2,,,1,55,,38441,2,,,1,15,,38442,2,,,1,15,,38443,2,,,1,15,,38444,2,,,1,55,,38445,2,,,1,15,,38446,2,,,1,15,,38447,2,,,1,15,,38448,2,,,1,55,,38449,2,,,1,15,,38450,2,,,1,15,,38451,2,,,1,15,,38452,2,,,1
18002201,'022R-Saturday-5-26-09',558,,42477,2,,,1,55,,42478,2,,,1,15,,42479,2,,,1,15,,42480,2,,,1,15,,42481,2,,,1,55,,42482,2,,,1,15,,42483,2,,,1,15,,42484,2,,,1,15,,42485,2,,,1,55,,42486,2,,,1,15,,42487,2,,,1,15,,42488,2,,,1,15,,42489,2,,,1,55,,42490,2,,,1,15,,42491,2,,,1,15,,42492,2,,,1,15,,42493,2,,,1,55,,42494,2,,,1,15,,42495,2,,,1,15,,42496,2,,,1,15,,42497,2,,,1,55,,42498,2,,,1,15,,42499,2,,,1,15,,42500,2,,,1,15,,42501,2,,,1,55,,42502,2,,,1,15,,42503,2,,,1,15,,42504,2,,,1,15,,42505,2,,,1,55,,42506,2,,,1,15,,42507,2,,,1,15,,42508,2,,,1,15,,42509,2,,,1,55,,42510,2,,,1,15,,42511,2,,,1,15,,42512,2,,,1,15,,42513,2,,,1,55,,42514,2,,,1,15,,42515,2,,,1,15,,42516,2,,,1,15,,42517,2,,,1,55,,42518,2,,,1,15,,42519,2,,,1,15,,42520,2,,,1,15,,42521,2,,,1,55,,42522,2,,,1,15,,42523,2,,,1,15,,42524,2,,,1,15,,42525,2,,,1,55,,42526,2,,,1,15,,42527,2,,,1,15,,42528,2,,,1,15,,42529,2,,,1,55,,42530,2,,,1,15,,42531,2,,,1,15,,42532,2,,,1,15,,42533,2,,,1,55,,42534,2,,,1,15,,42535,2,,,1,15,,42536,2,,,1,15,,42537,2,,,1,55,,42538,2,,,1,15,,42539,2,,,1,15,,42540,2,,,1,15,,42541,2,,,1,55,,42542,2,,,1,15,,42543,2,,,1,15,,42544,2,,,1,15,,42545,2,,,1,55,,42546,2,,,1,15,,42547,2,,,1,15,,42548,2,,,1,15,,42549,2,,,1,55,,42550,2,,,1,15,,42551,2,,,1,15,,42552,2,,,1,15,,42553,2,,,1
18002201,'022R-Sunday-1-26-09',613,,38496,2,,,1,15,,38497,2,,,1,15,,38498,2,,,1,15,,38499,2,,,1,55,,38500,2,,,1,15,,38501,2,,,1,15,,38502,2,,,1,15,,38503,2,,,1,55,,38504,2,,,1,15,,38505,2,,,1,15,,38506,2,,,1,15,,38507,2,,,1,55,,38508,2,,,1,15,,38509,2,,,1,15,,38510,2,,,1,15,,38511,2,,,1,55,,38512,2,,,1,15,,38513,2,,,1,15,,38514,2,,,1,15,,38515,2,,,1,55,,38516,2,,,1,15,,38517,2,,,1,15,,38518,2,,,1,15,,38519,2,,,1,55,,38520,2,,,1,15,,38521,2,,,1,15,,38522,2,,,1,15,,38523,2,,,1,55,,38524,2,,,1,15,,38525,2,,,1,15,,38526,2,,,1,15,,38527,2,,,1,55,,38528,2,,,1,15,,38529,2,,,1,15,,38530,2,,,1,15,,38531,2,,,1,55,,38532,2,,,1,15,,38533,2,,,1,15,,38534,2,,,1,15,,38535,2,,,1,55,,38536,2,,,1,15,,38537,2,,,1,15,,38538,2,,,1,15,,38539,2,,,1,55,,38540,2,,,1,15,,38541,2,,,1,15,,38542,2,,,1,15,,38543,2,,,1,55,,38544,2,,,1,15,,38545,2,,,1,15,,38546,2,,,1,15,,38547,2,,,1,55,,38548,2,,,1,15,,38549,2,,,1,15,,38550,2,,,1,15,,38551,2,,,1,55,,38552,2,,,1,15,,38553,2,,,1,15,,38554,2,,,1,15,,38555,2,,,1,55,,38556,2,,,1,15,,38557,2,,,1,15,,38558,2,,,1,15,,38559,2,,,1,55,,38560,2,,,1,15,,38561,2,,,1,15,,38562,2,,,1,15,,38563,2,,,1,55,,38564,2,,,1,15,,38565,2,,,1,15,,38566,2,,,1,15,,38567,2,,,1
18002201,'022R-Sunday-6-26-09',616,,38809,2,0,9 11,1,15,,38810,2,0,9 11,1,15,,38811,2,0,9 11,1,55,,38812,2,0,9 11,1,15,,38813,2,0,9 11,1,15,,38814,2,0,9 11,1,15,,38815,2,0,9 11,1,55,,38816,2,0,9 11,1,15,,38817,2,0,9 11,1,15,,38818,2,0,9 11,1,15,,38819,2,0,9 11,1,55,,38820,2,0,9 11,1,15,,38821,2,0,9 11,1,15,,38822,2,0,9 11,1,15,,38823,2,0,9 11,1,55,,38824,2,0,9 11,1,15,,38825,2,0,9 11,1,15,,38826,2,0,9 11,1,15,,38827,2,0,9 11,1,55,,38828,2,0,9 11,1,15,,38829,2,0,9 11,1,15,,38830,2,0,9 11,1,15,,38831,2,0,9 11,1,55,,38832,2,0,9 11,1,15,,38833,2,0,9 11,1,15,,38834,2,0,9 11,1,15,,38835,2,0,9 11,1,55,,38836,2,0,9 11,1,15,,38837,2,0,9 11,1,15,,38838,2,0,9 11,1,15,,38839,2,0,9 11,1,55,,38840,2,0,9 11,1,15,,38841,2,0,9 11,1,15,,38842,2,0,9 11,1,15,,38843,2,0,9 11,1,55,,38844,2,0,9 11,1,15,,38845,2,0,9 11,1,15,,38846,2,0,9 11,1,15,,38847,2,0,9 11,1,55,,38848,2,0,9 11,1,15,,38849,2,0,9 11,1,15,,38850,2,0,9 11,1,15,,38851,2,0,9 11,1,55,,38852,2,0,9 11,1,15,,38853,2,0,9 11,1,15,,38854,2,0,9 11,1,15,,38855,2,0,9 11,1,55,,38856,2,0,9 11,1,12,,38785,2,,,1,15,,38786,2,,,1,15,,38787,2,,,1,15,,38788,2,,,1,55,,38789,2,,,1,15,,38790,2,,,1,15,,38791,2,,,1,15,,38792,2,,,1,55,,38793,2,,,1,15,,38794,2,,,1,15,,38795,2,,,1,15,,38796,2,,,1,55,,38797,2,,,1,15,,38798,2,,,1,15,,38799,2,,,1,15,,38800,2,,,1,55,,38801,2,,,1,15,,38802,2,,,1,15,,38803,2,,,1,15,,38804,2,,,1,55,,38805,2,,,1,15,,38806,2,,,1,15,,38807,2,,,1,15,,38808,2,,,1
18002201,'022R-Sunday-7-26-09',613,,42554,2,,,1,15,,42555,2,,,1,15,,42556,2,,,1,15,,42557,2,,,1,55,,42558,2,,,1,15,,42559,2,,,1,15,,42560,2,,,1,15,,42561,2,,,1,55,,42562,2,,,1,15,,42563,2,,,1,15,,42564,2,,,1,15,,42565,2,,,1,55,,42566,2,,,1,15,,42567,2,,,1,15,,42568,2,,,1,15,,42569,2,,,1,55,,42570,2,,,1,15,,42571,2,,,1,15,,42572,2,,,1,15,,42573,2,,,1,55,,42574,2,,,1,15,,42575,2,,,1,15,,42576,2,,,1,15,,42577,2,,,1,55,,42578,2,,,1,15,,42579,2,,,1,15,,42580,2,,,1,15,,42581,2,,,1,55,,42582,2,,,1,15,,42583,2,,,1,15,,42584,2,,,1,15,,42585,2,,,1,55,,42586,2,,,1,15,,42587,2,,,1,15,,42588,2,,,1,15,,42589,2,,,1,55,,42590,2,,,1,15,,42591,2,,,1,15,,42592,2,,,1,15,,42593,2,,,1,55,,42594,2,,,1,15,,42595,2,,,1,15,,42596,2,,,1,15,,42597,2,,,1,55,,42598,2,,,1,15,,42599,2,,,1,15,,42600,2,,,1,15,,42601,2,,,1,55,,42602,2,,,1,15,,42603,2,,,1,15,,42604,2,,,1,15,,42605,2,,,1,55,,42606,2,,,1,15,,42607,2,,,1,15,,42608,2,,,1,15,,42609,2,,,1,55,,42610,2,,,1,15,,42611,2,,,1,15,,42612,2,,,1,15,,42613,2,,,1,55,,42614,2,,,1,15,,42615,2,,,1,15,,42616,2,,,1,15,,42617,2,,,1,55,,42618,2,,,1,15,,42619,2,,,1,15,,42620,2,,,1,15,,42621,2,,,1,55,,42622,2,,,1,15,,42623,2,,,1,15,,42624,2,,,1,15,,42625,2,,,1
