18002300,'20260913-Sunday-1-26-09',535,,38857,9,,,1,15,,38873,9,,,1,55,,38889,9,,,1,15,,38905,9,,,1,15,,38921,9,,,1,15,,38858,9,,,1,55,,38874,9,,,1,15,,38890,9,,,1,15,,38906,9,,,1,15,,38922,9,,,1,55,,38859,9,,,1,15,,38875,9,,,1,15,,38891,9,,,1,15,,38907,9,,,1,55,,38923,9,,,1,15,,38860,9,,,1,15,,38876,9,,,1,15,,38892,9,,,1,55,,38908,9,,,1,15,,38924,9,,,1,15,,38861,9,,,1,15,,38877,9,,,1,55,,38893,9,,,1,15,,38909,9,,,1,15,,38925,9,,,1,15,,38862,9,,,1,55,,38878,9,,,1,15,,38894,9,,,1,15,,38910,9,,,1,15,,38926,9,,,1,55,,38863,9,,,1,15,,38879,9,,,1,15,,38895,9,,,1,15,,38911,9,,,1,55,,38927,9,,,1,15,,38864,9,,,1,15,,38880,9,,,1,15,,38896,9,,,1,55,,38912,9,,,1,15,,38928,9,,,1,15,,38865,9,,,1,15,,38881,9,,,1,55,,38897,9,,,1,15,,38913,9,,,1,15,,38929,9,,,1,15,,38866,9,,,1,55,,38882,9,,,1,15,,38898,9,,,1,15,,38914,9,,,1,15,,38930,9,,,1,55,,38867,9,,,1,15,,38883,9,,,1,15,,38899,9,,,1,15,,38915,9,,,1,55,,38931,9,,,1,15,,38868,9,,,1,15,,38884,9,,,1,15,,38900,9,,,1,55,,38916,9,,,1,15,,38932,9,,,1,15,,38869,9,,,1,15,,38885,9,,,1,55,,38901,9,,,1,15,,38917,9,,,1,15,,38933,9,,,1,15,,38870,9,,,1,55,,38886,9,,,1,15,,38902,9,,,1,15,,38918,9,,,1,15,,38934,9,,,1,55,,38871,9,,,1,15,,38887,9,,,1,15,,38903,9,,,1,15,,38919,9,,,1,55,,38935,9,,,1,15,,38872,9,,,1,15,,38888,9,,,1,15,,38904,9,,,1,55,,38920,9,,,1
18002300,'20260914-Weekday-1-26-09',523,,38936,9,,,1,10,,38960,9,,,1,10,,38948,9,,,1,10,,38972,9,,,1,51,,39013,9,,,1,10,,38983,9,,,1,7,,39000,9,,,1,5,,39030,9,,,1,5,,38937,9,,,1,5,,39042,9,,,1,5,,38961,9,,,1,5,,39050,9,,,1,5,,38949,9,,,1,5,,39074,9,,,1,45,,38973,9,,,1,5,,39058,9,,,1,5,,39014,9,,,1,5,,39091,9,,,1,5,,38984,9,,,1,5,,39001,9,,,1,5,,39031,9,,,1,5,,38938,9,,,1,5,,39043,9,,,1,5,,38962,9,,,1,5,,39051,9,,,1,5,,38950,9,,,1,45,,39075,9,,,1,5,,38974,9,,,1,5,,39059,9,,,1,5,,39015,9,,,1,5,,39092,9,,,1,5,,38985,9,,,1,5,,39002,9,,,1,5,,39032,9,,,1,5,,38939,9,,,1,5,,39044,9,,,1,5,,38963,9,,,1,5,,39052,9,,,1,45,,38951,9,,,1,5,,39076,9,,,1,5,,38975,9,,,1,5,,39060,9,,,1,5,,39016,9,,,1,5,,39093,9,,,1,5,,38986,9,,,1,5,,39003,9,,,1,5,,39033,9,,,1,5,,38940,9,,,1,5,,39045,9,,,1,5,,38964,9,,,1,45,,39053,9,,,1,5,,38952,9,,,1,5,,39077,9,,,1,6,,38976,9,,,1,6,,39061,9,,,1,7,,39017,9,,,1,10,,38987,9,,,1,10,,39034,9,,,1,50,,38941,9,,,1,10,,38965,9,,,1,10,,39078,9,,,1,10,,39062,9,,,1,10,,39018,9,,,1,10,,38988,9,,,1,50,,39035,9,,,1,10,,38942,9,,,1,10,,38966,9,,,1,10,,39079,9,,,1,10,,39063,9,,,1,10,,39019,9,,,1,50,,38989,9,,,1,10,,39036,9,,,1,10,,38943,9,,,1,10,,38967,9,,,1,10,,39080,9,,,1,10,,39064,9,,,1,50,,39020,9,,,1,10,,38990,9,,,1,10,,39037,9,,,1,9,,38944,9,,,1,10,,38968,9,,,1,10,,39081,9,,,1,7,,39054,9,,,1,45,,38953,9,,,1,5,,39021,9,,,1,5,,39094,9,,,1,5,,38991,9,,,1,5,,39004,9,,,1,5,,39038,9,,,1,5,,39065,9,,,1,5,,39046,9,,,1,5,,38945,9,,,1,5,,38977,9,,,1,5,,38969,9,,,1,5,,39082,9,,,1,45,,39055,9,,,1,5,,38954,9,,,1,5,,39022,9,,,1,5,,39095,9,,,1,5,,38992,9,,,1,5,,39005,9,,,1,5,,39039,9,,,1,5,,39066,9,,,1,5,,39047,9,,,1,5,,38946,9,,,1,5,,38978,9,,,1,5,,38970,9,,,1,45,,39083,9,,,1,5,,39056,9,,,1,5,,38955,9,,,1,5,,39023,9,,,1,5,,39096,9,,,1,5,,38993,9,,,1,5,,39006,9,,,1,5,,39040,9,,,1,5,,39067,9,,,1,5,,39048,9,,,1,5,,38947,9,,,1,5,,38979,9,,,1,45,,38971,9,,,1,5,,39084,9,,,1,5,,39057,9,,,1,5,,38956,9,,,1,5,,39024,9,,,1,5,,39097,9,,,1,5,,38994,9,,,1,6,,39007,9,,,1,5,,39041,9,,,1,4,,39068,9,,,1,6,,39049,9,,,1,53,,38980,9,,,1,10,,39085,9,,,1,10,,38957,9,,,1,10,,39025,9,,,1,10,,38995,9,,,1,10,,39008,9,,,1,50,,39069,9,,,1,10,,38981,9,,,1,10,,39086,9,,,1,10,,38958,9,,,1,10,,39026,9,,,1,10,,38996,9,,,1,50,,39009,9,,,1,10,,39070,9,,,1,10,,38982,9,,,1,10,,39087,9,,,1,10,,38959,9,,,1,10,,39027,9,,,1,55,,38997,9,,,1,15,,39010,9,,,1,15,,39071,9,,,1,15,,39088,9,,,1,55,,39028,9,,,1,15,,38998,9,,,1,15,,39011,9,,,1,15,,39072,9,,,1,55,,39089,9,,,1,15,,39029,9,,,1,15,,38999,9,,,1,15,,39012,9,,,1,55,,39073,9,,,1,15,,39090,9,,,1
18002300,'20260914-Weekday-2-26-09',523,,39098,9,,,1,10,,39122,9,,,1,10,,39110,9,,,1,10,,39134,9,,,1,51,,39175,9,,,1,10,,39145,9,,,1,7,,39162,9,,,1,5,,39192,9,,,1,5,,39099,9,,,1,5,,39204,9,,,1,5,,39123,9,,,1,5,,39212,9,,,1,5,,39111,9,,,1,5,,39236,9,,,1,45,,39135,9,,,1,5,,39220,9,,,1,5,,39176,9,,,1,5,,39253,9,,,1,5,,39146,9,,,1,5,,39163,9,,,1,5,,39193,9,,,1,5,,39100,9,,,1,5,,39205,9,,,1,5,,39124,9,,,1,5,,39213,9,,,1,5,,39112,9,,,1,45,,39237,9,,,1,5,,39136,9,,,1,5,,39221,9,,,1,5,,39177,9,,,1,5,,39254,9,,,1,5,,39147,9,,,1,5,,39164,9,,,1,5,,39194,9,,,1,5,,39101,9,,,1,5,,39206,9,,,1,5,,39125,9,,,1,5,,39214,9,,,1,45,,39113,9,,,1,5,,39238,9,,,1,5,,39137,9,,,1,5,,39222,9,,,1,5,,39178,9,,,1,5,,39255,9,,,1,5,,39148,9,,,1,5,,39165,9,,,1,5,,39195,9,,,1,5,,39102,9,,,1,5,,39207,9,,,1,5,,39126,9,,,1,45,,39215,9,,,1,5,,39114,9,,,1,5,,39239,9,,,1,6,,39138,9,,,1,6,,39223,9,,,1,7,,39179,9,,,1,10,,39149,9,,,1,10,,39196,9,,,1,50,,39103,9,,,1,10,,39127,9,,,1,10,,39240,9,,,1,10,,39224,9,,,1,10,,39180,9,,,1,10,,39150,9,,,1,50,,39197,9,,,1,10,,39104,9,,,1,10,,39128,9,,,1,10,,39241,9,,,1,10,,39225,9,,,1,10,,39181,9,,,1,50,,39151,9,,,1,10,,39198,9,,,1,10,,39105,9,,,1,10,,39129,9,,,1,10,,39242,9,,,1,10,,39226,9,,,1,50,,39182,9,,,1,10,,39152,9,,,1,10,,39199,9,,,1,9,,39106,9,,,1,10,,39130,9,,,1,10,,39243,9,,,1,7,,39216,9,,,1,45,,39115,9,,,1,5,,39183,9,,,1,5,,39256,9,,,1,5,,39153,9,,,1,5,,39166,9,,,1,5,,39200,9,,,1,5,,39227,9,,,1,5,,39208,9,,,1,5,,39107,9,,,1,5,,39139,9,,,1,5,,39131,9,,,1,5,,39244,9,,,1,45,,39217,9,,,1,5,,39116,9,,,1,5,,39184,9,,,1,5,,39257,9,,,1,5,,39154,9,,,1,5,,39167,9,,,1,5,,39201,9,,,1,5,,39228,9,,,1,5,,39209,9,,,1,5,,39108,9,,,1,5,,39140,9,,,1,5,,39132,9,,,1,45,,39245,9,,,1,5,,39218,9,,,1,5,,39117,9,,,1,5,,39185,9,,,1,5,,39258,9,,,1,5,,39155,9,,,1,5,,39168,9,,,1,5,,39202,9,,,1,5,,39229,9,,,1,5,,39210,9,,,1,5,,39109,9,,,1,5,,39141,9,,,1,45,,39133,9,,,1,5,,39246,9,,,1,5,,39219,9,,,1,5,,39118,9,,,1,5,,39186,9,,,1,5,,39259,9,,,1,5,,39156,9,,,1,6,,39169,9,,,1,5,,39203,9,,,1,4,,39230,9,,,1,6,,39211,9,,,1,53,,39142,9,,,1,10,,39247,9,,,1,10,,39119,9,,,1,10,,39187,9,,,1,10,,39157,9,,,1,10,,39170,9,,,1,50,,39231,9,,,1,10,,39143,9,,,1,10,,39248,9,,,1,10,,39120,9,,,1,10,,39188,9,,,1,10,,39158,9,,,1,50,,39171,9,,,1,10,,39232,9,,,1,10,,39144,9,,,1,10,,39249,9,,,1,10,,39121,9,,,1,10,,39189,9,,,1,55,,39159,9,,,1,15,,39172,9,,,1,15,,39233,9,,,1,15,,39250,9,,,1,55,,39190,9,,,1,15,,39160,9,,,1,15,,39173,9,,,1,15,,39234,9,,,1,55,,39251,9,,,1,15,,39191,9,,,1,15,,39161,9,,,1,15,,39174,9,,,1,55,,39235,9,,,1,15,,39252,9,,,1
18002300,'20260914-Weekday-3-26-09',523,,39260,9,,,1,10,,39284,9,,,1,10,,39272,9,,,1,10,,39296,9,,,1,51,,39337,9,,,1,10,,39307,9,,,1,7,,39324,9,,,1,5,,39354,9,,,1,5,,39261,9,,,1,5,,39366,9,,,1,5,,39285,9,,,1,5,,39374,9,,,1,5,,39273,9,,,1,5,,39398,9,,,1,45,,39297,9,,,1,5,,39382,9,,,1,5,,39338,9,,,1,5,,39415,9,,,1,5,,39308,9,,,1,5,,39325,9,,,1,5,,39355,9,,,1,5,,39262,9,,,1,5,,39367,9,,,1,5,,39286,9,,,1,5,,39375,9,,,1,5,,39274,9,,,1,45,,39399,9,,,1,5,,39298,9,,,1,5,,39383,9,,,1,5,,39339,9,,,1,5,,39416,9,,,1,5,,39309,9,,,1,5,,39326,9,,,1,5,,39356,9,,,1,5,,39263,9,,,1,5,,39368,9,,,1,5,,39287,9,,,1,5,,39376,9,,,1,45,,39275,9,,,1,5,,39400,9,,,1,5,,39299,9,,,1,5,,39384,9,,,1,5,,39340,9,,,1,5,,39417,9,,,1,5,,39310,9,,,1,5,,39327,9,,,1,5,,39357,9,,,1,5,,39264,9,,,1,5,,39369,9,,,1,5,,39288,9,,,1,45,,39377,9,,,1,5,,39276,9,,,1,5,,39401,9,,,1,6,,39300,9,,,1,6,,39385,9,,,1,7,,39341,9,,,1,10,,39311,9,,,1,10,,39358,9,,,1,50,,39265,9,,,1,10,,39289,9,,,1,10,,39402,9,,,1,10,,39386,9,,,1,10,,39342,9,,,1,10,,39312,9,,,1,50,,39359,9,,,1,10,,39266,9,,,1,10,,39290,9,,,1,10,,39403,9,,,1,10,,39387,9,,,1,10,,39343,9,,,1,50,,39313,9,,,1,10,,39360,9,,,1,10,,39267,9,,,1,10,,39291,9,,,1,10,,39404,9,,,1,10,,39388,9,,,1,50,,39344,9,,,1,10,,39314,9,,,1,10,,39361,9,,,1,9,,39268,9,,,1,10,,39292,9,,,1,10,,39405,9,,,1,7,,39378,9,,,1,45,,39277,9,,,1,5,,39345,9,,,1,5,,39418,9,,,1,5,,39315,9,,,1,5,,39328,9,,,1,5,,39362,9,,,1,5,,39389,9,,,1,5,,39370,9,,,1,5,,39269,9,,,1,5,,39301,9,,,1,5,,39293,9,,,1,5,,39406,9,,,1,45,,39379,9,,,1,5,,39278,9,,,1,5,,39346,9,,,1,5,,39419,9,,,1,5,,39316,9,,,1,5,,39329,9,,,1,5,,39363,9,,,1,5,,39390,9,,,1,5,,39371,9,,,1,5,,39270,9,,,1,5,,39302,9,,,1,5,,39294,9,,,1,45,,39407,9,,,1,5,,39380,9,,,1,5,,39279,9,,,1,5,,39347,9,,,1,5,,39420,9,,,1,5,,39317,9,,,1,5,,39330,9,,,1,5,,39364,9,,,1,5,,39391,9,,,1,5,,39372,9,,,1,5,,39271,9,,,1,5,,39303,9,,,1,45,,39295,9,,,1,5,,39408,9,,,1,5,,39381,9,,,1,5,,39280,9,,,1,5,,39348,9,,,1,5,,39421,9,,,1,5,,39318,9,,,1,6,,39331,9,,,1,5,,39365,9,,,1,4,,39392,9,,,1,6,,39373,9,,,1,53,,39304,9,,,1,10,,39409,9,,,1,10,,39281,9,,,1,10,,39349,9,,,1,10,,39319,9,,,1,10,,39332,9,,,1,50,,39393,9,,,1,10,,39305,9,,,1,10,,39410,9,,,1,10,,39282,9,,,1,10,,39350,9,,,1,10,,39320,9,,,1,50,,39333,9,,,1,10,,39394,9,,,1,10,,39306,9,,,1,10,,39411,9,,,1,10,,39283,9,,,1,10,,39351,9,,,1,55,,39321,9,,,1,15,,39334,9,,,1,15,,39395,9,,,1,15,,39412,9,,,1,55,,39352,9,,,1,15,,39322,9,,,1,15,,39335,9,,,1,15,,39396,9,,,1,55,,39413,9,,,1,15,,39353,9,,,1,15,,39323,9,,,1,15,,39336,9,,,1,55,,39397,9,,,1,15,,39414,9,,,1
18002300,'20260914-Weekday-4-26-09',523,,39422,9,,,1,10,,39446,9,,,1,10,,39434,9,,,1,10,,39458,9,,,1,51,,39499,9,,,1,10,,39469,9,,,1,7,,39486,9,,,1,5,,39516,9,,,1,5,,39423,9,,,1,5,,39528,9,,,1,5,,39447,9,,,1,5,,39536,9,,,1,5,,39435,9,,,1,5,,39560,9,,,1,45,,39459,9,,,1,5,,39544,9,,,1,5,,39500,9,,,1,5,,39577,9,,,1,5,,39470,9,,,1,5,,39487,9,,,1,5,,39517,9,,,1,5,,39424,9,,,1,5,,39529,9,,,1,5,,39448,9,,,1,5,,39537,9,,,1,5,,39436,9,,,1,45,,39561,9,,,1,5,,39460,9,,,1,5,,39545,9,,,1,5,,39501,9,,,1,5,,39578,9,,,1,5,,39471,9,,,1,5,,39488,9,,,1,5,,39518,9,,,1,5,,39425,9,,,1,5,,39530,9,,,1,5,,39449,9,,,1,5,,39538,9,,,1,45,,39437,9,,,1,5,,39562,9,,,1,5,,39461,9,,,1,5,,39546,9,,,1,5,,39502,9,,,1,5,,39579,9,,,1,5,,39472,9,,,1,5,,39489,9,,,1,5,,39519,9,,,1,5,,39426,9,,,1,5,,39531,9,,,1,5,,39450,9,,,1,45,,39539,9,,,1,5,,39438,9,,,1,5,,39563,9,,,1,6,,39462,9,,,1,6,,39547,9,,,1,7,,39503,9,,,1,10,,39473,9,,,1,10,,39520,9,,,1,50,,39427,9,,,1,10,,39451,9,,,1,10,,39564,9,,,1,10,,39548,9,,,1,10,,39504,9,,,1,10,,39474,9,,,1,50,,39521,9,,,1,10,,39428,9,,,1,10,,39452,9,,,1,10,,39565,9,,,1,10,,39549,9,,,1,10,,39505,9,,,1,50,,39475,9,,,1,10,,39522,9,,,1,10,,39429,9,,,1,10,,39453,9,,,1,10,,39566,9,,,1,10,,39550,9,,,1,50,,39506,9,,,1,10,,39476,9,,,1,10,,39523,9,,,1,9,,39430,9,,,1,10,,39454,9,,,1,10,,39567,9,,,1,7,,39540,9,,,1,45,,39439,9,,,1,5,,39507,9,,,1,5,,39580,9,,,1,5,,39477,9,,,1,5,,39490,9,,,1,5,,39524,9,,,1,5,,39551,9,,,1,5,,39532,9,,,1,5,,39431,9,,,1,5,,39463,9,,,1,5,,39455,9,,,1,5,,39568,9,,,1,45,,39541,9,,,1,5,,39440,9,,,1,5,,39508,9,,,1,5,,39581,9,,,1,5,,39478,9,,,1,5,,39491,9,,,1,5,,39525,9,,,1,5,,39552,9,,,1,5,,39533,9,,,1,5,,39432,9,,,1,5,,39464,9,,,1,5,,39456,9,,,1,45,,39569,9,,,1,5,,39542,9,,,1,5,,39441,9,,,1,5,,39509,9,,,1,5,,39582,9,,,1,5,,39479,9,,,1,5,,39492,9,,,1,5,,39526,9,,,1,5,,39553,9,,,1,5,,39534,9,,,1,5,,39433,9,,,1,5,,39465,9,,,1,45,,39457,9,,,1,5,,39570,9,,,1,5,,39543,9,,,1,5,,39442,9,,,1,5,,39510,9,,,1,5,,39583,9,,,1,5,,39480,9,,,1,6,,39493,9,,,1,5,,39527,9,,,1,4,,39554,9,,,1,6,,39535,9,,,1,53,,39466,9,,,1,10,,39571,9,,,1,10,,39443,9,,,1,10,,39511,9,,,1,10,,39481,9,,,1,10,,39494,9,,,1,50,,39555,9,,,1,10,,39467,9,,,1,10,,39572,9,,,1,10,,39444,9,,,1,10,,39512,9,,,1,10,,39482,9,,,1,50,,39495,9,,,1,10,,39556,9,,,1,10,,39468,9,,,1,10,,39573,9,,,1,10,,39445,9,,,1,10,,39513,9,,,1,55,,39483,9,,,1,15,,39496,9,,,1,15,,39557,9,,,1,15,,39574,9,,,1,55,,39514,9,,,1,15,,39484,9,,,1,15,,39497,9,,,1,15,,39558,9,,,1,55,,39575,9,,,1,15,,39515,9,,,1,15,,39485,9,,,1,15,,39498,9,,,1,55,,39559,9,,,1,15,,39576,9,,,1
18002300,'20260914-Weekday-5-26-09',523,,39584,9,,,1,10,,39608,9,,,1,10,,39596,9,,,1,10,,39620,9,,,1,51,,39661,9,,,1,10,,39631,9,,,1,7,,39648,9,,,1,5,,39678,9,,,1,5,,39585,9,,,1,5,,39690,9,,,1,5,,39609,9,,,1,5,,39698,9,,,1,5,,39597,9,,,1,5,,39722,9,,,1,45,,39621,9,,,1,5,,39706,9,,,1,5,,39662,9,,,1,5,,39739,9,,,1,5,,39632,9,,,1,5,,39649,9,,,1,5,,39679,9,,,1,5,,39586,9,,,1,5,,39691,9,,,1,5,,39610,9,,,1,5,,39699,9,,,1,5,,39598,9,,,1,45,,39723,9,,,1,5,,39622,9,,,1,5,,39707,9,,,1,5,,39663,9,,,1,5,,39740,9,,,1,5,,39633,9,,,1,5,,39650,9,,,1,5,,39680,9,,,1,5,,39587,9,,,1,5,,39692,9,,,1,5,,39611,9,,,1,5,,39700,9,,,1,45,,39599,9,,,1,5,,39724,9,,,1,5,,39623,9,,,1,5,,39708,9,,,1,5,,39664,9,,,1,5,,39741,9,,,1,5,,39634,9,,,1,5,,39651,9,,,1,5,,39681,9,,,1,5,,39588,9,,,1,5,,39693,9,,,1,5,,39612,9,,,1,45,,39701,9,,,1,5,,39600,9,,,1,5,,39725,9,,,1,6,,39624,9,,,1,6,,39709,9,,,1,7,,39665,9,,,1,10,,39635,9,,,1,10,,39682,9,,,1,50,,39589,9,,,1,10,,39613,9,,,1,10,,39726,9,,,1,10,,39710,9,,,1,10,,39666,9,,,1,10,,39636,9,,,1,50,,39683,9,,,1,10,,39590,9,,,1,10,,39614,9,,,1,10,,39727,9,,,1,10,,39711,9,,,1,10,,39667,9,,,1,50,,39637,9,,,1,10,,39684,9,,,1,10,,39591,9,,,1,10,,39615,9,,,1,10,,39728,9,,,1,10,,39712,9,,,1,50,,39668,9,,,1,10,,39638,9,,,1,10,,39685,9,,,1,9,,39592,9,,,1,10,,39616,9,,,1,10,,39729,9,,,1,7,,39702,9,,,1,45,,39601,9,,,1,5,,39669,9,,,1,5,,39742,9,,,1,5,,39639,9,,,1,5,,39652,9,,,1,5,,39686,9,,,1,5,,39713,9,,,1,5,,39694,9,,,1,5,,39593,9,,,1,5,,39625,9,,,1,5,,39617,9,,,1,5,,39730,9,,,1,45,,39703,9,,,1,5,,39602,9,,,1,5,,39670,9,,,1,5,,39743,9,,,1,5,,39640,9,,,1,5,,39653,9,,,1,5,,39687,9,,,1,5,,39714,9,,,1,5,,39695,9,,,1,5,,39594,9,,,1,5,,39626,9,,,1,5,,39618,9,,,1,45,,39731,9,,,1,5,,39704,9,,,1,5,,39603,9,,,1,5,,39671,9,,,1,5,,39744,9,,,1,5,,39641,9,,,1,5,,39654,9,,,1,5,,39688,9,,,1,5,,39715,9,,,1,5,,39696,9,,,1,5,,39595,9,,,1,5,,39627,9,,,1,45,,39619,9,,,1,5,,39732,9,,,1,5,,39705,9,,,1,5,,39604,9,,,1,5,,39672,9,,,1,5,,39745,9,,,1,5,,39642,9,,,1,6,,39655,9,,,1,5,,39689,9,,,1,4,,39716,9,,,1,6,,39697,9,,,1,53,,39628,9,,,1,10,,39733,9,,,1,10,,39605,9,,,1,10,,39673,9,,,1,10,,39643,9,,,1,10,,39656,9,,,1,50,,39717,9,,,1,10,,39629,9,,,1,10,,39734,9,,,1,10,,39606,9,,,1,10,,39674,9,,,1,10,,39644,9,,,1,50,,39657,9,,,1,10,,39718,9,,,1,10,,39630,9,,,1,10,,39735,9,,,1,10,,39607,9,,,1,10,,39675,9,,,1,55,,39645,9,,,1,15,,39658,9,,,1,15,,39719,9,,,1,15,,39736,9,,,1,55,,39676,9,,,1,15,,39646,9,,,1,15,,39659,9,,,1,15,,39720,9,,,1,55,,39737,9,,,1,15,,39677,9,,,1,15,,39647,9,,,1,15,,39660,9,,,1,55,,39721,9,,,1,15,,39738,9,,,1
18002300,'20260914-Weekday-6-26-09',523,,39746,9,,,1,10,,39770,9,,,1,10,,39758,9,,,1,10,,39782,9,,,1,51,,39823,9,,,1,10,,39793,9,,,1,7,,39810,9,,,1,5,,39840,9,,,1,5,,39747,9,,,1,5,,39852,9,,,1,5,,39771,9,,,1,5,,39860,9,,,1,5,,39759,9,,,1,5,,39884,9,,,1,45,,39783,9,,,1,5,,39868,9,,,1,5,,39824,9,,,1,5,,39901,9,,,1,5,,39794,9,,,1,5,,39811,9,,,1,5,,39841,9,,,1,5,,39748,9,,,1,5,,39853,9,,,1,5,,39772,9,,,1,5,,39861,9,,,1,5,,39760,9,,,1,45,,39885,9,,,1,5,,39784,9,,,1,5,,39869,9,,,1,5,,39825,9,,,1,5,,39902,9,,,1,5,,39795,9,,,1,5,,39812,9,,,1,5,,39842,9,,,1,5,,39749,9,,,1,5,,39854,9,,,1,5,,39773,9,,,1,5,,39862,9,,,1,45,,39761,9,,,1,5,,39886,9,,,1,5,,39785,9,,,1,5,,39870,9,,,1,5,,39826,9,,,1,5,,39903,9,,,1,5,,39796,9,,,1,5,,39813,9,,,1,5,,39843,9,,,1,5,,39750,9,,,1,5,,39855,9,,,1,5,,39774,9,,,1,45,,39863,9,,,1,5,,39762,9,,,1,5,,39887,9,,,1,6,,39786,9,,,1,6,,39871,9,,,1,7,,39827,9,,,1,10,,39797,9,,,1,10,,39844,9,,,1,50,,39751,9,,,1,10,,39775,9,,,1,10,,39888,9,,,1,10,,39872,9,,,1,10,,39828,9,,,1,10,,39798,9,,,1,50,,39845,9,,,1,10,,39752,9,,,1,10,,39776,9,,,1,10,,39889,9,,,1,10,,39873,9,,,1,10,,39829,9,,,1,50,,39799,9,,,1,10,,39846,9,,,1,10,,39753,9,,,1,10,,39777,9,,,1,10,,39890,9,,,1,10,,39874,9,,,1,50,,39830,9,,,1,10,,39800,9,,,1,10,,39847,9,,,1,9,,39754,9,,,1,10,,39778,9,,,1,10,,39891,9,,,1,7,,39864,9,,,1,45,,39763,9,,,1,5,,39831,9,,,1,5,,39904,9,,,1,5,,39801,9,,,1,5,,39814,9,,,1,5,,39848,9,,,1,5,,39875,9,,,1,5,,39856,9,,,1,5,,39755,9,,,1,5,,39787,9,,,1,5,,39779,9,,,1,5,,39892,9,,,1,45,,39865,9,,,1,5,,39764,9,,,1,5,,39832,9,,,1,5,,39905,9,,,1,5,,39802,9,,,1,5,,39815,9,,,1,5,,39849,9,,,1,5,,39876,9,,,1,5,,39857,9,,,1,5,,39756,9,,,1,5,,39788,9,,,1,5,,39780,9,,,1,45,,39893,9,,,1,5,,39866,9,,,1,5,,39765,9,,,1,5,,39833,9,,,1,5,,39906,9,,,1,5,,39803,9,,,1,5,,39816,9,,,1,5,,39850,9,,,1,5,,39877,9,,,1,5,,39858,9,,,1,5,,39757,9,,,1,5,,39789,9,,,1,45,,39781,9,,,1,5,,39894,9,,,1,5,,39867,9,,,1,5,,39766,9,,,1,5,,39834,9,,,1,5,,39907,9,,,1,5,,39804,9,,,1,6,,39817,9,,,1,5,,39851,9,,,1,4,,39878,9,,,1,6,,39859,9,,,1,53,,39790,9,,,1,10,,39895,9,,,1,10,,39767,9,,,1,10,,39835,9,,,1,10,,39805,9,,,1,10,,39818,9,,,1,50,,39879,9,,,1,10,,39791,9,,,1,10,,39896,9,,,1,10,,39768,9,,,1,10,,39836,9,,,1,10,,39806,9,,,1,50,,39819,9,,,1,10,,39880,9,,,1,10,,39792,9,,,1,10,,39897,9,,,1,10,,39769,9,,,1,10,,39837,9,,,1,55,,39807,9,,,1,15,,39820,9,,,1,15,,39881,9,,,1,15,,39898,9,,,1,55,,39838,9,,,1,15,,39808,9,,,1,15,,39821,9,,,1,15,,39882,9,,,1,55,,39899,9,,,1,15,,39839,9,,,1,15,,39809,9,,,1,15,,39822,9,,,1,55,,39883,9,,,1,15,,39900,9,,,1
18002300,'20260914-Weekday-7-26-09',523,,39908,9,,,1,10,,39932,9,,,1,10,,39920,9,,,1,10,,39944,9,,,1,51,,39985,9,,,1,10,,39955,9,,,1,7,,39972,9,,,1,5,,40002,9,,,1,5,,39909,9,,,1,5,,40014,9,,,1,5,,39933,9,,,1,5,,40022,9,,,1,5,,39921,9,,,1,5,,40046,9,,,1,45,,39945,9,,,1,5,,40030,9,,,1,5,,39986,9,,,1,5,,40063,9,,,1,5,,39956,9,,,1,5,,39973,9,,,1,5,,40003,9,,,1,5,,39910,9,,,1,5,,40015,9,,,1,5,,39934,9,,,1,5,,40023,9,,,1,5,,39922,9,,,1,45,,40047,9,,,1,5,,39946,9,,,1,5,,40031,9,,,1,5,,39987,9,,,1,5,,40064,9,,,1,5,,39957,9,,,1,5,,39974,9,,,1,5,,40004,9,,,1,5,,39911,9,,,1,5,,40016,9,,,1,5,,39935,9,,,1,5,,40024,9,,,1,45,,39923,9,,,1,5,,40048,9,,,1,5,,39947,9,,,1,5,,40032,9,,,1,5,,39988,9,,,1,5,,40065,9,,,1,5,,39958,9,,,1,5,,39975,9,,,1,5,,40005,9,,,1,5,,39912,9,,,1,5,,40017,9,,,1,5,,39936,9,,,1,45,,40025,9,,,1,5,,39924,9,,,1,5,,40049,9,,,1,6,,39948,9,,,1,6,,40033,9,,,1,7,,39989,9,,,1,10,,39959,9,,,1,10,,40006,9,,,1,50,,39913,9,,,1,10,,39937,9,,,1,10,,40050,9,,,1,10,,40034,9,,,1,10,,39990,9,,,1,10,,39960,9,,,1,50,,40007,9,,,1,10,,39914,9,,,1,10,,39938,9,,,1,10,,40051,9,,,1,10,,40035,9,,,1,10,,39991,9,,,1,50,,39961,9,,,1,10,,40008,9,,,1,10,,39915,9,,,1,10,,39939,9,,,1,10,,40052,9,,,1,10,,40036,9,,,1,50,,39992,9,,,1,10,,39962,9,,,1,10,,40009,9,,,1,9,,39916,9,,,1,10,,39940,9,,,1,10,,40053,9,,,1,7,,40026,9,,,1,45,,39925,9,,,1,5,,39993,9,,,1,5,,40066,9,,,1,5,,39963,9,,,1,5,,39976,9,,,1,5,,40010,9,,,1,5,,40037,9,,,1,5,,40018,9,,,1,5,,39917,9,,,1,5,,39949,9,,,1,5,,39941,9,,,1,5,,40054,9,,,1,45,,40027,9,,,1,5,,39926,9,,,1,5,,39994,9,,,1,5,,40067,9,,,1,5,,39964,9,,,1,5,,39977,9,,,1,5,,40011,9,,,1,5,,40038,9,,,1,5,,40019,9,,,1,5,,39918,9,,,1,5,,39950,9,,,1,5,,39942,9,,,1,45,,40055,9,,,1,5,,40028,9,,,1,5,,39927,9,,,1,5,,39995,9,,,1,5,,40068,9,,,1,5,,39965,9,,,1,5,,39978,9,,,1,5,,40012,9,,,1,5,,40039,9,,,1,5,,40020,9,,,1,5,,39919,9,,,1,5,,39951,9,,,1,45,,39943,9,,,1,5,,40056,9,,,1,5,,40029,9,,,1,5,,39928,9,,,1,5,,39996,9,,,1,5,,40069,9,,,1,5,,39966,9,,,1,6,,39979,9,,,1,5,,40013,9,,,1,4,,40040,9,,,1,6,,40021,9,,,1,53,,39952,9,,,1,10,,40057,9,,,1,10,,39929,9,,,1,10,,39997,9,,,1,10,,39967,9,,,1,10,,39980,9,,,1,50,,40041,9,,,1,10,,39953,9,,,1,10,,40058,9,,,1,10,,39930,9,,,1,10,,39998,9,,,1,10,,39968,9,,,1,50,,39981,9,,,1,10,,40042,9,,,1,10,,39954,9,,,1,10,,40059,9,,,1,10,,39931,9,,,1,10,,39999,9,,,1,55,,39969,9,,,1,15,,39982,9,,,1,15,,40043,9,,,1,15,,40060,9,,,1,55,,40000,9,,,1,15,,39970,9,,,1,15,,39983,9,,,1,15,,40044,9,,,1,55,,40061,9,,,1,15,,40001,9,,,1,15,,39971,9,,,1,15,,39984,9,,,1,55,,40045,9,,,1,15,,40062,9,,,1
18002300,'20260917-Holiday1-1-26-09',523,,40070,9,,,1,10,,40097,9,,,1,10,,40082,9,,,1,10,,40109,9,,,1,51,,40153,9,,,1,10,,40123,9,,,1,7,,40140,9,,,1,5,,40171,9,,,1,5,,40071,9,,,1,5,,40183,9,,,1,5,,40098,9,,,1,5,,40191,9,,,1,5,,40083,9,,,1,5,,40215,9,,,1,45,,40110,9,,,1,5,,40199,9,,,1,5,,40154,9,,,1,5,,40232,9,,,1,5,,40124,9,,,1,5,,40141,9,,,1,5,,40172,9,,,1,5,,40072,9,,,1,5,,40184,9,,,1,5,,40099,9,,,1,5,,40192,9,,,1,5,,40084,9,,,1,45,,40216,9,,,1,5,,40111,9,,,1,5,,40200,9,,,1,5,,40155,9,,,1,5,,40233,9,,,1,5,,40125,9,,,1,5,,40142,9,,,1,5,,40173,9,,,1,5,,40073,9,,,1,5,,40185,9,,,1,5,,40100,9,,,1,5,,40193,9,,,1,45,,40085,9,,,1,5,,40217,9,,,1,5,,40112,9,,,1,5,,40201,9,,,1,5,,40156,9,,,1,5,,40234,9,,,1,5,,40126,9,,,1,5,,40143,9,,,1,5,,40174,9,,,1,5,,40074,9,,,1,5,,40186,9,,,1,5,,40101,9,,,1,45,,40194,9,,,1,5,,40086,9,,,1,5,,40218,9,,,1,6,,40113,9,,,1,6,,40202,9,,,1,7,,40157,9,,,1,10,,40127,9,,,1,10,,40175,9,,,1,50,,40075,9,,,1,10,,40102,9,,,1,10,,40219,9,,,1,10,,40203,9,,,1,10,,40158,9,,,1,10,,40128,9,,,1,50,,40176,9,,,1,10,,40076,9,,,1,10,,40103,9,,,1,10,,40220,9,,,1,10,,40204,9,,,1,10,,40159,9,,,1,50,,40129,9,,,1,10,,40177,9,,,1,10,,40077,9,,,1,10,,40104,9,,,1,10,,40221,9,,,1,10,,40205,9,,,1,50,,40160,9,,,1,10,,40130,9,,,1,10,,40178,9,,,1,9,,40078,9,,,1,10,,40105,9,,,1,10,,40222,9,,,1,7,,40195,9,,,1,45,,40087,9,,,1,5,,40161,9,,,1,5,,40235,9,,,1,5,,40131,9,,,1,5,,40144,9,,,1,5,,40179,9,,,1,5,,40206,9,,,1,5,,40187,9,,,1,5,,40079,9,,,1,5,,40114,9,,,1,5,,40106,9,,,1,5,,40223,9,,,1,45,,40196,9,,,1,5,,40088,9,,,1,5,,40162,9,,,1,5,,40236,9,,,1,5,,40132,9,,,1,5,,40145,9,,,1,5,,40180,9,,,1,5,,40207,9,,,1,5,,40188,9,,,1,5,,40080,9,,,1,5,,40115,9,,,1,5,,40107,9,,,1,45,,40224,9,,,1,5,,40197,9,,,1,5,,40089,9,,,1,5,,40163,9,,,1,5,,40237,9,,,1,5,,40133,9,,,1,5,,40146,9,,,1,5,,40181,9,,,1,5,,40208,9,,,1,5,,40189,9,,,1,5,,40081,9,,,1,5,,40116,9,,,1,45,,40108,9,,,1,5,,40225,9,,,1,5,,40198,9,,,1,5,,40090,9,,,1,5,,40164,9,,,1,5,,40238,9,,,1,5,,40134,9,,,1,6,,40147,9,,,1,5,,40182,9,,,1,4,,40209,9,,,1,6,,40190,9,,,1,53,,40117,9,,,1,10,,40226,9,,,1,10,,40091,9,,,1,10,,40165,9,,,1,10,,40135,9,,,1,10,,40148,9,,,1,50,,40210,9,,,1,10,,40118,9,,,1,10,,40227,9,,,1,10,,40092,9,,,1,10,,40166,9,,,1,10,,40136,9,,,1,50,,40149,9,,,1,10,,40211,9,,,1,10,,40119,9,,,1,10,,40228,9,,,1,10,,40093,9,,,1,10,,40167,9,,,1,50,,40137,9,,,1,10,,40150,9,,,1,10,,40212,9,,,1,10,,40120,9,,,1,10,,40229,9,,,1,10,,40094,9,,,1,50,,40168,9,,,1,10,,40138,9,,,1,10,,40151,9,,,1,10,,40213,9,,,1,10,,40121,9,,,1,10,,40230,9,,,1,50,,40095,9,,,1,10,,40169,9,,,1,10,,40139,9,,,1,10,,40152,9,,,1,10,,40214,9,,,1,10,,40122,9,,,1,50,,40231,9,,,1,10,,40096,9,,,1,10,,40170,9,,,1
18002300,'20260919-Saturday-1-26-09',535,,40239,9,,,1,10,,40256,9,,,1,10,,40273,9,,,1,50,,40285,9,,,1,10,,40302,9,,,1,10,,40319,9,,,1,10,,40335,9,,,1,10,,40240,9,,,1,10,,40257,9,,,1,50,,40274,9,,,1,10,,40286,9,,,1,10,,40303,9,,,1,10,,40320,9,,,1,10,,40336,9,,,1,10,,40241,9,,,1,50,,40258,9,,,1,10,,40275,9,,,1,10,,40287,9,,,1,10,,40304,9,,,1,10,,40321,9,,,1,10,,40337,9,,,1,50,,40242,9,,,1,10,,40259,9,,,1,10,,40276,9,,,1,10,,40288,9,,,1,10,,40305,9,,,1,10,,40322,9,,,1,50,,40338,9,,,1,10,,40243,9,,,1,10,,40260,9,,,1,10,,40277,9,,,1,10,,40289,9,,,1,10,,40306,9,,,1,50,,40323,9,,,1,10,,40339,9,,,1,10,,40244,9,,,1,10,,40261,9,,,1,10,,40278,9,,,1,10,,40290,9,,,1,50,,40307,9,,,1,10,,40324,9,,,1,10,,40340,9,,,1,10,,40245,9,,,1,10,,40262,9,,,1,10,,40279,9,,,1,50,,40291,9,,,1,10,,40308,9,,,1,10,,40325,9,,,1,10,,40341,9,,,1,10,,40246,9,,,1,10,,40263,9,,,1,50,,40280,9,,,1,10,,40292,9,,,1,10,,40309,9,,,1,10,,40326,9,,,1,10,,40342,9,,,1,10,,40247,9,,,1,50,,40264,9,,,1,10,,40281,9,,,1,10,,40293,9,,,1,10,,40310,9,,,1,10,,40327,9,,,1,10,,40343,9,,,1,50,,40248,9,,,1,10,,40265,9,,,1,10,,40282,9,,,1,10,,40294,9,,,1,10,,40311,9,,,1,10,,40328,9,,,1,50,,40344,9,,,1,10,,40249,9,,,1,10,,40266,9,,,1,10,,40283,9,,,1,10,,40295,9,,,1,10,,40312,9,,,1,50,,40329,9,,,1,10,,40345,9,,,1,10,,40250,9,,,1,10,,40267,9,,,1,10,,40284,9,,,1,10,,40296,9,,,1,55,,40313,9,,,1,15,,40330,9,,,1,15,,40251,9,,,1,15,,40268,9,,,1,55,,40297,9,,,1,15,,40314,9,,,1,15,,40331,9,,,1,15,,40252,9,,,1,55,,40269,9,,,1,15,,40298,9,,,1,15,,40315,9,,,1,15,,40332,9,,,1,55,,40253,9,,,1,15,,40270,9,,,1,15,,40299,9,,,1,15,,40316,9,,,1,55,,40333,9,,,1,15,,40254,9,,,1,15,,40271,9,,,1,15,,40300,9,,,1,55,,40317,9,,,1,15,,40334,9,,,1,15,,40255,9,,,1,15,,40272,9,,,1,55,,40301,9,,,1,15,,40318,9,,,1
