18002201,'022R-Weekday-1-26-09',604,,37606,3,0,12 13,1,12,,37607,3,0,12 13,1,12,,37608,3,0,12 13,1,12,,37609,3,0,12 13,1,12,,37610,3,0,12 13,1,52,,37611,3,0,12 13,1,12,,37612,3,0,12 13,1,12,,37613,3,0,12 13,1,12,,37614,3,0,12 13,1,12,,37615,3,0,12 13,1,52,,37616,3,0,12 13,1,12,,37617,3,0,12 13,1,12,,37618,3,0,12 13,1,12,,37619,3,0,12 13,1,12,,37620,3,0,12 13,1,52,,37621,3,0,12 13,1,12,,37622,3,0,12 13,1,18,,37623,3,0,12 13,1,20,,37624,3,0,12 13,1,55,,37625,3,0,12 13,1,15,,37626,3,0,12 13,1,15,,37627,3,0,12 13,1,15,,37628,3,0,12 13,1,55,,37629,3,0,12 13,1,15,,37630,3,0,12 13,1,15,,37631,3,0,12 13,1,15,,37632,3,0,12 13,1,55,,37633,3,0,12 13,1,15,,37634,3,0,12 13,1,15,,37635,3,0,12 13,1,15,,37636,3,0,12 13,1,55,,37637,3,0,12 13,1,15,,37638,3,0,12 13,1,15,,37639,3,0,12 13,1,13,,37640,3,0,12 13,1,52,,37641,3,0,12 13,1,12,,37642,3,0,12 13,1,12,,37643,3,0,12 13,1,12,,37644,3,0,12 13,1,12,,37645,3,0,12 13,1,52,,37646,3,0,12 13,1,12,,37647,3,0,12 13,1,12,,37648,3,0,12 13,1,12,,37649,3,0,12 13,1,12,,37650,3,0,12 13,1,52,,37651,3,0,12 13,1,12,,37652,3,0,12 13,1,12,,37653,3,0,12 13,1,12,,37654,3,0,12 13,1,12,,37655,3,0,12 13,1,52,,37656,3,0,12 13,1,12,,37657,3,0,12 13,1,12,,37658,3,0,12 13,1,12,,37659,3,0,12 13,1,12,,37660,3,0,12 13,1,52,,37661,3,0,12 13,1,12,,37662,3,0,12 13,1,17,,37663,3,0,12 13,1,15,,37664,3,0,12 13,1,55,,37665,3,0,12 13,1,15,,37666,3,0,12 13,1,15,,37667,3,0,12 13,1,15,,37668,3,0,12 13,1,55,,37669,3,0,12 13,1,15,,37670,3,0,12 13,1,15,,37671,3,0,12 13,1,15,,37672,3,0,12 13,1,55,,37673,3,0,12 13,1,15,,37674,3,0,12 13,1,15,,37675,3,0,12 13,1,15,,37676,3,0,12 13,1,55,,37677,3,0,12 13,1,15,,37678,3,0,12 13,1,15,,37679,3,0,12 13,1,15,,37680,3,0,12 13,1,55,,37681,3,0,12 13,1,15,,37605,3,0,12 13,1,15,,37604,3,0,12 13,1,15,,37603,3,0,12 13,1,55,,37602,3,0,12 13,1,15,,37601,3,0,12 13,1,15,,37600,3,0,12 13,1,15,,37599,3,0,12 13,1,55,,37598,3,0,12 13,1
18002201,'022R-Weekday-3-26-09',604,,37774,3,0,12 13,1,12,,37775,3,0,12 13,1,12,,37776,3,0,12 13,1,12,,37777,3,0,12 13,1,12,,37778,3,0,12 13,1,52,,37779,3,0,12 13,1,12,,37780,3,0,12 13,1,12,,37781,3,0,12 13,1,12,,37782,3,0,12 13,1,12,,37783,3,0,12 13,1,52,,37784,3,0,12 13,1,12,,37785,3,0,12 13,1,12,,37786,3,0,12 13,1,12,,37787,3,0,12 13,1,12,,37788,3,0,12 13,1,52,,37789,3,0,12 13,1,12,,37790,3,0,12 13,1,18,,37791,3,0,12 13,1,20,,37792,3,0,12 13,1,55,,37793,3,0,12 13,1,15,,37794,3,0,12 13,1,15,,37795,3,0,12 13,1,15,,37796,3,0,12 13,1,55,,37797,3,0,12 13,1,15,,37798,3,0,12 13,1,15,,37799,3,0,12 13,1,15,,37800,3,0,12 13,1,55,,37801,3,0,12 13,1,15,,37802,3,0,12 13,1,15,,37803,3,0,12 13,1,15,,37804,3,0,12 13,1,55,,37805,3,0,12 13,1,15,,37806,3,0,12 13,1,15,,37807,3,0,12 13,1,13,,37808,3,0,12 13,1,52,,37809,3,0,12 13,1,12,,37810,3,0,12 13,1,12,,37811,3,0,12 13,1,12,,37812,3,0,12 13,1,12,,37813,3,0,12 13,1,52,,37814,3,0,12 13,1,12,,37815,3,0,12 13,1,12,,37816,3,0,12 13,1,12,,37817,3,0,12 13,1,12,,37818,3,0,12 13,1,52,,37819,3,0,12 13,1,12,,37820,3,0,12 13,1,12,,37821,3,0,12 13,1,12,,37822,3,0,12 13,1,12,,37823,3,0,12 13,1,52,,37824,3,0,12 13,1,12,,37825,3,0,12 13,1,12,,37826,3,0,12 13,1,12,,37827,3,0,12 13,1,12,,37828,3,0,12 13,1,52,,37829,3,0,12 13,1,12,,37830,3,0,12 13,1,17,,37831,3,0,12 13,1,15,,37832,3,0,12 13,1,55,,37833,3,0,12 13,1,15,,37834,3,0,12 13,1,15,,37835,3,0,12 13,1,15,,37836,3,0,12 13,1,55,,37837,3,0,12 13,1,15,,37838,3,0,12 13,1,15,,37839,3,0,12 13,1,15,,37840,3,0,12 13,1,55,,37841,3,0,12 13,1,15,,37842,3,0,12 13,1,15,,37843,3,0,12 13,1,15,,37844,3,0,12 13,1,55,,37845,3,0,12 13,1,15,,37846,3,0,12 13,1,15,,37847,3,0,12 13,1,15,,37848,3,0,12 13,1,55,,37849,3,0,12 13,1,15,,37773,3,0,12 13,1,15,,37772,3,0,12 13,1,15,,37771,3,0,12 13,1,55,,37770,3,0,12 13,1,15,,37769,3,0,12 13,1,15,,37768,3,0,12 13,1,15,,37767,3,0,12 13,1,55,,37766,3,0,12 13,1
18002201,'022R-Weekday-4-26-09',604,,37858,3,0,12 13,1,12,,37859,3,0,12 13,1,12,,37860,3,0,12 13,1,12,,37861,3,0,12 13,1,12,,37862,3,0,12 13,1,52,,37863,3,0,12 13,1,12,,37864,3,0,12 13,1,12,,37865,3,0,12 13,1,12,,37866,3,0,12 13,1,12,,37867,3,0,12 13,1,52,,37868,3,0,12 13,1,12,,37869,3,0,12 13,1,12,,37870,3,0,12 13,1,12,,37871,3,0,12 13,1,12,,37872,3,0,12 13,1,52,,37873,3,0,12 13,1,12,,37874,3,0,12 13,1,18,,37875,3,0,12 13,1,20,,37876,3,0,12 13,1,55,,37877,3,0,12 13,1,15,,37878,3,0,12 13,1,15,,37879,3,0,12 13,1,15,,37880,3,0,12 13,1,55,,37881,3,0,12 13,1,15,,37882,3,0,12 13,1,15,,37883,3,0,12 13,1,15,,37884,3,0,12 13,1,55,,37885,3,0,12 13,1,15,,37886,3,0,12 13,1,15,,37887,3,0,12 13,1,15,,37888,3,0,12 13,1,55,,37889,3,0,12 13,1,15,,37890,3,0,12 13,1,15,,37891,3,0,12 13,1,13,,37892,3,0,12 13,1,52,,37893,3,0,12 13,1,12,,37894,3,0,12 13,1,12,,37895,3,0,12 13,1,12,,37896,3,0,12 13,1,12,,37897,3,0,12 13,1,52,,37898,3,0,12 13,1,12,,37899,3,0,12 13,1,12,,37900,3,0,12 13,1,12,,37901,3,0,12 13,1,12,,37902,3,0,12 13,1,52,,37903,3,0,12 13,1,12,,37904,3,0,12 13,1,12,,37905,3,0,12 13,1,12,,37906,3,0,12 13,1,12,,37907,3,0,12 13,1,52,,37908,3,0,12 13,1,12,,37909,3,0,12 13,1,12,,37910,3,0,12 13,1,12,,37911,3,0,12 13,1,12,,37912,3,0,12 13,1,52,,37913,3,0,12 13,1,12,,37914,3,0,12 13,1,17,,37915,3,0,12 13,1,15,,37916,3,0,12 13,1,55,,37917,3,0,12 13,1,15,,37918,3,0,12 13,1,15,,37919,3,0,12 13,1,15,,37920,3,0,12 13,1,55,,37921,3,0,12 13,1,15,,37922,3,0,12 13,1,15,,37923,3,0,12 13,1,15,,37924,3,0,12 13,1,55,,37925,3,0,12 13,1,15,,37926,3,0,12 13,1,15,,37927,3,0,12 13,1,15,,37928,3,0,12 13,1,55,,37929,3,0,12 13,1,15,,37930,3,0,12 13,1,15,,37931,3,0,12 13,1,15,,37932,3,0,12 13,1,55,,37933,3,0,12 13,1,15,,37857,3,0,12 13,1,15,,37856,3,0,12 13,1,15,,37855,3,0,12 13,1,55,,37854,3,0,12 13,1,15,,37853,3,0,12 13,1,15,,37852,3,0,12 13,1,15,,37851,3,0,12 13,1,55,,37850,3,0,12 13,1
18002201,'022R-Weekday-5-26-09',604,,37942,3,0,12 13,1,12,,37943,3,0,12 13,1,12,,37944,3,0,12 13,1,12,,37945,3,0,12 13,1,12,,37946,3,0,12 13,1,52,,37947,3,0,12 13,1,12,,37948,3,0,12 13,1,12,,37949,3,0,12 13,1,12,,37950,3,0,12 13,1,12,,37951,3,0,12 13,1,52,,37952,3,0,12 13,1,12,,37953,3,0,12 13,1,12,,37954,3,0,12 13,1,12,,37955,3,0,12 13,1,12,,37956,3,0,12 13,1,52,,37957,3,0,12 13,1,12,,37958,3,0,12 13,1,18,,37959,3,0,12 13,1,20,,37960,3,0,12 13,1,55,,37961,3,0,12 13,1,15,,37962,3,0,12 13,1,15,,37963,3,0,12 13,1,15,,37964,3,0,12 13,1,55,,37965,3,0,12 13,1,15,,37966,3,0,12 13,1,15,,37967,3,0,12 13,1,15,,37968,3,0,12 13,1,55,,37969,3,0,12 13,1,15,,37970,3,0,12 13,1,15,,37971,3,0,12 13,1,15,,37972,3,0,12 13,1,55,,37973,3,0,12 13,1,15,,37974,3,0,12 13,1,15,,37975,3,0,12 13,1,13,,37976,3,0,12 13,1,52,,37977,3,0,12 13,1,12,,37978,3,0,12 13,1,12,,37979,3,0,12 13,1,12,,37980,3,0,12 13,1,12,,37981,3,0,12 13,1,52,,37982,3,0,12 13,1,12,,37983,3,0,12 13,1,12,,37984,3,0,12 13,1,12,,37985,3,0,12 13,1,12,,37986,3,0,12 13,1,52,,37987,3,0,12 13,1,12,,37988,3,0,12 13,1,12,,37989,3,0,12 13,1,12,,37990,3,0,12 13,1,12,,37991,3,0,12 13,1,52,,37992,3,0,12 13,1,12,,37993,3,0,12 13,1,12,,37994,3,0,12 13,1,12,,37995,3,0,12 13,1,12,,37996,3,0,12 13,1,52,,37997,3,0,12 13,1,12,,37998,3,0,12 13,1,17,,37999,3,0,12 13,1,15,,38000,3,0,12 13,1,55,,38001,3,0,12 13,1,15,,38002,3,0,12 13,1,15,,38003,3,0,12 13,1,15,,38004,3,0,12 13,1,55,,38005,3,0,12 13,1,15,,38006,3,0,12 13,1,15,,38007,3,0,12 13,1,15,,38008,3,0,12 13,1,55,,38009,3,0,12 13,1,15,,38010,3,0,12 13,1,15,,38011,3,0,12 13,1,15,,38012,3,0,12 13,1,55,,38013,3,0,12 13,1,15,,38014,3,0,12 13,1,15,,38015,3,0,12 13,1,15,,38016,3,0,12 13,1,55,,38017,3,0,12 13,1,15,,37941,3,0,12 13,1,15,,37940,3,0,12 13,1,15,,37939,3,0,12 13,1,55,,37938,3,0,12 13,1,15,,37937,3,0,12 13,1,15,,37936,3,0,12 13,1,15,,37935,3,0,12 13,1,55,,37934,3,0,12 13,1
18002201,'022R-Weekday-6-26-09',604,,38026,3,0,12 13,1,12,,38027,3,0,12 13,1,12,,38028,3,0,12 13,1,12,,38029,3,0,12 13,1,12,,38030,3,0,12 13,1,52,,38031,3,0,12 13,1,12,,38032,3,0,12 13,1,12,,38033,3,0,12 13,1,12,,38034,3,0,12 13,1,12,,38035,3,0,12 13,1,52,,38036,3,0,12 13,1,12,,38037,3,0,12 13,1,12,,38038,3,0,12 13,1,12,,38039,3,0,12 13,1,12,,38040,3,0,12 13,1,52,,38041,3,0,12 13,1,12,,38042,3,0,12 13,1,18,,38043,3,0,12 13,1,20,,38044,3,0,12 13,1,55,,38045,3,0,12 13,1,15,,38046,3,0,12 13,1,15,,38047,3,0,12 13,1,15,,38048,3,0,12 13,1,55,,38049,3,0,12 13,1,15,,38050,3,0,12 13,1,15,,38051,3,0,12 13,1,15,,38052,3,0,12 13,1,55,,38053,3,0,12 13,1,15,,38054,3,0,12 13,1,15,,38055,3,0,12 13,1,15,,38056,3,0,12 13,1,55,,38057,3,0,12 13,1,15,,38058,3,0,12 13,1,15,,38059,3,0,12 13,1,13,,38060,3,0,12 13,1,52,,38061,3,0,12 13,1,12,,38062,3,0,12 13,1,12,,38063,3,0,12 13,1,12,,38064,3,0,12 13,1,12,,38065,3,0,12 13,1,52,,38066,3,0,12 13,1,12,,38067,3,0,12 13,1,12,,38068,3,0,12 13,1,12,,38069,3,0,12 13,1,12,,38070,3,0,12 13,1,52,,38071,3,0,12 13,1,12,,38072,3,0,12 13,1,12,,38073,3,0,12 13,1,12,,38074,3,0,12 13,1,12,,38075,3,0,12 13,1,52,,38076,3,0,12 13,1,12,,38077,3,0,12 13,1,12,,38078,3,0,12 13,1,12,,38079,3,0,12 13,1,12,,38080,3,0,12 13,1,52,,38081,3,0,12 13,1,12,,38082,3,0,12 13,1,17,,38083,3,0,12 13,1,15,,38084,3,0,12 13,1,55,,38085,3,0,12 13,1,15,,38086,3,0,12 13,1,15,,38087,3,0,12 13,1,15,,38088,3,0,12 13,1,55,,38089,3,0,12 13,1,15,,38090,3,0,12 13,1,15,,38091,3,0,12 13,1,15,,38092,3,0,12 13,1,55,,38093,3,0,12 13,1,15,,38094,3,0,12 13,1,15,,38095,3,0,12 13,1,15,,38096,3,0,12 13,1,55,,38097,3,0,12 13,1,15,,38098,3,0,12 13,1,15,,38099,3,0,12 13,1,15,,38100,3,0,12 13,1,55,,38101,3,0,12 13,1,15,,38025,3,0,12 13,1,15,,38024,3,0,12 13,1,15,,38023,3,0,12 13,1,55,,38022,3,0,12 13,1,15,,38021,3,0,12 13,1,15,,38020,3,0,12 13,1,15,,38019,3,0,12 13,1,55,,38018,3,0,12 13,1
18002201,'022R-Weekday-7-26-09',604,,38110,3,0,12 13,1,12,,38111,3,0,12 13,1,12,,38112,3,0,12 13,1,12,,38113,3,0,12 13,1,12,,38114,3,0,12 13,1,52,,38115,3,0,12 13,1,12,,38116,3,0,12 13,1,12,,38117,3,0,12 13,1,12,,38118,3,0,12 13,1,12,,38119,3,0,12 13,1,52,,38120,3,0,12 13,1,12,,38121,3,0,12 13,1,12,,38122,3,0,12 13,1,12,,38123,3,0,12 13,1,12,,38124,3,0,12 13,1,52,,38125,3,0,12 13,1,12,,38126,3,0,12 13,1,18,,38127,3,0,12 13,1,20,,38128,3,0,12 13,1,55,,38129,3,0,12 13,1,15,,38130,3,0,12 13,1,15,,38131,3,0,12 13,1,15,,38132,3,0,12 13,1,55,,38133,3,0,12 13,1,15,,38134,3,0,12 13,1,15,,38135,3,0,12 13,1,15,,38136,3,0,12 13,1,55,,38137,3,0,12 13,1,15,,38138,3,0,12 13,1,15,,38139,3,0,12 13,1,15,,38140,3,0,12 13,1,55,,38141,3,0,12 13,1,15,,38142,3,0,12 13,1,15,,38143,3,0,12 13,1,13,,38144,3,0,12 13,1,52,,38145,3,0,12 13,1,12,,38146,3,0,12 13,1,12,,38147,3,0,12 13,1,12,,38148,3,0,12 13,1,12,,38149,3,0,12 13,1,52,,38150,3,0,12 13,1,12,,38151,3,0,12 13,1,12,,38152,3,0,12 13,1,12,,38153,3,0,12 13,1,12,,38154,3,0,12 13,1,52,,38155,3,0,12 13,1,12,,38156,3,0,12 13,1,12,,38157,3,0,12 13,1,12,,38158,3,0,12 13,1,12,,38159,3,0,12 13,1,52,,38160,3,0,12 13,1,12,,38161,3,0,12 13,1,12,,38162,3,0,12 13,1,12,,38163,3,0,12 13,1,12,,38164,3,0,12 13,1,52,,38165,3,0,12 13,1,12,,38166,3,0,12 13,1,17,,38167,3,0,12 13,1,15,,38168,3,0,12 13,1,55,,38169,3,0,12 13,1,15,,38170,3,0,12 13,1,15,,38171,3,0,12 13,1,15,,38172,3,0,12 13,1,55,,38173,3,0,12 13,1,15,,38174,3,0,12 13,1,15,,38175,3,0,12 13,1,15,,38176,3,0,12 13,1,55,,38177,3,0,12 13,1,15,,38178,3,0,12 13,1,15,,38179,3,0,12 13,1,15,,38180,3,0,12 13,1,55,,38181,3,0,12 13,1,15,,38182,3,0,12 13,1,15,,38183,3,0,12 13,1,15,,38184,3,0,12 13,1,55,,38185,3,0,12 13,1,15,,38109,3,0,12 13,1,15,,38108,3,0,12 13,1,15,,38107,3,0,12 13,1,55,,38106,3,0,12 13,1,15,,38105,3,0,12 13,1,15,,38104,3,0,12 13,1,15,,38103,3,0,12 13,1,55,,38102,3,0,12 13,1
18002201,'022R-Saturday-1-26-09',602,,38186,3,0,12 13,1,15,,38187,3,0,12 13,1,15,,38188,3,0,12 13,1,15,,38189,3,0,12 13,1,55,,38190,3,0,12 13,1,15,,38191,3,0,12 13,1,15,,38192,3,0,12 13,1,15,,38193,3,0,12 13,1,55,,38194,3,0,12 13,1,15,,38195,3,0,12 13,1,15,,38196,3,0,12 13,1,15,,38197,3,0,12 13,1,55,,38198,3,0,12 13,1,15,,38199,3,0,12 13,1,15,,38200,3,0,12 13,1,15,,38201,3,0,12 13,1,55,,38202,3,0,12 13,1,15,,38203,3,0,12 13,1,15,,38204,3,0,12 13,1,15,,38205,3,0,12 13,1,55,,38206,3,0,12 13,1,15,,38207,3,0,12 13,1,15,,38208,3,0,12 13,1,15,,38209,3,0,12 13,1,55,,38210,3,0,12 13,1,15,,38211,3,0,12 13,1,15,,38212,3,0,12 13,1,15,,38213,3,0,12 13,1,55,,38214,3,0,12 13,1,15,,38215,3,0,12 13,1,15,,38216,3,0,12 13,1,15,,38217,3,0,12 13,1,55,,38218,3,0,12 13,1,15,,38219,3,0,12 13,1,15,,38220,3,0,12 13,1,15,,38221,3,0,12 13,1,55,,38222,3,0,12 13,1,15,,38223,3,0,12 13,1,15,,38224,3,0,12 13,1,15,,38225,3,0,12 13,1,55,,38226,3,0,12 13,1,15,,38227,3,0,12 13,1,15,,38228,3,0,12 13,1,15,,38229,3,0,12 13,1,55,,38230,3,0,12 13,1,15,,38231,3,0,12 13,1,15,,38232,3,0,12 13,1,15,,38233,3,0,12 13,1,55,,38234,3,0,12 13,1,15,,38235,3,0,12 13,1,15,,38236,3,0,12 13,1,15,,38237,3,0,12 13,1,55,,38238,3,0,12 13,1,15,,38239,3,0,12 13,1,15,,38240,3,0,12 13,1,15,,38241,3,0,12 13,1,55,,38242,3,0,12 13,1,15,,38243,3,0,12 13,1,15,,38244,3,0,12 13,1,15,,38245,3,0,12 13,1,55,,38246,3,0,12 13,1,15,,38247,3,0,12 13,1,15,,38248,3,0,12 13,1,15,,38249,3,0,12 13,1,55,,38250,3,0,12 13,1,15,,38251,3,0,12 13,1,15,,38252,3,0,12 13,1,15,,38253,3,0,12 13,1,55,,38254,3,0,12 13,1,15,,38255,3,0,12 13,1,15,,38256,3,0,12 13,1,15,,38257,3,0,12 13,1,55,,38258,3,0,12 13,1,15,,38259,3,0,12 13,1,15,,38260,3,0,12 13,1,15,,38261,3,0,12 13,1,55,,38262,3,0,12 13,1
18002201,'022R-Saturday-2-26-09',550,,38263,3,,,1,55,,38264,3,,,1,15,,38265,3,,,1,15,,38266,3,,,1,15,,38267,3,,,1,55,,38268,3,,,1,15,,38269,3,,,1,15,,38270,3,,,1,15,,38271,3,,,1,55,,38272,3,,,1,15,,38273,3,,,1,15,,38274,3,,,1,15,,38275,3,,,1,55,,38276,3,,,1,15,,38277,3,,,1,15,,38278,3,,,1,15,,38279,3,,,1,55,,38280,3,,,1,15,,38281,3,,,1,15,,38282,3,,,1,15,,38283,3,,,1,55,,38284,3,,,1,15,,38285,3,,,1,15,,38286,3,,,1,15,,38287,3,,,1,55,,38288,3,,,1,15,,38289,3,,,1,15,,38290,3,,,1,15,,38291,3,,,1,55,,38292,3,,,1,15,,38293,3,,,1,15,,38294,3,,,1,15,,38295,3,,,1,55,,38296,3,,,1,15,,38297,3,,,1,15,,38298,3,,,1,15,,38299,3,,,1,55,,38300,3,,,1,15,,38301,3,,,1,15,,38302,3,,,1,15,,38303,3,,,1,55,,38304,3,,,1,15,,38305,3,,,1,15,,38306,3,,,1,15,,38307,3,,,1,55,,38308,3,,,1,15,,38309,3,,,1,15,,38310,3,,,1,15,,38311,3,,,1,55,,38312,3,,,1,15,,38313,3,,,1,15,,38314,3,,,1,15,,38315,3,,,1,55,,38316,3,,,1,15,,38317,3,,,1,15,,38318,3,,,1,15,,38319,3,,,1,55,,38320,3,,,1,15,,38321,3,,,1,15,,38322,3,,,1,15,,38323,3,,,1,55,,38324,3,,,1,15,,38325,3,,,1,15,,38326,3,,,1,15,,38327,3,,,1,55,,38328,3,,,1,15,,38329,3,,,1,15,,38330,3,,,1,15,,38331,3,,,1,55,,38332,3,,,1,15,,38333,3,,,1,15,,38334,3,,,1,15,,38335,3,,,1,55,,38336,3,,,1,15,,38337,3,,,1,15,,38338,3,,,1,15,,38339,3,,,1
18002201,'022R-Saturday-3-26-09',557,,38342,3,0,9 11,1,55,,38343,3,0,9 11,1,15,,38344,3,0,9 11,1,15,,38345,3,0,9 11,1,15,,38346,3,0,9 11,1,55,,38347,3,0,9 11,1,15,,38348,3,0,9 11,1,15,,38349,3,0,9 11,1,15,,38350,3,0,9 11,1,55,,38351,3,0,9 11,1,15,,38352,3,0,9 11,1,15,,38353,3,0,9 11,1,15,,38354,3,0,9 11,1,55,,38355,3,0,9 11,1,15,,38356,3,0,9 11,1,15,,38357,3,0,9 11,1,15,,38358,3,0,9 11,1,55,,38359,3,0,9 11,1,15,,38360,3,0,9 11,1,15,,38361,3,0,9 11,1,15,,38362,3,0,9 11,1,55,,38363,3,0,9 11,1,15,,38364,3,0,9 11,1,15,,38365,3,0,9 11,1,15,,38366,3,0,9 11,1,55,,38367,3,0,9 11,1,15,,38368,3,0,9 11,1,15,,38369,3,0,9 11,1,15,,38370,3,0,9 11,1,55,,38371,3,0,9 11,1,15,,38372,3,0,9 11,1,15,,38373,3,0,9 11,1,15,,38374,3,0,9 11,1,55,,38375,3,0,9 11,1,15,,38376,3,0,9 11,1,15,,38377,3,0,9 11,1,15,,38378,3,0,9 11,1,55,,38379,3,0,9 11,1,15,,38380,3,0,9 11,1,15,,38381,3,0,9 11,1,15,,38382,3,0,9 11,1,55,,38383,3,0,9 11,1,15,,38384,3,0,9 11,1,15,,38385,3,0,9 11,1,15,,38386,3,0,9 11,1,55,,38387,3,0,9 11,1,15,,38388,3,0,9 11,1,15,,38389,3,0,9 11,1,15,,38390,3,0,9 11,1,55,,38391,3,0,9 11,1,15,,38392,3,0,9 11,1,15,,38393,3,0,9 11,1,15,,38394,3,0,9 11,1,55,,38395,3,0,9 11,1,15,,38396,3,0,9 11,1,15,,38397,3,0,9 11,1,15,,38398,3,0,9 11,1,55,,38399,3,0,9 11,1,15,,38400,3,0,9 11,1,15,,38401,3,0,9 11,1,15,,38402,3,0,9 11,1,55,,38403,3,0,9 11,1,15,,38404,3,0,9 11,1,15,,38405,3,0,9 11,1,15,,38406,3,0,9 11,1,55,,38407,3,0,9 11,1,15,,38408,3,0,9 11,1,15,,38409,3,0,9 11,1,15,,38410,3,0,9 11,1,55,,38411,3,0,9 11,1,15,,38412,3,0,9 11,1,15,,38413,3,0,9 11,1,15,,38414,3,0,9 11,1,55,,38415,3,0,9 11,1,15,,38416,3,0,9 11,1,15,,38417,3,0,9 11,1,15,,38418,3,0,9 11,1
18002201,'022R-Saturday-4-26-09',610,,38453,3,0,9 11,1,15,,38454,3,0,9 11,1,15,,38455,3,0,9 11,1,15,,38456,3,0,9 11,1,55,,38457,3,0,9 11,1,15,,38458,3,0,9 11,1,15,,38459,3,0,9 11,1,15,,38460,3,0,9 11,1,55,,38461,3,0,9 11,1,15,,38462,3,0,9 11,1,15,,38463,3,0,9 11,1,15,,38464,3,0,9 11,1,55,,38465,3,0,9 11,1,15,,38466,3,0,9 11,1,15,,38467,3,0,9 11,1,15,,38468,3,0,9 11,1,55,,38469,3,0,9 11,1,15,,38470,3,0,9 11,1,15,,38471,3,0,9 11,1,15,,38472,3,0,9 11,1,55,,38473,3,0,9 11,1,15,,38474,3,0,9 11,1,15,,38475,3,0,9 11,1,15,,38476,3,0,9 11,1,55,,38477,3,0,9 11,1,15,,38478,3,0,9 11,1,15,,38479,3,0,9 11,1,15,,38480,3,0,9 11,1,55,,38481,3,0,9 11,1,15,,38482,3,0,9 11,1,15,,38483,3,0,9 11,1,15,,38484,3,0,9 11,1,55,,38485,3,0,9 11,1,15,,38486,3,0,9 11,1,15,,38487,3,0,9 11,1,15,,38488,3,0,9 11,1,55,,38489,3,0,9 11,1,15,,38490,3,0,9 11,1,15,,38491,3,0,9 11,1,15,,38492,3,0,9 11,1,50,,38495,3,0,12 13,1,15,,38494,3,0,12 13,1,15,,38493,3,0,12 13,1,12,,38419,3,0,12 13,1,55,,38420,3,0,12 13,1,15,,38421,3,0,12 13,1,15,,38422,3,0,12 13,1,15,,38423,3,0,12 13,1,55,,38424,3,0,12 13,1,15,,38425,3,0,12 13,1,15,,38426,3,0,12 13,1,15,,38427,3,0,12 13,1,55,,38428,3,0,12 13,1,15,,38429,3,0,12 13,1,15,,38430,3,0,12 13,1,15,,38431,3,0,12 13,1,55,,38432,3,0,12 13,1,15,,38433,3,0,12 13,1,15,,38434,3,0,12 13,1,15,,38435,3,0,12 13,1,55,,38436,3,0,12 13,1,15,,38437,3,0,12 13,1,15,,38438,3,0,12 13,1,15,,38439,3,0,12 13,1,55,,38440,3,0,12 13,1,15,,38441,3,0,12 13,1,15,,38442,3,0,12 13,1,15,,38443,3,0,12 13,1,55,,38444,3,0,12 13,1,15,,38445,3,0,12 13,1,15,,38446,3,0,12 13,1,15,,38447,3,0,12 13,1,55,,38448,3,0,12 13,1,15,,38449,3,0,12 13,1,15,,38450,3,0,12 13,1,15,,38451,3,0,12 13,1,55,,38452,3,0,12 13,1
18002201,'022R-Sunday-1-26-09',617,,38496,3,0,12 13,1,15,,38497,3,0,12 13,1,15,,38498,3,0,12 13,1,55,,38499,3,0,12 13,1,15,,38500,3,0,12 13,1,15,,38501,3,0,12 13,1,15,,38502,3,0,12 13,1,55,,38503,3,0,12 13,1,15,,38504,3,0,12 13,1,15,,38505,3,0,12 13,1,15,,38506,3,0,12 13,1,55,,38507,3,0,12 13,1,15,,38508,3,0,12 13,1,15,,38509,3,0,12 13,1,15,,38510,3,0,12 13,1,55,,38511,3,0,12 13,1,15,,38512,3,0,12 13,1,15,,38513,3,0,12 13,1,15,,38514,3,0,12 13,1,55,,38515,3,0,12 13,1,15,,38516,3,0,12 13,1,15,,38517,3,0,12 13,1,15,,38518,3,0,12 13,1,55,,38519,3,0,12 13,1,15,,38520,3,0,12 13,1,15,,38521,3,0,12 13,1,15,,38522,3,0,12 13,1,55,,38523,3,0,12 13,1,15,,38524,3,0,12 13,1,15,,38525,3,0,12 13,1,15,,38526,3,0,12 13,1,55,,38527,3,0,12 13,1,15,,38528,3,0,12 13,1,15,,38529,3,0,12 13,1,15,,38530,3,0,12 13,1,55,,38531,3,0,12 13,1,15,,38532,3,0,12 13,1,15,,38533,3,0,12 13,1,15,,38534,3,0,12 13,1,55,,38535,3,0,12 13,1,15,,38536,3,0,12 13,1,15,,38537,3,0,12 13,1,15,,38538,3,0,12 13,1,55,,38539,3,0,12 13,1,15,,38540,3,0,12 13,1,15,,38541,3,0,12 13,1,15,,38542,3,0,12 13,1,55,,38543,3,0,12 13,1,15,,38544,3,0,12 13,1,15,,38545,3,0,12 13,1,15,,38546,3,0,12 13,1,55,,38547,3,0,12 13,1,15,,38548,3,0,12 13,1,15,,38549,3,0,12 13,1,15,,38550,3,0,12 13,1,55,,38551,3,0,12 13,1,15,,38552,3,0,12 13,1,15,,38553,3,0,12 13,1,15,,38554,3,0,12 13,1,55,,38555,3,0,12 13,1,15,,38556,3,0,12 13,1,15,,38557,3,0,12 13,1,15,,38558,3,0,12 13,1,55,,38559,3,0,12 13,1,15,,38560,3,0,12 13,1,15,,38561,3,0,12 13,1,15,,38562,3,0,12 13,1,55,,38563,3,0,12 13,1,15,,38564,3,0,12 13,1,15,,38565,3,0,12 13,1,15,,38566,3,0,12 13,1,55,,38567,3,0,12 13,1
18002201,'022R-Sunday-2-26-09',620,,38572,3,,,1,15,,38573,3,,,1,15,,38574,3,,,1,55,,38575,3,,,1,15,,38576,3,,,1,15,,38577,3,,,1,15,,38578,3,,,1,55,,38579,3,,,1,15,,38580,3,,,1,15,,38581,3,,,1,15,,38582,3,,,1,55,,38583,3,,,1,15,,38584,3,,,1,15,,38585,3,,,1,15,,38586,3,,,1,55,,38587,3,,,1,15,,38588,3,,,1,15,,38589,3,,,1,15,,38590,3,,,1,55,,38591,3,,,1,15,,38592,3,,,1,15,,38593,3,,,1,15,,38594,3,,,1,55,,38595,3,,,1,15,,38596,3,,,1,15,,38597,3,,,1,15,,38598,3,,,1,55,,38599,3,,,1,15,,38600,3,,,1,15,,38601,3,,,1,15,,38602,3,,,1,55,,38603,3,,,1,15,,38604,3,,,1,15,,38605,3,,,1,15,,38606,3,,,1,55,,38607,3,,,1,15,,38608,3,,,1,15,,38609,3,,,1,15,,38610,3,,,1,55,,38611,3,,,1,15,,38612,3,,,1,15,,38613,3,,,1,15,,38614,3,,,1,55,,38615,3,,,1,15,,38616,3,,,1,15,,38617,3,,,1,15,,38618,3,,,1,55,,38619,3,,,1,15,,38620,3,,,1,15,,38621,3,,,1,15,,38622,3,,,1,55,,38623,3,,,1,15,,38624,3,,,1,15,,38625,3,,,1,15,,38626,3,,,1,55,,38627,3,,,1,15,,38628,3,,,1,15,,38629,3,,,1,15,,38630,3,,,1,55,,38631,3,,,1,15,,38632,3,,,1,15,,38633,3,,,1,15,,38634,3,,,1,55,,38635,3,,,1,15,,38636,3,,,1,15,,38637,3,,,1,15,,38638,3,,,1,55,,38639,3,,,1,15,,38640,3,,,1,15,,38571,3,,,1,15,,38568,3,,,1
18002201,'022R-Sunday-3-26-09',627,,38641,3,0,9 11,1,15,,38642,3,0,9 11,1,15,,38643,3,0,9 11,1,55,,38644,3,0,9 11,1,15,,38645,3,0,9 11,1,15,,38646,3,0,9 11,1,15,,38647,3,0,9 11,1,55,,38648,3,0,9 11,1,15,,38649,3,0,9 11,1,15,,38650,3,0,9 11,1,15,,38651,3,0,9 11,1,55,,38652,3,0,9 11,1,15,,38653,3,0,9 11,1,15,,38654,3,0,9 11,1,15,,38655,3,0,9 11,1,55,,38656,3,0,9 11,1,15,,38657,3,0,9 11,1,15,,38658,3,0,9 11,1,15,,38659,3,0,9 11,1,55,,38660,3,0,9 11,1,15,,38661,3,0,9 11,1,15,,38662,3,0,9 11,1,15,,38663,3,0,9 11,1,55,,38664,3,0,9 11,1,15,,38665,3,0,9 11,1,15,,38666,3,0,9 11,1,15,,38667,3,0,9 11,1,55,,38668,3,0,9 11,1,15,,38669,3,0,9 11,1,15,,38670,3,0,9 11,1,15,,38671,3,0,9 11,1,55,,38672,3,0,9 11,1,15,,38673,3,0,9 11,1,15,,38674,3,0,9 11,1,15,,38675,3,0,9 11,1,55,,38676,3,0,9 11,1,15,,38677,3,0,9 11,1,15,,38678,3,0,9 11,1,15,,38679,3,0,9 11,1,55,,38680,3,0,9 11,1,15,,38681,3,0,9 11,1,15,,38682,3,0,9 11,1,15,,38683,3,0,9 11,1,55,,38684,3,0,9 11,1,15,,38685,3,0,9 11,1,15,,38686,3,0,9 11,1,15,,38687,3,0,9 11,1,55,,38688,3,0,9 11,1,15,,38689,3,0,9 11,1,15,,38690,3,0,9 11,1,15,,38691,3,0,9 11,1,55,,38692,3,0,9 11,1,15,,38693,3,0,9 11,1,15,,38694,3,0,9 11,1,15,,38695,3,0,9 11,1,55,,38696,3,0,9 11,1,15,,38697,3,0,9 11,1,15,,38698,3,0,9 11,1,15,,38699,3,0,9 11,1,55,,38700,3,0,9 11,1,15,,38701,3,0,9 11,1,15,,38702,3,0,9 11,1,15,,38703,3,0,9 11,1,55,,38704,3,0,9 11,1,15,,38705,3,0,9 11,1,15,,38706,3,0,9 11,1,15,,38707,3,0,9 11,1,55,,38708,3,0,9 11,1,15,,38709,3,0,9 11,1,15,,38710,3,0,9 11,1,15,,38711,3,0,9 11,1,55,,38712,3,0,9 11,1
18002201,'022R-Sunday-5-26-09',627,,38713,3,0,9 11,1,15,,38714,3,0,9 11,1,15,,38715,3,0,9 11,1,55,,38716,3,0,9 11,1,15,,38717,3,0,9 11,1,15,,38718,3,0,9 11,1,15,,38719,3,0,9 11,1,55,,38720,3,0,9 11,1,15,,38721,3,0,9 11,1,15,,38722,3,0,9 11,1,15,,38723,3,0,9 11,1,55,,38724,3,0,9 11,1,15,,38725,3,0,9 11,1,15,,38726,3,0,9 11,1,15,,38727,3,0,9 11,1,55,,38728,3,0,9 11,1,15,,38729,3,0,9 11,1,15,,38730,3,0,9 11,1,15,,38731,3,0,9 11,1,55,,38732,3,0,9 11,1,15,,38733,3,0,9 11,1,15,,38734,3,0,9 11,1,15,,38735,3,0,9 11,1,55,,38736,3,0,9 11,1,15,,38737,3,0,9 11,1,15,,38738,3,0,9 11,1,15,,38739,3,0,9 11,1,55,,38740,3,0,9 11,1,15,,38741,3,0,9 11,1,15,,38742,3,0,9 11,1,15,,38743,3,0,9 11,1,55,,38744,3,0,9 11,1,15,,38745,3,0,9 11,1,15,,38746,3,0,9 11,1,15,,38747,3,0,9 11,1,55,,38748,3,0,9 11,1,15,,38749,3,0,9 11,1,15,,38750,3,0,9 11,1,15,,38751,3,0,9 11,1,55,,38752,3,0,9 11,1,15,,38753,3,0,9 11,1,15,,38754,3,0,9 11,1,15,,38755,3,0,9 11,1,55,,38756,3,0,9 11,1,15,,38757,3,0,9 11,1,15,,38758,3,0,9 11,1,15,,38759,3,0,9 11,1,55,,38760,3,0,9 11,1,15,,38761,3,0,9 11,1,15,,38762,3,0,9 11,1,15,,38763,3,0,9 11,1,55,,38764,3,0,9 11,1,15,,38765,3,0,9 11,1,15,,38766,3,0,9 11,1,15,,38767,3,0,9 11,1,55,,38768,3,0,9 11,1,15,,38769,3,0,9 11,1,15,,38770,3,0,9 11,1,15,,38771,3,0,9 11,1,55,,38772,3,0,9 11,1,15,,38773,3,0,9 11,1,15,,38774,3,0,9 11,1,15,,38775,3,0,9 11,1,55,,38776,3,0,9 11,1,15,,38777,3,0,9 11,1,15,,38778,3,0,9 11,1,15,,38779,3,0,9 11,1,55,,38780,3,0,9 11,1,15,,38781,3,0,9 11,1,15,,38782,3,0,9 11,1,15,,38783,3,0,9 11,1,55,,38784,3,0,9 11,1
18002201,'022R-Sunday-6-26-09',620,,38809,3,0,9 11,1,15,,38810,3,0,9 11,1,15,,38811,3,0,9 11,1,55,,38812,3,0,9 11,1,15,,38813,3,0,9 11,1,15,,38814,3,0,9 11,1,15,,38815,3,0,9 11,1,55,,38816,3,0,9 11,1,15,,38817,3,0,9 11,1,15,,38818,3,0,9 11,1,15,,38819,3,0,9 11,1,55,,38820,3,0,9 11,1,15,,38821,3,0,9 11,1,15,,38822,3,0,9 11,1,15,,38823,3,0,9 11,1,55,,38824,3,0,9 11,1,15,,38825,3,0,9 11,1,15,,38826,3,0,9 11,1,15,,38827,3,0,9 11,1,55,,38828,3,0,9 11,1,15,,38829,3,0,9 11,1,15,,38830,3,0,9 11,1,15,,38831,3,0,9 11,1,55,,38832,3,0,9 11,1,15,,38833,3,0,9 11,1,15,,38834,3,0,9 11,1,15,,38835,3,0,9 11,1,55,,38836,3,0,9 11,1,15,,38837,3,0,9 11,1,15,,38838,3,0,9 11,1,15,,38839,3,0,9 11,1,55,,38840,3,0,9 11,1,15,,38841,3,0,9 11,1,15,,38842,3,0,9 11,1,15,,38843,3,0,9 11,1,55,,38844,3,0,9 11,1,15,,38845,3,0,9 11,1,15,,38846,3,0,9 11,1,15,,38847,3,0,9 11,1,55,,38848,3,0,9 11,1,15,,38849,3,0,9 11,1,15,,38850,3,0,9 11,1,15,,38851,3,0,9 11,1,55,,38852,3,0,9 11,1,15,,38853,3,0,9 11,1,15,,38854,3,0,9 11,1,15,,38855,3,0,9 11,1,55,,38856,3,0,9 11,1,12,,38785,3,0,12 13,1,15,,38786,3,0,12 13,1,15,,38787,3,0,12 13,1,55,,38788,3,0,12 13,1,15,,38789,3,0,12 13,1,15,,38790,3,0,12 13,1,15,,38791,3,0,12 13,1,55,,38792,3,0,12 13,1,15,,38793,3,0,12 13,1,15,,38794,3,0,12 13,1,15,,38795,3,0,12 13,1,55,,38796,3,0,12 13,1,15,,38797,3,0,12 13,1,15,,38798,3,0,12 13,1,15,,38799,3,0,12 13,1,55,,38800,3,0,12 13,1,15,,38801,3,0,12 13,1,15,,38802,3,0,12 13,1,15,,38803,3,0,12 13,1,55,,38804,3,0,12 13,1,15,,38805,3,0,12 13,1,15,,38806,3,0,12 13,1,15,,38807,3,0,12 13,1,55,,38808,3,0,12 13,1
