18002100,'021R-Weekday-1-26-09',527,,33638,7,,,1,12,,33639,7,,,1,12,,33640,7,,,1,52,,33641,7,,,1,12,,33642,7,,,1,12,,33643,7,,,1,12,,33644,7,,,1,6,,33645,7,,,1,6,,33646,7,,,1,6,,33647,7,,,1,46,,33648,7,,,1,6,,33649,7,,,1,6,,33650,7,,,1,6,,33651,7,,,1,6,,33652,7,,,1,6,,33653,7,,,1,6,,33654,7,,,1,6,,33655,7,,,1,6,,33656,7,,,1,6,,33657,7,,,1,46,,33658,7,,,1,6,,33659,7,,,1,6,,33660,7,,,1,6,,33661,7,,,1,6,,33662,7,,,1,6,,33663,7,,,1,6,,33664,7,,,1,6,,33665,7,,,1,6,,33666,7,,,1,6,,33667,7,,,1,46,,33668,7,,,1,6,,33669,7,,,1,6,,33670,7,,,1,6,,33671,7,,,1,6,,33672,7,,,1,6,,33673,7,,,1,6,,33674,7,,,1,6,,33675,7,,,1,6,,33676,7,,,1,6,,33677,7,,,1,50,,33678,7,,,1,10,,33679,7,,,1,10,,33680,7,,,1,10,,33681,7,,,1,10,,33682,7,,,1,10,,33683,7,,,1,50,,33684,7,,,1,10,,33685,7,,,1,10,,33686,7,,,1,10,,33687,7,,,1,10,,33688,7,,,1,10,,33689,7,,,1,50,,33690,7,,,1,10,,33691,7,,,1,10,,33692,7,,,1,10,,33693,7,,,1,10,,33694,7,,,1,10,,33695,7,,,1,50,,33696,7,,,1,10,,33697,7,,,1,10,,33698,7,,,1,10,,33699,7,,,1,10,,33700,7,,,1,10,,33701,7,,,1,50,,33702,7,,,1,10,,33703,7,,,1,10,,33704,7,,,1,10,,33705,7,,,1,10,,33706,7,,,1,10,,33707,7,,,1,46,,33708,7,,,1,6,,33709,7,,,1,6,,33710,7,,,1,6,,33711,7,,,1,6,,33712,7,,,1,6,,33713,7,,,1,6,,33714,7,,,1,6,,33715,7,,,1,6,,33716,7,,,1,6,,33717,7,,,1,46,,33718,7,,,1,6,,33719,7,,,1,6,,33720,7,,,1,6,,33721,7,,,1,6,,33722,7,,,1,6,,33723,7,,,1,6,,33724,7,,,1,6,,33725,7,,,1,6,,33726,7,,,1,6,,33727,7,,,1,46,,33728,7,,,1,6,,33729,7,,,1,6,,33730,7,,,1,6,,33731,7,,,1,6,,33732,7,,,1,6,,33733,7,,,1,6,,33734,7,,,1,6,,33735,7,,,1,6,,33736,7,,,1,6,,33737,7,,,1,46,,33738,7,,,1,6,,33739,7,,,1,6,,33740,7,,,1,6,,33741,7,,,1,6,,33742,7,,,1,6,,33743,7,,,1,6,,33744,7,,,1,6,,33745,7,,,1,6,,33746,7,,,1,6,,33747,7,,,1,46,,33748,7,,,1,9,,33773,7,,,1,15,,33749,7,,,1,15,,33750,7,,,1,15,,33751,7,,,1,55,,33752,7,,,1,15,,33753,7,,,1,15,,33754,7,,,1,15,,33755,7,,,1,55,,33756,7,,,1,15,,33757,7,,,1,15,,33758,7,,,1,15,,33759,7,,,1,55,,33760,7,,,1,15,,33761,7,,,1,15,,33762,7,,,1,15,,33763,7,,,1,55,,33764,7,,,1,15,,33765,7,,,1,15,,33766,7,,,1,15,,33767,7,,,1,55,,33768,7,,,1,15,,33769,7,,,1,15,,33770,7,,,1,15,,33771,7,,,1,55,,33772,7,,,1,15,,33774,7,,,1
18002100,'021R-Weekday-3-26-09',527,,33912,7,,,1,12,,33913,7,,,1,12,,33914,7,,,1,52,,33915,7,,,1,12,,33916,7,,,1,12,,33917,7,,,1,12,,33918,7,,,1,6,,33919,7,,,1,6,,33920,7,,,1,6,,33921,7,,,1,46,,33922,7,,,1,6,,33923,7,,,1,6,,33924,7,,,1,6,,33925,7,,,1,6,,33926,7,,,1,6,,33927,7,,,1,6,,33928,7,,,1,6,,33929,7,,,1,6,,33930,7,,,1,6,,33931,7,,,1,46,,33932,7,,,1,6,,33933,7,,,1,6,,33934,7,,,1,6,,33935,7,,,1,6,,33936,7,,,1,6,,33937,7,,,1,6,,33938,7,,,1,6,,33939,7,,,1,6,,33940,7,,,1,6,,33941,7,,,1,46,,33942,7,,,1,6,,33943,7,,,1,6,,33944,7,,,1,6,,33945,7,,,1,6,,33946,7,,,1,6,,33947,7,,,1,6,,33948,7,,,1,6,,33949,7,,,1,6,,33950,7,,,1,6,,33951,7,,,1,50,,33952,7,,,1,10,,33953,7,,,1,10,,33954,7,,,1,10,,33955,7,,,1,10,,33956,7,,,1,10,,33957,7,,,1,50,,33958,7,,,1,10,,33959,7,,,1,10,,33960,7,,,1,10,,33961,7,,,1,10,,33962,7,,,1,10,,33963,7,,,1,50,,33964,7,,,1,10,,33965,7,,,1,10,,33966,7,,,1,10,,33967,7,,,1,10,,33968,7,,,1,10,,33969,7,,,1,50,,33970,7,,,1,10,,33971,7,,,1,10,,33972,7,,,1,10,,33973,7,,,1,10,,33974,7,,,1,10,,33975,7,,,1,50,,33976,7,,,1,10,,33977,7,,,1,10,,33978,7,,,1,10,,33979,7,,,1,10,,33980,7,,,1,10,,33981,7,,,1,46,,33982,7,,,1,6,,33983,7,,,1,6,,33984,7,,,1,6,,33985,7,,,1,6,,33986,7,,,1,6,,33987,7,,,1,6,,33988,7,,,1,6,,33989,7,,,1,6,,33990,7,,,1,6,,33991,7,,,1,46,,33992,7,,,1,6,,33993,7,,,1,6,,33994,7,,,1,6,,33995,7,,,1,6,,33996,7,,,1,6,,33997,7,,,1,6,,33998,7,,,1,6,,33999,7,,,1,6,,34000,7,,,1,6,,34001,7,,,1,46,,34002,7,,,1,6,,34003,7,,,1,6,,34004,7,,,1,6,,34005,7,,,1,6,,34006,7,,,1,6,,34007,7,,,1,6,,34008,7,,,1,6,,34009,7,,,1,6,,34010,7,,,1,6,,34011,7,,,1,46,,34012,7,,,1,6,,34013,7,,,1,6,,34014,7,,,1,6,,34015,7,,,1,6,,34016,7,,,1,6,,34017,7,,,1,6,,34018,7,,,1,6,,34019,7,,,1,6,,34020,7,,,1,6,,34021,7,,,1,46,,34022,7,,,1,9,,34047,7,,,1,15,,34023,7,,,1,15,,34024,7,,,1,15,,34025,7,,,1,55,,34026,7,,,1,15,,34027,7,,,1,15,,34028,7,,,1,15,,34029,7,,,1,55,,34030,7,,,1,15,,34031,7,,,1,15,,34032,7,,,1,15,,34033,7,,,1,55,,34034,7,,,1,15,,34035,7,,,1,15,,34036,7,,,1,15,,34037,7,,,1,55,,34038,7,,,1,15,,34039,7,,,1,15,,34040,7,,,1,15,,34041,7,,,1,55,,34042,7,,,1,15,,34043,7,,,1,15,,34044,7,,,1,15,,34045,7,,,1,55,,34046,7,,,1,15,,34048,7,,,1
18002100,'021R-Weekday-4-26-09',527,,34049,7,,,1,12,,34050,7,,,1,12,,34051,7,,,1,52,,34052,7,,,1,12,,34053,7,,,1,12,,34054,7,,,1,12,,34055,7,,,1,6,,34056,7,,,1,6,,34057,7,,,1,6,,34058,7,,,1,46,,34059,7,,,1,6,,34060,7,,,1,6,,34061,7,,,1,6,,34062,7,,,1,6,,34063,7,,,1,6,,34064,7,,,1,6,,34065,7,,,1,6,,34066,7,,,1,6,,34067,7,,,1,6,,34068,7,,,1,46,,34069,7,,,1,6,,34070,7,,,1,6,,34071,7,,,1,6,,34072,7,,,1,6,,34073,7,,,1,6,,34074,7,,,1,6,,34075,7,,,1,6,,34076,7,,,1,6,,34077,7,,,1,6,,34078,7,,,1,46,,34079,7,,,1,6,,34080,7,,,1,6,,34081,7,,,1,6,,34082,7,,,1,6,,34083,7,,,1,6,,34084,7,,,1,6,,34085,7,,,1,6,,34086,7,,,1,6,,34087,7,,,1,6,,34088,7,,,1,50,,34089,7,,,1,10,,34090,7,,,1,10,,34091,7,,,1,10,,34092,7,,,1,10,,34093,7,,,1,10,,34094,7,,,1,50,,34095,7,,,1,10,,34096,7,,,1,10,,34097,7,,,1,10,,34098,7,,,1,10,,34099,7,,,1,10,,34100,7,,,1,50,,34101,7,,,1,10,,34102,7,,,1,10,,34103,7,,,1,10,,34104,7,,,1,10,,34105,7,,,1,10,,34106,7,,,1,50,,34107,7,,,1,10,,34108,7,,,1,10,,34109,7,,,1,10,,34110,7,,,1,10,,34111,7,,,1,10,,34112,7,,,1,50,,34113,7,,,1,10,,34114,7,,,1,10,,34115,7,,,1,10,,34116,7,,,1,10,,34117,7,,,1,10,,34118,7,,,1,46,,34119,7,,,1,6,,34120,7,,,1,6,,34121,7,,,1,6,,34122,7,,,1,6,,34123,7,,,1,6,,34124,7,,,1,6,,34125,7,,,1,6,,34126,7,,,1,6,,34127,7,,,1,6,,34128,7,,,1,46,,34129,7,,,1,6,,34130,7,,,1,6,,34131,7,,,1,6,,34132,7,,,1,6,,34133,7,,,1,6,,34134,7,,,1,6,,34135,7,,,1,6,,34136,7,,,1,6,,34137,7,,,1,6,,34138,7,,,1,46,,34139,7,,,1,6,,34140,7,,,1,6,,34141,7,,,1,6,,34142,7,,,1,6,,34143,7,,,1,6,,34144,7,,,1,6,,34145,7,,,1,6,,34146,7,,,1,6,,34147,7,,,1,6,,34148,7,,,1,46,,34149,7,,,1,6,,34150,7,,,1,6,,34151,7,,,1,6,,34152,7,,,1,6,,34153,7,,,1,6,,34154,7,,,1,6,,34155,7,,,1,6,,34156,7,,,1,6,,34157,7,,,1,6,,34158,7,,,1,46,,34159,7,,,1,9,,34184,7,,,1,15,,34160,7,,,1,15,,34161,7,,,1,15,,34162,7,,,1,55,,34163,7,,,1,15,,34164,7,,,1,15,,34165,7,,,1,15,,34166,7,,,1,55,,34167,7,,,1,15,,34168,7,,,1,15,,34169,7,,,1,15,,34170,7,,,1,55,,34171,7,,,1,15,,34172,7,,,1,15,,34173,7,,,1,15,,34174,7,,,1,55,,34175,7,,,1,15,,34176,7,,,1,15,,34177,7,,,1,15,,34178,7,,,1,55,,34179,7,,,1,15,,34180,7,,,1,15,,34181,7,,,1,15,,34182,7,,,1,55,,34183,7,,,1,15,,34185,7,,,1
18002100,'021R-Weekday-5-26-09',527,,34186,7,,,1,12,,34187,7,,,1,12,,34188,7,,,1,52,,34189,7,,,1,12,,34190,7,,,1,12,,34191,7,,,1,12,,34192,7,,,1,6,,34193,7,,,1,6,,34194,7,,,1,6,,34195,7,,,1,46,,34196,7,,,1,6,,34197,7,,,1,6,,34198,7,,,1,6,,34199,7,,,1,6,,34200,7,,,1,6,,34201,7,,,1,6,,34202,7,,,1,6,,34203,7,,,1,6,,34204,7,,,1,6,,34205,7,,,1,46,,34206,7,,,1,6,,34207,7,,,1,6,,34208,7,,,1,6,,34209,7,,,1,6,,34210,7,,,1,6,,34211,7,,,1,6,,34212,7,,,1,6,,34213,7,,,1,6,,34214,7,,,1,6,,34215,7,,,1,46,,34216,7,,,1,6,,34217,7,,,1,6,,34218,7,,,1,6,,34219,7,,,1,6,,34220,7,,,1,6,,34221,7,,,1,6,,34222,7,,,1,6,,34223,7,,,1,6,,34224,7,,,1,6,,34225,7,,,1,50,,34226,7,,,1,10,,34227,7,,,1,10,,34228,7,,,1,10,,34229,7,,,1,10,,34230,7,,,1,10,,34231,7,,,1,50,,34232,7,,,1,10,,34233,7,,,1,10,,34234,7,,,1,10,,34235,7,,,1,10,,34236,7,,,1,10,,34237,7,,,1,50,,34238,7,,,1,10,,34239,7,,,1,10,,34240,7,,,1,10,,34241,7,,,1,10,,34242,7,,,1,10,,34243,7,,,1,50,,34244,7,,,1,10,,34245,7,,,1,10,,34246,7,,,1,10,,34247,7,,,1,10,,34248,7,,,1,10,,34249,7,,,1,50,,34250,7,,,1,10,,34251,7,,,1,10,,34252,7,,,1,10,,34253,7,,,1,10,,34254,7,,,1,10,,34255,7,,,1,46,,34256,7,,,1,6,,34257,7,,,1,6,,34258,7,,,1,6,,34259,7,,,1,6,,34260,7,,,1,6,,34261,7,,,1,6,,34262,7,,,1,6,,34263,7,,,1,6,,34264,7,,,1,6,,34265,7,,,1,46,,34266,7,,,1,6,,34267,7,,,1,6,,34268,7,,,1,6,,34269,7,,,1,6,,34270,7,,,1,6,,34271,7,,,1,6,,34272,7,,,1,6,,34273,7,,,1,6,,34274,7,,,1,6,,34275,7,,,1,46,,34276,7,,,1,6,,34277,7,,,1,6,,34278,7,,,1,6,,34279,7,,,1,6,,34280,7,,,1,6,,34281,7,,,1,6,,34282,7,,,1,6,,34283,7,,,1,6,,34284,7,,,1,6,,34285,7,,,1,46,,34286,7,,,1,6,,34287,7,,,1,6,,34288,7,,,1,6,,34289,7,,,1,6,,34290,7,,,1,6,,34291,7,,,1,6,,34292,7,,,1,6,,34293,7,,,1,6,,34294,7,,,1,6,,34295,7,,,1,46,,34296,7,,,1,9,,34321,7,,,1,15,,34297,7,,,1,15,,34298,7,,,1,15,,34299,7,,,1,55,,34300,7,,,1,15,,34301,7,,,1,15,,34302,7,,,1,15,,34303,7,,,1,55,,34304,7,,,1,15,,34305,7,,,1,15,,34306,7,,,1,15,,34307,7,,,1,55,,34308,7,,,1,15,,34309,7,,,1,15,,34310,7,,,1,15,,34311,7,,,1,55,,34312,7,,,1,15,,34313,7,,,1,15,,34314,7,,,1,15,,34315,7,,,1,55,,34316,7,,,1,15,,34317,7,,,1,15,,34318,7,,,1,15,,34319,7,,,1,55,,34320,7,,,1,15,,34322,7,,,1
18002100,'021R-Weekday-6-26-09',527,,34323,7,,,1,12,,34324,7,,,1,12,,34325,7,,,1,52,,34326,7,,,1,12,,34327,7,,,1,12,,34328,7,,,1,12,,34329,7,,,1,6,,34330,7,,,1,6,,34331,7,,,1,6,,34332,7,,,1,46,,34333,7,,,1,6,,34334,7,,,1,6,,34335,7,,,1,6,,34336,7,,,1,6,,34337,7,,,1,6,,34338,7,,,1,6,,34339,7,,,1,6,,34340,7,,,1,6,,34341,7,,,1,6,,34342,7,,,1,46,,34343,7,,,1,6,,34344,7,,,1,6,,34345,7,,,1,6,,34346,7,,,1,6,,34347,7,,,1,6,,34348,7,,,1,6,,34349,7,,,1,6,,34350,7,,,1,6,,34351,7,,,1,6,,34352,7,,,1,46,,34353,7,,,1,6,,34354,7,,,1,6,,34355,7,,,1,6,,34356,7,,,1,6,,34357,7,,,1,6,,34358,7,,,1,6,,34359,7,,,1,6,,34360,7,,,1,6,,34361,7,,,1,6,,34362,7,,,1,50,,34363,7,,,1,10,,34364,7,,,1,10,,34365,7,,,1,10,,34366,7,,,1,10,,34367,7,,,1,10,,34368,7,,,1,50,,34369,7,,,1,10,,34370,7,,,1,10,,34371,7,,,1,10,,34372,7,,,1,10,,34373,7,,,1,10,,34374,7,,,1,50,,34375,7,,,1,10,,34376,7,,,1,10,,34377,7,,,1,10,,34378,7,,,1,10,,34379,7,,,1,10,,34380,7,,,1,50,,34381,7,,,1,10,,34382,7,,,1,10,,34383,7,,,1,10,,34384,7,,,1,10,,34385,7,,,1,10,,34386,7,,,1,50,,34387,7,,,1,10,,34388,7,,,1,10,,34389,7,,,1,10,,34390,7,,,1,10,,34391,7,,,1,10,,34392,7,,,1,46,,34393,7,,,1,6,,34394,7,,,1,6,,34395,7,,,1,6,,34396,7,,,1,6,,34397,7,,,1,6,,34398,7,,,1,6,,34399,7,,,1,6,,34400,7,,,1,6,,34401,7,,,1,6,,34402,7,,,1,46,,34403,7,,,1,6,,34404,7,,,1,6,,34405,7,,,1,6,,34406,7,,,1,6,,34407,7,,,1,6,,34408,7,,,1,6,,34409,7,,,1,6,,34410,7,,,1,6,,34411,7,,,1,6,,34412,7,,,1,46,,34413,7,,,1,6,,34414,7,,,1,6,,34415,7,,,1,6,,34416,7,,,1,6,,34417,7,,,1,6,,34418,7,,,1,6,,34419,7,,,1,6,,34420,7,,,1,6,,34421,7,,,1,6,,34422,7,,,1,46,,34423,7,,,1,6,,34424,7,,,1,6,,34425,7,,,1,6,,34426,7,,,1,6,,34427,7,,,1,6,,34428,7,,,1,6,,34429,7,,,1,6,,34430,7,,,1,6,,34431,7,,,1,6,,34432,7,,,1,46,,34433,7,,,1,9,,34458,7,,,1,15,,34434,7,,,1,15,,34435,7,,,1,15,,34436,7,,,1,55,,34437,7,,,1,15,,34438,7,,,1,15,,34439,7,,,1,15,,34440,7,,,1,55,,34441,7,,,1,15,,34442,7,,,1,15,,34443,7,,,1,15,,34444,7,,,1,55,,34445,7,,,1,15,,34446,7,,,1,15,,34447,7,,,1,15,,34448,7,,,1,55,,34449,7,,,1,15,,34450,7,,,1,15,,34451,7,,,1,15,,34452,7,,,1,55,,34453,7,,,1,15,,34454,7,,,1,15,,34455,7,,,1,15,,34456,7,,,1,55,,34457,7,,,1,15,,34459,7,,,1
18002100,'021R-Weekday-7-26-09',527,,34460,7,,,1,12,,34461,7,,,1,12,,34462,7,,,1,52,,34463,7,,,1,12,,34464,7,,,1,12,,34465,7,,,1,12,,34466,7,,,1,6,,34467,7,,,1,6,,34468,7,,,1,6,,34469,7,,,1,46,,34470,7,,,1,6,,34471,7,,,1,6,,34472,7,,,1,6,,34473,7,,,1,6,,34474,7,,,1,6,,34475,7,,,1,6,,34476,7,,,1,6,,34477,7,,,1,6,,34478,7,,,1,6,,34479,7,,,1,46,,34480,7,,,1,6,,34481,7,,,1,6,,34482,7,,,1,6,,34483,7,,,1,6,,34484,7,,,1,6,,34485,7,,,1,6,,34486,7,,,1,6,,34487,7,,,1,6,,34488,7,,,1,6,,34489,7,,,1,46,,34490,7,,,1,6,,34491,7,,,1,6,,34492,7,,,1,6,,34493,7,,,1,6,,34494,7,,,1,6,,34495,7,,,1,6,,34496,7,,,1,6,,34497,7,,,1,6,,34498,7,,,1,6,,34499,7,,,1,50,,34500,7,,,1,10,,34501,7,,,1,10,,34502,7,,,1,10,,34503,7,,,1,10,,34504,7,,,1,10,,34505,7,,,1,50,,34506,7,,,1,10,,34507,7,,,1,10,,34508,7,,,1,10,,34509,7,,,1,10,,34510,7,,,1,10,,34511,7,,,1,50,,34512,7,,,1,10,,34513,7,,,1,10,,34514,7,,,1,10,,34515,7,,,1,10,,34516,7,,,1,10,,34517,7,,,1,50,,34518,7,,,1,10,,34519,7,,,1,10,,34520,7,,,1,10,,34521,7,,,1,10,,34522,7,,,1,10,,34523,7,,,1,50,,34524,7,,,1,10,,34525,7,,,1,10,,34526,7,,,1,10,,34527,7,,,1,10,,34528,7,,,1,10,,34529,7,,,1,46,,34530,7,,,1,6,,34531,7,,,1,6,,34532,7,,,1,6,,34533,7,,,1,6,,34534,7,,,1,6,,34535,7,,,1,6,,34536,7,,,1,6,,34537,7,,,1,6,,34538,7,,,1,6,,34539,7,,,1,46,,34540,7,,,1,6,,34541,7,,,1,6,,34542,7,,,1,6,,34543,7,,,1,6,,34544,7,,,1,6,,34545,7,,,1,6,,34546,7,,,1,6,,34547,7,,,1,6,,34548,7,,,1,6,,34549,7,,,1,46,,34550,7,,,1,6,,34551,7,,,1,6,,34552,7,,,1,6,,34553,7,,,1,6,,34554,7,,,1,6,,34555,7,,,1,6,,34556,7,,,1,6,,34557,7,,,1,6,,34558,7,,,1,6,,34559,7,,,1,46,,34560,7,,,1,6,,34561,7,,,1,6,,34562,7,,,1,6,,34563,7,,,1,6,,34564,7,,,1,6,,34565,7,,,1,6,,34566,7,,,1,6,,34567,7,,,1,6,,34568,7,,,1,6,,34569,7,,,1,46,,34570,7,,,1,9,,34595,7,,,1,15,,34571,7,,,1,15,,34572,7,,,1,15,,34573,7,,,1,55,,34574,7,,,1,15,,34575,7,,,1,15,,34576,7,,,1,15,,34577,7,,,1,55,,34578,7,,,1,15,,34579,7,,,1,15,,34580,7,,,1,15,,34581,7,,,1,55,,34582,7,,,1,15,,34583,7,,,1,15,,34584,7,,,1,15,,34585,7,,,1,55,,34586,7,,,1,15,,34587,7,,,1,15,,34588,7,,,1,15,,34589,7,,,1,55,,34590,7,,,1,15,,34591,7,,,1,15,,34592,7,,,1,15,,34593,7,,,1,55,,34594,7,,,1,15,,34596,7,,,1
18002100,'021R-Saturday-1-26-09',527,,34597,7,,,1,15,,34598,7,,,1,15,,34599,7,,,1,55,,34600,7,,,1,15,,34601,7,,,1,15,,34602,7,,,1,15,,34603,7,,,1,55,,34604,7,,,1,15,,34605,7,,,1,15,,34606,7,,,1,15,,34607,7,,,1,55,,34608,7,,,1,15,,34609,7,,,1,15,,34610,7,,,1,15,,34611,7,,,1,55,,34612,7,,,1,15,,34613,7,,,1,15,,34614,7,,,1,15,,34615,7,,,1,55,,34616,7,,,1,15,,34617,7,,,1,15,,34618,7,,,1,15,,34619,7,,,1,55,,34620,7,,,1,15,,34621,7,,,1,15,,34622,7,,,1,15,,34623,7,,,1,55,,34624,7,,,1,15,,34625,7,,,1,15,,34626,7,,,1,15,,34627,7,,,1,55,,34628,7,,,1,15,,34629,7,,,1,15,,34630,7,,,1,15,,34631,7,,,1,55,,34632,7,,,1,15,,34633,7,,,1,15,,34634,7,,,1,15,,34635,7,,,1,55,,34636,7,,,1,15,,34637,7,,,1,15,,34638,7,,,1,15,,34639,7,,,1,55,,34640,7,,,1,15,,34641,7,,,1,15,,34642,7,,,1,15,,34643,7,,,1,55,,34644,7,,,1,15,,34645,7,,,1,15,,34646,7,,,1,15,,34647,7,,,1,55,,34648,7,,,1,15,,34649,7,,,1,15,,34650,7,,,1,15,,34651,7,,,1,55,,34652,7,,,1,15,,34653,7,,,1,15,,34654,7,,,1,15,,34655,7,,,1,55,,34656,7,,,1,15,,34657,7,,,1,15,,34658,7,,,1,15,,34659,7,,,1,55,,34660,7,,,1,15,,34661,7,,,1,15,,34662,7,,,1,15,,34663,7,,,1,55,,34664,7,,,1,15,,34665,7,,,1,15,,34666,7,,,1,15,,34667,7,,,1,55,,34668,7,,,1,15,,34669,7,,,1,15,,34670,7,,,1,15,,34671,7,,,1,55,,34672,7,,,1,15,,34673,7,,,1,15,,34674,7,,,1,15,,34675,7,,,1,55,,34676,7,,,1,15,,34677,7,,,1
18002100,'021R-Saturday-2-26-09',527,,34678,7,,,1,15,,34679,7,,,1,15,,34680,7,,,1,55,,34681,7,,,1,15,,34682,7,,,1,15,,34683,7,,,1,15,,34684,7,,,1,55,,34685,7,,,1,15,,34686,7,,,1,15,,34687,7,,,1,15,,34688,7,,,1,55,,34689,7,,,1,15,,34690,7,,,1,15,,34691,7,,,1,15,,34692,7,,,1,55,,34693,7,,,1,15,,34694,7,,,1,15,,34695,7,,,1,15,,34696,7,,,1,55,,34697,7,,,1,15,,34698,7,,,1,15,,34699,7,,,1,15,,34700,7,,,1,55,,34701,7,,,1,15,,34702,7,,,1,15,,34703,7,,,1,15,,34704,7,,,1,55,,34705,7,,,1,15,,34706,7,,,1,15,,34707,7,,,1,15,,34708,7,,,1,55,,34709,7,,,1,15,,34710,7,,,1,15,,34711,7,,,1,15,,34712,7,,,1,55,,34713,7,,,1,15,,34714,7,,,1,15,,34715,7,,,1,15,,34716,7,,,1,55,,34717,7,,,1,15,,34718,7,,,1,15,,34719,7,,,1,15,,34720,7,,,1,55,,34721,7,,,1,15,,34722,7,,,1,15,,34723,7,,,1,15,,34724,7,,,1,55,,34725,7,,,1,15,,34726,7,,,1,15,,34727,7,,,1,15,,34728,7,,,1,55,,34729,7,,,1,15,,34730,7,,,1,15,,34731,7,,,1,15,,34732,7,,,1,55,,34733,7,,,1,15,,34734,7,,,1,15,,34735,7,,,1,15,,34736,7,,,1,55,,34737,7,,,1,15,,34738,7,,,1,15,,34739,7,,,1,15,,34740,7,,,1,55,,34741,7,,,1,15,,34742,7,,,1,15,,34743,7,,,1,15,,34744,7,,,1,55,,34745,7,,,1,15,,34746,7,,,1,15,,34747,7,,,1,15,,34748,7,,,1,55,,34749,7,,,1,15,,34750,7,,,1,15,,34751,7,,,1,15,,34752,7,,,1,55,,34753,7,,,1,15,,34754,7,,,1,15,,34755,7,,,1,15,,34756,7,,,1,55,,34757,7,,,1,15,,34758,7,,,1
18002100,'021R-Sunday-1-26-09',557,,34759,7,,,1,55,,34760,7,,,1,15,,34761,7,,,1,15,,34762,7,,,1,15,,34763,7,,,1,55,,34764,7,,,1,15,,34765,7,,,1,15,,34766,7,,,1,15,,34767,7,,,1,55,,34768,7,,,1,15,,34769,7,,,1,15,,34770,7,,,1,15,,34771,7,,,1,55,,34772,7,,,1,15,,34773,7,,,1,15,,34774,7,,,1,15,,34775,7,,,1,55,,34776,7,,,1,15,,34777,7,,,1,15,,34778,7,,,1,15,,34779,7,,,1,55,,34780,7,,,1,15,,34781,7,,,1,15,,34782,7,,,1,15,,34783,7,,,1,55,,34784,7,,,1,15,,34785,7,,,1,15,,34786,7,,,1,15,,34787,7,,,1,55,,34788,7,,,1,15,,34789,7,,,1,15,,34790,7,,,1,15,,34791,7,,,1,55,,34792,7,,,1,15,,34793,7,,,1,15,,34794,7,,,1,15,,34795,7,,,1,55,,34796,7,,,1,15,,34797,7,,,1,15,,34798,7,,,1,15,,34799,7,,,1,55,,34800,7,,,1,15,,34801,7,,,1,15,,34802,7,,,1,15,,34803,7,,,1,55,,34804,7,,,1,15,,34805,7,,,1,15,,34806,7,,,1,15,,34807,7,,,1,55,,34808,7,,,1,15,,34809,7,,,1,15,,34810,7,,,1,15,,34811,7,,,1,55,,34812,7,,,1,15,,34813,7,,,1,15,,34814,7,,,1,15,,34815,7,,,1,55,,34816,7,,,1,15,,34817,7,,,1,15,,34818,7,,,1,15,,34819,7,,,1,55,,34820,7,,,1,15,,34821,7,,,1,15,,34822,7,,,1,15,,34823,7,,,1,55,,34824,7,,,1,15,,34825,7,,,1,15,,34826,7,,,1,15,,34827,7,,,1,55,,34828,7,,,1,15,,34829,7,,,1,15,,34830,7,,,1,15,,34831,7,,,1,55,,34832,7,,,1,15,,34833,7,,,1,15,,34834,7,,,1,15,,34835,7,,,1
18002100,'021R-Sunday-2-26-09',557,,34836,7,,,1,55,,34837,7,,,1,15,,34838,7,,,1,15,,34839,7,,,1,15,,34840,7,,,1,55,,34841,7,,,1,15,,34842,7,,,1,15,,34843,7,,,1,15,,34844,7,,,1,55,,34845,7,,,1,15,,34846,7,,,1,15,,34847,7,,,1,15,,34848,7,,,1,55,,34849,7,,,1,15,,34850,7,,,1,15,,34851,7,,,1,15,,34852,7,,,1,55,,34853,7,,,1,15,,34854,7,,,1,15,,34855,7,,,1,15,,34856,7,,,1,55,,34857,7,,,1,15,,34858,7,,,1,15,,34859,7,,,1,15,,34860,7,,,1,55,,34861,7,,,1,15,,34862,7,,,1,15,,34863,7,,,1,15,,34864,7,,,1,55,,34865,7,,,1,15,,34866,7,,,1,15,,34867,7,,,1,15,,34868,7,,,1,55,,34869,7,,,1,15,,34870,7,,,1,15,,34871,7,,,1,15,,34872,7,,,1,55,,34873,7,,,1,15,,34874,7,,,1,15,,34875,7,,,1,15,,34876,7,,,1,55,,34877,7,,,1,15,,34878,7,,,1,15,,34879,7,,,1,15,,34880,7,,,1,55,,34881,7,,,1,15,,34882,7,,,1,15,,34883,7,,,1,15,,34884,7,,,1,55,,34885,7,,,1,15,,34886,7,,,1,15,,34887,7,,,1,15,,34888,7,,,1,55,,34889,7,,,1,15,,34890,7,,,1,15,,34891,7,,,1,15,,34892,7,,,1,55,,34893,7,,,1,15,,34894,7,,,1,15,,34895,7,,,1,15,,34896,7,,,1,55,,34897,7,,,1,15,,34898,7,,,1,15,,34899,7,,,1,15,,34900,7,,,1,55,,34901,7,,,1,15,,34902,7,,,1,15,,34903,7,,,1,15,,34904,7,,,1,55,,34905,7,,,1,15,,34906,7,,,1,15,,34907,7,,,1,15,,34908,7,,,1,55,,34909,7,,,1,15,,34910,7,,,1,15,,34911,7,,,1,15,,34912,7,,,1
18002100,'021R-Sunday-4-26-09',557,,34913,7,,,1,55,,34914,7,,,1,15,,34915,7,,,1,15,,34916,7,,,1,15,,34917,7,,,1,55,,34918,7,,,1,15,,34919,7,,,1,15,,34920,7,,,1,15,,34921,7,,,1,55,,34922,7,,,1,15,,34923,7,,,1,15,,34924,7,,,1,15,,34925,7,,,1,55,,34926,7,,,1,15,,34927,7,,,1,15,,34928,7,,,1,15,,34929,7,,,1,55,,34930,7,,,1,15,,34931,7,,,1,15,,34932,7,,,1,15,,34933,7,,,1,55,,34934,7,,,1,15,,34935,7,,,1,15,,34936,7,,,1,15,,34937,7,,,1,55,,34938,7,,,1,15,,34939,7,,,1,15,,34940,7,,,1,15,,34941,7,,,1,55,,34942,7,,,1,15,,34943,7,,,1,15,,34944,7,,,1,15,,34945,7,,,1,55,,34946,7,,,1,15,,34947,7,,,1,15,,34948,7,,,1,15,,34949,7,,,1,55,,34950,7,,,1,15,,34951,7,,,1,15,,34952,7,,,1,15,,34953,7,,,1,55,,34954,7,,,1,15,,34955,7,,,1,15,,34956,7,,,1,15,,34957,7,,,1,55,,34958,7,,,1,15,,34959,7,,,1,15,,34960,7,,,1,15,,34961,7,,,1,55,,34962,7,,,1,15,,34963,7,,,1,15,,34964,7,,,1,15,,34965,7,,,1,55,,34966,7,,,1,15,,34967,7,,,1,15,,34968,7,,,1,15,,34969,7,,,1,55,,34970,7,,,1,15,,34971,7,,,1,15,,34972,7,,,1,15,,34973,7,,,1,55,,34974,7,,,1,15,,34975,7,,,1,15,,34976,7,,,1,15,,34977,7,,,1,55,,34978,7,,,1,15,,34979,7,,,1,15,,34980,7,,,1,15,,34981,7,,,1,55,,34982,7,,,1,15,,34983,7,,,1,15,,34984,7,,,1,15,,34985,7,,,1,55,,34986,7,,,1,15,,34987,7,,,1,15,,34988,7,,,1,15,,34989,7,,,1
18002200,'022R-Weekday-1-26-09',530,,36327,4,,,1,12,,36328,4,,,1,12,,36329,4,,,1,52,,36330,4,,,1,12,,36331,4,,,1,12,,36332,4,,,1,12,,36333,4,,,1,12,,36334,4,,,1,52,,36335,4,,,1,12,,36336,4,,,1,12,,36337,4,,,1,12,,36368,4,,,1,12,,36369,4,,,1,52,,36370,4,,,1,12,,36371,4,,,1,12,,36372,4,,,1,12,,36373,4,,,1,12,,36374,4,,,1,52,,36341,4,,,1,12,,36342,4,,,1,12,,36343,4,,,1,12,,36344,4,,,1,58,,36375,4,,,1,15,,36376,4,,,1,15,,36377,4,,,1,15,,36378,4,,,1,55,,36345,4,,,1,15,,36346,4,,,1,15,,36347,4,,,1,15,,36348,4,,,1,55,,36349,4,,,1,15,,36350,4,,,1,15,,36351,4,,,1,15,,36352,4,,,1,55,,36353,4,,,1,15,,36354,4,,,1,15,,36355,4,,,1,15,,36356,4,,,1,55,,36338,4,,,1,15,,36339,4,,,1,15,,36340,4,,,1,12,,36401,4,,,1,12,,36402,4,,,1,52,,36403,4,,,1,12,,36404,4,,,1,12,,36405,4,,,1,12,,36406,4,,,1,12,,36407,4,,,1,52,,36408,4,,,1,12,,36409,4,,,1,12,,36410,4,,,1,12,,36357,4,,,1,12,,36358,4,,,1,52,,36359,4,,,1,12,,36360,4,,,1,12,,36361,4,,,1,12,,36362,4,,,1,12,,36363,4,,,1,52,,36364,4,,,1,12,,36365,4,,,1,12,,36366,4,,,1,12,,36367,4,,,1,59,,36379,4,,,1,15,,36380,4,,,1,15,,36381,4,,,1,15,,36382,4,,,1,55,,36383,4,,,1,15,,36384,4,,,1,15,,36385,4,,,1,15,,36386,4,,,1,55,,36387,4,,,1,15,,36388,4,,,1,15,,36389,4,,,1,15,,36390,4,,,1,55,,36391,4,,,1,15,,36392,4,,,1,15,,36393,4,,,1,15,,36394,4,,,1,55,,36395,4,,,1,15,,36396,4,,,1,15,,36397,4,,,1,15,,36398,4,,,1,55,,36399,4,,,1,15,,36400,4,,,1,15,,36326,4,,,1
18002200,'022R-Weekday-3-26-09',530,,36497,4,,,1,12,,36498,4,,,1,12,,36499,4,,,1,52,,36500,4,,,1,12,,36501,4,,,1,12,,36502,4,,,1,12,,36503,4,,,1,12,,36504,4,,,1,52,,36505,4,,,1,12,,36506,4,,,1,12,,36507,4,,,1,12,,36538,4,,,1,12,,36539,4,,,1,52,,36540,4,,,1,12,,36541,4,,,1,12,,36542,4,,,1,12,,36543,4,,,1,12,,36544,4,,,1,52,,36511,4,,,1,12,,36512,4,,,1,12,,36513,4,,,1,12,,36514,4,,,1,58,,36545,4,,,1,15,,36546,4,,,1,15,,36547,4,,,1,15,,36548,4,,,1,55,,36515,4,,,1,15,,36516,4,,,1,15,,36517,4,,,1,15,,36518,4,,,1,55,,36519,4,,,1,15,,36520,4,,,1,15,,36521,4,,,1,15,,36522,4,,,1,55,,36523,4,,,1,15,,36524,4,,,1,15,,36525,4,,,1,15,,36526,4,,,1,55,,36508,4,,,1,15,,36509,4,,,1,15,,36510,4,,,1,12,,36571,4,,,1,12,,36572,4,,,1,52,,36573,4,,,1,12,,36574,4,,,1,12,,36575,4,,,1,12,,36576,4,,,1,12,,36577,4,,,1,52,,36578,4,,,1,12,,36579,4,,,1,12,,36580,4,,,1,12,,36527,4,,,1,12,,36528,4,,,1,52,,36529,4,,,1,12,,36530,4,,,1,12,,36531,4,,,1,12,,36532,4,,,1,12,,36533,4,,,1,52,,36534,4,,,1,12,,36535,4,,,1,12,,36536,4,,,1,12,,36537,4,,,1,59,,36549,4,,,1,15,,36550,4,,,1,15,,36551,4,,,1,15,,36552,4,,,1,55,,36553,4,,,1,15,,36554,4,,,1,15,,36555,4,,,1,15,,36556,4,,,1,55,,36557,4,,,1,15,,36558,4,,,1,15,,36559,4,,,1,15,,36560,4,,,1,55,,36561,4,,,1,15,,36562,4,,,1,15,,36563,4,,,1,15,,36564,4,,,1,55,,36565,4,,,1,15,,36566,4,,,1,15,,36567,4,,,1,15,,36568,4,,,1,55,,36569,4,,,1,15,,36570,4,,,1,15,,36496,4,,,1
18002200,'022R-Weekday-4-26-09',530,,36582,4,,,1,12,,36583,4,,,1,12,,36584,4,,,1,52,,36585,4,,,1,12,,36586,4,,,1,12,,36587,4,,,1,12,,36588,4,,,1,12,,36589,4,,,1,52,,36590,4,,,1,12,,36591,4,,,1,12,,36592,4,,,1,12,,36623,4,,,1,12,,36624,4,,,1,52,,36625,4,,,1,12,,36626,4,,,1,12,,36627,4,,,1,12,,36628,4,,,1,12,,36629,4,,,1,52,,36596,4,,,1,12,,36597,4,,,1,12,,36598,4,,,1,12,,36599,4,,,1,58,,36630,4,,,1,15,,36631,4,,,1,15,,36632,4,,,1,15,,36633,4,,,1,55,,36600,4,,,1,15,,36601,4,,,1,15,,36602,4,,,1,15,,36603,4,,,1,55,,36604,4,,,1,15,,36605,4,,,1,15,,36606,4,,,1,15,,36607,4,,,1,55,,36608,4,,,1,15,,36609,4,,,1,15,,36610,4,,,1,15,,36611,4,,,1,55,,36593,4,,,1,15,,36594,4,,,1,15,,36595,4,,,1,12,,36656,4,,,1,12,,36657,4,,,1,52,,36658,4,,,1,12,,36659,4,,,1,12,,36660,4,,,1,12,,36661,4,,,1,12,,36662,4,,,1,52,,36663,4,,,1,12,,36664,4,,,1,12,,36665,4,,,1,12,,36612,4,,,1,12,,36613,4,,,1,52,,36614,4,,,1,12,,36615,4,,,1,12,,36616,4,,,1,12,,36617,4,,,1,12,,36618,4,,,1,52,,36619,4,,,1,12,,36620,4,,,1,12,,36621,4,,,1,12,,36622,4,,,1,59,,36634,4,,,1,15,,36635,4,,,1,15,,36636,4,,,1,15,,36637,4,,,1,55,,36638,4,,,1,15,,36639,4,,,1,15,,36640,4,,,1,15,,36641,4,,,1,55,,36642,4,,,1,15,,36643,4,,,1,15,,36644,4,,,1,15,,36645,4,,,1,55,,36646,4,,,1,15,,36647,4,,,1,15,,36648,4,,,1,15,,36649,4,,,1,55,,36650,4,,,1,15,,36651,4,,,1,15,,36652,4,,,1,15,,36653,4,,,1,55,,36654,4,,,1,15,,36655,4,,,1,15,,36581,4,,,1
18002200,'022R-Weekday-5-26-09',530,,36667,4,,,1,12,,36668,4,,,1,12,,36669,4,,,1,52,,36670,4,,,1,12,,36671,4,,,1,12,,36672,4,,,1,12,,36673,4,,,1,12,,36674,4,,,1,52,,36675,4,,,1,12,,36676,4,,,1,12,,36677,4,,,1,12,,36708,4,,,1,12,,36709,4,,,1,52,,36710,4,,,1,12,,36711,4,,,1,12,,36712,4,,,1,12,,36713,4,,,1,12,,36714,4,,,1,52,,36681,4,,,1,12,,36682,4,,,1,12,,36683,4,,,1,12,,36684,4,,,1,58,,36715,4,,,1,15,,36716,4,,,1,15,,36717,4,,,1,15,,36718,4,,,1,55,,36685,4,,,1,15,,36686,4,,,1,15,,36687,4,,,1,15,,36688,4,,,1,55,,36689,4,,,1,15,,36690,4,,,1,15,,36691,4,,,1,15,,36692,4,,,1,55,,36693,4,,,1,15,,36694,4,,,1,15,,36695,4,,,1,15,,36696,4,,,1,55,,36678,4,,,1,15,,36679,4,,,1,15,,36680,4,,,1,12,,36741,4,,,1,12,,36742,4,,,1,52,,36743,4,,,1,12,,36744,4,,,1,12,,36745,4,,,1,12,,36746,4,,,1,12,,36747,4,,,1,52,,36748,4,,,1,12,,36749,4,,,1,12,,36750,4,,,1,12,,36697,4,,,1,12,,36698,4,,,1,52,,36699,4,,,1,12,,36700,4,,,1,12,,36701,4,,,1,12,,36702,4,,,1,12,,36703,4,,,1,52,,36704,4,,,1,12,,36705,4,,,1,12,,36706,4,,,1,12,,36707,4,,,1,59,,36719,4,,,1,15,,36720,4,,,1,15,,36721,4,,,1,15,,36722,4,,,1,55,,36723,4,,,1,15,,36724,4,,,1,15,,36725,4,,,1,15,,36726,4,,,1,55,,36727,4,,,1,15,,36728,4,,,1,15,,36729,4,,,1,15,,36730,4,,,1,55,,36731,4,,,1,15,,36732,4,,,1,15,,36733,4,,,1,15,,36734,4,,,1,55,,36735,4,,,1,15,,36736,4,,,1,15,,36737,4,,,1,15,,36738,4,,,1,55,,36739,4,,,1,15,,36740,4,,,1,15,,36666,4,,,1
18002200,'022R-Weekday-6-26-09',530,,36752,4,,,1,12,,36753,4,,,1,12,,36754,4,,,1,52,,36755,4,,,1,12,,36756,4,,,1,12,,36757,4,,,1,12,,36758,4,,,1,12,,36759,4,,,1,52,,36760,4,,,1,12,,36761,4,,,1,12,,36762,4,,,1,12,,36793,4,,,1,12,,36794,4,,,1,52,,36795,4,,,1,12,,36796,4,,,1,12,,36797,4,,,1,12,,36798,4,,,1,12,,36799,4,,,1,52,,36766,4,,,1,12,,36767,4,,,1,12,,36768,4,,,1,12,,36769,4,,,1,58,,36800,4,,,1,15,,36801,4,,,1,15,,36802,4,,,1,15,,36803,4,,,1,55,,36770,4,,,1,15,,36771,4,,,1,15,,36772,4,,,1,15,,36773,4,,,1,55,,36774,4,,,1,15,,36775,4,,,1,15,,36776,4,,,1,15,,36777,4,,,1,55,,36778,4,,,1,15,,36779,4,,,1,15,,36780,4,,,1,15,,36781,4,,,1,55,,36763,4,,,1,15,,36764,4,,,1,15,,36765,4,,,1,12,,36826,4,,,1,12,,36827,4,,,1,52,,36828,4,,,1,12,,36829,4,,,1,12,,36830,4,,,1,12,,36831,4,,,1,12,,36832,4,,,1,52,,36833,4,,,1,12,,36834,4,,,1,12,,36835,4,,,1,12,,36782,4,,,1,12,,36783,4,,,1,52,,36784,4,,,1,12,,36785,4,,,1,12,,36786,4,,,1,12,,36787,4,,,1,12,,36788,4,,,1,52,,36789,4,,,1,12,,36790,4,,,1,12,,36791,4,,,1,12,,36792,4,,,1,59,,36804,4,,,1,15,,36805,4,,,1,15,,36806,4,,,1,15,,36807,4,,,1,55,,36808,4,,,1,15,,36809,4,,,1,15,,36810,4,,,1,15,,36811,4,,,1,55,,36812,4,,,1,15,,36813,4,,,1,15,,36814,4,,,1,15,,36815,4,,,1,55,,36816,4,,,1,15,,36817,4,,,1,15,,36818,4,,,1,15,,36819,4,,,1,55,,36820,4,,,1,15,,36821,4,,,1,15,,36822,4,,,1,15,,36823,4,,,1,55,,36824,4,,,1,15,,36825,4,,,1,15,,36751,4,,,1
18002200,'022R-Weekday-7-26-09',530,,36837,4,,,1,12,,36838,4,,,1,12,,36839,4,,,1,52,,36840,4,,,1,12,,36841,4,,,1,12,,36842,4,,,1,12,,36843,4,,,1,12,,36844,4,,,1,52,,36845,4,,,1,12,,36846,4,,,1,12,,36847,4,,,1,12,,36878,4,,,1,12,,36879,4,,,1,52,,36880,4,,,1,12,,36881,4,,,1,12,,36882,4,,,1,12,,36883,4,,,1,12,,36884,4,,,1,52,,36851,4,,,1,12,,36852,4,,,1,12,,36853,4,,,1,12,,36854,4,,,1,58,,36885,4,,,1,15,,36886,4,,,1,15,,36887,4,,,1,15,,36888,4,,,1,55,,36855,4,,,1,15,,36856,4,,,1,15,,36857,4,,,1,15,,36858,4,,,1,55,,36859,4,,,1,15,,36860,4,,,1,15,,36861,4,,,1,15,,36862,4,,,1,55,,36863,4,,,1,15,,36864,4,,,1,15,,36865,4,,,1,15,,36866,4,,,1,55,,36848,4,,,1,15,,36849,4,,,1,15,,36850,4,,,1,12,,36911,4,,,1,12,,36912,4,,,1,52,,36913,4,,,1,12,,36914,4,,,1,12,,36915,4,,,1,12,,36916,4,,,1,12,,36917,4,,,1,52,,36918,4,,,1,12,,36919,4,,,1,12,,36920,4,,,1,12,,36867,4,,,1,12,,36868,4,,,1,52,,36869,4,,,1,12,,36870,4,,,1,12,,36871,4,,,1,12,,36872,4,,,1,12,,36873,4,,,1,52,,36874,4,,,1,12,,36875,4,,,1,12,,36876,4,,,1,12,,36877,4,,,1,59,,36889,4,,,1,15,,36890,4,,,1,15,,36891,4,,,1,15,,36892,4,,,1,55,,36893,4,,,1,15,,36894,4,,,1,15,,36895,4,,,1,15,,36896,4,,,1,55,,36897,4,,,1,15,,36898,4,,,1,15,,36899,4,,,1,15,,36900,4,,,1,55,,36901,4,,,1,15,,36902,4,,,1,15,,36903,4,,,1,15,,36904,4,,,1,55,,36905,4,,,1,15,,36906,4,,,1,15,,36907,4,,,1,15,,36908,4,,,1,55,,36909,4,,,1,15,,36910,4,,,1,15,,36836,4,,,1
18002200,'022R-Saturday-1-26-09',530,,36921,4,,,1,15,,36922,4,,,1,55,,36923,4,,,1,15,,36924,4,,,1,15,,36925,4,,,1,15,,36926,4,,,1,55,,36927,4,,,1,15,,36928,4,,,1,15,,36929,4,,,1,15,,36930,4,,,1,55,,36931,4,,,1,15,,36932,4,,,1,15,,36933,4,,,1,15,,36934,4,,,1,55,,36935,4,,,1,15,,36936,4,,,1,15,,36937,4,,,1,15,,36938,4,,,1,55,,36939,4,,,1,15,,36940,4,,,1,15,,36941,4,,,1,15,,36942,4,,,1,55,,36943,4,,,1,15,,36944,4,,,1,15,,36945,4,,,1,15,,36946,4,,,1,55,,36947,4,,,1,15,,36948,4,,,1,15,,36949,4,,,1,15,,36950,4,,,1,55,,36951,4,,,1,15,,36952,4,,,1,15,,36953,4,,,1,15,,36954,4,,,1,55,,36955,4,,,1,15,,36956,4,,,1,15,,36957,4,,,1,15,,36958,4,,,1,55,,36959,4,,,1,15,,36960,4,,,1,15,,36961,4,,,1,15,,36962,4,,,1,55,,36963,4,,,1,15,,36964,4,,,1,15,,36965,4,,,1,15,,36966,4,,,1,55,,36967,4,,,1,15,,36968,4,,,1,15,,36969,4,,,1,15,,36970,4,,,1,55,,36971,4,,,1,15,,36972,4,,,1,15,,36973,4,,,1,15,,36974,4,,,1,55,,36975,4,,,1,15,,36976,4,,,1,15,,36977,4,,,1,15,,36978,4,,,1,55,,36979,4,,,1,15,,36980,4,,,1,15,,36981,4,,,1,15,,36982,4,,,1,55,,36983,4,,,1,15,,36984,4,,,1,15,,36985,4,,,1,15,,36986,4,,,1,55,,36987,4,,,1,15,,36988,4,,,1,15,,36989,4,,,1,15,,36990,4,,,1,55,,36991,4,,,1,15,,36992,4,,,1,15,,36993,4,,,1,15,,36994,4,,,1,55,,36995,4,,,1,15,,36996,4,,,1,15,,36997,4,,,1
18002200,'022R-Saturday-2-26-09',527,,36998,7,,,1,15,,36999,7,,,1,15,,37014,7,,,1,55,,37029,7,,,1,15,,37047,7,,,1,15,,37030,7,,,1,15,,37010,7,,,1,55,,37041,7,,,1,15,,37056,7,,,1,15,,37040,7,,,1,15,,37025,7,,,1,55,,37057,7,,,1,15,,37031,7,,,1,15,,37073,7,,,1,15,,37000,7,,,1,55,,37016,7,,,1,15,,37072,7,,,1,15,,37062,7,,,1,15,,37076,7,,,1,55,,37012,7,,,1,15,,37046,7,,,1,15,,37019,7,,,1,15,,37059,7,,,1,55,,37009,7,,,1,15,,37027,7,,,1,15,,37043,7,,,1,15,,37024,7,,,1,55,,37006,7,,,1,15,,37068,7,,,1,15,,37021,7,,,1,15,,37077,7,,,1,55,,37053,7,,,1,15,,37069,7,,,1,15,,37036,7,,,1,15,,37005,7,,,1,55,,37052,7,,,1,15,,37054,7,,,1,15,,37022,7,,,1,15,,37038,7,,,1,55,,37003,7,,,1,15,,37070,7,,,1,15,,37034,7,,,1,15,,37026,7,,,1,55,,37039,7,,,1,15,,37008,7,,,1,15,,37023,7,,,1,15,,37055,7,,,1,55,,37071,7,,,1,15,,37037,7,,,1,15,,37050,7,,,1,15,,37078,7,,,1,55,,37074,7,,,1,15,,37058,7,,,1,15,,37049,7,,,1,15,,37064,7,,,1,55,,37042,7,,,1,15,,37011,7,,,1,15,,37015,7,,,1,15,,37066,7,,,1,55,,37004,7,,,1,15,,37020,7,,,1,15,,37035,7,,,1,15,,37051,7,,,1,55,,37067,7,,,1,15,,37033,7,,,1,15,,37001,7,,,1,15,,37017,7,,,1,55,,37065,7,,,1,15,,37002,7,,,1,15,,37018,7,,,1,15,,37032,7,,,1,55,,37048,7,,,1,15,,37045,7,,,1,15,,37061,7,,,1,15,,37007,7,,,1,55,,37013,7,,,1,15,,37028,7,,,1,15,,37044,7,,,1,15,,37075,7,,,1,55,,37060,7,,,1,15,,37063,7,,,1
18002200,'022R-Saturday-3-26-09',520,,37086,1,0,5 6 7 8,1,15,,37131,1,0,5 6 7 8,1,15,,37096,1,0,5 6 7 8,1,55,,37080,1,0,5 6 7 8,1,15,,37122,1,0,5 6 7 8,1,15,,37090,1,0,5 6 7 8,1,15,,37102,1,0,5 6 7 8,1,55,,37138,1,0,5 6 7 8,1,15,,37092,1,0,5 6 7 8,1,15,,37154,1,0,5 6 7 8,1,15,,37140,1,0,5 6 7 8,1,55,,37083,1,0,5 6 7 8,1,15,,37108,1,0,5 6 7 8,1,15,,37124,1,0,5 6 7 8,1,15,,37128,1,0,5 6 7 8,1,55,,37112,1,0,5 6 7 8,1,15,,37144,1,0,5 6 7 8,1,15,,37115,1,0,5 6 7 8,1,15,,37126,1,0,5 6 7 8,1,55,,37098,1,0,5 6 7 8,1,15,,37142,1,0,5 6 7 8,1,15,,37094,1,0,5 6 7 8,1,15,,37125,1,0,5 6 7 8,1,55,,37093,1,0,5 6 7 8,1,15,,37109,1,0,5 6 7 8,1,15,,37155,1,0,5 6 7 8,1,15,,37110,1,0,5 6 7 8,1,55,,37104,1,0,5 6 7 8,1,15,,37136,1,0,5 6 7 8,1,15,,37091,1,0,5 6 7 8,1,15,,37107,1,0,5 6 7 8,1,55,,37088,1,0,5 6 7 8,1,15,,37123,1,0,5 6 7 8,1,15,,37120,1,0,5 6 7 8,1,15,,37139,1,0,5 6 7 8,1,55,,37141,1,0,5 6 7 8,1,15,,37127,1,0,5 6 7 8,1,15,,37111,1,0,5 6 7 8,1,15,,37143,1,0,5 6 7 8,1,55,,37095,1,0,5 6 7 8,1,15,,37079,1,0,5 6 7 8,1,15,,37135,1,0,5 6 7 8,1,15,,37153,1,0,5 6 7 8,1,55,,37105,1,0,5 6 7 8,1,15,,37087,1,0,5 6 7 8,1,15,,37121,1,0,5 6 7 8,1,15,,37084,1,0,5 6 7 8,1,55,,37151,1,0,5 6 7 8,1,15,,37119,1,0,5 6 7 8,1,15,,37137,1,0,5 6 7 8,1,15,,37103,1,0,5 6 7 8,1,55,,37089,1,0,5 6 7 8,1,15,,37150,1,0,5 6 7 8,1,15,,37100,1,0,5 6 7 8,1,15,,37132,1,0,5 6 7 8,1,55,,37116,1,0,5 6 7 8,1,15,,37148,1,0,5 6 7 8,1,15,,37099,1,0,5 6 7 8,1,15,,37085,1,0,5 6 7 8,1,55,,37118,1,0,5 6 7 8,1,15,,37082,1,0,5 6 7 8,1,15,,37134,1,0,5 6 7 8,1,15,,37101,1,0,5 6 7 8,1,55,,37117,1,0,5 6 7 8,1,15,,37133,1,0,5 6 7 8,1,15,,37149,1,0,5 6 7 8,1,15,,37113,1,0,5 6 7 8,1,55,,37152,1,0,5 6 7 8,1,15,,37114,1,0,5 6 7 8,1,15,,37106,1,0,5 6 7 8,1,15,,37145,1,0,5 6 7 8,1,55,,37097,1,0,5 6 7 8,1,15,,37081,1,0,5 6 7 8,1,15,,37147,1,0,5 6 7 8,1,15,,37146,1,0,5 6 7 8,1,55,,37130,1,0,5 6 7 8,1,15,,37129,1,0,5 6 7 8,1
18002200,'022R-Saturday-4-26-09',533,,37216,1,0,5 6 7 8,1,15,,37212,1,0,5 6 7 8,1,55,,37208,1,0,5 6 7 8,1,15,,37232,1,0,5 6 7 8,1,15,,37221,1,0,5 6 7 8,1,15,,37191,1,0,5 6 7 8,1,55,,37202,1,0,5 6 7 8,1,15,,37198,1,0,5 6 7 8,1,15,,37201,1,0,5 6 7 8,1,15,,37194,1,0,5 6 7 8,1,55,,37209,1,0,5 6 7 8,1,15,,37190,1,0,5 6 7 8,1,15,,37229,1,0,5 6 7 8,1,15,,37197,1,0,5 6 7 8,1,55,,37225,1,0,5 6 7 8,1,15,,37217,1,0,5 6 7 8,1,15,,37213,1,0,5 6 7 8,1,15,,37205,1,0,5 6 7 8,1,55,,37218,1,0,5 6 7 8,1,15,,37214,1,0,5 6 7 8,1,15,,37210,1,0,5 6 7 8,1,15,,37206,1,0,5 6 7 8,1,55,,37228,1,0,5 6 7 8,1,15,,37222,1,0,5 6 7 8,1,15,,37230,1,0,5 6 7 8,1,15,,37193,1,0,5 6 7 8,1,55,,37226,1,0,5 6 7 8,1,15,,37196,1,0,5 6 7 8,1,15,,37192,1,0,5 6 7 8,1,15,,37231,1,0,5 6 7 8,1,55,,37227,1,0,5 6 7 8,1,15,,37211,1,0,5 6 7 8,1,15,,37207,1,0,5 6 7 8,1,15,,37215,1,0,5 6 7 8,1,55,,37204,1,0,5 6 7 8,1,15,,37200,1,0,5 6 7 8,1,15,,37219,1,0,5 6 7 8,1,15,,37199,1,0,5 6 7 8,1,55,,37203,1,0,5 6 7 8,1,15,,37195,1,0,5 6 7 8,1,15,,37223,1,0,5 6 7 8,1,15,,37224,1,0,5 6 7 8,1,55,,37220,1,0,5 6 7 8,1,12,,37156,4,,,1,15,,37157,4,,,1,15,,37158,4,,,1,55,,37159,4,,,1,15,,37160,4,,,1,15,,37161,4,,,1,15,,37162,4,,,1,55,,37163,4,,,1,15,,37164,4,,,1,15,,37165,4,,,1,15,,37166,4,,,1,55,,37167,4,,,1,15,,37168,4,,,1,15,,37169,4,,,1,15,,37170,4,,,1,55,,37171,4,,,1,15,,37172,4,,,1,15,,37173,4,,,1,15,,37174,4,,,1,55,,37175,4,,,1,15,,37176,4,,,1,15,,37177,4,,,1,15,,37178,4,,,1,55,,37179,4,,,1,15,,37180,4,,,1,15,,37181,4,,,1,15,,37182,4,,,1,55,,37183,4,,,1,15,,37184,4,,,1,15,,37185,4,,,1,15,,37186,4,,,1,55,,37187,4,,,1,15,,37188,4,,,1,15,,37189,4,,,1
18002200,'022R-Sunday-1-26-09',545,,37233,4,,,1,55,,37234,4,,,1,15,,37235,4,,,1,15,,37236,4,,,1,15,,37237,4,,,1,55,,37238,4,,,1,15,,37239,4,,,1,15,,37240,4,,,1,15,,37241,4,,,1,55,,37242,4,,,1,15,,37243,4,,,1,15,,37244,4,,,1,15,,37245,4,,,1,55,,37246,4,,,1,15,,37247,4,,,1,15,,37248,4,,,1,15,,37249,4,,,1,55,,37250,4,,,1,15,,37251,4,,,1,15,,37252,4,,,1,15,,37253,4,,,1,55,,37254,4,,,1,15,,37255,4,,,1,15,,37256,4,,,1,15,,37257,4,,,1,55,,37258,4,,,1,15,,37259,4,,,1,15,,37260,4,,,1,15,,37261,4,,,1,55,,37262,4,,,1,15,,37263,4,,,1,15,,37264,4,,,1,15,,37265,4,,,1,55,,37266,4,,,1,15,,37267,4,,,1,15,,37268,4,,,1,15,,37269,4,,,1,55,,37270,4,,,1,15,,37271,4,,,1,15,,37272,4,,,1,15,,37273,4,,,1,55,,37274,4,,,1,15,,37275,4,,,1,15,,37276,4,,,1,15,,37277,4,,,1,55,,37278,4,,,1,15,,37279,4,,,1,15,,37280,4,,,1,15,,37281,4,,,1,55,,37282,4,,,1,15,,37283,4,,,1,15,,37284,4,,,1,15,,37285,4,,,1,55,,37286,4,,,1,15,,37287,4,,,1,15,,37288,4,,,1,15,,37289,4,,,1,55,,37290,4,,,1,15,,37291,4,,,1,15,,37292,4,,,1,15,,37293,4,,,1,55,,37294,4,,,1,15,,37295,4,,,1,15,,37296,4,,,1,15,,37297,4,,,1,55,,37298,4,,,1,15,,37299,4,,,1,15,,37300,4,,,1,15,,37301,4,,,1,55,,37302,4,,,1,15,,37303,4,,,1,15,,37304,4,,,1,15,,37305,4,,,1
18002200,'022R-Sunday-2-26-09',557,,37377,7,,,1,55,,37378,7,,,1,15,,37379,7,,,1,15,,37380,7,,,1,15,,37348,7,,,1,55,,37363,7,,,1,15,,37309,7,,,1,15,,37320,7,,,1,15,,37335,7,,,1,55,,37332,7,,,1,15,,37349,7,,,1,15,,37334,7,,,1,15,,37362,7,,,1,55,,37361,7,,,1,15,,37364,7,,,1,15,,37316,7,,,1,15,,37374,7,,,1,55,,37359,7,,,1,15,,37347,7,,,1,15,,37325,7,,,1,15,,37331,7,,,1,55,,37376,7,,,1,15,,37318,7,,,1,15,,37346,7,,,1,15,,37344,7,,,1,55,,37313,7,,,1,15,,37373,7,,,1,15,,37315,7,,,1,15,,37351,7,,,1,55,,37339,7,,,1,15,,37323,7,,,1,15,,37370,7,,,1,15,,37357,7,,,1,55,,37336,7,,,1,15,,37329,7,,,1,15,,37371,7,,,1,15,,37310,7,,,1,55,,37356,7,,,1,15,,37314,7,,,1,15,,37360,7,,,1,15,,37338,7,,,1,55,,37354,7,,,1,15,,37308,7,,,1,15,,37353,7,,,1,15,,37330,7,,,1,55,,37366,7,,,1,15,,37367,7,,,1,15,,37312,7,,,1,15,,37321,7,,,1,55,,37326,7,,,1,15,,37328,7,,,1,15,,37327,7,,,1,15,,37324,7,,,1,55,,37368,7,,,1,15,,37341,7,,,1,15,,37343,7,,,1,15,,37358,7,,,1,55,,37372,7,,,1,15,,37311,7,,,1,15,,37307,7,,,1,15,,37345,7,,,1,55,,37342,7,,,1,15,,37375,7,,,1,15,,37317,7,,,1,15,,37369,7,,,1,55,,37350,7,,,1,15,,37355,7,,,1,15,,37365,7,,,1,15,,37319,7,,,1,55,,37306,7,,,1,15,,37322,7,,,1,15,,37337,7,,,1,15,,37340,7,,,1,55,,37333,7,,,1,15,,37352,7,,,1
18002200,'022R-Sunday-3-26-09',550,,37381,1,0,5 6 7 8,1,55,,37382,1,0,5 6 7 8,1,15,,37383,1,0,5 6 7 8,1,15,,37384,1,0,5 6 7 8,1,15,,37385,1,0,5 6 7 8,1,55,,37386,1,0,5 6 7 8,1,15,,37387,1,0,5 6 7 8,1,15,,37388,1,0,5 6 7 8,1,15,,37389,1,0,5 6 7 8,1,55,,37390,1,0,5 6 7 8,1,15,,37391,1,0,5 6 7 8,1,15,,37392,1,0,5 6 7 8,1,15,,37393,1,0,5 6 7 8,1,55,,37394,1,0,5 6 7 8,1,15,,37395,1,0,5 6 7 8,1,15,,37396,1,0,5 6 7 8,1,15,,37397,1,0,5 6 7 8,1,55,,37398,1,0,5 6 7 8,1,15,,37399,1,0,5 6 7 8,1,15,,37400,1,0,5 6 7 8,1,15,,37401,1,0,5 6 7 8,1,55,,37402,1,0,5 6 7 8,1,15,,37403,1,0,5 6 7 8,1,15,,37404,1,0,5 6 7 8,1,15,,37405,1,0,5 6 7 8,1,55,,37406,1,0,5 6 7 8,1,15,,37407,1,0,5 6 7 8,1,15,,37408,1,0,5 6 7 8,1,15,,37409,1,0,5 6 7 8,1,55,,37410,1,0,5 6 7 8,1,15,,37411,1,0,5 6 7 8,1,15,,37412,1,0,5 6 7 8,1,15,,37413,1,0,5 6 7 8,1,55,,37414,1,0,5 6 7 8,1,15,,37415,1,0,5 6 7 8,1,15,,37416,1,0,5 6 7 8,1,15,,37417,1,0,5 6 7 8,1,55,,37418,1,0,5 6 7 8,1,15,,37419,1,0,5 6 7 8,1,15,,37420,1,0,5 6 7 8,1,15,,37421,1,0,5 6 7 8,1,55,,37422,1,0,5 6 7 8,1,15,,37423,1,0,5 6 7 8,1,15,,37424,1,0,5 6 7 8,1,15,,37425,1,0,5 6 7 8,1,55,,37426,1,0,5 6 7 8,1,15,,37427,1,0,5 6 7 8,1,15,,37428,1,0,5 6 7 8,1,15,,37429,1,0,5 6 7 8,1,55,,37430,1,0,5 6 7 8,1,15,,37431,1,0,5 6 7 8,1,15,,37432,1,0,5 6 7 8,1,15,,37433,1,0,5 6 7 8,1,55,,37434,1,0,5 6 7 8,1,15,,37435,1,0,5 6 7 8,1,15,,37436,1,0,5 6 7 8,1,15,,37437,1,0,5 6 7 8,1,55,,37438,1,0,5 6 7 8,1,15,,37439,1,0,5 6 7 8,1,15,,37440,1,0,5 6 7 8,1,15,,37441,1,0,5 6 7 8,1,55,,37442,1,0,5 6 7 8,1,15,,37443,1,0,5 6 7 8,1,15,,37444,1,0,5 6 7 8,1,15,,37445,1,0,5 6 7 8,1,55,,37446,1,0,5 6 7 8,1,15,,37447,1,0,5 6 7 8,1,15,,37448,1,0,5 6 7 8,1,15,,37449,1,0,5 6 7 8,1,55,,37450,1,0,5 6 7 8,1,15,,37451,1,0,5 6 7 8,1,15,,37452,1,0,5 6 7 8,1
18002200,'022R-Sunday-5-26-09',550,,37453,1,0,5 6 7 8,1,55,,37454,1,0,5 6 7 8,1,15,,37455,1,0,5 6 7 8,1,15,,37456,1,0,5 6 7 8,1,15,,37457,1,0,5 6 7 8,1,55,,37458,1,0,5 6 7 8,1,15,,37459,1,0,5 6 7 8,1,15,,37460,1,0,5 6 7 8,1,15,,37461,1,0,5 6 7 8,1,55,,37462,1,0,5 6 7 8,1,15,,37463,1,0,5 6 7 8,1,15,,37464,1,0,5 6 7 8,1,15,,37465,1,0,5 6 7 8,1,55,,37466,1,0,5 6 7 8,1,15,,37467,1,0,5 6 7 8,1,15,,37468,1,0,5 6 7 8,1,15,,37469,1,0,5 6 7 8,1,55,,37470,1,0,5 6 7 8,1,15,,37471,1,0,5 6 7 8,1,15,,37472,1,0,5 6 7 8,1,15,,37473,1,0,5 6 7 8,1,55,,37474,1,0,5 6 7 8,1,15,,37475,1,0,5 6 7 8,1,15,,37476,1,0,5 6 7 8,1,15,,37477,1,0,5 6 7 8,1,55,,37478,1,0,5 6 7 8,1,15,,37479,1,0,5 6 7 8,1,15,,37480,1,0,5 6 7 8,1,15,,37481,1,0,5 6 7 8,1,55,,37482,1,0,5 6 7 8,1,15,,37483,1,0,5 6 7 8,1,15,,37484,1,0,5 6 7 8,1,15,,37485,1,0,5 6 7 8,1,55,,37486,1,0,5 6 7 8,1,15,,37487,1,0,5 6 7 8,1,15,,37488,1,0,5 6 7 8,1,15,,37489,1,0,5 6 7 8,1,55,,37490,1,0,5 6 7 8,1,15,,37491,1,0,5 6 7 8,1,15,,37492,1,0,5 6 7 8,1,15,,37493,1,0,5 6 7 8,1,55,,37494,1,0,5 6 7 8,1,15,,37495,1,0,5 6 7 8,1,15,,37496,1,0,5 6 7 8,1,15,,37497,1,0,5 6 7 8,1,55,,37498,1,0,5 6 7 8,1,15,,37499,1,0,5 6 7 8,1,15,,37500,1,0,5 6 7 8,1,15,,37501,1,0,5 6 7 8,1,55,,37502,1,0,5 6 7 8,1,15,,37503,1,0,5 6 7 8,1,15,,37504,1,0,5 6 7 8,1,15,,37505,1,0,5 6 7 8,1,55,,37506,1,0,5 6 7 8,1,15,,37507,1,0,5 6 7 8,1,15,,37508,1,0,5 6 7 8,1,15,,37509,1,0,5 6 7 8,1,55,,37510,1,0,5 6 7 8,1,15,,37511,1,0,5 6 7 8,1,15,,37512,1,0,5 6 7 8,1,15,,37513,1,0,5 6 7 8,1,55,,37514,1,0,5 6 7 8,1,15,,37515,1,0,5 6 7 8,1,15,,37516,1,0,5 6 7 8,1,15,,37517,1,0,5 6 7 8,1,55,,37518,1,0,5 6 7 8,1,15,,37519,1,0,5 6 7 8,1,15,,37520,1,0,5 6 7 8,1,15,,37521,1,0,5 6 7 8,1,55,,37522,1,0,5 6 7 8,1,15,,37523,1,0,5 6 7 8,1,15,,37524,1,0,5 6 7 8,1
18002200,'022R-Sunday-6-26-09',545,,37547,1,0,5 6 7 8,1,55,,37548,1,0,5 6 7 8,1,15,,37549,1,0,5 6 7 8,1,15,,37550,1,0,5 6 7 8,1,15,,37551,1,0,5 6 7 8,1,55,,37552,1,0,5 6 7 8,1,15,,37553,1,0,5 6 7 8,1,15,,37554,1,0,5 6 7 8,1,15,,37555,1,0,5 6 7 8,1,55,,37556,1,0,5 6 7 8,1,15,,37557,1,0,5 6 7 8,1,15,,37558,1,0,5 6 7 8,1,15,,37559,1,0,5 6 7 8,1,55,,37560,1,0,5 6 7 8,1,15,,37561,1,0,5 6 7 8,1,15,,37562,1,0,5 6 7 8,1,15,,37563,1,0,5 6 7 8,1,55,,37564,1,0,5 6 7 8,1,15,,37565,1,0,5 6 7 8,1,15,,37566,1,0,5 6 7 8,1,15,,37567,1,0,5 6 7 8,1,55,,37568,1,0,5 6 7 8,1,15,,37569,1,0,5 6 7 8,1,15,,37570,1,0,5 6 7 8,1,15,,37571,1,0,5 6 7 8,1,55,,37572,1,0,5 6 7 8,1,15,,37573,1,0,5 6 7 8,1,15,,37574,1,0,5 6 7 8,1,15,,37575,1,0,5 6 7 8,1,55,,37576,1,0,5 6 7 8,1,15,,37577,1,0,5 6 7 8,1,15,,37578,1,0,5 6 7 8,1,15,,37579,1,0,5 6 7 8,1,55,,37580,1,0,5 6 7 8,1,15,,37581,1,0,5 6 7 8,1,15,,37582,1,0,5 6 7 8,1,15,,37583,1,0,5 6 7 8,1,55,,37584,1,0,5 6 7 8,1,15,,37585,1,0,5 6 7 8,1,15,,37586,1,0,5 6 7 8,1,15,,37587,1,0,5 6 7 8,1,55,,37588,1,0,5 6 7 8,1,15,,37589,1,0,5 6 7 8,1,15,,37590,1,0,5 6 7 8,1,15,,37591,1,0,5 6 7 8,1,55,,37592,1,0,5 6 7 8,1,15,,37593,1,0,5 6 7 8,1,15,,37594,1,0,5 6 7 8,1,15,,37595,1,0,5 6 7 8,1,55,,37596,1,0,5 6 7 8,1,15,,37597,1,0,5 6 7 8,1,15,,37525,4,,,1,15,,37526,4,,,1,55,,37527,4,,,1,15,,37528,4,,,1,15,,37529,4,,,1,15,,37530,4,,,1,55,,37531,4,,,1,15,,37532,4,,,1,15,,37533,4,,,1,15,,37534,4,,,1,55,,37535,4,,,1,15,,37536,4,,,1,15,,37537,4,,,1,15,,37538,4,,,1,55,,37539,4,,,1,15,,37540,4,,,1,15,,37541,4,,,1,15,,37542,4,,,1,55,,37543,4,,,1,15,,37544,4,,,1,15,,37545,4,,,1,15,,37546,4,,,1
