18002101,'021R-Weekday-1-26-09',534,,34990,12,,,1,12,,34992,12,,,1,12,,34993,12,,,1,46,,35124,12,,,1,6,,34991,12,,,1,6,,35022,12,,,1,6,,35023,12,,,1,6,,35024,12,,,1,6,,35025,12,,,1,6,,35021,12,,,1,6,,35020,12,,,1,6,,35019,12,,,1,6,,35018,12,,,1,46,,35017,12,,,1,6,,35016,12,,,1,6,,35015,12,,,1,6,,35014,12,,,1,6,,35013,12,,,1,6,,35012,12,,,1,6,,35011,12,,,1,6,,35010,12,,,1,6,,35009,12,,,1,6,,35008,12,,,1,46,,35007,12,,,1,6,,35006,12,,,1,6,,35005,12,,,1,6,,35004,12,,,1,6,,35003,12,,,1,6,,35002,12,,,1,6,,35001,12,,,1,6,,35000,12,,,1,6,,34999,12,,,1,6,,34998,12,,,1,46,,34997,12,,,1,6,,34996,12,,,1,6,,34995,12,,,1,10,,35026,12,,,1,10,,35027,12,,,1,10,,35028,12,,,1,10,,35029,12,,,1,50,,35030,12,,,1,10,,35031,12,,,1,10,,35032,12,,,1,10,,35033,12,,,1,10,,35034,12,,,1,10,,35035,12,,,1,50,,35036,12,,,1,10,,35037,12,,,1,10,,35038,12,,,1,10,,35039,12,,,1,10,,35040,12,,,1,10,,35041,12,,,1,50,,35042,12,,,1,10,,35043,12,,,1,10,,35044,12,,,1,10,,35045,12,,,1,10,,35046,12,,,1,10,,35047,12,,,1,50,,35048,12,,,1,10,,35049,12,,,1,10,,35050,12,,,1,10,,35051,12,,,1,10,,35052,12,,,1,10,,35053,12,,,1,50,,35054,12,,,1,10,,35055,12,,,1,6,,35056,12,,,1,6,,35057,12,,,1,6,,35058,12,,,1,6,,35059,12,,,1,6,,35060,12,,,1,6,,35061,12,,,1,6,,35062,12,,,1,46,,35063,12,,,1,6,,35064,12,,,1,6,,35065,12,,,1,6,,35066,12,,,1,6,,35067,12,,,1,6,,35068,12,,,1,6,,35069,12,,,1,6,,35070,12,,,1,6,,35071,12,,,1,6,,35072,12,,,1,46,,35073,12,,,1,6,,35074,12,,,1,6,,35075,12,,,1,6,,35076,12,,,1,6,,35077,12,,,1,6,,35078,12,,,1,6,,35079,12,,,1,6,,35080,12,,,1,6,,35081,12,,,1,6,,35082,12,,,1,46,,35083,12,,,1,6,,35084,12,,,1,6,,35085,12,,,1,6,,35086,12,,,1,6,,35087,12,,,1,6,,35088,12,,,1,6,,35089,12,,,1,6,,35090,12,,,1,6,,35091,12,,,1,6,,35092,12,,,1,46,,35093,12,,,1,6,,35094,12,,,1,6,,35095,12,,,1,6,,35096,12,,,1,9,,35097,12,,,1,15,,35098,12,,,1,55,,35099,12,,,1,15,,35100,12,,,1,15,,35101,12,,,1,15,,35102,12,,,1,55,,35103,12,,,1,15,,35104,12,,,1,15,,35105,12,,,1,15,,35106,12,,,1,55,,35107,12,,,1,15,,35108,12,,,1,15,,35109,12,,,1,15,,35110,12,,,1,55,,35111,12,,,1,15,,35112,12,,,1,15,,35113,12,,,1,15,,35114,12,,,1,55,,35115,12,,,1,15,,35116,12,,,1,15,,35117,12,,,1,15,,35118,12,,,1,55,,35119,12,,,1,15,,35120,12,,,1,15,,35121,12,,,1,15,,35122,12,,,1,55,,35123,12,,,1,15,,34994,12,,,1
18002101,'021R-Weekday-3-26-09',534,,35260,12,,,1,12,,35262,12,,,1,12,,35263,12,,,1,46,,35394,12,,,1,6,,35261,12,,,1,6,,35292,12,,,1,6,,35293,12,,,1,6,,35294,12,,,1,6,,35295,12,,,1,6,,35291,12,,,1,6,,35290,12,,,1,6,,35289,12,,,1,6,,35288,12,,,1,46,,35287,12,,,1,6,,35286,12,,,1,6,,35285,12,,,1,6,,35284,12,,,1,6,,35283,12,,,1,6,,35282,12,,,1,6,,35281,12,,,1,6,,35280,12,,,1,6,,35279,12,,,1,6,,35278,12,,,1,46,,35277,12,,,1,6,,35276,12,,,1,6,,35275,12,,,1,6,,35274,12,,,1,6,,35273,12,,,1,6,,35272,12,,,1,6,,35271,12,,,1,6,,35270,12,,,1,6,,35269,12,,,1,6,,35268,12,,,1,46,,35267,12,,,1,6,,35266,12,,,1,6,,35265,12,,,1,10,,35296,12,,,1,10,,35297,12,,,1,10,,35298,12,,,1,10,,35299,12,,,1,50,,35300,12,,,1,10,,35301,12,,,1,10,,35302,12,,,1,10,,35303,12,,,1,10,,35304,12,,,1,10,,35305,12,,,1,50,,35306,12,,,1,10,,35307,12,,,1,10,,35308,12,,,1,10,,35309,12,,,1,10,,35310,12,,,1,10,,35311,12,,,1,50,,35312,12,,,1,10,,35313,12,,,1,10,,35314,12,,,1,10,,35315,12,,,1,10,,35316,12,,,1,10,,35317,12,,,1,50,,35318,12,,,1,10,,35319,12,,,1,10,,35320,12,,,1,10,,35321,12,,,1,10,,35322,12,,,1,10,,35323,12,,,1,50,,35324,12,,,1,10,,35325,12,,,1,6,,35326,12,,,1,6,,35327,12,,,1,6,,35328,12,,,1,6,,35329,12,,,1,6,,35330,12,,,1,6,,35331,12,,,1,6,,35332,12,,,1,46,,35333,12,,,1,6,,35334,12,,,1,6,,35335,12,,,1,6,,35336,12,,,1,6,,35337,12,,,1,6,,35338,12,,,1,6,,35339,12,,,1,6,,35340,12,,,1,6,,35341,12,,,1,6,,35342,12,,,1,46,,35343,12,,,1,6,,35344,12,,,1,6,,35345,12,,,1,6,,35346,12,,,1,6,,35347,12,,,1,6,,35348,12,,,1,6,,35349,12,,,1,6,,35350,12,,,1,6,,35351,12,,,1,6,,35352,12,,,1,46,,35353,12,,,1,6,,35354,12,,,1,6,,35355,12,,,1,6,,35356,12,,,1,6,,35357,12,,,1,6,,35358,12,,,1,6,,35359,12,,,1,6,,35360,12,,,1,6,,35361,12,,,1,6,,35362,12,,,1,46,,35363,12,,,1,6,,35364,12,,,1,6,,35365,12,,,1,6,,35366,12,,,1,9,,35367,12,,,1,15,,35368,12,,,1,55,,35369,12,,,1,15,,35370,12,,,1,15,,35371,12,,,1,15,,35372,12,,,1,55,,35373,12,,,1,15,,35374,12,,,1,15,,35375,12,,,1,15,,35376,12,,,1,55,,35377,12,,,1,15,,35378,12,,,1,15,,35379,12,,,1,15,,35380,12,,,1,55,,35381,12,,,1,15,,35382,12,,,1,15,,35383,12,,,1,15,,35384,12,,,1,55,,35385,12,,,1,15,,35386,12,,,1,15,,35387,12,,,1,15,,35388,12,,,1,55,,35389,12,,,1,15,,35390,12,,,1,15,,35391,12,,,1,15,,35392,12,,,1,55,,35393,12,,,1,15,,35264,12,,,1
18002101,'021R-Weekday-4-26-09',534,,35395,12,,,1,12,,35397,12,,,1,12,,35398,12,,,1,46,,35529,12,,,1,6,,35396,12,,,1,6,,35427,12,,,1,6,,35428,12,,,1,6,,35429,12,,,1,6,,35430,12,,,1,6,,35426,12,,,1,6,,35425,12,,,1,6,,35424,12,,,1,6,,35423,12,,,1,46,,35422,12,,,1,6,,35421,12,,,1,6,,35420,12,,,1,6,,35419,12,,,1,6,,35418,12,,,1,6,,35417,12,,,1,6,,35416,12,,,1,6,,35415,12,,,1,6,,35414,12,,,1,6,,35413,12,,,1,46,,35412,12,,,1,6,,35411,12,,,1,6,,35410,12,,,1,6,,35409,12,,,1,6,,35408,12,,,1,6,,35407,12,,,1,6,,35406,12,,,1,6,,35405,12,,,1,6,,35404,12,,,1,6,,35403,12,,,1,46,,35402,12,,,1,6,,35401,12,,,1,6,,35400,12,,,1,10,,35431,12,,,1,10,,35432,12,,,1,10,,35433,12,,,1,10,,35434,12,,,1,50,,35435,12,,,1,10,,35436,12,,,1,10,,35437,12,,,1,10,,35438,12,,,1,10,,35439,12,,,1,10,,35440,12,,,1,50,,35441,12,,,1,10,,35442,12,,,1,10,,35443,12,,,1,10,,35444,12,,,1,10,,35445,12,,,1,10,,35446,12,,,1,50,,35447,12,,,1,10,,35448,12,,,1,10,,35449,12,,,1,10,,35450,12,,,1,10,,35451,12,,,1,10,,35452,12,,,1,50,,35453,12,,,1,10,,35454,12,,,1,10,,35455,12,,,1,10,,35456,12,,,1,10,,35457,12,,,1,10,,35458,12,,,1,50,,35459,12,,,1,10,,35460,12,,,1,6,,35461,12,,,1,6,,35462,12,,,1,6,,35463,12,,,1,6,,35464,12,,,1,6,,35465,12,,,1,6,,35466,12,,,1,6,,35467,12,,,1,46,,35468,12,,,1,6,,35469,12,,,1,6,,35470,12,,,1,6,,35471,12,,,1,6,,35472,12,,,1,6,,35473,12,,,1,6,,35474,12,,,1,6,,35475,12,,,1,6,,35476,12,,,1,6,,35477,12,,,1,46,,35478,12,,,1,6,,35479,12,,,1,6,,35480,12,,,1,6,,35481,12,,,1,6,,35482,12,,,1,6,,35483,12,,,1,6,,35484,12,,,1,6,,35485,12,,,1,6,,35486,12,,,1,6,,35487,12,,,1,46,,35488,12,,,1,6,,35489,12,,,1,6,,35490,12,,,1,6,,35491,12,,,1,6,,35492,12,,,1,6,,35493,12,,,1,6,,35494,12,,,1,6,,35495,12,,,1,6,,35496,12,,,1,6,,35497,12,,,1,46,,35498,12,,,1,6,,35499,12,,,1,6,,35500,12,,,1,6,,35501,12,,,1,9,,35502,12,,,1,15,,35503,12,,,1,55,,35504,12,,,1,15,,35505,12,,,1,15,,35506,12,,,1,15,,35507,12,,,1,55,,35508,12,,,1,15,,35509,12,,,1,15,,35510,12,,,1,15,,35511,12,,,1,55,,35512,12,,,1,15,,35513,12,,,1,15,,35514,12,,,1,15,,35515,12,,,1,55,,35516,12,,,1,15,,35517,12,,,1,15,,35518,12,,,1,15,,35519,12,,,1,55,,35520,12,,,1,15,,35521,12,,,1,15,,35522,12,,,1,15,,35523,12,,,1,55,,35524,12,,,1,15,,35525,12,,,1,15,,35526,12,,,1,15,,35527,12,,,1,55,,35528,12,,,1,15,,35399,12,,,1
18002101,'021R-Weekday-5-26-09',534,,35530,12,,,1,12,,35532,12,,,1,12,,35533,12,,,1,46,,35664,12,,,1,6,,35531,12,,,1,6,,35562,12,,,1,6,,35563,12,,,1,6,,35564,12,,,1,6,,35565,12,,,1,6,,35561,12,,,1,6,,35560,12,,,1,6,,35559,12,,,1,6,,35558,12,,,1,46,,35557,12,,,1,6,,35556,12,,,1,6,,35555,12,,,1,6,,35554,12,,,1,6,,35553,12,,,1,6,,35552,12,,,1,6,,35551,12,,,1,6,,35550,12,,,1,6,,35549,12,,,1,6,,35548,12,,,1,46,,35547,12,,,1,6,,35546,12,,,1,6,,35545,12,,,1,6,,35544,12,,,1,6,,35543,12,,,1,6,,35542,12,,,1,6,,35541,12,,,1,6,,35540,12,,,1,6,,35539,12,,,1,6,,35538,12,,,1,46,,35537,12,,,1,6,,35536,12,,,1,6,,35535,12,,,1,10,,35566,12,,,1,10,,35567,12,,,1,10,,35568,12,,,1,10,,35569,12,,,1,50,,35570,12,,,1,10,,35571,12,,,1,10,,35572,12,,,1,10,,35573,12,,,1,10,,35574,12,,,1,10,,35575,12,,,1,50,,35576,12,,,1,10,,35577,12,,,1,10,,35578,12,,,1,10,,35579,12,,,1,10,,35580,12,,,1,10,,35581,12,,,1,50,,35582,12,,,1,10,,35583,12,,,1,10,,35584,12,,,1,10,,35585,12,,,1,10,,35586,12,,,1,10,,35587,12,,,1,50,,35588,12,,,1,10,,35589,12,,,1,10,,35590,12,,,1,10,,35591,12,,,1,10,,35592,12,,,1,10,,35593,12,,,1,50,,35594,12,,,1,10,,35595,12,,,1,6,,35596,12,,,1,6,,35597,12,,,1,6,,35598,12,,,1,6,,35599,12,,,1,6,,35600,12,,,1,6,,35601,12,,,1,6,,35602,12,,,1,46,,35603,12,,,1,6,,35604,12,,,1,6,,35605,12,,,1,6,,35606,12,,,1,6,,35607,12,,,1,6,,35608,12,,,1,6,,35609,12,,,1,6,,35610,12,,,1,6,,35611,12,,,1,6,,35612,12,,,1,46,,35613,12,,,1,6,,35614,12,,,1,6,,35615,12,,,1,6,,35616,12,,,1,6,,35617,12,,,1,6,,35618,12,,,1,6,,35619,12,,,1,6,,35620,12,,,1,6,,35621,12,,,1,6,,35622,12,,,1,46,,35623,12,,,1,6,,35624,12,,,1,6,,35625,12,,,1,6,,35626,12,,,1,6,,35627,12,,,1,6,,35628,12,,,1,6,,35629,12,,,1,6,,35630,12,,,1,6,,35631,12,,,1,6,,35632,12,,,1,46,,35633,12,,,1,6,,35634,12,,,1,6,,35635,12,,,1,6,,35636,12,,,1,9,,35637,12,,,1,15,,35638,12,,,1,55,,35639,12,,,1,15,,35640,12,,,1,15,,35641,12,,,1,15,,35642,12,,,1,55,,35643,12,,,1,15,,35644,12,,,1,15,,35645,12,,,1,15,,35646,12,,,1,55,,35647,12,,,1,15,,35648,12,,,1,15,,35649,12,,,1,15,,35650,12,,,1,55,,35651,12,,,1,15,,35652,12,,,1,15,,35653,12,,,1,15,,35654,12,,,1,55,,35655,12,,,1,15,,35656,12,,,1,15,,35657,12,,,1,15,,35658,12,,,1,55,,35659,12,,,1,15,,35660,12,,,1,15,,35661,12,,,1,15,,35662,12,,,1,55,,35663,12,,,1,15,,35534,12,,,1
18002101,'021R-Weekday-6-26-09',534,,35665,12,,,1,12,,35667,12,,,1,12,,35668,12,,,1,46,,35799,12,,,1,6,,35666,12,,,1,6,,35697,12,,,1,6,,35698,12,,,1,6,,35699,12,,,1,6,,35700,12,,,1,6,,35696,12,,,1,6,,35695,12,,,1,6,,35694,12,,,1,6,,35693,12,,,1,46,,35692,12,,,1,6,,35691,12,,,1,6,,35690,12,,,1,6,,35689,12,,,1,6,,35688,12,,,1,6,,35687,12,,,1,6,,35686,12,,,1,6,,35685,12,,,1,6,,35684,12,,,1,6,,35683,12,,,1,46,,35682,12,,,1,6,,35681,12,,,1,6,,35680,12,,,1,6,,35679,12,,,1,6,,35678,12,,,1,6,,35677,12,,,1,6,,35676,12,,,1,6,,35675,12,,,1,6,,35674,12,,,1,6,,35673,12,,,1,46,,35672,12,,,1,6,,35671,12,,,1,6,,35670,12,,,1,10,,35701,12,,,1,10,,35702,12,,,1,10,,35703,12,,,1,10,,35704,12,,,1,50,,35705,12,,,1,10,,35706,12,,,1,10,,35707,12,,,1,10,,35708,12,,,1,10,,35709,12,,,1,10,,35710,12,,,1,50,,35711,12,,,1,10,,35712,12,,,1,10,,35713,12,,,1,10,,35714,12,,,1,10,,35715,12,,,1,10,,35716,12,,,1,50,,35717,12,,,1,10,,35718,12,,,1,10,,35719,12,,,1,10,,35720,12,,,1,10,,35721,12,,,1,10,,35722,12,,,1,50,,35723,12,,,1,10,,35724,12,,,1,10,,35725,12,,,1,10,,35726,12,,,1,10,,35727,12,,,1,10,,35728,12,,,1,50,,35729,12,,,1,10,,35730,12,,,1,6,,35731,12,,,1,6,,35732,12,,,1,6,,35733,12,,,1,6,,35734,12,,,1,6,,35735,12,,,1,6,,35736,12,,,1,6,,35737,12,,,1,46,,35738,12,,,1,6,,35739,12,,,1,6,,35740,12,,,1,6,,35741,12,,,1,6,,35742,12,,,1,6,,35743,12,,,1,6,,35744,12,,,1,6,,35745,12,,,1,6,,35746,12,,,1,6,,35747,12,,,1,46,,35748,12,,,1,6,,35749,12,,,1,6,,35750,12,,,1,6,,35751,12,,,1,6,,35752,12,,,1,6,,35753,12,,,1,6,,35754,12,,,1,6,,35755,12,,,1,6,,35756,12,,,1,6,,35757,12,,,1,46,,35758,12,,,1,6,,35759,12,,,1,6,,35760,12,,,1,6,,35761,12,,,1,6,,35762,12,,,1,6,,35763,12,,,1,6,,35764,12,,,1,6,,35765,12,,,1,6,,35766,12,,,1,6,,35767,12,,,1,46,,35768,12,,,1,6,,35769,12,,,1,6,,35770,12,,,1,6,,35771,12,,,1,9,,35772,12,,,1,15,,35773,12,,,1,55,,35774,12,,,1,15,,35775,12,,,1,15,,35776,12,,,1,15,,35777,12,,,1,55,,35778,12,,,1,15,,35779,12,,,1,15,,35780,12,,,1,15,,35781,12,,,1,55,,35782,12,,,1,15,,35783,12,,,1,15,,35784,12,,,1,15,,35785,12,,,1,55,,35786,12,,,1,15,,35787,12,,,1,15,,35788,12,,,1,15,,35789,12,,,1,55,,35790,12,,,1,15,,35791,12,,,1,15,,35792,12,,,1,15,,35793,12,,,1,55,,35794,12,,,1,15,,35795,12,,,1,15,,35796,12,,,1,15,,35797,12,,,1,55,,35798,12,,,1,15,,35669,12,,,1
18002101,'021R-Weekday-7-26-09',534,,35800,12,,,1,12,,35802,12,,,1,12,,35803,12,,,1,46,,35934,12,,,1,6,,35801,12,,,1,6,,35832,12,,,1,6,,35833,12,,,1,6,,35834,12,,,1,6,,35835,12,,,1,6,,35831,12,,,1,6,,35830,12,,,1,6,,35829,12,,,1,6,,35828,12,,,1,46,,35827,12,,,1,6,,35826,12,,,1,6,,35825,12,,,1,6,,35824,12,,,1,6,,35823,12,,,1,6,,35822,12,,,1,6,,35821,12,,,1,6,,35820,12,,,1,6,,35819,12,,,1,6,,35818,12,,,1,46,,35817,12,,,1,6,,35816,12,,,1,6,,35815,12,,,1,6,,35814,12,,,1,6,,35813,12,,,1,6,,35812,12,,,1,6,,35811,12,,,1,6,,35810,12,,,1,6,,35809,12,,,1,6,,35808,12,,,1,46,,35807,12,,,1,6,,35806,12,,,1,6,,35805,12,,,1,10,,35836,12,,,1,10,,35837,12,,,1,10,,35838,12,,,1,10,,35839,12,,,1,50,,35840,12,,,1,10,,35841,12,,,1,10,,35842,12,,,1,10,,35843,12,,,1,10,,35844,12,,,1,10,,35845,12,,,1,50,,35846,12,,,1,10,,35847,12,,,1,10,,35848,12,,,1,10,,35849,12,,,1,10,,35850,12,,,1,10,,35851,12,,,1,50,,35852,12,,,1,10,,35853,12,,,1,10,,35854,12,,,1,10,,35855,12,,,1,10,,35856,12,,,1,10,,35857,12,,,1,50,,35858,12,,,1,10,,35859,12,,,1,10,,35860,12,,,1,10,,35861,12,,,1,10,,35862,12,,,1,10,,35863,12,,,1,50,,35864,12,,,1,10,,35865,12,,,1,6,,35866,12,,,1,6,,35867,12,,,1,6,,35868,12,,,1,6,,35869,12,,,1,6,,35870,12,,,1,6,,35871,12,,,1,6,,35872,12,,,1,46,,35873,12,,,1,6,,35874,12,,,1,6,,35875,12,,,1,6,,35876,12,,,1,6,,35877,12,,,1,6,,35878,12,,,1,6,,35879,12,,,1,6,,35880,12,,,1,6,,35881,12,,,1,6,,35882,12,,,1,46,,35883,12,,,1,6,,35884,12,,,1,6,,35885,12,,,1,6,,35886,12,,,1,6,,35887,12,,,1,6,,35888,12,,,1,6,,35889,12,,,1,6,,35890,12,,,1,6,,35891,12,,,1,6,,35892,12,,,1,46,,35893,12,,,1,6,,35894,12,,,1,6,,35895,12,,,1,6,,35896,12,,,1,6,,35897,12,,,1,6,,35898,12,,,1,6,,35899,12,,,1,6,,35900,12,,,1,6,,35901,12,,,1,6,,35902,12,,,1,46,,35903,12,,,1,6,,35904,12,,,1,6,,35905,12,,,1,6,,35906,12,,,1,9,,35907,12,,,1,15,,35908,12,,,1,55,,35909,12,,,1,15,,35910,12,,,1,15,,35911,12,,,1,15,,35912,12,,,1,55,,35913,12,,,1,15,,35914,12,,,1,15,,35915,12,,,1,15,,35916,12,,,1,55,,35917,12,,,1,15,,35918,12,,,1,15,,35919,12,,,1,15,,35920,12,,,1,55,,35921,12,,,1,15,,35922,12,,,1,15,,35923,12,,,1,15,,35924,12,,,1,55,,35925,12,,,1,15,,35926,12,,,1,15,,35927,12,,,1,15,,35928,12,,,1,55,,35929,12,,,1,15,,35930,12,,,1,15,,35931,12,,,1,15,,35932,12,,,1,55,,35933,12,,,1,15,,35804,12,,,1
18002101,'021R-Saturday-1-26-09',531,,35935,12,,,1,15,,35936,12,,,1,55,,35937,12,,,1,15,,35938,12,,,1,15,,35939,12,,,1,15,,35940,12,,,1,55,,35941,12,,,1,15,,35942,12,,,1,15,,35943,12,,,1,15,,35944,12,,,1,55,,35945,12,,,1,15,,35946,12,,,1,15,,35947,12,,,1,15,,35948,12,,,1,55,,35949,12,,,1,15,,35950,12,,,1,15,,35951,12,,,1,15,,35952,12,,,1,55,,35953,12,,,1,15,,35954,12,,,1,15,,35955,12,,,1,15,,35956,12,,,1,55,,35957,12,,,1,15,,35958,12,,,1,15,,35959,12,,,1,15,,35960,12,,,1,55,,35961,12,,,1,15,,35962,12,,,1,15,,35963,12,,,1,15,,35964,12,,,1,55,,35965,12,,,1,15,,35966,12,,,1,15,,35967,12,,,1,15,,35968,12,,,1,55,,35969,12,,,1,15,,35970,12,,,1,15,,35971,12,,,1,15,,35972,12,,,1,55,,35973,12,,,1,15,,35974,12,,,1,15,,35975,12,,,1,15,,35976,12,,,1,55,,35977,12,,,1,15,,35978,12,,,1,15,,35979,12,,,1,15,,35980,12,,,1,55,,35981,12,,,1,15,,35982,12,,,1,15,,35983,12,,,1,15,,35984,12,,,1,55,,35985,12,,,1,15,,35986,12,,,1,15,,35987,12,,,1,15,,35988,12,,,1,55,,35989,12,,,1,15,,35990,12,,,1,15,,35991,12,,,1,15,,35992,12,,,1,55,,35993,12,,,1,15,,35994,12,,,1,15,,35995,12,,,1,15,,35996,12,,,1,55,,35997,12,,,1,15,,35998,12,,,1,15,,35999,12,,,1,15,,36000,12,,,1,55,,36001,12,,,1,15,,36002,12,,,1,15,,36003,12,,,1,15,,36004,12,,,1,55,,36005,12,,,1,15,,36006,12,,,1,15,,36007,12,,,1,15,,36008,12,,,1,55,,36009,12,,,1,15,,36010,12,,,1,15,,36011,12,,,1,15,,36012,12,,,1,55,,36013,12,,,1,15,,36014,12,,,1
18002101,'021R-Saturday-3-26-09',531,,42089,12,,,1,15,,42090,12,,,1,55,,42091,12,,,1,15,,42092,12,,,1,15,,42093,12,,,1,15,,42094,12,,,1,55,,42095,12,,,1,15,,42096,12,,,1,15,,42097,12,,,1,15,,42098,12,,,1,55,,42099,12,,,1,15,,42100,12,,,1,15,,42101,12,,,1,15,,42102,12,,,1,55,,42103,12,,,1,15,,42104,12,,,1,15,,42105,12,,,1,15,,42106,12,,,1,55,,42107,12,,,1,15,,42108,12,,,1,15,,42109,12,,,1,15,,42110,12,,,1,55,,42111,12,,,1,15,,42112,12,,,1,15,,42113,12,,,1,15,,42114,12,,,1,55,,42115,12,,,1,15,,42116,12,,,1,15,,42117,12,,,1,15,,42118,12,,,1,55,,42119,12,,,1,15,,42120,12,,,1,15,,42121,12,,,1,15,,42122,12,,,1,55,,42123,12,,,1,15,,42124,12,,,1,15,,42125,12,,,1,15,,42126,12,,,1,55,,42127,12,,,1,15,,42128,12,,,1,15,,42129,12,,,1,15,,42130,12,,,1,55,,42131,12,,,1,15,,42132,12,,,1,15,,42133,12,,,1,15,,42134,12,,,1,55,,42135,12,,,1,15,,42136,12,,,1,15,,42137,12,,,1,15,,42138,12,,,1,55,,42139,12,,,1,15,,42140,12,,,1,15,,42141,12,,,1,15,,42142,12,,,1,55,,42143,12,,,1,15,,42144,12,,,1,15,,42145,12,,,1,15,,42146,12,,,1,55,,42147,12,,,1,15,,42148,12,,,1,15,,42149,12,,,1,15,,42150,12,,,1,55,,42151,12,,,1,15,,42152,12,,,1,15,,42153,12,,,1,15,,42154,12,,,1,55,,42155,12,,,1,15,,42156,12,,,1,15,,42157,12,,,1,15,,42158,12,,,1,55,,42159,12,,,1,15,,42160,12,,,1,15,,42161,12,,,1,15,,42162,12,,,1,55,,42163,12,,,1,15,,42164,12,,,1,15,,42165,12,,,1,15,,42166,12,,,1,55,,42167,12,,,1,15,,42168,12,,,1
18002101,'021R-Saturday-4-26-09',531,,42169,12,,,1,7,,42170,12,,,1,15,,42171,12,,,1,55,,42172,12,,,1,15,,42173,12,,,1,15,,42174,12,,,1,15,,42175,12,,,1,55,,42176,12,,,1,15,,42177,12,,,1,15,,42178,12,,,1,15,,42179,12,,,1,55,,42180,12,,,1,15,,42181,12,,,1,15,,42182,12,,,1,15,,42183,12,,,1,55,,42184,12,,,1,15,,42185,12,,,1,15,,42186,12,,,1,15,,42187,12,,,1,55,,42188,12,,,1,15,,42189,12,,,1,15,,42190,12,,,1,15,,42191,12,,,1,55,,42192,12,,,1,15,,42193,12,,,1,15,,42194,12,,,1,15,,42195,12,,,1,55,,42196,12,,,1,15,,42197,12,,,1,15,,42198,12,,,1,15,,42199,12,,,1,55,,42200,12,,,1,15,,42201,12,,,1,15,,42202,12,,,1,15,,42203,12,,,1,55,,42204,12,,,1,15,,42205,12,,,1,15,,42206,12,,,1,15,,42207,12,,,1,55,,42208,12,,,1,15,,42209,12,,,1,15,,42210,12,,,1,15,,42211,12,,,1,55,,42212,12,,,1,15,,42213,12,,,1,15,,42214,12,,,1,15,,42215,12,,,1,55,,42216,12,,,1,15,,42217,12,,,1,15,,42218,12,,,1,15,,42219,12,,,1,55,,42220,12,,,1,15,,42221,12,,,1,15,,42222,12,,,1,15,,42223,12,,,1,55,,42224,12,,,1,15,,42225,12,,,1,15,,42226,12,,,1,15,,42227,12,,,1,55,,42228,12,,,1,15,,42229,12,,,1,15,,42230,12,,,1,15,,42231,12,,,1,55,,42232,12,,,1,15,,42233,12,,,1,15,,42234,12,,,1,15,,42235,12,,,1,55,,42236,12,,,1,15,,42237,12,,,1,15,,42238,12,,,1,15,,42239,12,,,1,55,,42240,12,,,1,15,,42241,12,,,1,15,,42242,12,,,1,15,,42243,12,,,1,55,,42244,12,,,1,15,,42245,12,,,1,15,,42246,12,,,1,15,,42247,12,,,1,55,,42248,12,,,1,15,,42249,12,,,1
18002101,'021R-Sunday-1-26-09',531,,36095,12,,,1,15,,36096,12,,,1,55,,36097,12,,,1,15,,36098,12,,,1,15,,36099,12,,,1,15,,36100,12,,,1,55,,36101,12,,,1,15,,36102,12,,,1,15,,36103,12,,,1,15,,36104,12,,,1,55,,36105,12,,,1,15,,36106,12,,,1,15,,36107,12,,,1,15,,36108,12,,,1,55,,36109,12,,,1,15,,36110,12,,,1,15,,36111,12,,,1,15,,36112,12,,,1,55,,36113,12,,,1,15,,36114,12,,,1,15,,36115,12,,,1,15,,36116,12,,,1,55,,36117,12,,,1,15,,36118,12,,,1,15,,36119,12,,,1,15,,36120,12,,,1,55,,36121,12,,,1,15,,36122,12,,,1,15,,36123,12,,,1,15,,36124,12,,,1,55,,36125,12,,,1,15,,36126,12,,,1,15,,36127,12,,,1,15,,36128,12,,,1,55,,36129,12,,,1,15,,36130,12,,,1,15,,36131,12,,,1,15,,36132,12,,,1,55,,36133,12,,,1,15,,36134,12,,,1,15,,36135,12,,,1,15,,36136,12,,,1,55,,36137,12,,,1,15,,36138,12,,,1,15,,36139,12,,,1,15,,36140,12,,,1,55,,36141,12,,,1,15,,36142,12,,,1,15,,36143,12,,,1,15,,36144,12,,,1,55,,36145,12,,,1,15,,36146,12,,,1,15,,36147,12,,,1,15,,36148,12,,,1,55,,36149,12,,,1,15,,36150,12,,,1,15,,36151,12,,,1,15,,36152,12,,,1,55,,36153,12,,,1,15,,36154,12,,,1,15,,36155,12,,,1,15,,36156,12,,,1,55,,36157,12,,,1,15,,36158,12,,,1,15,,36159,12,,,1,15,,36160,12,,,1,55,,36161,12,,,1,15,,36162,12,,,1,15,,36163,12,,,1,15,,36164,12,,,1,55,,36165,12,,,1,15,,36166,12,,,1,15,,36167,12,,,1,15,,36168,12,,,1,55,,36169,12,,,1,15,,36170,12,,,1,15,,36171,12,,,1
18002101,'021R-Sunday-5-26-09',531,,42250,12,,,1,15,,42251,12,,,1,55,,42252,12,,,1,15,,42253,12,,,1,15,,42254,12,,,1,15,,42255,12,,,1,55,,42256,12,,,1,15,,42257,12,,,1,15,,42258,12,,,1,15,,42259,12,,,1,55,,42260,12,,,1,15,,42261,12,,,1,15,,42262,12,,,1,15,,42263,12,,,1,55,,42264,12,,,1,15,,42265,12,,,1,15,,42266,12,,,1,15,,42267,12,,,1,55,,42268,12,,,1,15,,42269,12,,,1,15,,42270,12,,,1,15,,42271,12,,,1,55,,42272,12,,,1,15,,42273,12,,,1,15,,42274,12,,,1,15,,42275,12,,,1,55,,42276,12,,,1,15,,42277,12,,,1,15,,42278,12,,,1,15,,42279,12,,,1,55,,42280,12,,,1,15,,42281,12,,,1,15,,42282,12,,,1,15,,42283,12,,,1,55,,42284,12,,,1,15,,42285,12,,,1,15,,42286,12,,,1,15,,42287,12,,,1,55,,42288,12,,,1,15,,42289,12,,,1,15,,42290,12,,,1,15,,42291,12,,,1,55,,42292,12,,,1,15,,42293,12,,,1,15,,42294,12,,,1,15,,42295,12,,,1,55,,42296,12,,,1,15,,42297,12,,,1,15,,42298,12,,,1,15,,42299,12,,,1,55,,42300,12,,,1,15,,42301,12,,,1,15,,42302,12,,,1,15,,42303,12,,,1,55,,42304,12,,,1,15,,42305,12,,,1,15,,42306,12,,,1,15,,42307,12,,,1,55,,42308,12,,,1,15,,42309,12,,,1,15,,42310,12,,,1,15,,42311,12,,,1,55,,42312,12,,,1,15,,42313,12,,,1,15,,42314,12,,,1,15,,42315,12,,,1,55,,42316,12,,,1,15,,42317,12,,,1,15,,42318,12,,,1,15,,42319,12,,,1,55,,42320,12,,,1,15,,42321,12,,,1,15,,42322,12,,,1,15,,42323,12,,,1,55,,42324,12,,,1,15,,42325,12,,,1,15,,42326,12,,,1
18002101,'021R-Sunday-6-26-09',538,,42703,12,,,1,15,,42704,12,,,1,55,,42705,12,,,1,15,,42706,12,,,1,15,,42707,12,,,1,15,,42708,12,,,1,55,,42709,12,,,1,15,,42710,12,,,1,15,,42711,12,,,1,15,,42712,12,,,1,55,,42713,12,,,1,15,,42714,12,,,1,15,,42715,12,,,1,15,,42716,12,,,1,55,,42717,12,,,1,15,,42718,12,,,1,15,,42719,12,,,1,15,,42720,12,,,1,55,,42721,12,,,1,15,,42722,12,,,1,15,,42723,12,,,1,15,,42724,12,,,1,55,,42725,12,,,1,15,,42726,12,,,1,15,,42727,12,,,1,15,,42728,12,,,1,55,,42729,12,,,1,15,,42730,12,,,1,15,,42731,12,,,1,15,,42732,12,,,1,55,,42733,12,,,1,15,,42734,12,,,1,15,,42735,12,,,1,15,,42736,12,,,1,55,,42737,12,,,1,15,,42738,12,,,1,15,,42739,12,,,1,15,,42740,12,,,1,55,,42741,12,,,1,15,,42742,12,,,1,15,,42743,12,,,1,15,,42744,12,,,1,55,,42745,12,,,1,15,,42746,12,,,1,15,,42747,12,,,1,15,,42748,12,,,1,55,,42749,12,,,1,15,,42750,12,,,1,15,,42751,12,,,1,15,,42752,12,,,1,55,,42753,12,,,1,8,,42754,12,,,1,15,,42755,12,,,1,15,,42756,12,,,1,55,,42757,12,,,1,15,,42758,12,,,1,15,,42759,12,,,1,15,,42760,12,,,1,55,,42761,12,,,1,15,,42762,12,,,1,15,,42763,12,,,1,15,,42764,12,,,1,55,,42765,12,,,1,15,,42766,12,,,1,15,,42767,12,,,1,15,,42768,12,,,1,55,,42769,12,,,1,15,,42770,12,,,1,15,,42771,12,,,1,15,,42772,12,,,1,55,,42773,12,,,1,15,,42774,12,,,1,15,,42775,12,,,1,15,,42776,12,,,1,55,,42777,12,,,1,15,,42778,12,,,1,15,,42779,12,,,1
18002201,'022R-Weekday-1-26-09',613,,37606,9,,,1,12,,37607,9,,,1,12,,37608,9,,,1,12,,37609,9,,,1,52,,37610,9,,,1,12,,37611,9,,,1,12,,37612,9,,,1,12,,37613,9,,,1,12,,37614,9,,,1,52,,37615,9,,,1,12,,37616,9,,,1,12,,37617,9,,,1,12,,37618,9,,,1,12,,37619,9,,,1,52,,37620,9,,,1,12,,37621,9,,,1,12,,37622,9,,,1,18,,37623,9,,,1,60,,37624,9,,,1,15,,37625,9,,,1,15,,37626,9,,,1,15,,37627,9,,,1,55,,37628,9,,,1,15,,37629,9,,,1,15,,37630,9,,,1,15,,37631,9,,,1,55,,37632,9,,,1,15,,37633,9,,,1,15,,37634,9,,,1,15,,37635,9,,,1,55,,37636,9,,,1,15,,37637,9,,,1,15,,37638,9,,,1,15,,37639,9,,,1,53,,37640,9,,,1,12,,37641,9,,,1,12,,37642,9,,,1,12,,37643,9,,,1,12,,37644,9,,,1,52,,37645,9,,,1,12,,37646,9,,,1,12,,37647,9,,,1,12,,37648,9,,,1,12,,37649,9,,,1,52,,37650,9,,,1,12,,37651,9,,,1,12,,37652,9,,,1,12,,37653,9,,,1,12,,37654,9,,,1,52,,37655,9,,,1,12,,37656,9,,,1,12,,37657,9,,,1,12,,37658,9,,,1,12,,37659,9,,,1,52,,37660,9,,,1,12,,37661,9,,,1,12,,37662,9,,,1,17,,37663,9,,,1,15,,37664,9,,,1,55,,37665,9,,,1,15,,37666,9,,,1,15,,37667,9,,,1,15,,37668,9,,,1,55,,37669,9,,,1,15,,37670,9,,,1,15,,37671,9,,,1,15,,37672,9,,,1,55,,37673,9,,,1,15,,37674,9,,,1,15,,37675,9,,,1,15,,37676,9,,,1,55,,37677,9,,,1,15,,37678,9,,,1,15,,37679,9,,,1,15,,37680,9,,,1,55,,37681,9,,,1,15,,37605,9,,,1,15,,37604,9,,,1,15,,37603,9,,,1,55,,37602,9,,,1,15,,37601,9,,,1,15,,37600,9,,,1,15,,37599,9,,,1,55,,37598,9,,,1
18002201,'022R-Weekday-3-26-09',613,,37774,9,,,1,12,,37775,9,,,1,12,,37776,9,,,1,12,,37777,9,,,1,52,,37778,9,,,1,12,,37779,9,,,1,12,,37780,9,,,1,12,,37781,9,,,1,12,,37782,9,,,1,52,,37783,9,,,1,12,,37784,9,,,1,12,,37785,9,,,1,12,,37786,9,,,1,12,,37787,9,,,1,52,,37788,9,,,1,12,,37789,9,,,1,12,,37790,9,,,1,18,,37791,9,,,1,60,,37792,9,,,1,15,,37793,9,,,1,15,,37794,9,,,1,15,,37795,9,,,1,55,,37796,9,,,1,15,,37797,9,,,1,15,,37798,9,,,1,15,,37799,9,,,1,55,,37800,9,,,1,15,,37801,9,,,1,15,,37802,9,,,1,15,,37803,9,,,1,55,,37804,9,,,1,15,,37805,9,,,1,15,,37806,9,,,1,15,,37807,9,,,1,53,,37808,9,,,1,12,,37809,9,,,1,12,,37810,9,,,1,12,,37811,9,,,1,12,,37812,9,,,1,52,,37813,9,,,1,12,,37814,9,,,1,12,,37815,9,,,1,12,,37816,9,,,1,12,,37817,9,,,1,52,,37818,9,,,1,12,,37819,9,,,1,12,,37820,9,,,1,12,,37821,9,,,1,12,,37822,9,,,1,52,,37823,9,,,1,12,,37824,9,,,1,12,,37825,9,,,1,12,,37826,9,,,1,12,,37827,9,,,1,52,,37828,9,,,1,12,,37829,9,,,1,12,,37830,9,,,1,17,,37831,9,,,1,15,,37832,9,,,1,55,,37833,9,,,1,15,,37834,9,,,1,15,,37835,9,,,1,15,,37836,9,,,1,55,,37837,9,,,1,15,,37838,9,,,1,15,,37839,9,,,1,15,,37840,9,,,1,55,,37841,9,,,1,15,,37842,9,,,1,15,,37843,9,,,1,15,,37844,9,,,1,55,,37845,9,,,1,15,,37846,9,,,1,15,,37847,9,,,1,15,,37848,9,,,1,55,,37849,9,,,1,15,,37773,9,,,1,15,,37772,9,,,1,15,,37771,9,,,1,55,,37770,9,,,1,15,,37769,9,,,1,15,,37768,9,,,1,15,,37767,9,,,1,55,,37766,9,,,1
18002201,'022R-Weekday-4-26-09',613,,37858,9,,,1,12,,37859,9,,,1,12,,37860,9,,,1,12,,37861,9,,,1,52,,37862,9,,,1,12,,37863,9,,,1,12,,37864,9,,,1,12,,37865,9,,,1,12,,37866,9,,,1,52,,37867,9,,,1,12,,37868,9,,,1,12,,37869,9,,,1,12,,37870,9,,,1,12,,37871,9,,,1,52,,37872,9,,,1,12,,37873,9,,,1,12,,37874,9,,,1,18,,37875,9,,,1,60,,37876,9,,,1,15,,37877,9,,,1,15,,37878,9,,,1,15,,37879,9,,,1,55,,37880,9,,,1,15,,37881,9,,,1,15,,37882,9,,,1,15,,37883,9,,,1,55,,37884,9,,,1,15,,37885,9,,,1,15,,37886,9,,,1,15,,37887,9,,,1,55,,37888,9,,,1,15,,37889,9,,,1,15,,37890,9,,,1,15,,37891,9,,,1,53,,37892,9,,,1,12,,37893,9,,,1,12,,37894,9,,,1,12,,37895,9,,,1,12,,37896,9,,,1,52,,37897,9,,,1,12,,37898,9,,,1,12,,37899,9,,,1,12,,37900,9,,,1,12,,37901,9,,,1,52,,37902,9,,,1,12,,37903,9,,,1,12,,37904,9,,,1,12,,37905,9,,,1,12,,37906,9,,,1,52,,37907,9,,,1,12,,37908,9,,,1,12,,37909,9,,,1,12,,37910,9,,,1,12,,37911,9,,,1,52,,37912,9,,,1,12,,37913,9,,,1,12,,37914,9,,,1,17,,37915,9,,,1,15,,37916,9,,,1,55,,37917,9,,,1,15,,37918,9,,,1,15,,37919,9,,,1,15,,37920,9,,,1,55,,37921,9,,,1,15,,37922,9,,,1,15,,37923,9,,,1,15,,37924,9,,,1,55,,37925,9,,,1,15,,37926,9,,,1,15,,37927,9,,,1,15,,37928,9,,,1,55,,37929,9,,,1,15,,37930,9,,,1,15,,37931,9,,,1,15,,37932,9,,,1,55,,37933,9,,,1,15,,37857,9,,,1,15,,37856,9,,,1,15,,37855,9,,,1,55,,37854,9,,,1,15,,37853,9,,,1,15,,37852,9,,,1,15,,37851,9,,,1,55,,37850,9,,,1
18002201,'022R-Weekday-5-26-09',613,,37942,9,,,1,12,,37943,9,,,1,12,,37944,9,,,1,12,,37945,9,,,1,52,,37946,9,,,1,12,,37947,9,,,1,12,,37948,9,,,1,12,,37949,9,,,1,12,,37950,9,,,1,52,,37951,9,,,1,12,,37952,9,,,1,12,,37953,9,,,1,12,,37954,9,,,1,12,,37955,9,,,1,52,,37956,9,,,1,12,,37957,9,,,1,12,,37958,9,,,1,18,,37959,9,,,1,60,,37960,9,,,1,15,,37961,9,,,1,15,,37962,9,,,1,15,,37963,9,,,1,55,,37964,9,,,1,15,,37965,9,,,1,15,,37966,9,,,1,15,,37967,9,,,1,55,,37968,9,,,1,15,,37969,9,,,1,15,,37970,9,,,1,15,,37971,9,,,1,55,,37972,9,,,1,15,,37973,9,,,1,15,,37974,9,,,1,15,,37975,9,,,1,53,,37976,9,,,1,12,,37977,9,,,1,12,,37978,9,,,1,12,,37979,9,,,1,12,,37980,9,,,1,52,,37981,9,,,1,12,,37982,9,,,1,12,,37983,9,,,1,12,,37984,9,,,1,12,,37985,9,,,1,52,,37986,9,,,1,12,,37987,9,,,1,12,,37988,9,,,1,12,,37989,9,,,1,12,,37990,9,,,1,52,,37991,9,,,1,12,,37992,9,,,1,12,,37993,9,,,1,12,,37994,9,,,1,12,,37995,9,,,1,52,,37996,9,,,1,12,,37997,9,,,1,12,,37998,9,,,1,17,,37999,9,,,1,15,,38000,9,,,1,55,,38001,9,,,1,15,,38002,9,,,1,15,,38003,9,,,1,15,,38004,9,,,1,55,,38005,9,,,1,15,,38006,9,,,1,15,,38007,9,,,1,15,,38008,9,,,1,55,,38009,9,,,1,15,,38010,9,,,1,15,,38011,9,,,1,15,,38012,9,,,1,55,,38013,9,,,1,15,,38014,9,,,1,15,,38015,9,,,1,15,,38016,9,,,1,55,,38017,9,,,1,15,,37941,9,,,1,15,,37940,9,,,1,15,,37939,9,,,1,55,,37938,9,,,1,15,,37937,9,,,1,15,,37936,9,,,1,15,,37935,9,,,1,55,,37934,9,,,1
18002201,'022R-Weekday-6-26-09',613,,38026,9,,,1,12,,38027,9,,,1,12,,38028,9,,,1,12,,38029,9,,,1,52,,38030,9,,,1,12,,38031,9,,,1,12,,38032,9,,,1,12,,38033,9,,,1,12,,38034,9,,,1,52,,38035,9,,,1,12,,38036,9,,,1,12,,38037,9,,,1,12,,38038,9,,,1,12,,38039,9,,,1,52,,38040,9,,,1,12,,38041,9,,,1,12,,38042,9,,,1,18,,38043,9,,,1,60,,38044,9,,,1,15,,38045,9,,,1,15,,38046,9,,,1,15,,38047,9,,,1,55,,38048,9,,,1,15,,38049,9,,,1,15,,38050,9,,,1,15,,38051,9,,,1,55,,38052,9,,,1,15,,38053,9,,,1,15,,38054,9,,,1,15,,38055,9,,,1,55,,38056,9,,,1,15,,38057,9,,,1,15,,38058,9,,,1,15,,38059,9,,,1,53,,38060,9,,,1,12,,38061,9,,,1,12,,38062,9,,,1,12,,38063,9,,,1,12,,38064,9,,,1,52,,38065,9,,,1,12,,38066,9,,,1,12,,38067,9,,,1,12,,38068,9,,,1,12,,38069,9,,,1,52,,38070,9,,,1,12,,38071,9,,,1,12,,38072,9,,,1,12,,38073,9,,,1,12,,38074,9,,,1,52,,38075,9,,,1,12,,38076,9,,,1,12,,38077,9,,,1,12,,38078,9,,,1,12,,38079,9,,,1,52,,38080,9,,,1,12,,38081,9,,,1,12,,38082,9,,,1,17,,38083,9,,,1,15,,38084,9,,,1,55,,38085,9,,,1,15,,38086,9,,,1,15,,38087,9,,,1,15,,38088,9,,,1,55,,38089,9,,,1,15,,38090,9,,,1,15,,38091,9,,,1,15,,38092,9,,,1,55,,38093,9,,,1,15,,38094,9,,,1,15,,38095,9,,,1,15,,38096,9,,,1,55,,38097,9,,,1,15,,38098,9,,,1,15,,38099,9,,,1,15,,38100,9,,,1,55,,38101,9,,,1,15,,38025,9,,,1,15,,38024,9,,,1,15,,38023,9,,,1,55,,38022,9,,,1,15,,38021,9,,,1,15,,38020,9,,,1,15,,38019,9,,,1,55,,38018,9,,,1
18002201,'022R-Weekday-7-26-09',613,,38110,9,,,1,12,,38111,9,,,1,12,,38112,9,,,1,12,,38113,9,,,1,52,,38114,9,,,1,12,,38115,9,,,1,12,,38116,9,,,1,12,,38117,9,,,1,12,,38118,9,,,1,52,,38119,9,,,1,12,,38120,9,,,1,12,,38121,9,,,1,12,,38122,9,,,1,12,,38123,9,,,1,52,,38124,9,,,1,12,,38125,9,,,1,12,,38126,9,,,1,18,,38127,9,,,1,60,,38128,9,,,1,15,,38129,9,,,1,15,,38130,9,,,1,15,,38131,9,,,1,55,,38132,9,,,1,15,,38133,9,,,1,15,,38134,9,,,1,15,,38135,9,,,1,55,,38136,9,,,1,15,,38137,9,,,1,15,,38138,9,,,1,15,,38139,9,,,1,55,,38140,9,,,1,15,,38141,9,,,1,15,,38142,9,,,1,15,,38143,9,,,1,53,,38144,9,,,1,12,,38145,9,,,1,12,,38146,9,,,1,12,,38147,9,,,1,12,,38148,9,,,1,52,,38149,9,,,1,12,,38150,9,,,1,12,,38151,9,,,1,12,,38152,9,,,1,12,,38153,9,,,1,52,,38154,9,,,1,12,,38155,9,,,1,12,,38156,9,,,1,12,,38157,9,,,1,12,,38158,9,,,1,52,,38159,9,,,1,12,,38160,9,,,1,12,,38161,9,,,1,12,,38162,9,,,1,12,,38163,9,,,1,52,,38164,9,,,1,12,,38165,9,,,1,12,,38166,9,,,1,17,,38167,9,,,1,15,,38168,9,,,1,55,,38169,9,,,1,15,,38170,9,,,1,15,,38171,9,,,1,15,,38172,9,,,1,55,,38173,9,,,1,15,,38174,9,,,1,15,,38175,9,,,1,15,,38176,9,,,1,55,,38177,9,,,1,15,,38178,9,,,1,15,,38179,9,,,1,15,,38180,9,,,1,55,,38181,9,,,1,15,,38182,9,,,1,15,,38183,9,,,1,15,,38184,9,,,1,55,,38185,9,,,1,15,,38109,9,,,1,15,,38108,9,,,1,15,,38107,9,,,1,55,,38106,9,,,1,15,,38105,9,,,1,15,,38104,9,,,1,15,,38103,9,,,1,55,,38102,9,,,1
18002201,'022R-Saturday-1-26-09',611,,38186,9,,,1,15,,38187,9,,,1,15,,38188,9,,,1,15,,38189,9,,,1,55,,38190,9,,,1,15,,38191,9,,,1,15,,38192,9,,,1,15,,38193,9,,,1,55,,38194,9,,,1,15,,38195,9,,,1,15,,38196,9,,,1,15,,38197,9,,,1,55,,38198,9,,,1,15,,38199,9,,,1,15,,38200,9,,,1,15,,38201,9,,,1,55,,38202,9,,,1,15,,38203,9,,,1,15,,38204,9,,,1,15,,38205,9,,,1,55,,38206,9,,,1,15,,38207,9,,,1,15,,38208,9,,,1,15,,38209,9,,,1,55,,38210,9,,,1,15,,38211,9,,,1,15,,38212,9,,,1,15,,38213,9,,,1,55,,38214,9,,,1,15,,38215,9,,,1,15,,38216,9,,,1,15,,38217,9,,,1,55,,38218,9,,,1,15,,38219,9,,,1,15,,38220,9,,,1,15,,38221,9,,,1,55,,38222,9,,,1,15,,38223,9,,,1,15,,38224,9,,,1,15,,38225,9,,,1,55,,38226,9,,,1,15,,38227,9,,,1,15,,38228,9,,,1,15,,38229,9,,,1,55,,38230,9,,,1,15,,38231,9,,,1,15,,38232,9,,,1,15,,38233,9,,,1,55,,38234,9,,,1,15,,38235,9,,,1,15,,38236,9,,,1,15,,38237,9,,,1,55,,38238,9,,,1,15,,38239,9,,,1,15,,38240,9,,,1,15,,38241,9,,,1,55,,38242,9,,,1,15,,38243,9,,,1,15,,38244,9,,,1,15,,38245,9,,,1,55,,38246,9,,,1,15,,38247,9,,,1,15,,38248,9,,,1,15,,38249,9,,,1,55,,38250,9,,,1,15,,38251,9,,,1,15,,38252,9,,,1,15,,38253,9,,,1,55,,38254,9,,,1,15,,38255,9,,,1,15,,38256,9,,,1,15,,38257,9,,,1,55,,38258,9,,,1,15,,38259,9,,,1,15,,38260,9,,,1,15,,38261,9,,,1,55,,38262,9,,,1
18002201,'022R-Saturday-4-26-09',1614,,38495,9,,,1,15,,38494,9,,,1,15,,38493,9,,,1,12,,38419,9,,,1,55,,38420,9,,,1,15,,38421,9,,,1,15,,38422,9,,,1,15,,38423,9,,,1,55,,38424,9,,,1,15,,38425,9,,,1,15,,38426,9,,,1,15,,38427,9,,,1,55,,38428,9,,,1,15,,38429,9,,,1,15,,38430,9,,,1,15,,38431,9,,,1,55,,38432,9,,,1,15,,38433,9,,,1,15,,38434,9,,,1,15,,38435,9,,,1,55,,38436,9,,,1,15,,38437,9,,,1,15,,38438,9,,,1,15,,38439,9,,,1,55,,38440,9,,,1,15,,38441,9,,,1,15,,38442,9,,,1,15,,38443,9,,,1,55,,38444,9,,,1,15,,38445,9,,,1,15,,38446,9,,,1,15,,38447,9,,,1,55,,38448,9,,,1,15,,38449,9,,,1,15,,38450,9,,,1,15,,38451,9,,,1,55,,38452,9,,,1
18002201,'022R-Saturday-5-26-09',611,,42477,9,,,1,15,,42478,9,,,1,15,,42479,9,,,1,15,,42480,9,,,1,55,,42481,9,,,1,15,,42482,9,,,1,15,,42483,9,,,1,15,,42484,9,,,1,55,,42485,9,,,1,15,,42486,9,,,1,15,,42487,9,,,1,15,,42488,9,,,1,55,,42489,9,,,1,15,,42490,9,,,1,15,,42491,9,,,1,15,,42492,9,,,1,55,,42493,9,,,1,15,,42494,9,,,1,15,,42495,9,,,1,15,,42496,9,,,1,55,,42497,9,,,1,15,,42498,9,,,1,15,,42499,9,,,1,15,,42500,9,,,1,55,,42501,9,,,1,15,,42502,9,,,1,15,,42503,9,,,1,15,,42504,9,,,1,55,,42505,9,,,1,15,,42506,9,,,1,15,,42507,9,,,1,15,,42508,9,,,1,55,,42509,9,,,1,15,,42510,9,,,1,15,,42511,9,,,1,15,,42512,9,,,1,55,,42513,9,,,1,15,,42514,9,,,1,15,,42515,9,,,1,15,,42516,9,,,1,55,,42517,9,,,1,15,,42518,9,,,1,15,,42519,9,,,1,15,,42520,9,,,1,55,,42521,9,,,1,15,,42522,9,,,1,15,,42523,9,,,1,15,,42524,9,,,1,55,,42525,9,,,1,15,,42526,9,,,1,15,,42527,9,,,1,15,,42528,9,,,1,55,,42529,9,,,1,15,,42530,9,,,1,15,,42531,9,,,1,15,,42532,9,,,1,55,,42533,9,,,1,15,,42534,9,,,1,15,,42535,9,,,1,15,,42536,9,,,1,55,,42537,9,,,1,15,,42538,9,,,1,15,,42539,9,,,1,15,,42540,9,,,1,55,,42541,9,,,1,15,,42542,9,,,1,15,,42543,9,,,1,15,,42544,9,,,1,55,,42545,9,,,1,15,,42546,9,,,1,15,,42547,9,,,1,15,,42548,9,,,1,55,,42549,9,,,1,15,,42550,9,,,1,15,,42551,9,,,1,15,,42552,9,,,1,55,,42553,9,,,1
18002201,'022R-Sunday-1-26-09',626,,38496,9,,,1,15,,38497,9,,,1,15,,38498,9,,,1,55,,38499,9,,,1,15,,38500,9,,,1,15,,38501,9,,,1,15,,38502,9,,,1,55,,38503,9,,,1,15,,38504,9,,,1,15,,38505,9,,,1,15,,38506,9,,,1,55,,38507,9,,,1,15,,38508,9,,,1,15,,38509,9,,,1,15,,38510,9,,,1,55,,38511,9,,,1,15,,38512,9,,,1,15,,38513,9,,,1,15,,38514,9,,,1,55,,38515,9,,,1,15,,38516,9,,,1,15,,38517,9,,,1,15,,38518,9,,,1,55,,38519,9,,,1,15,,38520,9,,,1,15,,38521,9,,,1,15,,38522,9,,,1,55,,38523,9,,,1,15,,38524,9,,,1,15,,38525,9,,,1,15,,38526,9,,,1,55,,38527,9,,,1,15,,38528,9,,,1,15,,38529,9,,,1,15,,38530,9,,,1,55,,38531,9,,,1,15,,38532,9,,,1,15,,38533,9,,,1,15,,38534,9,,,1,55,,38535,9,,,1,15,,38536,9,,,1,15,,38537,9,,,1,15,,38538,9,,,1,55,,38539,9,,,1,15,,38540,9,,,1,15,,38541,9,,,1,15,,38542,9,,,1,55,,38543,9,,,1,15,,38544,9,,,1,15,,38545,9,,,1,15,,38546,9,,,1,55,,38547,9,,,1,15,,38548,9,,,1,15,,38549,9,,,1,15,,38550,9,,,1,55,,38551,9,,,1,15,,38552,9,,,1,15,,38553,9,,,1,15,,38554,9,,,1,55,,38555,9,,,1,15,,38556,9,,,1,15,,38557,9,,,1,15,,38558,9,,,1,55,,38559,9,,,1,15,,38560,9,,,1,15,,38561,9,,,1,15,,38562,9,,,1,55,,38563,9,,,1,15,,38564,9,,,1,15,,38565,9,,,1,15,,38566,9,,,1,55,,38567,9,,,1
18002201,'022R-Sunday-6-26-09',1826,,38785,9,,,1,15,,38786,9,,,1,15,,38787,9,,,1,55,,38788,9,,,1,15,,38789,9,,,1,15,,38790,9,,,1,15,,38791,9,,,1,55,,38792,9,,,1,15,,38793,9,,,1,15,,38794,9,,,1,15,,38795,9,,,1,55,,38796,9,,,1,15,,38797,9,,,1,15,,38798,9,,,1,15,,38799,9,,,1,55,,38800,9,,,1,15,,38801,9,,,1,15,,38802,9,,,1,15,,38803,9,,,1,55,,38804,9,,,1,15,,38805,9,,,1,15,,38806,9,,,1,15,,38807,9,,,1,55,,38808,9,,,1
18002201,'022R-Sunday-7-26-09',626,,42554,9,,,1,15,,42555,9,,,1,15,,42556,9,,,1,55,,42557,9,,,1,15,,42558,9,,,1,15,,42559,9,,,1,15,,42560,9,,,1,55,,42561,9,,,1,15,,42562,9,,,1,15,,42563,9,,,1,15,,42564,9,,,1,55,,42565,9,,,1,15,,42566,9,,,1,15,,42567,9,,,1,15,,42568,9,,,1,55,,42569,9,,,1,15,,42570,9,,,1,15,,42571,9,,,1,15,,42572,9,,,1,55,,42573,9,,,1,15,,42574,9,,,1,15,,42575,9,,,1,15,,42576,9,,,1,55,,42577,9,,,1,15,,42578,9,,,1,15,,42579,9,,,1,15,,42580,9,,,1,55,,42581,9,,,1,15,,42582,9,,,1,15,,42583,9,,,1,15,,42584,9,,,1,55,,42585,9,,,1,15,,42586,9,,,1,15,,42587,9,,,1,15,,42588,9,,,1,55,,42589,9,,,1,15,,42590,9,,,1,15,,42591,9,,,1,15,,42592,9,,,1,55,,42593,9,,,1,15,,42594,9,,,1,15,,42595,9,,,1,15,,42596,9,,,1,55,,42597,9,,,1,15,,42598,9,,,1,15,,42599,9,,,1,15,,42600,9,,,1,55,,42601,9,,,1,15,,42602,9,,,1,15,,42603,9,,,1,15,,42604,9,,,1,55,,42605,9,,,1,15,,42606,9,,,1,15,,42607,9,,,1,15,,42608,9,,,1,55,,42609,9,,,1,15,,42610,9,,,1,15,,42611,9,,,1,15,,42612,9,,,1,55,,42613,9,,,1,15,,42614,9,,,1,15,,42615,9,,,1,15,,42616,9,,,1,55,,42617,9,,,1,15,,42618,9,,,1,15,,42619,9,,,1,15,,42620,9,,,1,55,,42621,9,,,1,15,,42622,9,,,1,15,,42623,9,,,1,15,,42624,9,,,1,55,,42625,9,,,1
