18002101,'021R-Weekday-1-26-09',527,,34990,7,,,1,12,,34992,7,,,1,12,,34993,7,,,1,6,,35124,7,,,1,46,,34991,7,,,1,6,,35022,7,,,1,6,,35023,7,,,1,6,,35024,7,,,1,6,,35025,7,,,1,6,,35021,7,,,1,6,,35020,7,,,1,6,,35019,7,,,1,6,,35018,7,,,1,6,,35017,7,,,1,46,,35016,7,,,1,6,,35015,7,,,1,6,,35014,7,,,1,6,,35013,7,,,1,6,,35012,7,,,1,6,,35011,7,,,1,6,,35010,7,,,1,6,,35009,7,,,1,6,,35008,7,,,1,6,,35007,7,,,1,46,,35006,7,,,1,6,,35005,7,,,1,6,,35004,7,,,1,6,,35003,7,,,1,6,,35002,7,,,1,6,,35001,7,,,1,6,,35000,7,,,1,6,,34999,7,,,1,6,,34998,7,,,1,6,,34997,7,,,1,46,,34996,7,,,1,6,,34995,7,,,1,10,,35026,7,,,1,10,,35027,7,,,1,10,,35028,7,,,1,10,,35029,7,,,1,10,,35030,7,,,1,50,,35031,7,,,1,10,,35032,7,,,1,10,,35033,7,,,1,10,,35034,7,,,1,10,,35035,7,,,1,10,,35036,7,,,1,50,,35037,7,,,1,10,,35038,7,,,1,10,,35039,7,,,1,10,,35040,7,,,1,10,,35041,7,,,1,10,,35042,7,,,1,50,,35043,7,,,1,10,,35044,7,,,1,10,,35045,7,,,1,10,,35046,7,,,1,10,,35047,7,,,1,10,,35048,7,,,1,50,,35049,7,,,1,10,,35050,7,,,1,10,,35051,7,,,1,10,,35052,7,,,1,10,,35053,7,,,1,10,,35054,7,,,1,50,,35055,7,,,1,6,,35056,7,,,1,6,,35057,7,,,1,6,,35058,7,,,1,6,,35059,7,,,1,6,,35060,7,,,1,6,,35061,7,,,1,6,,35062,7,,,1,6,,35063,7,,,1,46,,35064,7,,,1,6,,35065,7,,,1,6,,35066,7,,,1,6,,35067,7,,,1,6,,35068,7,,,1,6,,35069,7,,,1,6,,35070,7,,,1,6,,35071,7,,,1,6,,35072,7,,,1,6,,35073,7,,,1,46,,35074,7,,,1,6,,35075,7,,,1,6,,35076,7,,,1,6,,35077,7,,,1,6,,35078,7,,,1,6,,35079,7,,,1,6,,35080,7,,,1,6,,35081,7,,,1,6,,35082,7,,,1,6,,35083,7,,,1,46,,35084,7,,,1,6,,35085,7,,,1,6,,35086,7,,,1,6,,35087,7,,,1,6,,35088,7,,,1,6,,35089,7,,,1,6,,35090,7,,,1,6,,35091,7,,,1,6,,35092,7,,,1,6,,35093,7,,,1,46,,35094,7,,,1,6,,35095,7,,,1,6,,35096,7,,,1,9,,35097,7,,,1,15,,35098,7,,,1,15,,35099,7,,,1,55,,35100,7,,,1,15,,35101,7,,,1,15,,35102,7,,,1,15,,35103,7,,,1,55,,35104,7,,,1,15,,35105,7,,,1,15,,35106,7,,,1,15,,35107,7,,,1,55,,35108,7,,,1,15,,35109,7,,,1,15,,35110,7,,,1,15,,35111,7,,,1,55,,35112,7,,,1,15,,35113,7,,,1,15,,35114,7,,,1,15,,35115,7,,,1,55,,35116,7,,,1,15,,35117,7,,,1,15,,35118,7,,,1,15,,35119,7,,,1,55,,35120,7,,,1,15,,35121,7,,,1,15,,35122,7,,,1,15,,35123,7,,,1,55,,34994,7,,,1
18002101,'021R-Weekday-3-26-09',527,,35260,7,,,1,12,,35262,7,,,1,12,,35263,7,,,1,6,,35394,7,,,1,46,,35261,7,,,1,6,,35292,7,,,1,6,,35293,7,,,1,6,,35294,7,,,1,6,,35295,7,,,1,6,,35291,7,,,1,6,,35290,7,,,1,6,,35289,7,,,1,6,,35288,7,,,1,6,,35287,7,,,1,46,,35286,7,,,1,6,,35285,7,,,1,6,,35284,7,,,1,6,,35283,7,,,1,6,,35282,7,,,1,6,,35281,7,,,1,6,,35280,7,,,1,6,,35279,7,,,1,6,,35278,7,,,1,6,,35277,7,,,1,46,,35276,7,,,1,6,,35275,7,,,1,6,,35274,7,,,1,6,,35273,7,,,1,6,,35272,7,,,1,6,,35271,7,,,1,6,,35270,7,,,1,6,,35269,7,,,1,6,,35268,7,,,1,6,,35267,7,,,1,46,,35266,7,,,1,6,,35265,7,,,1,10,,35296,7,,,1,10,,35297,7,,,1,10,,35298,7,,,1,10,,35299,7,,,1,10,,35300,7,,,1,50,,35301,7,,,1,10,,35302,7,,,1,10,,35303,7,,,1,10,,35304,7,,,1,10,,35305,7,,,1,10,,35306,7,,,1,50,,35307,7,,,1,10,,35308,7,,,1,10,,35309,7,,,1,10,,35310,7,,,1,10,,35311,7,,,1,10,,35312,7,,,1,50,,35313,7,,,1,10,,35314,7,,,1,10,,35315,7,,,1,10,,35316,7,,,1,10,,35317,7,,,1,10,,35318,7,,,1,50,,35319,7,,,1,10,,35320,7,,,1,10,,35321,7,,,1,10,,35322,7,,,1,10,,35323,7,,,1,10,,35324,7,,,1,50,,35325,7,,,1,6,,35326,7,,,1,6,,35327,7,,,1,6,,35328,7,,,1,6,,35329,7,,,1,6,,35330,7,,,1,6,,35331,7,,,1,6,,35332,7,,,1,6,,35333,7,,,1,46,,35334,7,,,1,6,,35335,7,,,1,6,,35336,7,,,1,6,,35337,7,,,1,6,,35338,7,,,1,6,,35339,7,,,1,6,,35340,7,,,1,6,,35341,7,,,1,6,,35342,7,,,1,6,,35343,7,,,1,46,,35344,7,,,1,6,,35345,7,,,1,6,,35346,7,,,1,6,,35347,7,,,1,6,,35348,7,,,1,6,,35349,7,,,1,6,,35350,7,,,1,6,,35351,7,,,1,6,,35352,7,,,1,6,,35353,7,,,1,46,,35354,7,,,1,6,,35355,7,,,1,6,,35356,7,,,1,6,,35357,7,,,1,6,,35358,7,,,1,6,,35359,7,,,1,6,,35360,7,,,1,6,,35361,7,,,1,6,,35362,7,,,1,6,,35363,7,,,1,46,,35364,7,,,1,6,,35365,7,,,1,6,,35366,7,,,1,9,,35367,7,,,1,15,,35368,7,,,1,15,,35369,7,,,1,55,,35370,7,,,1,15,,35371,7,,,1,15,,35372,7,,,1,15,,35373,7,,,1,55,,35374,7,,,1,15,,35375,7,,,1,15,,35376,7,,,1,15,,35377,7,,,1,55,,35378,7,,,1,15,,35379,7,,,1,15,,35380,7,,,1,15,,35381,7,,,1,55,,35382,7,,,1,15,,35383,7,,,1,15,,35384,7,,,1,15,,35385,7,,,1,55,,35386,7,,,1,15,,35387,7,,,1,15,,35388,7,,,1,15,,35389,7,,,1,55,,35390,7,,,1,15,,35391,7,,,1,15,,35392,7,,,1,15,,35393,7,,,1,55,,35264,7,,,1
18002101,'021R-Weekday-4-26-09',527,,35395,7,,,1,12,,35397,7,,,1,12,,35398,7,,,1,6,,35529,7,,,1,46,,35396,7,,,1,6,,35427,7,,,1,6,,35428,7,,,1,6,,35429,7,,,1,6,,35430,7,,,1,6,,35426,7,,,1,6,,35425,7,,,1,6,,35424,7,,,1,6,,35423,7,,,1,6,,35422,7,,,1,46,,35421,7,,,1,6,,35420,7,,,1,6,,35419,7,,,1,6,,35418,7,,,1,6,,35417,7,,,1,6,,35416,7,,,1,6,,35415,7,,,1,6,,35414,7,,,1,6,,35413,7,,,1,6,,35412,7,,,1,46,,35411,7,,,1,6,,35410,7,,,1,6,,35409,7,,,1,6,,35408,7,,,1,6,,35407,7,,,1,6,,35406,7,,,1,6,,35405,7,,,1,6,,35404,7,,,1,6,,35403,7,,,1,6,,35402,7,,,1,46,,35401,7,,,1,6,,35400,7,,,1,10,,35431,7,,,1,10,,35432,7,,,1,10,,35433,7,,,1,10,,35434,7,,,1,10,,35435,7,,,1,50,,35436,7,,,1,10,,35437,7,,,1,10,,35438,7,,,1,10,,35439,7,,,1,10,,35440,7,,,1,10,,35441,7,,,1,50,,35442,7,,,1,10,,35443,7,,,1,10,,35444,7,,,1,10,,35445,7,,,1,10,,35446,7,,,1,10,,35447,7,,,1,50,,35448,7,,,1,10,,35449,7,,,1,10,,35450,7,,,1,10,,35451,7,,,1,10,,35452,7,,,1,10,,35453,7,,,1,50,,35454,7,,,1,10,,35455,7,,,1,10,,35456,7,,,1,10,,35457,7,,,1,10,,35458,7,,,1,10,,35459,7,,,1,50,,35460,7,,,1,6,,35461,7,,,1,6,,35462,7,,,1,6,,35463,7,,,1,6,,35464,7,,,1,6,,35465,7,,,1,6,,35466,7,,,1,6,,35467,7,,,1,6,,35468,7,,,1,46,,35469,7,,,1,6,,35470,7,,,1,6,,35471,7,,,1,6,,35472,7,,,1,6,,35473,7,,,1,6,,35474,7,,,1,6,,35475,7,,,1,6,,35476,7,,,1,6,,35477,7,,,1,6,,35478,7,,,1,46,,35479,7,,,1,6,,35480,7,,,1,6,,35481,7,,,1,6,,35482,7,,,1,6,,35483,7,,,1,6,,35484,7,,,1,6,,35485,7,,,1,6,,35486,7,,,1,6,,35487,7,,,1,6,,35488,7,,,1,46,,35489,7,,,1,6,,35490,7,,,1,6,,35491,7,,,1,6,,35492,7,,,1,6,,35493,7,,,1,6,,35494,7,,,1,6,,35495,7,,,1,6,,35496,7,,,1,6,,35497,7,,,1,6,,35498,7,,,1,46,,35499,7,,,1,6,,35500,7,,,1,6,,35501,7,,,1,9,,35502,7,,,1,15,,35503,7,,,1,15,,35504,7,,,1,55,,35505,7,,,1,15,,35506,7,,,1,15,,35507,7,,,1,15,,35508,7,,,1,55,,35509,7,,,1,15,,35510,7,,,1,15,,35511,7,,,1,15,,35512,7,,,1,55,,35513,7,,,1,15,,35514,7,,,1,15,,35515,7,,,1,15,,35516,7,,,1,55,,35517,7,,,1,15,,35518,7,,,1,15,,35519,7,,,1,15,,35520,7,,,1,55,,35521,7,,,1,15,,35522,7,,,1,15,,35523,7,,,1,15,,35524,7,,,1,55,,35525,7,,,1,15,,35526,7,,,1,15,,35527,7,,,1,15,,35528,7,,,1,55,,35399,7,,,1
18002101,'021R-Weekday-5-26-09',527,,35530,7,,,1,12,,35532,7,,,1,12,,35533,7,,,1,6,,35664,7,,,1,46,,35531,7,,,1,6,,35562,7,,,1,6,,35563,7,,,1,6,,35564,7,,,1,6,,35565,7,,,1,6,,35561,7,,,1,6,,35560,7,,,1,6,,35559,7,,,1,6,,35558,7,,,1,6,,35557,7,,,1,46,,35556,7,,,1,6,,35555,7,,,1,6,,35554,7,,,1,6,,35553,7,,,1,6,,35552,7,,,1,6,,35551,7,,,1,6,,35550,7,,,1,6,,35549,7,,,1,6,,35548,7,,,1,6,,35547,7,,,1,46,,35546,7,,,1,6,,35545,7,,,1,6,,35544,7,,,1,6,,35543,7,,,1,6,,35542,7,,,1,6,,35541,7,,,1,6,,35540,7,,,1,6,,35539,7,,,1,6,,35538,7,,,1,6,,35537,7,,,1,46,,35536,7,,,1,6,,35535,7,,,1,10,,35566,7,,,1,10,,35567,7,,,1,10,,35568,7,,,1,10,,35569,7,,,1,10,,35570,7,,,1,50,,35571,7,,,1,10,,35572,7,,,1,10,,35573,7,,,1,10,,35574,7,,,1,10,,35575,7,,,1,10,,35576,7,,,1,50,,35577,7,,,1,10,,35578,7,,,1,10,,35579,7,,,1,10,,35580,7,,,1,10,,35581,7,,,1,10,,35582,7,,,1,50,,35583,7,,,1,10,,35584,7,,,1,10,,35585,7,,,1,10,,35586,7,,,1,10,,35587,7,,,1,10,,35588,7,,,1,50,,35589,7,,,1,10,,35590,7,,,1,10,,35591,7,,,1,10,,35592,7,,,1,10,,35593,7,,,1,10,,35594,7,,,1,50,,35595,7,,,1,6,,35596,7,,,1,6,,35597,7,,,1,6,,35598,7,,,1,6,,35599,7,,,1,6,,35600,7,,,1,6,,35601,7,,,1,6,,35602,7,,,1,6,,35603,7,,,1,46,,35604,7,,,1,6,,35605,7,,,1,6,,35606,7,,,1,6,,35607,7,,,1,6,,35608,7,,,1,6,,35609,7,,,1,6,,35610,7,,,1,6,,35611,7,,,1,6,,35612,7,,,1,6,,35613,7,,,1,46,,35614,7,,,1,6,,35615,7,,,1,6,,35616,7,,,1,6,,35617,7,,,1,6,,35618,7,,,1,6,,35619,7,,,1,6,,35620,7,,,1,6,,35621,7,,,1,6,,35622,7,,,1,6,,35623,7,,,1,46,,35624,7,,,1,6,,35625,7,,,1,6,,35626,7,,,1,6,,35627,7,,,1,6,,35628,7,,,1,6,,35629,7,,,1,6,,35630,7,,,1,6,,35631,7,,,1,6,,35632,7,,,1,6,,35633,7,,,1,46,,35634,7,,,1,6,,35635,7,,,1,6,,35636,7,,,1,9,,35637,7,,,1,15,,35638,7,,,1,15,,35639,7,,,1,55,,35640,7,,,1,15,,35641,7,,,1,15,,35642,7,,,1,15,,35643,7,,,1,55,,35644,7,,,1,15,,35645,7,,,1,15,,35646,7,,,1,15,,35647,7,,,1,55,,35648,7,,,1,15,,35649,7,,,1,15,,35650,7,,,1,15,,35651,7,,,1,55,,35652,7,,,1,15,,35653,7,,,1,15,,35654,7,,,1,15,,35655,7,,,1,55,,35656,7,,,1,15,,35657,7,,,1,15,,35658,7,,,1,15,,35659,7,,,1,55,,35660,7,,,1,15,,35661,7,,,1,15,,35662,7,,,1,15,,35663,7,,,1,55,,35534,7,,,1
18002101,'021R-Weekday-6-26-09',527,,35665,7,,,1,12,,35667,7,,,1,12,,35668,7,,,1,6,,35799,7,,,1,46,,35666,7,,,1,6,,35697,7,,,1,6,,35698,7,,,1,6,,35699,7,,,1,6,,35700,7,,,1,6,,35696,7,,,1,6,,35695,7,,,1,6,,35694,7,,,1,6,,35693,7,,,1,6,,35692,7,,,1,46,,35691,7,,,1,6,,35690,7,,,1,6,,35689,7,,,1,6,,35688,7,,,1,6,,35687,7,,,1,6,,35686,7,,,1,6,,35685,7,,,1,6,,35684,7,,,1,6,,35683,7,,,1,6,,35682,7,,,1,46,,35681,7,,,1,6,,35680,7,,,1,6,,35679,7,,,1,6,,35678,7,,,1,6,,35677,7,,,1,6,,35676,7,,,1,6,,35675,7,,,1,6,,35674,7,,,1,6,,35673,7,,,1,6,,35672,7,,,1,46,,35671,7,,,1,6,,35670,7,,,1,10,,35701,7,,,1,10,,35702,7,,,1,10,,35703,7,,,1,10,,35704,7,,,1,10,,35705,7,,,1,50,,35706,7,,,1,10,,35707,7,,,1,10,,35708,7,,,1,10,,35709,7,,,1,10,,35710,7,,,1,10,,35711,7,,,1,50,,35712,7,,,1,10,,35713,7,,,1,10,,35714,7,,,1,10,,35715,7,,,1,10,,35716,7,,,1,10,,35717,7,,,1,50,,35718,7,,,1,10,,35719,7,,,1,10,,35720,7,,,1,10,,35721,7,,,1,10,,35722,7,,,1,10,,35723,7,,,1,50,,35724,7,,,1,10,,35725,7,,,1,10,,35726,7,,,1,10,,35727,7,,,1,10,,35728,7,,,1,10,,35729,7,,,1,50,,35730,7,,,1,6,,35731,7,,,1,6,,35732,7,,,1,6,,35733,7,,,1,6,,35734,7,,,1,6,,35735,7,,,1,6,,35736,7,,,1,6,,35737,7,,,1,6,,35738,7,,,1,46,,35739,7,,,1,6,,35740,7,,,1,6,,35741,7,,,1,6,,35742,7,,,1,6,,35743,7,,,1,6,,35744,7,,,1,6,,35745,7,,,1,6,,35746,7,,,1,6,,35747,7,,,1,6,,35748,7,,,1,46,,35749,7,,,1,6,,35750,7,,,1,6,,35751,7,,,1,6,,35752,7,,,1,6,,35753,7,,,1,6,,35754,7,,,1,6,,35755,7,,,1,6,,35756,7,,,1,6,,35757,7,,,1,6,,35758,7,,,1,46,,35759,7,,,1,6,,35760,7,,,1,6,,35761,7,,,1,6,,35762,7,,,1,6,,35763,7,,,1,6,,35764,7,,,1,6,,35765,7,,,1,6,,35766,7,,,1,6,,35767,7,,,1,6,,35768,7,,,1,46,,35769,7,,,1,6,,35770,7,,,1,6,,35771,7,,,1,9,,35772,7,,,1,15,,35773,7,,,1,15,,35774,7,,,1,55,,35775,7,,,1,15,,35776,7,,,1,15,,35777,7,,,1,15,,35778,7,,,1,55,,35779,7,,,1,15,,35780,7,,,1,15,,35781,7,,,1,15,,35782,7,,,1,55,,35783,7,,,1,15,,35784,7,,,1,15,,35785,7,,,1,15,,35786,7,,,1,55,,35787,7,,,1,15,,35788,7,,,1,15,,35789,7,,,1,15,,35790,7,,,1,55,,35791,7,,,1,15,,35792,7,,,1,15,,35793,7,,,1,15,,35794,7,,,1,55,,35795,7,,,1,15,,35796,7,,,1,15,,35797,7,,,1,15,,35798,7,,,1,55,,35669,7,,,1
18002101,'021R-Weekday-7-26-09',527,,35800,7,,,1,12,,35802,7,,,1,12,,35803,7,,,1,6,,35934,7,,,1,46,,35801,7,,,1,6,,35832,7,,,1,6,,35833,7,,,1,6,,35834,7,,,1,6,,35835,7,,,1,6,,35831,7,,,1,6,,35830,7,,,1,6,,35829,7,,,1,6,,35828,7,,,1,6,,35827,7,,,1,46,,35826,7,,,1,6,,35825,7,,,1,6,,35824,7,,,1,6,,35823,7,,,1,6,,35822,7,,,1,6,,35821,7,,,1,6,,35820,7,,,1,6,,35819,7,,,1,6,,35818,7,,,1,6,,35817,7,,,1,46,,35816,7,,,1,6,,35815,7,,,1,6,,35814,7,,,1,6,,35813,7,,,1,6,,35812,7,,,1,6,,35811,7,,,1,6,,35810,7,,,1,6,,35809,7,,,1,6,,35808,7,,,1,6,,35807,7,,,1,46,,35806,7,,,1,6,,35805,7,,,1,10,,35836,7,,,1,10,,35837,7,,,1,10,,35838,7,,,1,10,,35839,7,,,1,10,,35840,7,,,1,50,,35841,7,,,1,10,,35842,7,,,1,10,,35843,7,,,1,10,,35844,7,,,1,10,,35845,7,,,1,10,,35846,7,,,1,50,,35847,7,,,1,10,,35848,7,,,1,10,,35849,7,,,1,10,,35850,7,,,1,10,,35851,7,,,1,10,,35852,7,,,1,50,,35853,7,,,1,10,,35854,7,,,1,10,,35855,7,,,1,10,,35856,7,,,1,10,,35857,7,,,1,10,,35858,7,,,1,50,,35859,7,,,1,10,,35860,7,,,1,10,,35861,7,,,1,10,,35862,7,,,1,10,,35863,7,,,1,10,,35864,7,,,1,50,,35865,7,,,1,6,,35866,7,,,1,6,,35867,7,,,1,6,,35868,7,,,1,6,,35869,7,,,1,6,,35870,7,,,1,6,,35871,7,,,1,6,,35872,7,,,1,6,,35873,7,,,1,46,,35874,7,,,1,6,,35875,7,,,1,6,,35876,7,,,1,6,,35877,7,,,1,6,,35878,7,,,1,6,,35879,7,,,1,6,,35880,7,,,1,6,,35881,7,,,1,6,,35882,7,,,1,6,,35883,7,,,1,46,,35884,7,,,1,6,,35885,7,,,1,6,,35886,7,,,1,6,,35887,7,,,1,6,,35888,7,,,1,6,,35889,7,,,1,6,,35890,7,,,1,6,,35891,7,,,1,6,,35892,7,,,1,6,,35893,7,,,1,46,,35894,7,,,1,6,,35895,7,,,1,6,,35896,7,,,1,6,,35897,7,,,1,6,,35898,7,,,1,6,,35899,7,,,1,6,,35900,7,,,1,6,,35901,7,,,1,6,,35902,7,,,1,6,,35903,7,,,1,46,,35904,7,,,1,6,,35905,7,,,1,6,,35906,7,,,1,9,,35907,7,,,1,15,,35908,7,,,1,15,,35909,7,,,1,55,,35910,7,,,1,15,,35911,7,,,1,15,,35912,7,,,1,15,,35913,7,,,1,55,,35914,7,,,1,15,,35915,7,,,1,15,,35916,7,,,1,15,,35917,7,,,1,55,,35918,7,,,1,15,,35919,7,,,1,15,,35920,7,,,1,15,,35921,7,,,1,55,,35922,7,,,1,15,,35923,7,,,1,15,,35924,7,,,1,15,,35925,7,,,1,55,,35926,7,,,1,15,,35927,7,,,1,15,,35928,7,,,1,15,,35929,7,,,1,55,,35930,7,,,1,15,,35931,7,,,1,15,,35932,7,,,1,15,,35933,7,,,1,55,,35804,7,,,1
18002101,'021R-Saturday-1-26-09',524,,35935,7,,,1,15,,35936,7,,,1,15,,35937,7,,,1,55,,35938,7,,,1,15,,35939,7,,,1,15,,35940,7,,,1,15,,35941,7,,,1,55,,35942,7,,,1,15,,35943,7,,,1,15,,35944,7,,,1,15,,35945,7,,,1,55,,35946,7,,,1,15,,35947,7,,,1,15,,35948,7,,,1,15,,35949,7,,,1,55,,35950,7,,,1,15,,35951,7,,,1,15,,35952,7,,,1,15,,35953,7,,,1,55,,35954,7,,,1,15,,35955,7,,,1,15,,35956,7,,,1,15,,35957,7,,,1,55,,35958,7,,,1,15,,35959,7,,,1,15,,35960,7,,,1,15,,35961,7,,,1,55,,35962,7,,,1,15,,35963,7,,,1,15,,35964,7,,,1,15,,35965,7,,,1,55,,35966,7,,,1,15,,35967,7,,,1,15,,35968,7,,,1,15,,35969,7,,,1,55,,35970,7,,,1,15,,35971,7,,,1,15,,35972,7,,,1,15,,35973,7,,,1,55,,35974,7,,,1,15,,35975,7,,,1,15,,35976,7,,,1,15,,35977,7,,,1,55,,35978,7,,,1,15,,35979,7,,,1,15,,35980,7,,,1,15,,35981,7,,,1,55,,35982,7,,,1,15,,35983,7,,,1,15,,35984,7,,,1,15,,35985,7,,,1,55,,35986,7,,,1,15,,35987,7,,,1,15,,35988,7,,,1,15,,35989,7,,,1,55,,35990,7,,,1,15,,35991,7,,,1,15,,35992,7,,,1,15,,35993,7,,,1,55,,35994,7,,,1,15,,35995,7,,,1,15,,35996,7,,,1,15,,35997,7,,,1,55,,35998,7,,,1,15,,35999,7,,,1,15,,36000,7,,,1,15,,36001,7,,,1,55,,36002,7,,,1,15,,36003,7,,,1,15,,36004,7,,,1,15,,36005,7,,,1,55,,36006,7,,,1,15,,36007,7,,,1,15,,36008,7,,,1,15,,36009,7,,,1,55,,36010,7,,,1,15,,36011,7,,,1,15,,36012,7,,,1,15,,36013,7,,,1,55,,36014,7,,,1
18002101,'021R-Sunday-1-26-09',524,,36095,7,,,1,15,,36096,7,,,1,15,,36097,7,,,1,55,,36098,7,,,1,15,,36099,7,,,1,15,,36100,7,,,1,15,,36101,7,,,1,55,,36102,7,,,1,15,,36103,7,,,1,15,,36104,7,,,1,15,,36105,7,,,1,55,,36106,7,,,1,15,,36107,7,,,1,15,,36108,7,,,1,15,,36109,7,,,1,55,,36110,7,,,1,15,,36111,7,,,1,15,,36112,7,,,1,15,,36113,7,,,1,55,,36114,7,,,1,15,,36115,7,,,1,15,,36116,7,,,1,15,,36117,7,,,1,55,,36118,7,,,1,15,,36119,7,,,1,15,,36120,7,,,1,15,,36121,7,,,1,55,,36122,7,,,1,15,,36123,7,,,1,15,,36124,7,,,1,15,,36125,7,,,1,55,,36126,7,,,1,15,,36127,7,,,1,15,,36128,7,,,1,15,,36129,7,,,1,55,,36130,7,,,1,15,,36131,7,,,1,15,,36132,7,,,1,15,,36133,7,,,1,55,,36134,7,,,1,15,,36135,7,,,1,15,,36136,7,,,1,15,,36137,7,,,1,55,,36138,7,,,1,15,,36139,7,,,1,15,,36140,7,,,1,15,,36141,7,,,1,55,,36142,7,,,1,15,,36143,7,,,1,15,,36144,7,,,1,15,,36145,7,,,1,55,,36146,7,,,1,15,,36147,7,,,1,15,,36148,7,,,1,15,,36149,7,,,1,55,,36150,7,,,1,15,,36151,7,,,1,15,,36152,7,,,1,15,,36153,7,,,1,55,,36154,7,,,1,15,,36155,7,,,1,15,,36156,7,,,1,15,,36157,7,,,1,55,,36158,7,,,1,15,,36159,7,,,1,15,,36160,7,,,1,15,,36161,7,,,1,55,,36162,7,,,1,15,,36163,7,,,1,15,,36164,7,,,1,15,,36165,7,,,1,55,,36166,7,,,1,15,,36167,7,,,1,15,,36168,7,,,1,15,,36169,7,,,1,55,,36170,7,,,1,15,,36171,7,,,1
18002201,'022R-Weekday-1-26-09',606,,37606,4,0,12 13,1,12,,37607,4,0,12 13,1,12,,37608,4,0,12 13,1,12,,37609,4,0,12 13,1,12,,37610,4,0,12 13,1,52,,37611,4,0,12 13,1,12,,37612,4,0,12 13,1,12,,37613,4,0,12 13,1,12,,37614,4,0,12 13,1,12,,37615,4,0,12 13,1,52,,37616,4,0,12 13,1,12,,37617,4,0,12 13,1,12,,37618,4,0,12 13,1,12,,37619,4,0,12 13,1,12,,37620,4,0,12 13,1,52,,37621,4,0,12 13,1,12,,37622,4,0,12 13,1,18,,37623,4,0,12 13,1,20,,37624,4,0,12 13,1,55,,37625,4,0,12 13,1,15,,37626,4,0,12 13,1,15,,37627,4,0,12 13,1,15,,37628,4,0,12 13,1,55,,37629,4,0,12 13,1,15,,37630,4,0,12 13,1,15,,37631,4,0,12 13,1,15,,37632,4,0,12 13,1,55,,37633,4,0,12 13,1,15,,37634,4,0,12 13,1,15,,37635,4,0,12 13,1,15,,37636,4,0,12 13,1,55,,37637,4,0,12 13,1,15,,37638,4,0,12 13,1,15,,37639,4,0,12 13,1,13,,37640,4,0,12 13,1,52,,37641,4,0,12 13,1,12,,37642,4,0,12 13,1,12,,37643,4,0,12 13,1,12,,37644,4,0,12 13,1,12,,37645,4,0,12 13,1,52,,37646,4,0,12 13,1,12,,37647,4,0,12 13,1,12,,37648,4,0,12 13,1,12,,37649,4,0,12 13,1,12,,37650,4,0,12 13,1,52,,37651,4,0,12 13,1,12,,37652,4,0,12 13,1,12,,37653,4,0,12 13,1,12,,37654,4,0,12 13,1,12,,37655,4,0,12 13,1,52,,37656,4,0,12 13,1,12,,37657,4,0,12 13,1,12,,37658,4,0,12 13,1,12,,37659,4,0,12 13,1,12,,37660,4,0,12 13,1,52,,37661,4,0,12 13,1,12,,37662,4,0,12 13,1,17,,37663,4,0,12 13,1,15,,37664,4,0,12 13,1,55,,37665,4,0,12 13,1,15,,37666,4,0,12 13,1,15,,37667,4,0,12 13,1,15,,37668,4,0,12 13,1,55,,37669,4,0,12 13,1,15,,37670,4,0,12 13,1,15,,37671,4,0,12 13,1,15,,37672,4,0,12 13,1,55,,37673,4,0,12 13,1,15,,37674,4,0,12 13,1,15,,37675,4,0,12 13,1,15,,37676,4,0,12 13,1,55,,37677,4,0,12 13,1,15,,37678,4,0,12 13,1,15,,37679,4,0,12 13,1,15,,37680,4,0,12 13,1,55,,37681,4,0,12 13,1,15,,37605,4,0,12 13,1,15,,37604,4,0,12 13,1,15,,37603,4,0,12 13,1,55,,37602,4,0,12 13,1,15,,37601,4,0,12 13,1,15,,37600,4,0,12 13,1,15,,37599,4,0,12 13,1,55,,37598,4,0,12 13,1
18002201,'022R-Weekday-3-26-09',606,,37774,4,0,12 13,1,12,,37775,4,0,12 13,1,12,,37776,4,0,12 13,1,12,,37777,4,0,12 13,1,12,,37778,4,0,12 13,1,52,,37779,4,0,12 13,1,12,,37780,4,0,12 13,1,12,,37781,4,0,12 13,1,12,,37782,4,0,12 13,1,12,,37783,4,0,12 13,1,52,,37784,4,0,12 13,1,12,,37785,4,0,12 13,1,12,,37786,4,0,12 13,1,12,,37787,4,0,12 13,1,12,,37788,4,0,12 13,1,52,,37789,4,0,12 13,1,12,,37790,4,0,12 13,1,18,,37791,4,0,12 13,1,20,,37792,4,0,12 13,1,55,,37793,4,0,12 13,1,15,,37794,4,0,12 13,1,15,,37795,4,0,12 13,1,15,,37796,4,0,12 13,1,55,,37797,4,0,12 13,1,15,,37798,4,0,12 13,1,15,,37799,4,0,12 13,1,15,,37800,4,0,12 13,1,55,,37801,4,0,12 13,1,15,,37802,4,0,12 13,1,15,,37803,4,0,12 13,1,15,,37804,4,0,12 13,1,55,,37805,4,0,12 13,1,15,,37806,4,0,12 13,1,15,,37807,4,0,12 13,1,13,,37808,4,0,12 13,1,52,,37809,4,0,12 13,1,12,,37810,4,0,12 13,1,12,,37811,4,0,12 13,1,12,,37812,4,0,12 13,1,12,,37813,4,0,12 13,1,52,,37814,4,0,12 13,1,12,,37815,4,0,12 13,1,12,,37816,4,0,12 13,1,12,,37817,4,0,12 13,1,12,,37818,4,0,12 13,1,52,,37819,4,0,12 13,1,12,,37820,4,0,12 13,1,12,,37821,4,0,12 13,1,12,,37822,4,0,12 13,1,12,,37823,4,0,12 13,1,52,,37824,4,0,12 13,1,12,,37825,4,0,12 13,1,12,,37826,4,0,12 13,1,12,,37827,4,0,12 13,1,12,,37828,4,0,12 13,1,52,,37829,4,0,12 13,1,12,,37830,4,0,12 13,1,17,,37831,4,0,12 13,1,15,,37832,4,0,12 13,1,55,,37833,4,0,12 13,1,15,,37834,4,0,12 13,1,15,,37835,4,0,12 13,1,15,,37836,4,0,12 13,1,55,,37837,4,0,12 13,1,15,,37838,4,0,12 13,1,15,,37839,4,0,12 13,1,15,,37840,4,0,12 13,1,55,,37841,4,0,12 13,1,15,,37842,4,0,12 13,1,15,,37843,4,0,12 13,1,15,,37844,4,0,12 13,1,55,,37845,4,0,12 13,1,15,,37846,4,0,12 13,1,15,,37847,4,0,12 13,1,15,,37848,4,0,12 13,1,55,,37849,4,0,12 13,1,15,,37773,4,0,12 13,1,15,,37772,4,0,12 13,1,15,,37771,4,0,12 13,1,55,,37770,4,0,12 13,1,15,,37769,4,0,12 13,1,15,,37768,4,0,12 13,1,15,,37767,4,0,12 13,1,55,,37766,4,0,12 13,1
18002201,'022R-Weekday-4-26-09',606,,37858,4,0,12 13,1,12,,37859,4,0,12 13,1,12,,37860,4,0,12 13,1,12,,37861,4,0,12 13,1,12,,37862,4,0,12 13,1,52,,37863,4,0,12 13,1,12,,37864,4,0,12 13,1,12,,37865,4,0,12 13,1,12,,37866,4,0,12 13,1,12,,37867,4,0,12 13,1,52,,37868,4,0,12 13,1,12,,37869,4,0,12 13,1,12,,37870,4,0,12 13,1,12,,37871,4,0,12 13,1,12,,37872,4,0,12 13,1,52,,37873,4,0,12 13,1,12,,37874,4,0,12 13,1,18,,37875,4,0,12 13,1,20,,37876,4,0,12 13,1,55,,37877,4,0,12 13,1,15,,37878,4,0,12 13,1,15,,37879,4,0,12 13,1,15,,37880,4,0,12 13,1,55,,37881,4,0,12 13,1,15,,37882,4,0,12 13,1,15,,37883,4,0,12 13,1,15,,37884,4,0,12 13,1,55,,37885,4,0,12 13,1,15,,37886,4,0,12 13,1,15,,37887,4,0,12 13,1,15,,37888,4,0,12 13,1,55,,37889,4,0,12 13,1,15,,37890,4,0,12 13,1,15,,37891,4,0,12 13,1,13,,37892,4,0,12 13,1,52,,37893,4,0,12 13,1,12,,37894,4,0,12 13,1,12,,37895,4,0,12 13,1,12,,37896,4,0,12 13,1,12,,37897,4,0,12 13,1,52,,37898,4,0,12 13,1,12,,37899,4,0,12 13,1,12,,37900,4,0,12 13,1,12,,37901,4,0,12 13,1,12,,37902,4,0,12 13,1,52,,37903,4,0,12 13,1,12,,37904,4,0,12 13,1,12,,37905,4,0,12 13,1,12,,37906,4,0,12 13,1,12,,37907,4,0,12 13,1,52,,37908,4,0,12 13,1,12,,37909,4,0,12 13,1,12,,37910,4,0,12 13,1,12,,37911,4,0,12 13,1,12,,37912,4,0,12 13,1,52,,37913,4,0,12 13,1,12,,37914,4,0,12 13,1,17,,37915,4,0,12 13,1,15,,37916,4,0,12 13,1,55,,37917,4,0,12 13,1,15,,37918,4,0,12 13,1,15,,37919,4,0,12 13,1,15,,37920,4,0,12 13,1,55,,37921,4,0,12 13,1,15,,37922,4,0,12 13,1,15,,37923,4,0,12 13,1,15,,37924,4,0,12 13,1,55,,37925,4,0,12 13,1,15,,37926,4,0,12 13,1,15,,37927,4,0,12 13,1,15,,37928,4,0,12 13,1,55,,37929,4,0,12 13,1,15,,37930,4,0,12 13,1,15,,37931,4,0,12 13,1,15,,37932,4,0,12 13,1,55,,37933,4,0,12 13,1,15,,37857,4,0,12 13,1,15,,37856,4,0,12 13,1,15,,37855,4,0,12 13,1,55,,37854,4,0,12 13,1,15,,37853,4,0,12 13,1,15,,37852,4,0,12 13,1,15,,37851,4,0,12 13,1,55,,37850,4,0,12 13,1
18002201,'022R-Weekday-5-26-09',606,,37942,4,0,12 13,1,12,,37943,4,0,12 13,1,12,,37944,4,0,12 13,1,12,,37945,4,0,12 13,1,12,,37946,4,0,12 13,1,52,,37947,4,0,12 13,1,12,,37948,4,0,12 13,1,12,,37949,4,0,12 13,1,12,,37950,4,0,12 13,1,12,,37951,4,0,12 13,1,52,,37952,4,0,12 13,1,12,,37953,4,0,12 13,1,12,,37954,4,0,12 13,1,12,,37955,4,0,12 13,1,12,,37956,4,0,12 13,1,52,,37957,4,0,12 13,1,12,,37958,4,0,12 13,1,18,,37959,4,0,12 13,1,20,,37960,4,0,12 13,1,55,,37961,4,0,12 13,1,15,,37962,4,0,12 13,1,15,,37963,4,0,12 13,1,15,,37964,4,0,12 13,1,55,,37965,4,0,12 13,1,15,,37966,4,0,12 13,1,15,,37967,4,0,12 13,1,15,,37968,4,0,12 13,1,55,,37969,4,0,12 13,1,15,,37970,4,0,12 13,1,15,,37971,4,0,12 13,1,15,,37972,4,0,12 13,1,55,,37973,4,0,12 13,1,15,,37974,4,0,12 13,1,15,,37975,4,0,12 13,1,13,,37976,4,0,12 13,1,52,,37977,4,0,12 13,1,12,,37978,4,0,12 13,1,12,,37979,4,0,12 13,1,12,,37980,4,0,12 13,1,12,,37981,4,0,12 13,1,52,,37982,4,0,12 13,1,12,,37983,4,0,12 13,1,12,,37984,4,0,12 13,1,12,,37985,4,0,12 13,1,12,,37986,4,0,12 13,1,52,,37987,4,0,12 13,1,12,,37988,4,0,12 13,1,12,,37989,4,0,12 13,1,12,,37990,4,0,12 13,1,12,,37991,4,0,12 13,1,52,,37992,4,0,12 13,1,12,,37993,4,0,12 13,1,12,,37994,4,0,12 13,1,12,,37995,4,0,12 13,1,12,,37996,4,0,12 13,1,52,,37997,4,0,12 13,1,12,,37998,4,0,12 13,1,17,,37999,4,0,12 13,1,15,,38000,4,0,12 13,1,55,,38001,4,0,12 13,1,15,,38002,4,0,12 13,1,15,,38003,4,0,12 13,1,15,,38004,4,0,12 13,1,55,,38005,4,0,12 13,1,15,,38006,4,0,12 13,1,15,,38007,4,0,12 13,1,15,,38008,4,0,12 13,1,55,,38009,4,0,12 13,1,15,,38010,4,0,12 13,1,15,,38011,4,0,12 13,1,15,,38012,4,0,12 13,1,55,,38013,4,0,12 13,1,15,,38014,4,0,12 13,1,15,,38015,4,0,12 13,1,15,,38016,4,0,12 13,1,55,,38017,4,0,12 13,1,15,,37941,4,0,12 13,1,15,,37940,4,0,12 13,1,15,,37939,4,0,12 13,1,55,,37938,4,0,12 13,1,15,,37937,4,0,12 13,1,15,,37936,4,0,12 13,1,15,,37935,4,0,12 13,1,55,,37934,4,0,12 13,1
18002201,'022R-Weekday-6-26-09',606,,38026,4,0,12 13,1,12,,38027,4,0,12 13,1,12,,38028,4,0,12 13,1,12,,38029,4,0,12 13,1,12,,38030,4,0,12 13,1,52,,38031,4,0,12 13,1,12,,38032,4,0,12 13,1,12,,38033,4,0,12 13,1,12,,38034,4,0,12 13,1,12,,38035,4,0,12 13,1,52,,38036,4,0,12 13,1,12,,38037,4,0,12 13,1,12,,38038,4,0,12 13,1,12,,38039,4,0,12 13,1,12,,38040,4,0,12 13,1,52,,38041,4,0,12 13,1,12,,38042,4,0,12 13,1,18,,38043,4,0,12 13,1,20,,38044,4,0,12 13,1,55,,38045,4,0,12 13,1,15,,38046,4,0,12 13,1,15,,38047,4,0,12 13,1,15,,38048,4,0,12 13,1,55,,38049,4,0,12 13,1,15,,38050,4,0,12 13,1,15,,38051,4,0,12 13,1,15,,38052,4,0,12 13,1,55,,38053,4,0,12 13,1,15,,38054,4,0,12 13,1,15,,38055,4,0,12 13,1,15,,38056,4,0,12 13,1,55,,38057,4,0,12 13,1,15,,38058,4,0,12 13,1,15,,38059,4,0,12 13,1,13,,38060,4,0,12 13,1,52,,38061,4,0,12 13,1,12,,38062,4,0,12 13,1,12,,38063,4,0,12 13,1,12,,38064,4,0,12 13,1,12,,38065,4,0,12 13,1,52,,38066,4,0,12 13,1,12,,38067,4,0,12 13,1,12,,38068,4,0,12 13,1,12,,38069,4,0,12 13,1,12,,38070,4,0,12 13,1,52,,38071,4,0,12 13,1,12,,38072,4,0,12 13,1,12,,38073,4,0,12 13,1,12,,38074,4,0,12 13,1,12,,38075,4,0,12 13,1,52,,38076,4,0,12 13,1,12,,38077,4,0,12 13,1,12,,38078,4,0,12 13,1,12,,38079,4,0,12 13,1,12,,38080,4,0,12 13,1,52,,38081,4,0,12 13,1,12,,38082,4,0,12 13,1,17,,38083,4,0,12 13,1,15,,38084,4,0,12 13,1,55,,38085,4,0,12 13,1,15,,38086,4,0,12 13,1,15,,38087,4,0,12 13,1,15,,38088,4,0,12 13,1,55,,38089,4,0,12 13,1,15,,38090,4,0,12 13,1,15,,38091,4,0,12 13,1,15,,38092,4,0,12 13,1,55,,38093,4,0,12 13,1,15,,38094,4,0,12 13,1,15,,38095,4,0,12 13,1,15,,38096,4,0,12 13,1,55,,38097,4,0,12 13,1,15,,38098,4,0,12 13,1,15,,38099,4,0,12 13,1,15,,38100,4,0,12 13,1,55,,38101,4,0,12 13,1,15,,38025,4,0,12 13,1,15,,38024,4,0,12 13,1,15,,38023,4,0,12 13,1,55,,38022,4,0,12 13,1,15,,38021,4,0,12 13,1,15,,38020,4,0,12 13,1,15,,38019,4,0,12 13,1,55,,38018,4,0,12 13,1
18002201,'022R-Weekday-7-26-09',606,,38110,4,0,12 13,1,12,,38111,4,0,12 13,1,12,,38112,4,0,12 13,1,12,,38113,4,0,12 13,1,12,,38114,4,0,12 13,1,52,,38115,4,0,12 13,1,12,,38116,4,0,12 13,1,12,,38117,4,0,12 13,1,12,,38118,4,0,12 13,1,12,,38119,4,0,12 13,1,52,,38120,4,0,12 13,1,12,,38121,4,0,12 13,1,12,,38122,4,0,12 13,1,12,,38123,4,0,12 13,1,12,,38124,4,0,12 13,1,52,,38125,4,0,12 13,1,12,,38126,4,0,12 13,1,18,,38127,4,0,12 13,1,20,,38128,4,0,12 13,1,55,,38129,4,0,12 13,1,15,,38130,4,0,12 13,1,15,,38131,4,0,12 13,1,15,,38132,4,0,12 13,1,55,,38133,4,0,12 13,1,15,,38134,4,0,12 13,1,15,,38135,4,0,12 13,1,15,,38136,4,0,12 13,1,55,,38137,4,0,12 13,1,15,,38138,4,0,12 13,1,15,,38139,4,0,12 13,1,15,,38140,4,0,12 13,1,55,,38141,4,0,12 13,1,15,,38142,4,0,12 13,1,15,,38143,4,0,12 13,1,13,,38144,4,0,12 13,1,52,,38145,4,0,12 13,1,12,,38146,4,0,12 13,1,12,,38147,4,0,12 13,1,12,,38148,4,0,12 13,1,12,,38149,4,0,12 13,1,52,,38150,4,0,12 13,1,12,,38151,4,0,12 13,1,12,,38152,4,0,12 13,1,12,,38153,4,0,12 13,1,12,,38154,4,0,12 13,1,52,,38155,4,0,12 13,1,12,,38156,4,0,12 13,1,12,,38157,4,0,12 13,1,12,,38158,4,0,12 13,1,12,,38159,4,0,12 13,1,52,,38160,4,0,12 13,1,12,,38161,4,0,12 13,1,12,,38162,4,0,12 13,1,12,,38163,4,0,12 13,1,12,,38164,4,0,12 13,1,52,,38165,4,0,12 13,1,12,,38166,4,0,12 13,1,17,,38167,4,0,12 13,1,15,,38168,4,0,12 13,1,55,,38169,4,0,12 13,1,15,,38170,4,0,12 13,1,15,,38171,4,0,12 13,1,15,,38172,4,0,12 13,1,55,,38173,4,0,12 13,1,15,,38174,4,0,12 13,1,15,,38175,4,0,12 13,1,15,,38176,4,0,12 13,1,55,,38177,4,0,12 13,1,15,,38178,4,0,12 13,1,15,,38179,4,0,12 13,1,15,,38180,4,0,12 13,1,55,,38181,4,0,12 13,1,15,,38182,4,0,12 13,1,15,,38183,4,0,12 13,1,15,,38184,4,0,12 13,1,55,,38185,4,0,12 13,1,15,,38109,4,0,12 13,1,15,,38108,4,0,12 13,1,15,,38107,4,0,12 13,1,55,,38106,4,0,12 13,1,15,,38105,4,0,12 13,1,15,,38104,4,0,12 13,1,15,,38103,4,0,12 13,1,55,,38102,4,0,12 13,1
18002201,'022R-Saturday-1-26-09',604,,38186,4,0,12 13,1,15,,38187,4,0,12 13,1,15,,38188,4,0,12 13,1,15,,38189,4,0,12 13,1,55,,38190,4,0,12 13,1,15,,38191,4,0,12 13,1,15,,38192,4,0,12 13,1,15,,38193,4,0,12 13,1,55,,38194,4,0,12 13,1,15,,38195,4,0,12 13,1,15,,38196,4,0,12 13,1,15,,38197,4,0,12 13,1,55,,38198,4,0,12 13,1,15,,38199,4,0,12 13,1,15,,38200,4,0,12 13,1,15,,38201,4,0,12 13,1,55,,38202,4,0,12 13,1,15,,38203,4,0,12 13,1,15,,38204,4,0,12 13,1,15,,38205,4,0,12 13,1,55,,38206,4,0,12 13,1,15,,38207,4,0,12 13,1,15,,38208,4,0,12 13,1,15,,38209,4,0,12 13,1,55,,38210,4,0,12 13,1,15,,38211,4,0,12 13,1,15,,38212,4,0,12 13,1,15,,38213,4,0,12 13,1,55,,38214,4,0,12 13,1,15,,38215,4,0,12 13,1,15,,38216,4,0,12 13,1,15,,38217,4,0,12 13,1,55,,38218,4,0,12 13,1,15,,38219,4,0,12 13,1,15,,38220,4,0,12 13,1,15,,38221,4,0,12 13,1,55,,38222,4,0,12 13,1,15,,38223,4,0,12 13,1,15,,38224,4,0,12 13,1,15,,38225,4,0,12 13,1,55,,38226,4,0,12 13,1,15,,38227,4,0,12 13,1,15,,38228,4,0,12 13,1,15,,38229,4,0,12 13,1,55,,38230,4,0,12 13,1,15,,38231,4,0,12 13,1,15,,38232,4,0,12 13,1,15,,38233,4,0,12 13,1,55,,38234,4,0,12 13,1,15,,38235,4,0,12 13,1,15,,38236,4,0,12 13,1,15,,38237,4,0,12 13,1,55,,38238,4,0,12 13,1,15,,38239,4,0,12 13,1,15,,38240,4,0,12 13,1,15,,38241,4,0,12 13,1,55,,38242,4,0,12 13,1,15,,38243,4,0,12 13,1,15,,38244,4,0,12 13,1,15,,38245,4,0,12 13,1,55,,38246,4,0,12 13,1,15,,38247,4,0,12 13,1,15,,38248,4,0,12 13,1,15,,38249,4,0,12 13,1,55,,38250,4,0,12 13,1,15,,38251,4,0,12 13,1,15,,38252,4,0,12 13,1,15,,38253,4,0,12 13,1,55,,38254,4,0,12 13,1,15,,38255,4,0,12 13,1,15,,38256,4,0,12 13,1,15,,38257,4,0,12 13,1,55,,38258,4,0,12 13,1,15,,38259,4,0,12 13,1,15,,38260,4,0,12 13,1,15,,38261,4,0,12 13,1,55,,38262,4,0,12 13,1
18002201,'022R-Saturday-2-26-09',522,,38341,1,,,1,15,,38340,1,,,1,15,,38263,4,,,1,55,,38264,4,,,1,15,,38265,4,,,1,15,,38266,4,,,1,15,,38267,4,,,1,55,,38268,4,,,1,15,,38269,4,,,1,15,,38270,4,,,1,15,,38271,4,,,1,55,,38272,4,,,1,15,,38273,4,,,1,15,,38274,4,,,1,15,,38275,4,,,1,55,,38276,4,,,1,15,,38277,4,,,1,15,,38278,4,,,1,15,,38279,4,,,1,55,,38280,4,,,1,15,,38281,4,,,1,15,,38282,4,,,1,15,,38283,4,,,1,55,,38284,4,,,1,15,,38285,4,,,1,15,,38286,4,,,1,15,,38287,4,,,1,55,,38288,4,,,1,15,,38289,4,,,1,15,,38290,4,,,1,15,,38291,4,,,1,55,,38292,4,,,1,15,,38293,4,,,1,15,,38294,4,,,1,15,,38295,4,,,1,55,,38296,4,,,1,15,,38297,4,,,1,15,,38298,4,,,1,15,,38299,4,,,1,55,,38300,4,,,1,15,,38301,4,,,1,15,,38302,4,,,1,15,,38303,4,,,1,55,,38304,4,,,1,15,,38305,4,,,1,15,,38306,4,,,1,15,,38307,4,,,1,55,,38308,4,,,1,15,,38309,4,,,1,15,,38310,4,,,1,15,,38311,4,,,1,55,,38312,4,,,1,15,,38313,4,,,1,15,,38314,4,,,1,15,,38315,4,,,1,55,,38316,4,,,1,15,,38317,4,,,1,15,,38318,4,,,1,15,,38319,4,,,1,55,,38320,4,,,1,15,,38321,4,,,1,15,,38322,4,,,1,15,,38323,4,,,1,55,,38324,4,,,1,15,,38325,4,,,1,15,,38326,4,,,1,15,,38327,4,,,1,55,,38328,4,,,1,15,,38329,4,,,1,15,,38330,4,,,1,15,,38331,4,,,1,55,,38332,4,,,1,15,,38333,4,,,1,15,,38334,4,,,1,15,,38335,4,,,1,55,,38336,4,,,1,15,,38337,4,,,1,15,,38338,4,,,1,15,,38339,4,,,1
18002201,'022R-Saturday-4-26-09',612,,38453,4,0,9 11,1,15,,38454,4,0,9 11,1,15,,38455,4,0,9 11,1,15,,38456,4,0,9 11,1,55,,38457,4,0,9 11,1,15,,38458,4,0,9 11,1,15,,38459,4,0,9 11,1,15,,38460,4,0,9 11,1,55,,38461,4,0,9 11,1,15,,38462,4,0,9 11,1,15,,38463,4,0,9 11,1,15,,38464,4,0,9 11,1,55,,38465,4,0,9 11,1,15,,38466,4,0,9 11,1,15,,38467,4,0,9 11,1,15,,38468,4,0,9 11,1,55,,38469,4,0,9 11,1,15,,38470,4,0,9 11,1,15,,38471,4,0,9 11,1,15,,38472,4,0,9 11,1,55,,38473,4,0,9 11,1,15,,38474,4,0,9 11,1,15,,38475,4,0,9 11,1,15,,38476,4,0,9 11,1,55,,38477,4,0,9 11,1,15,,38478,4,0,9 11,1,15,,38479,4,0,9 11,1,15,,38480,4,0,9 11,1,55,,38481,4,0,9 11,1,15,,38482,4,0,9 11,1,15,,38483,4,0,9 11,1,15,,38484,4,0,9 11,1,55,,38485,4,0,9 11,1,15,,38486,4,0,9 11,1,15,,38487,4,0,9 11,1,15,,38488,4,0,9 11,1,55,,38489,4,0,9 11,1,15,,38490,4,0,9 11,1,15,,38491,4,0,9 11,1,15,,38492,4,0,9 11,1,50,,38495,4,0,12 13,1,15,,38494,4,0,12 13,1,15,,38493,4,0,12 13,1,12,,38419,4,0,12 13,1,55,,38420,4,0,12 13,1,15,,38421,4,0,12 13,1,15,,38422,4,0,12 13,1,15,,38423,4,0,12 13,1,55,,38424,4,0,12 13,1,15,,38425,4,0,12 13,1,15,,38426,4,0,12 13,1,15,,38427,4,0,12 13,1,55,,38428,4,0,12 13,1,15,,38429,4,0,12 13,1,15,,38430,4,0,12 13,1,15,,38431,4,0,12 13,1,55,,38432,4,0,12 13,1,15,,38433,4,0,12 13,1,15,,38434,4,0,12 13,1,15,,38435,4,0,12 13,1,55,,38436,4,0,12 13,1,15,,38437,4,0,12 13,1,15,,38438,4,0,12 13,1,15,,38439,4,0,12 13,1,55,,38440,4,0,12 13,1,15,,38441,4,0,12 13,1,15,,38442,4,0,12 13,1,15,,38443,4,0,12 13,1,55,,38444,4,0,12 13,1,15,,38445,4,0,12 13,1,15,,38446,4,0,12 13,1,15,,38447,4,0,12 13,1,55,,38448,4,0,12 13,1,15,,38449,4,0,12 13,1,15,,38450,4,0,12 13,1,15,,38451,4,0,12 13,1,55,,38452,4,0,12 13,1
18002201,'022R-Sunday-1-26-09',619,,38496,4,0,12 13,1,15,,38497,4,0,12 13,1,15,,38498,4,0,12 13,1,55,,38499,4,0,12 13,1,15,,38500,4,0,12 13,1,15,,38501,4,0,12 13,1,15,,38502,4,0,12 13,1,55,,38503,4,0,12 13,1,15,,38504,4,0,12 13,1,15,,38505,4,0,12 13,1,15,,38506,4,0,12 13,1,55,,38507,4,0,12 13,1,15,,38508,4,0,12 13,1,15,,38509,4,0,12 13,1,15,,38510,4,0,12 13,1,55,,38511,4,0,12 13,1,15,,38512,4,0,12 13,1,15,,38513,4,0,12 13,1,15,,38514,4,0,12 13,1,55,,38515,4,0,12 13,1,15,,38516,4,0,12 13,1,15,,38517,4,0,12 13,1,15,,38518,4,0,12 13,1,55,,38519,4,0,12 13,1,15,,38520,4,0,12 13,1,15,,38521,4,0,12 13,1,15,,38522,4,0,12 13,1,55,,38523,4,0,12 13,1,15,,38524,4,0,12 13,1,15,,38525,4,0,12 13,1,15,,38526,4,0,12 13,1,55,,38527,4,0,12 13,1,15,,38528,4,0,12 13,1,15,,38529,4,0,12 13,1,15,,38530,4,0,12 13,1,55,,38531,4,0,12 13,1,15,,38532,4,0,12 13,1,15,,38533,4,0,12 13,1,15,,38534,4,0,12 13,1,55,,38535,4,0,12 13,1,15,,38536,4,0,12 13,1,15,,38537,4,0,12 13,1,15,,38538,4,0,12 13,1,55,,38539,4,0,12 13,1,15,,38540,4,0,12 13,1,15,,38541,4,0,12 13,1,15,,38542,4,0,12 13,1,55,,38543,4,0,12 13,1,15,,38544,4,0,12 13,1,15,,38545,4,0,12 13,1,15,,38546,4,0,12 13,1,55,,38547,4,0,12 13,1,15,,38548,4,0,12 13,1,15,,38549,4,0,12 13,1,15,,38550,4,0,12 13,1,55,,38551,4,0,12 13,1,15,,38552,4,0,12 13,1,15,,38553,4,0,12 13,1,15,,38554,4,0,12 13,1,55,,38555,4,0,12 13,1,15,,38556,4,0,12 13,1,15,,38557,4,0,12 13,1,15,,38558,4,0,12 13,1,55,,38559,4,0,12 13,1,15,,38560,4,0,12 13,1,15,,38561,4,0,12 13,1,15,,38562,4,0,12 13,1,55,,38563,4,0,12 13,1,15,,38564,4,0,12 13,1,15,,38565,4,0,12 13,1,15,,38566,4,0,12 13,1,55,,38567,4,0,12 13,1
18002201,'022R-Sunday-2-26-09',552,,38570,1,,,1,55,,38569,1,,,1,15,,38572,4,,,1,15,,38573,4,,,1,15,,38574,4,,,1,55,,38575,4,,,1,15,,38576,4,,,1,15,,38577,4,,,1,15,,38578,4,,,1,55,,38579,4,,,1,15,,38580,4,,,1,15,,38581,4,,,1,15,,38582,4,,,1,55,,38583,4,,,1,15,,38584,4,,,1,15,,38585,4,,,1,15,,38586,4,,,1,55,,38587,4,,,1,15,,38588,4,,,1,15,,38589,4,,,1,15,,38590,4,,,1,55,,38591,4,,,1,15,,38592,4,,,1,15,,38593,4,,,1,15,,38594,4,,,1,55,,38595,4,,,1,15,,38596,4,,,1,15,,38597,4,,,1,15,,38598,4,,,1,55,,38599,4,,,1,15,,38600,4,,,1,15,,38601,4,,,1,15,,38602,4,,,1,55,,38603,4,,,1,15,,38604,4,,,1,15,,38605,4,,,1,15,,38606,4,,,1,55,,38607,4,,,1,15,,38608,4,,,1,15,,38609,4,,,1,15,,38610,4,,,1,55,,38611,4,,,1,15,,38612,4,,,1,15,,38613,4,,,1,15,,38614,4,,,1,55,,38615,4,,,1,15,,38616,4,,,1,15,,38617,4,,,1,15,,38618,4,,,1,55,,38619,4,,,1,15,,38620,4,,,1,15,,38621,4,,,1,15,,38622,4,,,1,55,,38623,4,,,1,15,,38624,4,,,1,15,,38625,4,,,1,15,,38626,4,,,1,55,,38627,4,,,1,15,,38628,4,,,1,15,,38629,4,,,1,15,,38630,4,,,1,55,,38631,4,,,1,15,,38632,4,,,1,15,,38633,4,,,1,15,,38634,4,,,1,55,,38635,4,,,1,15,,38636,4,,,1,15,,38637,4,,,1,15,,38638,4,,,1,55,,38639,4,,,1,15,,38640,4,,,1,15,,38571,4,,,1,15,,38568,4,,,1
18002201,'022R-Sunday-6-26-09',622,,38809,4,0,9 11,1,15,,38810,4,0,9 11,1,15,,38811,4,0,9 11,1,55,,38812,4,0,9 11,1,15,,38813,4,0,9 11,1,15,,38814,4,0,9 11,1,15,,38815,4,0,9 11,1,55,,38816,4,0,9 11,1,15,,38817,4,0,9 11,1,15,,38818,4,0,9 11,1,15,,38819,4,0,9 11,1,55,,38820,4,0,9 11,1,15,,38821,4,0,9 11,1,15,,38822,4,0,9 11,1,15,,38823,4,0,9 11,1,55,,38824,4,0,9 11,1,15,,38825,4,0,9 11,1,15,,38826,4,0,9 11,1,15,,38827,4,0,9 11,1,55,,38828,4,0,9 11,1,15,,38829,4,0,9 11,1,15,,38830,4,0,9 11,1,15,,38831,4,0,9 11,1,55,,38832,4,0,9 11,1,15,,38833,4,0,9 11,1,15,,38834,4,0,9 11,1,15,,38835,4,0,9 11,1,55,,38836,4,0,9 11,1,15,,38837,4,0,9 11,1,15,,38838,4,0,9 11,1,15,,38839,4,0,9 11,1,55,,38840,4,0,9 11,1,15,,38841,4,0,9 11,1,15,,38842,4,0,9 11,1,15,,38843,4,0,9 11,1,55,,38844,4,0,9 11,1,15,,38845,4,0,9 11,1,15,,38846,4,0,9 11,1,15,,38847,4,0,9 11,1,55,,38848,4,0,9 11,1,15,,38849,4,0,9 11,1,15,,38850,4,0,9 11,1,15,,38851,4,0,9 11,1,55,,38852,4,0,9 11,1,15,,38853,4,0,9 11,1,15,,38854,4,0,9 11,1,15,,38855,4,0,9 11,1,55,,38856,4,0,9 11,1,12,,38785,4,0,12 13,1,15,,38786,4,0,12 13,1,15,,38787,4,0,12 13,1,55,,38788,4,0,12 13,1,15,,38789,4,0,12 13,1,15,,38790,4,0,12 13,1,15,,38791,4,0,12 13,1,55,,38792,4,0,12 13,1,15,,38793,4,0,12 13,1,15,,38794,4,0,12 13,1,15,,38795,4,0,12 13,1,55,,38796,4,0,12 13,1,15,,38797,4,0,12 13,1,15,,38798,4,0,12 13,1,15,,38799,4,0,12 13,1,55,,38800,4,0,12 13,1,15,,38801,4,0,12 13,1,15,,38802,4,0,12 13,1,15,,38803,4,0,12 13,1,55,,38804,4,0,12 13,1,15,,38805,4,0,12 13,1,15,,38806,4,0,12 13,1,15,,38807,4,0,12 13,1,55,,38808,4,0,12 13,1
