18002101,'021R-Weekday-1-26-09',529,,34990,9,,,1,12,,34992,9,,,1,12,,34993,9,,,1,6,,35124,9,,,1,46,,34991,9,,,1,6,,35022,9,,,1,6,,35023,9,,,1,6,,35024,9,,,1,6,,35025,9,,,1,6,,35021,9,,,1,6,,35020,9,,,1,6,,35019,9,,,1,6,,35018,9,,,1,6,,35017,9,,,1,46,,35016,9,,,1,6,,35015,9,,,1,6,,35014,9,,,1,6,,35013,9,,,1,6,,35012,9,,,1,6,,35011,9,,,1,6,,35010,9,,,1,6,,35009,9,,,1,6,,35008,9,,,1,6,,35007,9,,,1,46,,35006,9,,,1,6,,35005,9,,,1,6,,35004,9,,,1,6,,35003,9,,,1,6,,35002,9,,,1,6,,35001,9,,,1,6,,35000,9,,,1,6,,34999,9,,,1,6,,34998,9,,,1,6,,34997,9,,,1,46,,34996,9,,,1,6,,34995,9,,,1,10,,35026,9,,,1,10,,35027,9,,,1,10,,35028,9,,,1,10,,35029,9,,,1,50,,35030,9,,,1,10,,35031,9,,,1,10,,35032,9,,,1,10,,35033,9,,,1,10,,35034,9,,,1,10,,35035,9,,,1,50,,35036,9,,,1,10,,35037,9,,,1,10,,35038,9,,,1,10,,35039,9,,,1,10,,35040,9,,,1,10,,35041,9,,,1,50,,35042,9,,,1,10,,35043,9,,,1,10,,35044,9,,,1,10,,35045,9,,,1,10,,35046,9,,,1,10,,35047,9,,,1,50,,35048,9,,,1,10,,35049,9,,,1,10,,35050,9,,,1,10,,35051,9,,,1,10,,35052,9,,,1,10,,35053,9,,,1,50,,35054,9,,,1,10,,35055,9,,,1,6,,35056,9,,,1,6,,35057,9,,,1,6,,35058,9,,,1,6,,35059,9,,,1,6,,35060,9,,,1,6,,35061,9,,,1,6,,35062,9,,,1,6,,35063,9,,,1,46,,35064,9,,,1,6,,35065,9,,,1,6,,35066,9,,,1,6,,35067,9,,,1,6,,35068,9,,,1,6,,35069,9,,,1,6,,35070,9,,,1,6,,35071,9,,,1,6,,35072,9,,,1,6,,35073,9,,,1,46,,35074,9,,,1,6,,35075,9,,,1,6,,35076,9,,,1,6,,35077,9,,,1,6,,35078,9,,,1,6,,35079,9,,,1,6,,35080,9,,,1,6,,35081,9,,,1,6,,35082,9,,,1,6,,35083,9,,,1,46,,35084,9,,,1,6,,35085,9,,,1,6,,35086,9,,,1,6,,35087,9,,,1,6,,35088,9,,,1,6,,35089,9,,,1,6,,35090,9,,,1,6,,35091,9,,,1,6,,35092,9,,,1,6,,35093,9,,,1,46,,35094,9,,,1,6,,35095,9,,,1,6,,35096,9,,,1,9,,35097,9,,,1,15,,35098,9,,,1,15,,35099,9,,,1,55,,35100,9,,,1,15,,35101,9,,,1,15,,35102,9,,,1,15,,35103,9,,,1,55,,35104,9,,,1,15,,35105,9,,,1,15,,35106,9,,,1,15,,35107,9,,,1,55,,35108,9,,,1,15,,35109,9,,,1,15,,35110,9,,,1,15,,35111,9,,,1,55,,35112,9,,,1,15,,35113,9,,,1,15,,35114,9,,,1,15,,35115,9,,,1,55,,35116,9,,,1,15,,35117,9,,,1,15,,35118,9,,,1,15,,35119,9,,,1,55,,35120,9,,,1,15,,35121,9,,,1,15,,35122,9,,,1,15,,35123,9,,,1,55,,34994,9,,,1
18002101,'021R-Weekday-3-26-09',529,,35260,9,,,1,12,,35262,9,,,1,12,,35263,9,,,1,6,,35394,9,,,1,46,,35261,9,,,1,6,,35292,9,,,1,6,,35293,9,,,1,6,,35294,9,,,1,6,,35295,9,,,1,6,,35291,9,,,1,6,,35290,9,,,1,6,,35289,9,,,1,6,,35288,9,,,1,6,,35287,9,,,1,46,,35286,9,,,1,6,,35285,9,,,1,6,,35284,9,,,1,6,,35283,9,,,1,6,,35282,9,,,1,6,,35281,9,,,1,6,,35280,9,,,1,6,,35279,9,,,1,6,,35278,9,,,1,6,,35277,9,,,1,46,,35276,9,,,1,6,,35275,9,,,1,6,,35274,9,,,1,6,,35273,9,,,1,6,,35272,9,,,1,6,,35271,9,,,1,6,,35270,9,,,1,6,,35269,9,,,1,6,,35268,9,,,1,6,,35267,9,,,1,46,,35266,9,,,1,6,,35265,9,,,1,10,,35296,9,,,1,10,,35297,9,,,1,10,,35298,9,,,1,10,,35299,9,,,1,50,,35300,9,,,1,10,,35301,9,,,1,10,,35302,9,,,1,10,,35303,9,,,1,10,,35304,9,,,1,10,,35305,9,,,1,50,,35306,9,,,1,10,,35307,9,,,1,10,,35308,9,,,1,10,,35309,9,,,1,10,,35310,9,,,1,10,,35311,9,,,1,50,,35312,9,,,1,10,,35313,9,,,1,10,,35314,9,,,1,10,,35315,9,,,1,10,,35316,9,,,1,10,,35317,9,,,1,50,,35318,9,,,1,10,,35319,9,,,1,10,,35320,9,,,1,10,,35321,9,,,1,10,,35322,9,,,1,10,,35323,9,,,1,50,,35324,9,,,1,10,,35325,9,,,1,6,,35326,9,,,1,6,,35327,9,,,1,6,,35328,9,,,1,6,,35329,9,,,1,6,,35330,9,,,1,6,,35331,9,,,1,6,,35332,9,,,1,6,,35333,9,,,1,46,,35334,9,,,1,6,,35335,9,,,1,6,,35336,9,,,1,6,,35337,9,,,1,6,,35338,9,,,1,6,,35339,9,,,1,6,,35340,9,,,1,6,,35341,9,,,1,6,,35342,9,,,1,6,,35343,9,,,1,46,,35344,9,,,1,6,,35345,9,,,1,6,,35346,9,,,1,6,,35347,9,,,1,6,,35348,9,,,1,6,,35349,9,,,1,6,,35350,9,,,1,6,,35351,9,,,1,6,,35352,9,,,1,6,,35353,9,,,1,46,,35354,9,,,1,6,,35355,9,,,1,6,,35356,9,,,1,6,,35357,9,,,1,6,,35358,9,,,1,6,,35359,9,,,1,6,,35360,9,,,1,6,,35361,9,,,1,6,,35362,9,,,1,6,,35363,9,,,1,46,,35364,9,,,1,6,,35365,9,,,1,6,,35366,9,,,1,9,,35367,9,,,1,15,,35368,9,,,1,15,,35369,9,,,1,55,,35370,9,,,1,15,,35371,9,,,1,15,,35372,9,,,1,15,,35373,9,,,1,55,,35374,9,,,1,15,,35375,9,,,1,15,,35376,9,,,1,15,,35377,9,,,1,55,,35378,9,,,1,15,,35379,9,,,1,15,,35380,9,,,1,15,,35381,9,,,1,55,,35382,9,,,1,15,,35383,9,,,1,15,,35384,9,,,1,15,,35385,9,,,1,55,,35386,9,,,1,15,,35387,9,,,1,15,,35388,9,,,1,15,,35389,9,,,1,55,,35390,9,,,1,15,,35391,9,,,1,15,,35392,9,,,1,15,,35393,9,,,1,55,,35264,9,,,1
18002101,'021R-Weekday-4-26-09',529,,35395,9,,,1,12,,35397,9,,,1,12,,35398,9,,,1,6,,35529,9,,,1,46,,35396,9,,,1,6,,35427,9,,,1,6,,35428,9,,,1,6,,35429,9,,,1,6,,35430,9,,,1,6,,35426,9,,,1,6,,35425,9,,,1,6,,35424,9,,,1,6,,35423,9,,,1,6,,35422,9,,,1,46,,35421,9,,,1,6,,35420,9,,,1,6,,35419,9,,,1,6,,35418,9,,,1,6,,35417,9,,,1,6,,35416,9,,,1,6,,35415,9,,,1,6,,35414,9,,,1,6,,35413,9,,,1,6,,35412,9,,,1,46,,35411,9,,,1,6,,35410,9,,,1,6,,35409,9,,,1,6,,35408,9,,,1,6,,35407,9,,,1,6,,35406,9,,,1,6,,35405,9,,,1,6,,35404,9,,,1,6,,35403,9,,,1,6,,35402,9,,,1,46,,35401,9,,,1,6,,35400,9,,,1,10,,35431,9,,,1,10,,35432,9,,,1,10,,35433,9,,,1,10,,35434,9,,,1,50,,35435,9,,,1,10,,35436,9,,,1,10,,35437,9,,,1,10,,35438,9,,,1,10,,35439,9,,,1,10,,35440,9,,,1,50,,35441,9,,,1,10,,35442,9,,,1,10,,35443,9,,,1,10,,35444,9,,,1,10,,35445,9,,,1,10,,35446,9,,,1,50,,35447,9,,,1,10,,35448,9,,,1,10,,35449,9,,,1,10,,35450,9,,,1,10,,35451,9,,,1,10,,35452,9,,,1,50,,35453,9,,,1,10,,35454,9,,,1,10,,35455,9,,,1,10,,35456,9,,,1,10,,35457,9,,,1,10,,35458,9,,,1,50,,35459,9,,,1,10,,35460,9,,,1,6,,35461,9,,,1,6,,35462,9,,,1,6,,35463,9,,,1,6,,35464,9,,,1,6,,35465,9,,,1,6,,35466,9,,,1,6,,35467,9,,,1,6,,35468,9,,,1,46,,35469,9,,,1,6,,35470,9,,,1,6,,35471,9,,,1,6,,35472,9,,,1,6,,35473,9,,,1,6,,35474,9,,,1,6,,35475,9,,,1,6,,35476,9,,,1,6,,35477,9,,,1,6,,35478,9,,,1,46,,35479,9,,,1,6,,35480,9,,,1,6,,35481,9,,,1,6,,35482,9,,,1,6,,35483,9,,,1,6,,35484,9,,,1,6,,35485,9,,,1,6,,35486,9,,,1,6,,35487,9,,,1,6,,35488,9,,,1,46,,35489,9,,,1,6,,35490,9,,,1,6,,35491,9,,,1,6,,35492,9,,,1,6,,35493,9,,,1,6,,35494,9,,,1,6,,35495,9,,,1,6,,35496,9,,,1,6,,35497,9,,,1,6,,35498,9,,,1,46,,35499,9,,,1,6,,35500,9,,,1,6,,35501,9,,,1,9,,35502,9,,,1,15,,35503,9,,,1,15,,35504,9,,,1,55,,35505,9,,,1,15,,35506,9,,,1,15,,35507,9,,,1,15,,35508,9,,,1,55,,35509,9,,,1,15,,35510,9,,,1,15,,35511,9,,,1,15,,35512,9,,,1,55,,35513,9,,,1,15,,35514,9,,,1,15,,35515,9,,,1,15,,35516,9,,,1,55,,35517,9,,,1,15,,35518,9,,,1,15,,35519,9,,,1,15,,35520,9,,,1,55,,35521,9,,,1,15,,35522,9,,,1,15,,35523,9,,,1,15,,35524,9,,,1,55,,35525,9,,,1,15,,35526,9,,,1,15,,35527,9,,,1,15,,35528,9,,,1,55,,35399,9,,,1
18002101,'021R-Weekday-5-26-09',529,,35530,9,,,1,12,,35532,9,,,1,12,,35533,9,,,1,6,,35664,9,,,1,46,,35531,9,,,1,6,,35562,9,,,1,6,,35563,9,,,1,6,,35564,9,,,1,6,,35565,9,,,1,6,,35561,9,,,1,6,,35560,9,,,1,6,,35559,9,,,1,6,,35558,9,,,1,6,,35557,9,,,1,46,,35556,9,,,1,6,,35555,9,,,1,6,,35554,9,,,1,6,,35553,9,,,1,6,,35552,9,,,1,6,,35551,9,,,1,6,,35550,9,,,1,6,,35549,9,,,1,6,,35548,9,,,1,6,,35547,9,,,1,46,,35546,9,,,1,6,,35545,9,,,1,6,,35544,9,,,1,6,,35543,9,,,1,6,,35542,9,,,1,6,,35541,9,,,1,6,,35540,9,,,1,6,,35539,9,,,1,6,,35538,9,,,1,6,,35537,9,,,1,46,,35536,9,,,1,6,,35535,9,,,1,10,,35566,9,,,1,10,,35567,9,,,1,10,,35568,9,,,1,10,,35569,9,,,1,50,,35570,9,,,1,10,,35571,9,,,1,10,,35572,9,,,1,10,,35573,9,,,1,10,,35574,9,,,1,10,,35575,9,,,1,50,,35576,9,,,1,10,,35577,9,,,1,10,,35578,9,,,1,10,,35579,9,,,1,10,,35580,9,,,1,10,,35581,9,,,1,50,,35582,9,,,1,10,,35583,9,,,1,10,,35584,9,,,1,10,,35585,9,,,1,10,,35586,9,,,1,10,,35587,9,,,1,50,,35588,9,,,1,10,,35589,9,,,1,10,,35590,9,,,1,10,,35591,9,,,1,10,,35592,9,,,1,10,,35593,9,,,1,50,,35594,9,,,1,10,,35595,9,,,1,6,,35596,9,,,1,6,,35597,9,,,1,6,,35598,9,,,1,6,,35599,9,,,1,6,,35600,9,,,1,6,,35601,9,,,1,6,,35602,9,,,1,6,,35603,9,,,1,46,,35604,9,,,1,6,,35605,9,,,1,6,,35606,9,,,1,6,,35607,9,,,1,6,,35608,9,,,1,6,,35609,9,,,1,6,,35610,9,,,1,6,,35611,9,,,1,6,,35612,9,,,1,6,,35613,9,,,1,46,,35614,9,,,1,6,,35615,9,,,1,6,,35616,9,,,1,6,,35617,9,,,1,6,,35618,9,,,1,6,,35619,9,,,1,6,,35620,9,,,1,6,,35621,9,,,1,6,,35622,9,,,1,6,,35623,9,,,1,46,,35624,9,,,1,6,,35625,9,,,1,6,,35626,9,,,1,6,,35627,9,,,1,6,,35628,9,,,1,6,,35629,9,,,1,6,,35630,9,,,1,6,,35631,9,,,1,6,,35632,9,,,1,6,,35633,9,,,1,46,,35634,9,,,1,6,,35635,9,,,1,6,,35636,9,,,1,9,,35637,9,,,1,15,,35638,9,,,1,15,,35639,9,,,1,55,,35640,9,,,1,15,,35641,9,,,1,15,,35642,9,,,1,15,,35643,9,,,1,55,,35644,9,,,1,15,,35645,9,,,1,15,,35646,9,,,1,15,,35647,9,,,1,55,,35648,9,,,1,15,,35649,9,,,1,15,,35650,9,,,1,15,,35651,9,,,1,55,,35652,9,,,1,15,,35653,9,,,1,15,,35654,9,,,1,15,,35655,9,,,1,55,,35656,9,,,1,15,,35657,9,,,1,15,,35658,9,,,1,15,,35659,9,,,1,55,,35660,9,,,1,15,,35661,9,,,1,15,,35662,9,,,1,15,,35663,9,,,1,55,,35534,9,,,1
18002101,'021R-Weekday-6-26-09',529,,35665,9,,,1,12,,35667,9,,,1,12,,35668,9,,,1,6,,35799,9,,,1,46,,35666,9,,,1,6,,35697,9,,,1,6,,35698,9,,,1,6,,35699,9,,,1,6,,35700,9,,,1,6,,35696,9,,,1,6,,35695,9,,,1,6,,35694,9,,,1,6,,35693,9,,,1,6,,35692,9,,,1,46,,35691,9,,,1,6,,35690,9,,,1,6,,35689,9,,,1,6,,35688,9,,,1,6,,35687,9,,,1,6,,35686,9,,,1,6,,35685,9,,,1,6,,35684,9,,,1,6,,35683,9,,,1,6,,35682,9,,,1,46,,35681,9,,,1,6,,35680,9,,,1,6,,35679,9,,,1,6,,35678,9,,,1,6,,35677,9,,,1,6,,35676,9,,,1,6,,35675,9,,,1,6,,35674,9,,,1,6,,35673,9,,,1,6,,35672,9,,,1,46,,35671,9,,,1,6,,35670,9,,,1,10,,35701,9,,,1,10,,35702,9,,,1,10,,35703,9,,,1,10,,35704,9,,,1,50,,35705,9,,,1,10,,35706,9,,,1,10,,35707,9,,,1,10,,35708,9,,,1,10,,35709,9,,,1,10,,35710,9,,,1,50,,35711,9,,,1,10,,35712,9,,,1,10,,35713,9,,,1,10,,35714,9,,,1,10,,35715,9,,,1,10,,35716,9,,,1,50,,35717,9,,,1,10,,35718,9,,,1,10,,35719,9,,,1,10,,35720,9,,,1,10,,35721,9,,,1,10,,35722,9,,,1,50,,35723,9,,,1,10,,35724,9,,,1,10,,35725,9,,,1,10,,35726,9,,,1,10,,35727,9,,,1,10,,35728,9,,,1,50,,35729,9,,,1,10,,35730,9,,,1,6,,35731,9,,,1,6,,35732,9,,,1,6,,35733,9,,,1,6,,35734,9,,,1,6,,35735,9,,,1,6,,35736,9,,,1,6,,35737,9,,,1,6,,35738,9,,,1,46,,35739,9,,,1,6,,35740,9,,,1,6,,35741,9,,,1,6,,35742,9,,,1,6,,35743,9,,,1,6,,35744,9,,,1,6,,35745,9,,,1,6,,35746,9,,,1,6,,35747,9,,,1,6,,35748,9,,,1,46,,35749,9,,,1,6,,35750,9,,,1,6,,35751,9,,,1,6,,35752,9,,,1,6,,35753,9,,,1,6,,35754,9,,,1,6,,35755,9,,,1,6,,35756,9,,,1,6,,35757,9,,,1,6,,35758,9,,,1,46,,35759,9,,,1,6,,35760,9,,,1,6,,35761,9,,,1,6,,35762,9,,,1,6,,35763,9,,,1,6,,35764,9,,,1,6,,35765,9,,,1,6,,35766,9,,,1,6,,35767,9,,,1,6,,35768,9,,,1,46,,35769,9,,,1,6,,35770,9,,,1,6,,35771,9,,,1,9,,35772,9,,,1,15,,35773,9,,,1,15,,35774,9,,,1,55,,35775,9,,,1,15,,35776,9,,,1,15,,35777,9,,,1,15,,35778,9,,,1,55,,35779,9,,,1,15,,35780,9,,,1,15,,35781,9,,,1,15,,35782,9,,,1,55,,35783,9,,,1,15,,35784,9,,,1,15,,35785,9,,,1,15,,35786,9,,,1,55,,35787,9,,,1,15,,35788,9,,,1,15,,35789,9,,,1,15,,35790,9,,,1,55,,35791,9,,,1,15,,35792,9,,,1,15,,35793,9,,,1,15,,35794,9,,,1,55,,35795,9,,,1,15,,35796,9,,,1,15,,35797,9,,,1,15,,35798,9,,,1,55,,35669,9,,,1
18002101,'021R-Weekday-7-26-09',529,,35800,9,,,1,12,,35802,9,,,1,12,,35803,9,,,1,6,,35934,9,,,1,46,,35801,9,,,1,6,,35832,9,,,1,6,,35833,9,,,1,6,,35834,9,,,1,6,,35835,9,,,1,6,,35831,9,,,1,6,,35830,9,,,1,6,,35829,9,,,1,6,,35828,9,,,1,6,,35827,9,,,1,46,,35826,9,,,1,6,,35825,9,,,1,6,,35824,9,,,1,6,,35823,9,,,1,6,,35822,9,,,1,6,,35821,9,,,1,6,,35820,9,,,1,6,,35819,9,,,1,6,,35818,9,,,1,6,,35817,9,,,1,46,,35816,9,,,1,6,,35815,9,,,1,6,,35814,9,,,1,6,,35813,9,,,1,6,,35812,9,,,1,6,,35811,9,,,1,6,,35810,9,,,1,6,,35809,9,,,1,6,,35808,9,,,1,6,,35807,9,,,1,46,,35806,9,,,1,6,,35805,9,,,1,10,,35836,9,,,1,10,,35837,9,,,1,10,,35838,9,,,1,10,,35839,9,,,1,50,,35840,9,,,1,10,,35841,9,,,1,10,,35842,9,,,1,10,,35843,9,,,1,10,,35844,9,,,1,10,,35845,9,,,1,50,,35846,9,,,1,10,,35847,9,,,1,10,,35848,9,,,1,10,,35849,9,,,1,10,,35850,9,,,1,10,,35851,9,,,1,50,,35852,9,,,1,10,,35853,9,,,1,10,,35854,9,,,1,10,,35855,9,,,1,10,,35856,9,,,1,10,,35857,9,,,1,50,,35858,9,,,1,10,,35859,9,,,1,10,,35860,9,,,1,10,,35861,9,,,1,10,,35862,9,,,1,10,,35863,9,,,1,50,,35864,9,,,1,10,,35865,9,,,1,6,,35866,9,,,1,6,,35867,9,,,1,6,,35868,9,,,1,6,,35869,9,,,1,6,,35870,9,,,1,6,,35871,9,,,1,6,,35872,9,,,1,6,,35873,9,,,1,46,,35874,9,,,1,6,,35875,9,,,1,6,,35876,9,,,1,6,,35877,9,,,1,6,,35878,9,,,1,6,,35879,9,,,1,6,,35880,9,,,1,6,,35881,9,,,1,6,,35882,9,,,1,6,,35883,9,,,1,46,,35884,9,,,1,6,,35885,9,,,1,6,,35886,9,,,1,6,,35887,9,,,1,6,,35888,9,,,1,6,,35889,9,,,1,6,,35890,9,,,1,6,,35891,9,,,1,6,,35892,9,,,1,6,,35893,9,,,1,46,,35894,9,,,1,6,,35895,9,,,1,6,,35896,9,,,1,6,,35897,9,,,1,6,,35898,9,,,1,6,,35899,9,,,1,6,,35900,9,,,1,6,,35901,9,,,1,6,,35902,9,,,1,6,,35903,9,,,1,46,,35904,9,,,1,6,,35905,9,,,1,6,,35906,9,,,1,9,,35907,9,,,1,15,,35908,9,,,1,15,,35909,9,,,1,55,,35910,9,,,1,15,,35911,9,,,1,15,,35912,9,,,1,15,,35913,9,,,1,55,,35914,9,,,1,15,,35915,9,,,1,15,,35916,9,,,1,15,,35917,9,,,1,55,,35918,9,,,1,15,,35919,9,,,1,15,,35920,9,,,1,15,,35921,9,,,1,55,,35922,9,,,1,15,,35923,9,,,1,15,,35924,9,,,1,15,,35925,9,,,1,55,,35926,9,,,1,15,,35927,9,,,1,15,,35928,9,,,1,15,,35929,9,,,1,55,,35930,9,,,1,15,,35931,9,,,1,15,,35932,9,,,1,15,,35933,9,,,1,55,,35804,9,,,1
18002101,'021R-Saturday-1-26-09',526,,35935,9,,,1,15,,35936,9,,,1,15,,35937,9,,,1,55,,35938,9,,,1,15,,35939,9,,,1,15,,35940,9,,,1,15,,35941,9,,,1,55,,35942,9,,,1,15,,35943,9,,,1,15,,35944,9,,,1,15,,35945,9,,,1,55,,35946,9,,,1,15,,35947,9,,,1,15,,35948,9,,,1,15,,35949,9,,,1,55,,35950,9,,,1,15,,35951,9,,,1,15,,35952,9,,,1,15,,35953,9,,,1,55,,35954,9,,,1,15,,35955,9,,,1,15,,35956,9,,,1,15,,35957,9,,,1,55,,35958,9,,,1,15,,35959,9,,,1,15,,35960,9,,,1,15,,35961,9,,,1,55,,35962,9,,,1,15,,35963,9,,,1,15,,35964,9,,,1,15,,35965,9,,,1,55,,35966,9,,,1,15,,35967,9,,,1,15,,35968,9,,,1,15,,35969,9,,,1,55,,35970,9,,,1,15,,35971,9,,,1,15,,35972,9,,,1,15,,35973,9,,,1,55,,35974,9,,,1,15,,35975,9,,,1,15,,35976,9,,,1,15,,35977,9,,,1,55,,35978,9,,,1,15,,35979,9,,,1,15,,35980,9,,,1,15,,35981,9,,,1,55,,35982,9,,,1,15,,35983,9,,,1,15,,35984,9,,,1,15,,35985,9,,,1,55,,35986,9,,,1,15,,35987,9,,,1,15,,35988,9,,,1,15,,35989,9,,,1,55,,35990,9,,,1,15,,35991,9,,,1,15,,35992,9,,,1,15,,35993,9,,,1,55,,35994,9,,,1,15,,35995,9,,,1,15,,35996,9,,,1,15,,35997,9,,,1,55,,35998,9,,,1,15,,35999,9,,,1,15,,36000,9,,,1,15,,36001,9,,,1,55,,36002,9,,,1,15,,36003,9,,,1,15,,36004,9,,,1,15,,36005,9,,,1,55,,36006,9,,,1,15,,36007,9,,,1,15,,36008,9,,,1,15,,36009,9,,,1,55,,36010,9,,,1,15,,36011,9,,,1,15,,36012,9,,,1,15,,36013,9,,,1,55,,36014,9,,,1
18002101,'021R-Saturday-2-26-09',528,,36015,9,,,1,15,,36016,9,,,1,15,,36017,9,,,1,55,,36018,9,,,1,15,,36019,9,,,1,15,,36020,9,,,1,15,,36021,9,,,1,55,,36022,9,,,1,15,,36023,9,,,1,15,,36024,9,,,1,15,,36025,9,,,1,55,,36026,9,,,1,15,,36027,9,,,1,15,,36028,9,,,1,15,,36029,9,,,1,55,,36030,9,,,1,15,,36031,9,,,1,15,,36032,9,,,1,15,,36033,9,,,1,55,,36034,9,,,1,15,,36035,9,,,1,15,,36036,9,,,1,15,,36037,9,,,1,55,,36038,9,,,1,15,,36039,9,,,1,15,,36040,9,,,1,15,,36041,9,,,1,55,,36042,9,,,1,15,,36043,9,,,1,15,,36044,9,,,1,15,,36045,9,,,1,55,,36046,9,,,1,15,,36047,9,,,1,15,,36048,9,,,1,15,,36049,9,,,1,55,,36050,9,,,1,15,,36051,9,,,1,15,,36052,9,,,1,15,,36053,9,,,1,55,,36054,9,,,1,15,,36055,9,,,1,15,,36056,9,,,1,15,,36057,9,,,1,55,,36058,9,,,1,15,,36059,9,,,1,15,,36060,9,,,1,15,,36061,9,,,1,55,,36062,9,,,1,15,,36063,9,,,1,15,,36064,9,,,1,15,,36065,9,,,1,55,,36066,9,,,1,15,,36067,9,,,1,15,,36068,9,,,1,15,,36069,9,,,1,55,,36070,9,,,1,15,,36071,9,,,1,15,,36072,9,,,1,15,,36073,9,,,1,55,,36074,9,,,1,15,,36075,9,,,1,15,,36076,9,,,1,15,,36077,9,,,1,55,,36078,9,,,1,15,,36079,9,,,1,15,,36080,9,,,1,15,,36081,9,,,1,55,,36082,9,,,1,15,,36083,9,,,1,15,,36084,9,,,1,15,,36085,9,,,1,55,,36086,9,,,1,15,,36087,9,,,1,15,,36088,9,,,1,15,,36089,9,,,1,55,,36090,9,,,1,15,,36091,9,,,1,15,,36092,9,,,1,15,,36093,9,,,1,55,,36094,9,,,1
18002101,'021R-Sunday-1-26-09',526,,36095,9,,,1,15,,36096,9,,,1,15,,36097,9,,,1,55,,36098,9,,,1,15,,36099,9,,,1,15,,36100,9,,,1,15,,36101,9,,,1,55,,36102,9,,,1,15,,36103,9,,,1,15,,36104,9,,,1,15,,36105,9,,,1,55,,36106,9,,,1,15,,36107,9,,,1,15,,36108,9,,,1,15,,36109,9,,,1,55,,36110,9,,,1,15,,36111,9,,,1,15,,36112,9,,,1,15,,36113,9,,,1,55,,36114,9,,,1,15,,36115,9,,,1,15,,36116,9,,,1,15,,36117,9,,,1,55,,36118,9,,,1,15,,36119,9,,,1,15,,36120,9,,,1,15,,36121,9,,,1,55,,36122,9,,,1,15,,36123,9,,,1,15,,36124,9,,,1,15,,36125,9,,,1,55,,36126,9,,,1,15,,36127,9,,,1,15,,36128,9,,,1,15,,36129,9,,,1,55,,36130,9,,,1,15,,36131,9,,,1,15,,36132,9,,,1,15,,36133,9,,,1,55,,36134,9,,,1,15,,36135,9,,,1,15,,36136,9,,,1,15,,36137,9,,,1,55,,36138,9,,,1,15,,36139,9,,,1,15,,36140,9,,,1,15,,36141,9,,,1,55,,36142,9,,,1,15,,36143,9,,,1,15,,36144,9,,,1,15,,36145,9,,,1,55,,36146,9,,,1,15,,36147,9,,,1,15,,36148,9,,,1,15,,36149,9,,,1,55,,36150,9,,,1,15,,36151,9,,,1,15,,36152,9,,,1,15,,36153,9,,,1,55,,36154,9,,,1,15,,36155,9,,,1,15,,36156,9,,,1,15,,36157,9,,,1,55,,36158,9,,,1,15,,36159,9,,,1,15,,36160,9,,,1,15,,36161,9,,,1,55,,36162,9,,,1,15,,36163,9,,,1,15,,36164,9,,,1,15,,36165,9,,,1,55,,36166,9,,,1,15,,36167,9,,,1,15,,36168,9,,,1,15,,36169,9,,,1,55,,36170,9,,,1,15,,36171,9,,,1
18002101,'021R-Sunday-2-26-09',528,,36172,9,,,1,15,,36173,9,,,1,15,,36174,9,,,1,55,,36175,9,,,1,15,,36176,9,,,1,15,,36177,9,,,1,15,,36178,9,,,1,55,,36179,9,,,1,15,,36180,9,,,1,15,,36181,9,,,1,15,,36182,9,,,1,55,,36183,9,,,1,15,,36184,9,,,1,15,,36185,9,,,1,15,,36186,9,,,1,55,,36187,9,,,1,15,,36188,9,,,1,15,,36189,9,,,1,15,,36190,9,,,1,55,,36191,9,,,1,15,,36192,9,,,1,15,,36193,9,,,1,15,,36194,9,,,1,55,,36195,9,,,1,15,,36196,9,,,1,15,,36197,9,,,1,15,,36198,9,,,1,55,,36199,9,,,1,15,,36200,9,,,1,15,,36201,9,,,1,15,,36202,9,,,1,55,,36203,9,,,1,15,,36204,9,,,1,15,,36205,9,,,1,15,,36206,9,,,1,55,,36207,9,,,1,15,,36208,9,,,1,15,,36209,9,,,1,15,,36210,9,,,1,55,,36211,9,,,1,15,,36212,9,,,1,15,,36213,9,,,1,15,,36214,9,,,1,55,,36215,9,,,1,15,,36216,9,,,1,15,,36217,9,,,1,15,,36218,9,,,1,55,,36219,9,,,1,15,,36220,9,,,1,15,,36221,9,,,1,15,,36222,9,,,1,55,,36223,9,,,1,15,,36224,9,,,1,15,,36225,9,,,1,15,,36226,9,,,1,55,,36227,9,,,1,15,,36228,9,,,1,15,,36229,9,,,1,15,,36230,9,,,1,55,,36231,9,,,1,15,,36232,9,,,1,15,,36233,9,,,1,15,,36234,9,,,1,55,,36235,9,,,1,15,,36236,9,,,1,15,,36237,9,,,1,15,,36238,9,,,1,55,,36239,9,,,1,15,,36240,9,,,1,15,,36241,9,,,1,15,,36242,9,,,1,55,,36243,9,,,1,15,,36244,9,,,1,15,,36245,9,,,1,15,,36246,9,,,1,55,,36247,9,,,1,15,,36248,9,,,1
18002101,'021R-Sunday-4-26-09',528,,36249,9,,,1,15,,36250,9,,,1,15,,36251,9,,,1,55,,36252,9,,,1,15,,36253,9,,,1,15,,36254,9,,,1,15,,36255,9,,,1,55,,36256,9,,,1,15,,36257,9,,,1,15,,36258,9,,,1,15,,36259,9,,,1,55,,36260,9,,,1,15,,36261,9,,,1,15,,36262,9,,,1,15,,36263,9,,,1,55,,36264,9,,,1,15,,36265,9,,,1,15,,36266,9,,,1,15,,36267,9,,,1,55,,36268,9,,,1,15,,36269,9,,,1,15,,36270,9,,,1,15,,36271,9,,,1,55,,36272,9,,,1,15,,36273,9,,,1,15,,36274,9,,,1,15,,36275,9,,,1,55,,36276,9,,,1,15,,36277,9,,,1,15,,36278,9,,,1,15,,36279,9,,,1,55,,36280,9,,,1,15,,36281,9,,,1,15,,36282,9,,,1,15,,36283,9,,,1,55,,36284,9,,,1,15,,36285,9,,,1,15,,36286,9,,,1,15,,36287,9,,,1,55,,36288,9,,,1,15,,36289,9,,,1,15,,36290,9,,,1,15,,36291,9,,,1,55,,36292,9,,,1,15,,36293,9,,,1,15,,36294,9,,,1,15,,36295,9,,,1,55,,36296,9,,,1,15,,36297,9,,,1,15,,36298,9,,,1,15,,36299,9,,,1,55,,36300,9,,,1,15,,36301,9,,,1,15,,36302,9,,,1,15,,36303,9,,,1,55,,36304,9,,,1,15,,36305,9,,,1,15,,36306,9,,,1,15,,36307,9,,,1,55,,36308,9,,,1,15,,36309,9,,,1,15,,36310,9,,,1,15,,36311,9,,,1,55,,36312,9,,,1,15,,36313,9,,,1,15,,36314,9,,,1,15,,36315,9,,,1,55,,36316,9,,,1,15,,36317,9,,,1,15,,36318,9,,,1,15,,36319,9,,,1,55,,36320,9,,,1,15,,36321,9,,,1,15,,36322,9,,,1,15,,36323,9,,,1,55,,36324,9,,,1,15,,36325,9,,,1
18002201,'022R-Weekday-1-26-09',608,,37606,6,0,12 13,1,12,,37607,6,0,12 13,1,12,,37608,6,0,12 13,1,12,,37609,6,0,12 13,1,12,,37610,6,0,12 13,1,52,,37611,6,0,12 13,1,12,,37612,6,0,12 13,1,12,,37613,6,0,12 13,1,12,,37614,6,0,12 13,1,12,,37615,6,0,12 13,1,52,,37616,6,0,12 13,1,12,,37617,6,0,12 13,1,12,,37618,6,0,12 13,1,12,,37619,6,0,12 13,1,12,,37620,6,0,12 13,1,52,,37621,6,0,12 13,1,12,,37622,6,0,12 13,1,18,,37623,6,0,12 13,1,20,,37624,6,0,12 13,1,55,,37625,6,0,12 13,1,15,,37626,6,0,12 13,1,15,,37627,6,0,12 13,1,15,,37628,6,0,12 13,1,55,,37629,6,0,12 13,1,15,,37630,6,0,12 13,1,15,,37631,6,0,12 13,1,15,,37632,6,0,12 13,1,55,,37633,6,0,12 13,1,15,,37634,6,0,12 13,1,15,,37635,6,0,12 13,1,15,,37636,6,0,12 13,1,55,,37637,6,0,12 13,1,15,,37638,6,0,12 13,1,15,,37639,6,0,12 13,1,13,,37640,6,0,12 13,1,52,,37641,6,0,12 13,1,12,,37642,6,0,12 13,1,12,,37643,6,0,12 13,1,12,,37644,6,0,12 13,1,12,,37645,6,0,12 13,1,52,,37646,6,0,12 13,1,12,,37647,6,0,12 13,1,12,,37648,6,0,12 13,1,12,,37649,6,0,12 13,1,12,,37650,6,0,12 13,1,52,,37651,6,0,12 13,1,12,,37652,6,0,12 13,1,12,,37653,6,0,12 13,1,12,,37654,6,0,12 13,1,12,,37655,6,0,12 13,1,52,,37656,6,0,12 13,1,12,,37657,6,0,12 13,1,12,,37658,6,0,12 13,1,12,,37659,6,0,12 13,1,12,,37660,6,0,12 13,1,52,,37661,6,0,12 13,1,12,,37662,6,0,12 13,1,17,,37663,6,0,12 13,1,15,,37664,6,0,12 13,1,55,,37665,6,0,12 13,1,15,,37666,6,0,12 13,1,15,,37667,6,0,12 13,1,15,,37668,6,0,12 13,1,55,,37669,6,0,12 13,1,15,,37670,6,0,12 13,1,15,,37671,6,0,12 13,1,15,,37672,6,0,12 13,1,55,,37673,6,0,12 13,1,15,,37674,6,0,12 13,1,15,,37675,6,0,12 13,1,15,,37676,6,0,12 13,1,55,,37677,6,0,12 13,1,15,,37678,6,0,12 13,1,15,,37679,6,0,12 13,1,15,,37680,6,0,12 13,1,55,,37681,6,0,12 13,1,15,,37605,6,0,12 13,1,15,,37604,6,0,12 13,1,15,,37603,6,0,12 13,1,55,,37602,6,0,12 13,1,15,,37601,6,0,12 13,1,15,,37600,6,0,12 13,1,15,,37599,6,0,12 13,1,55,,37598,6,0,12 13,1
18002201,'022R-Weekday-3-26-09',608,,37774,6,0,12 13,1,12,,37775,6,0,12 13,1,12,,37776,6,0,12 13,1,12,,37777,6,0,12 13,1,12,,37778,6,0,12 13,1,52,,37779,6,0,12 13,1,12,,37780,6,0,12 13,1,12,,37781,6,0,12 13,1,12,,37782,6,0,12 13,1,12,,37783,6,0,12 13,1,52,,37784,6,0,12 13,1,12,,37785,6,0,12 13,1,12,,37786,6,0,12 13,1,12,,37787,6,0,12 13,1,12,,37788,6,0,12 13,1,52,,37789,6,0,12 13,1,12,,37790,6,0,12 13,1,18,,37791,6,0,12 13,1,20,,37792,6,0,12 13,1,55,,37793,6,0,12 13,1,15,,37794,6,0,12 13,1,15,,37795,6,0,12 13,1,15,,37796,6,0,12 13,1,55,,37797,6,0,12 13,1,15,,37798,6,0,12 13,1,15,,37799,6,0,12 13,1,15,,37800,6,0,12 13,1,55,,37801,6,0,12 13,1,15,,37802,6,0,12 13,1,15,,37803,6,0,12 13,1,15,,37804,6,0,12 13,1,55,,37805,6,0,12 13,1,15,,37806,6,0,12 13,1,15,,37807,6,0,12 13,1,13,,37808,6,0,12 13,1,52,,37809,6,0,12 13,1,12,,37810,6,0,12 13,1,12,,37811,6,0,12 13,1,12,,37812,6,0,12 13,1,12,,37813,6,0,12 13,1,52,,37814,6,0,12 13,1,12,,37815,6,0,12 13,1,12,,37816,6,0,12 13,1,12,,37817,6,0,12 13,1,12,,37818,6,0,12 13,1,52,,37819,6,0,12 13,1,12,,37820,6,0,12 13,1,12,,37821,6,0,12 13,1,12,,37822,6,0,12 13,1,12,,37823,6,0,12 13,1,52,,37824,6,0,12 13,1,12,,37825,6,0,12 13,1,12,,37826,6,0,12 13,1,12,,37827,6,0,12 13,1,12,,37828,6,0,12 13,1,52,,37829,6,0,12 13,1,12,,37830,6,0,12 13,1,17,,37831,6,0,12 13,1,15,,37832,6,0,12 13,1,55,,37833,6,0,12 13,1,15,,37834,6,0,12 13,1,15,,37835,6,0,12 13,1,15,,37836,6,0,12 13,1,55,,37837,6,0,12 13,1,15,,37838,6,0,12 13,1,15,,37839,6,0,12 13,1,15,,37840,6,0,12 13,1,55,,37841,6,0,12 13,1,15,,37842,6,0,12 13,1,15,,37843,6,0,12 13,1,15,,37844,6,0,12 13,1,55,,37845,6,0,12 13,1,15,,37846,6,0,12 13,1,15,,37847,6,0,12 13,1,15,,37848,6,0,12 13,1,55,,37849,6,0,12 13,1,15,,37773,6,0,12 13,1,15,,37772,6,0,12 13,1,15,,37771,6,0,12 13,1,55,,37770,6,0,12 13,1,15,,37769,6,0,12 13,1,15,,37768,6,0,12 13,1,15,,37767,6,0,12 13,1,55,,37766,6,0,12 13,1
18002201,'022R-Weekday-4-26-09',608,,37858,6,0,12 13,1,12,,37859,6,0,12 13,1,12,,37860,6,0,12 13,1,12,,37861,6,0,12 13,1,12,,37862,6,0,12 13,1,52,,37863,6,0,12 13,1,12,,37864,6,0,12 13,1,12,,37865,6,0,12 13,1,12,,37866,6,0,12 13,1,12,,37867,6,0,12 13,1,52,,37868,6,0,12 13,1,12,,37869,6,0,12 13,1,12,,37870,6,0,12 13,1,12,,37871,6,0,12 13,1,12,,37872,6,0,12 13,1,52,,37873,6,0,12 13,1,12,,37874,6,0,12 13,1,18,,37875,6,0,12 13,1,20,,37876,6,0,12 13,1,55,,37877,6,0,12 13,1,15,,37878,6,0,12 13,1,15,,37879,6,0,12 13,1,15,,37880,6,0,12 13,1,55,,37881,6,0,12 13,1,15,,37882,6,0,12 13,1,15,,37883,6,0,12 13,1,15,,37884,6,0,12 13,1,55,,37885,6,0,12 13,1,15,,37886,6,0,12 13,1,15,,37887,6,0,12 13,1,15,,37888,6,0,12 13,1,55,,37889,6,0,12 13,1,15,,37890,6,0,12 13,1,15,,37891,6,0,12 13,1,13,,37892,6,0,12 13,1,52,,37893,6,0,12 13,1,12,,37894,6,0,12 13,1,12,,37895,6,0,12 13,1,12,,37896,6,0,12 13,1,12,,37897,6,0,12 13,1,52,,37898,6,0,12 13,1,12,,37899,6,0,12 13,1,12,,37900,6,0,12 13,1,12,,37901,6,0,12 13,1,12,,37902,6,0,12 13,1,52,,37903,6,0,12 13,1,12,,37904,6,0,12 13,1,12,,37905,6,0,12 13,1,12,,37906,6,0,12 13,1,12,,37907,6,0,12 13,1,52,,37908,6,0,12 13,1,12,,37909,6,0,12 13,1,12,,37910,6,0,12 13,1,12,,37911,6,0,12 13,1,12,,37912,6,0,12 13,1,52,,37913,6,0,12 13,1,12,,37914,6,0,12 13,1,17,,37915,6,0,12 13,1,15,,37916,6,0,12 13,1,55,,37917,6,0,12 13,1,15,,37918,6,0,12 13,1,15,,37919,6,0,12 13,1,15,,37920,6,0,12 13,1,55,,37921,6,0,12 13,1,15,,37922,6,0,12 13,1,15,,37923,6,0,12 13,1,15,,37924,6,0,12 13,1,55,,37925,6,0,12 13,1,15,,37926,6,0,12 13,1,15,,37927,6,0,12 13,1,15,,37928,6,0,12 13,1,55,,37929,6,0,12 13,1,15,,37930,6,0,12 13,1,15,,37931,6,0,12 13,1,15,,37932,6,0,12 13,1,55,,37933,6,0,12 13,1,15,,37857,6,0,12 13,1,15,,37856,6,0,12 13,1,15,,37855,6,0,12 13,1,55,,37854,6,0,12 13,1,15,,37853,6,0,12 13,1,15,,37852,6,0,12 13,1,15,,37851,6,0,12 13,1,55,,37850,6,0,12 13,1
18002201,'022R-Weekday-5-26-09',608,,37942,6,0,12 13,1,12,,37943,6,0,12 13,1,12,,37944,6,0,12 13,1,12,,37945,6,0,12 13,1,12,,37946,6,0,12 13,1,52,,37947,6,0,12 13,1,12,,37948,6,0,12 13,1,12,,37949,6,0,12 13,1,12,,37950,6,0,12 13,1,12,,37951,6,0,12 13,1,52,,37952,6,0,12 13,1,12,,37953,6,0,12 13,1,12,,37954,6,0,12 13,1,12,,37955,6,0,12 13,1,12,,37956,6,0,12 13,1,52,,37957,6,0,12 13,1,12,,37958,6,0,12 13,1,18,,37959,6,0,12 13,1,20,,37960,6,0,12 13,1,55,,37961,6,0,12 13,1,15,,37962,6,0,12 13,1,15,,37963,6,0,12 13,1,15,,37964,6,0,12 13,1,55,,37965,6,0,12 13,1,15,,37966,6,0,12 13,1,15,,37967,6,0,12 13,1,15,,37968,6,0,12 13,1,55,,37969,6,0,12 13,1,15,,37970,6,0,12 13,1,15,,37971,6,0,12 13,1,15,,37972,6,0,12 13,1,55,,37973,6,0,12 13,1,15,,37974,6,0,12 13,1,15,,37975,6,0,12 13,1,13,,37976,6,0,12 13,1,52,,37977,6,0,12 13,1,12,,37978,6,0,12 13,1,12,,37979,6,0,12 13,1,12,,37980,6,0,12 13,1,12,,37981,6,0,12 13,1,52,,37982,6,0,12 13,1,12,,37983,6,0,12 13,1,12,,37984,6,0,12 13,1,12,,37985,6,0,12 13,1,12,,37986,6,0,12 13,1,52,,37987,6,0,12 13,1,12,,37988,6,0,12 13,1,12,,37989,6,0,12 13,1,12,,37990,6,0,12 13,1,12,,37991,6,0,12 13,1,52,,37992,6,0,12 13,1,12,,37993,6,0,12 13,1,12,,37994,6,0,12 13,1,12,,37995,6,0,12 13,1,12,,37996,6,0,12 13,1,52,,37997,6,0,12 13,1,12,,37998,6,0,12 13,1,17,,37999,6,0,12 13,1,15,,38000,6,0,12 13,1,55,,38001,6,0,12 13,1,15,,38002,6,0,12 13,1,15,,38003,6,0,12 13,1,15,,38004,6,0,12 13,1,55,,38005,6,0,12 13,1,15,,38006,6,0,12 13,1,15,,38007,6,0,12 13,1,15,,38008,6,0,12 13,1,55,,38009,6,0,12 13,1,15,,38010,6,0,12 13,1,15,,38011,6,0,12 13,1,15,,38012,6,0,12 13,1,55,,38013,6,0,12 13,1,15,,38014,6,0,12 13,1,15,,38015,6,0,12 13,1,15,,38016,6,0,12 13,1,55,,38017,6,0,12 13,1,15,,37941,6,0,12 13,1,15,,37940,6,0,12 13,1,15,,37939,6,0,12 13,1,55,,37938,6,0,12 13,1,15,,37937,6,0,12 13,1,15,,37936,6,0,12 13,1,15,,37935,6,0,12 13,1,55,,37934,6,0,12 13,1
18002201,'022R-Weekday-6-26-09',608,,38026,6,0,12 13,1,12,,38027,6,0,12 13,1,12,,38028,6,0,12 13,1,12,,38029,6,0,12 13,1,12,,38030,6,0,12 13,1,52,,38031,6,0,12 13,1,12,,38032,6,0,12 13,1,12,,38033,6,0,12 13,1,12,,38034,6,0,12 13,1,12,,38035,6,0,12 13,1,52,,38036,6,0,12 13,1,12,,38037,6,0,12 13,1,12,,38038,6,0,12 13,1,12,,38039,6,0,12 13,1,12,,38040,6,0,12 13,1,52,,38041,6,0,12 13,1,12,,38042,6,0,12 13,1,18,,38043,6,0,12 13,1,20,,38044,6,0,12 13,1,55,,38045,6,0,12 13,1,15,,38046,6,0,12 13,1,15,,38047,6,0,12 13,1,15,,38048,6,0,12 13,1,55,,38049,6,0,12 13,1,15,,38050,6,0,12 13,1,15,,38051,6,0,12 13,1,15,,38052,6,0,12 13,1,55,,38053,6,0,12 13,1,15,,38054,6,0,12 13,1,15,,38055,6,0,12 13,1,15,,38056,6,0,12 13,1,55,,38057,6,0,12 13,1,15,,38058,6,0,12 13,1,15,,38059,6,0,12 13,1,13,,38060,6,0,12 13,1,52,,38061,6,0,12 13,1,12,,38062,6,0,12 13,1,12,,38063,6,0,12 13,1,12,,38064,6,0,12 13,1,12,,38065,6,0,12 13,1,52,,38066,6,0,12 13,1,12,,38067,6,0,12 13,1,12,,38068,6,0,12 13,1,12,,38069,6,0,12 13,1,12,,38070,6,0,12 13,1,52,,38071,6,0,12 13,1,12,,38072,6,0,12 13,1,12,,38073,6,0,12 13,1,12,,38074,6,0,12 13,1,12,,38075,6,0,12 13,1,52,,38076,6,0,12 13,1,12,,38077,6,0,12 13,1,12,,38078,6,0,12 13,1,12,,38079,6,0,12 13,1,12,,38080,6,0,12 13,1,52,,38081,6,0,12 13,1,12,,38082,6,0,12 13,1,17,,38083,6,0,12 13,1,15,,38084,6,0,12 13,1,55,,38085,6,0,12 13,1,15,,38086,6,0,12 13,1,15,,38087,6,0,12 13,1,15,,38088,6,0,12 13,1,55,,38089,6,0,12 13,1,15,,38090,6,0,12 13,1,15,,38091,6,0,12 13,1,15,,38092,6,0,12 13,1,55,,38093,6,0,12 13,1,15,,38094,6,0,12 13,1,15,,38095,6,0,12 13,1,15,,38096,6,0,12 13,1,55,,38097,6,0,12 13,1,15,,38098,6,0,12 13,1,15,,38099,6,0,12 13,1,15,,38100,6,0,12 13,1,55,,38101,6,0,12 13,1,15,,38025,6,0,12 13,1,15,,38024,6,0,12 13,1,15,,38023,6,0,12 13,1,55,,38022,6,0,12 13,1,15,,38021,6,0,12 13,1,15,,38020,6,0,12 13,1,15,,38019,6,0,12 13,1,55,,38018,6,0,12 13,1
18002201,'022R-Weekday-7-26-09',608,,38110,6,0,12 13,1,12,,38111,6,0,12 13,1,12,,38112,6,0,12 13,1,12,,38113,6,0,12 13,1,12,,38114,6,0,12 13,1,52,,38115,6,0,12 13,1,12,,38116,6,0,12 13,1,12,,38117,6,0,12 13,1,12,,38118,6,0,12 13,1,12,,38119,6,0,12 13,1,52,,38120,6,0,12 13,1,12,,38121,6,0,12 13,1,12,,38122,6,0,12 13,1,12,,38123,6,0,12 13,1,12,,38124,6,0,12 13,1,52,,38125,6,0,12 13,1,12,,38126,6,0,12 13,1,18,,38127,6,0,12 13,1,20,,38128,6,0,12 13,1,55,,38129,6,0,12 13,1,15,,38130,6,0,12 13,1,15,,38131,6,0,12 13,1,15,,38132,6,0,12 13,1,55,,38133,6,0,12 13,1,15,,38134,6,0,12 13,1,15,,38135,6,0,12 13,1,15,,38136,6,0,12 13,1,55,,38137,6,0,12 13,1,15,,38138,6,0,12 13,1,15,,38139,6,0,12 13,1,15,,38140,6,0,12 13,1,55,,38141,6,0,12 13,1,15,,38142,6,0,12 13,1,15,,38143,6,0,12 13,1,13,,38144,6,0,12 13,1,52,,38145,6,0,12 13,1,12,,38146,6,0,12 13,1,12,,38147,6,0,12 13,1,12,,38148,6,0,12 13,1,12,,38149,6,0,12 13,1,52,,38150,6,0,12 13,1,12,,38151,6,0,12 13,1,12,,38152,6,0,12 13,1,12,,38153,6,0,12 13,1,12,,38154,6,0,12 13,1,52,,38155,6,0,12 13,1,12,,38156,6,0,12 13,1,12,,38157,6,0,12 13,1,12,,38158,6,0,12 13,1,12,,38159,6,0,12 13,1,52,,38160,6,0,12 13,1,12,,38161,6,0,12 13,1,12,,38162,6,0,12 13,1,12,,38163,6,0,12 13,1,12,,38164,6,0,12 13,1,52,,38165,6,0,12 13,1,12,,38166,6,0,12 13,1,17,,38167,6,0,12 13,1,15,,38168,6,0,12 13,1,55,,38169,6,0,12 13,1,15,,38170,6,0,12 13,1,15,,38171,6,0,12 13,1,15,,38172,6,0,12 13,1,55,,38173,6,0,12 13,1,15,,38174,6,0,12 13,1,15,,38175,6,0,12 13,1,15,,38176,6,0,12 13,1,55,,38177,6,0,12 13,1,15,,38178,6,0,12 13,1,15,,38179,6,0,12 13,1,15,,38180,6,0,12 13,1,55,,38181,6,0,12 13,1,15,,38182,6,0,12 13,1,15,,38183,6,0,12 13,1,15,,38184,6,0,12 13,1,55,,38185,6,0,12 13,1,15,,38109,6,0,12 13,1,15,,38108,6,0,12 13,1,15,,38107,6,0,12 13,1,55,,38106,6,0,12 13,1,15,,38105,6,0,12 13,1,15,,38104,6,0,12 13,1,15,,38103,6,0,12 13,1,55,,38102,6,0,12 13,1
18002201,'022R-Saturday-1-26-09',606,,38186,6,0,12 13,1,15,,38187,6,0,12 13,1,15,,38188,6,0,12 13,1,15,,38189,6,0,12 13,1,55,,38190,6,0,12 13,1,15,,38191,6,0,12 13,1,15,,38192,6,0,12 13,1,15,,38193,6,0,12 13,1,55,,38194,6,0,12 13,1,15,,38195,6,0,12 13,1,15,,38196,6,0,12 13,1,15,,38197,6,0,12 13,1,55,,38198,6,0,12 13,1,15,,38199,6,0,12 13,1,15,,38200,6,0,12 13,1,15,,38201,6,0,12 13,1,55,,38202,6,0,12 13,1,15,,38203,6,0,12 13,1,15,,38204,6,0,12 13,1,15,,38205,6,0,12 13,1,55,,38206,6,0,12 13,1,15,,38207,6,0,12 13,1,15,,38208,6,0,12 13,1,15,,38209,6,0,12 13,1,55,,38210,6,0,12 13,1,15,,38211,6,0,12 13,1,15,,38212,6,0,12 13,1,15,,38213,6,0,12 13,1,55,,38214,6,0,12 13,1,15,,38215,6,0,12 13,1,15,,38216,6,0,12 13,1,15,,38217,6,0,12 13,1,55,,38218,6,0,12 13,1,15,,38219,6,0,12 13,1,15,,38220,6,0,12 13,1,15,,38221,6,0,12 13,1,55,,38222,6,0,12 13,1,15,,38223,6,0,12 13,1,15,,38224,6,0,12 13,1,15,,38225,6,0,12 13,1,55,,38226,6,0,12 13,1,15,,38227,6,0,12 13,1,15,,38228,6,0,12 13,1,15,,38229,6,0,12 13,1,55,,38230,6,0,12 13,1,15,,38231,6,0,12 13,1,15,,38232,6,0,12 13,1,15,,38233,6,0,12 13,1,55,,38234,6,0,12 13,1,15,,38235,6,0,12 13,1,15,,38236,6,0,12 13,1,15,,38237,6,0,12 13,1,55,,38238,6,0,12 13,1,15,,38239,6,0,12 13,1,15,,38240,6,0,12 13,1,15,,38241,6,0,12 13,1,55,,38242,6,0,12 13,1,15,,38243,6,0,12 13,1,15,,38244,6,0,12 13,1,15,,38245,6,0,12 13,1,55,,38246,6,0,12 13,1,15,,38247,6,0,12 13,1,15,,38248,6,0,12 13,1,15,,38249,6,0,12 13,1,55,,38250,6,0,12 13,1,15,,38251,6,0,12 13,1,15,,38252,6,0,12 13,1,15,,38253,6,0,12 13,1,55,,38254,6,0,12 13,1,15,,38255,6,0,12 13,1,15,,38256,6,0,12 13,1,15,,38257,6,0,12 13,1,55,,38258,6,0,12 13,1,15,,38259,6,0,12 13,1,15,,38260,6,0,12 13,1,15,,38261,6,0,12 13,1,55,,38262,6,0,12 13,1
18002201,'022R-Saturday-2-26-09',524,,38341,3,,,1,15,,38340,3,,,1,15,,38263,6,,,1,55,,38264,6,,,1,15,,38265,6,,,1,15,,38266,6,,,1,15,,38267,6,,,1,55,,38268,6,,,1,15,,38269,6,,,1,15,,38270,6,,,1,15,,38271,6,,,1,55,,38272,6,,,1,15,,38273,6,,,1,15,,38274,6,,,1,15,,38275,6,,,1,55,,38276,6,,,1,15,,38277,6,,,1,15,,38278,6,,,1,15,,38279,6,,,1,55,,38280,6,,,1,15,,38281,6,,,1,15,,38282,6,,,1,15,,38283,6,,,1,55,,38284,6,,,1,15,,38285,6,,,1,15,,38286,6,,,1,15,,38287,6,,,1,55,,38288,6,,,1,15,,38289,6,,,1,15,,38290,6,,,1,15,,38291,6,,,1,55,,38292,6,,,1,15,,38293,6,,,1,15,,38294,6,,,1,15,,38295,6,,,1,55,,38296,6,,,1,15,,38297,6,,,1,15,,38298,6,,,1,15,,38299,6,,,1,55,,38300,6,,,1,15,,38301,6,,,1,15,,38302,6,,,1,15,,38303,6,,,1,55,,38304,6,,,1,15,,38305,6,,,1,15,,38306,6,,,1,15,,38307,6,,,1,55,,38308,6,,,1,15,,38309,6,,,1,15,,38310,6,,,1,15,,38311,6,,,1,55,,38312,6,,,1,15,,38313,6,,,1,15,,38314,6,,,1,15,,38315,6,,,1,55,,38316,6,,,1,15,,38317,6,,,1,15,,38318,6,,,1,15,,38319,6,,,1,55,,38320,6,,,1,15,,38321,6,,,1,15,,38322,6,,,1,15,,38323,6,,,1,55,,38324,6,,,1,15,,38325,6,,,1,15,,38326,6,,,1,15,,38327,6,,,1,55,,38328,6,,,1,15,,38329,6,,,1,15,,38330,6,,,1,15,,38331,6,,,1,55,,38332,6,,,1,15,,38333,6,,,1,15,,38334,6,,,1,15,,38335,6,,,1,55,,38336,6,,,1,15,,38337,6,,,1,15,,38338,6,,,1,15,,38339,6,,,1
18002201,'022R-Saturday-3-26-09',601,,38342,6,0,9 11,1,15,,38343,6,0,9 11,1,15,,38344,6,0,9 11,1,15,,38345,6,0,9 11,1,55,,38346,6,0,9 11,1,15,,38347,6,0,9 11,1,15,,38348,6,0,9 11,1,15,,38349,6,0,9 11,1,55,,38350,6,0,9 11,1,15,,38351,6,0,9 11,1,15,,38352,6,0,9 11,1,15,,38353,6,0,9 11,1,55,,38354,6,0,9 11,1,15,,38355,6,0,9 11,1,15,,38356,6,0,9 11,1,15,,38357,6,0,9 11,1,55,,38358,6,0,9 11,1,15,,38359,6,0,9 11,1,15,,38360,6,0,9 11,1,15,,38361,6,0,9 11,1,55,,38362,6,0,9 11,1,15,,38363,6,0,9 11,1,15,,38364,6,0,9 11,1,15,,38365,6,0,9 11,1,55,,38366,6,0,9 11,1,15,,38367,6,0,9 11,1,15,,38368,6,0,9 11,1,15,,38369,6,0,9 11,1,55,,38370,6,0,9 11,1,15,,38371,6,0,9 11,1,15,,38372,6,0,9 11,1,15,,38373,6,0,9 11,1,55,,38374,6,0,9 11,1,15,,38375,6,0,9 11,1,15,,38376,6,0,9 11,1,15,,38377,6,0,9 11,1,55,,38378,6,0,9 11,1,15,,38379,6,0,9 11,1,15,,38380,6,0,9 11,1,15,,38381,6,0,9 11,1,55,,38382,6,0,9 11,1,15,,38383,6,0,9 11,1,15,,38384,6,0,9 11,1,15,,38385,6,0,9 11,1,55,,38386,6,0,9 11,1,15,,38387,6,0,9 11,1,15,,38388,6,0,9 11,1,15,,38389,6,0,9 11,1,55,,38390,6,0,9 11,1,15,,38391,6,0,9 11,1,15,,38392,6,0,9 11,1,15,,38393,6,0,9 11,1,55,,38394,6,0,9 11,1,15,,38395,6,0,9 11,1,15,,38396,6,0,9 11,1,15,,38397,6,0,9 11,1,55,,38398,6,0,9 11,1,15,,38399,6,0,9 11,1,15,,38400,6,0,9 11,1,15,,38401,6,0,9 11,1,55,,38402,6,0,9 11,1,15,,38403,6,0,9 11,1,15,,38404,6,0,9 11,1,15,,38405,6,0,9 11,1,55,,38406,6,0,9 11,1,15,,38407,6,0,9 11,1,15,,38408,6,0,9 11,1,15,,38409,6,0,9 11,1,55,,38410,6,0,9 11,1,15,,38411,6,0,9 11,1,15,,38412,6,0,9 11,1,15,,38413,6,0,9 11,1,55,,38414,6,0,9 11,1,15,,38415,6,0,9 11,1,15,,38416,6,0,9 11,1,15,,38417,6,0,9 11,1,55,,38418,6,0,9 11,1
18002201,'022R-Saturday-4-26-09',614,,38453,6,0,9 11,1,15,,38454,6,0,9 11,1,15,,38455,6,0,9 11,1,15,,38456,6,0,9 11,1,55,,38457,6,0,9 11,1,15,,38458,6,0,9 11,1,15,,38459,6,0,9 11,1,15,,38460,6,0,9 11,1,55,,38461,6,0,9 11,1,15,,38462,6,0,9 11,1,15,,38463,6,0,9 11,1,15,,38464,6,0,9 11,1,55,,38465,6,0,9 11,1,15,,38466,6,0,9 11,1,15,,38467,6,0,9 11,1,15,,38468,6,0,9 11,1,55,,38469,6,0,9 11,1,15,,38470,6,0,9 11,1,15,,38471,6,0,9 11,1,15,,38472,6,0,9 11,1,55,,38473,6,0,9 11,1,15,,38474,6,0,9 11,1,15,,38475,6,0,9 11,1,15,,38476,6,0,9 11,1,55,,38477,6,0,9 11,1,15,,38478,6,0,9 11,1,15,,38479,6,0,9 11,1,15,,38480,6,0,9 11,1,55,,38481,6,0,9 11,1,15,,38482,6,0,9 11,1,15,,38483,6,0,9 11,1,15,,38484,6,0,9 11,1,55,,38485,6,0,9 11,1,15,,38486,6,0,9 11,1,15,,38487,6,0,9 11,1,15,,38488,6,0,9 11,1,55,,38489,6,0,9 11,1,15,,38490,6,0,9 11,1,15,,38491,6,0,9 11,1,15,,38492,6,0,9 11,1,50,,38495,6,0,12 13,1,15,,38494,6,0,12 13,1,15,,38493,6,0,12 13,1,12,,38419,6,0,12 13,1,55,,38420,6,0,12 13,1,15,,38421,6,0,12 13,1,15,,38422,6,0,12 13,1,15,,38423,6,0,12 13,1,55,,38424,6,0,12 13,1,15,,38425,6,0,12 13,1,15,,38426,6,0,12 13,1,15,,38427,6,0,12 13,1,55,,38428,6,0,12 13,1,15,,38429,6,0,12 13,1,15,,38430,6,0,12 13,1,15,,38431,6,0,12 13,1,55,,38432,6,0,12 13,1,15,,38433,6,0,12 13,1,15,,38434,6,0,12 13,1,15,,38435,6,0,12 13,1,55,,38436,6,0,12 13,1,15,,38437,6,0,12 13,1,15,,38438,6,0,12 13,1,15,,38439,6,0,12 13,1,55,,38440,6,0,12 13,1,15,,38441,6,0,12 13,1,15,,38442,6,0,12 13,1,15,,38443,6,0,12 13,1,55,,38444,6,0,12 13,1,15,,38445,6,0,12 13,1,15,,38446,6,0,12 13,1,15,,38447,6,0,12 13,1,55,,38448,6,0,12 13,1,15,,38449,6,0,12 13,1,15,,38450,6,0,12 13,1,15,,38451,6,0,12 13,1,55,,38452,6,0,12 13,1
18002201,'022R-Sunday-1-26-09',621,,38496,6,0,12 13,1,15,,38497,6,0,12 13,1,15,,38498,6,0,12 13,1,55,,38499,6,0,12 13,1,15,,38500,6,0,12 13,1,15,,38501,6,0,12 13,1,15,,38502,6,0,12 13,1,55,,38503,6,0,12 13,1,15,,38504,6,0,12 13,1,15,,38505,6,0,12 13,1,15,,38506,6,0,12 13,1,55,,38507,6,0,12 13,1,15,,38508,6,0,12 13,1,15,,38509,6,0,12 13,1,15,,38510,6,0,12 13,1,55,,38511,6,0,12 13,1,15,,38512,6,0,12 13,1,15,,38513,6,0,12 13,1,15,,38514,6,0,12 13,1,55,,38515,6,0,12 13,1,15,,38516,6,0,12 13,1,15,,38517,6,0,12 13,1,15,,38518,6,0,12 13,1,55,,38519,6,0,12 13,1,15,,38520,6,0,12 13,1,15,,38521,6,0,12 13,1,15,,38522,6,0,12 13,1,55,,38523,6,0,12 13,1,15,,38524,6,0,12 13,1,15,,38525,6,0,12 13,1,15,,38526,6,0,12 13,1,55,,38527,6,0,12 13,1,15,,38528,6,0,12 13,1,15,,38529,6,0,12 13,1,15,,38530,6,0,12 13,1,55,,38531,6,0,12 13,1,15,,38532,6,0,12 13,1,15,,38533,6,0,12 13,1,15,,38534,6,0,12 13,1,55,,38535,6,0,12 13,1,15,,38536,6,0,12 13,1,15,,38537,6,0,12 13,1,15,,38538,6,0,12 13,1,55,,38539,6,0,12 13,1,15,,38540,6,0,12 13,1,15,,38541,6,0,12 13,1,15,,38542,6,0,12 13,1,55,,38543,6,0,12 13,1,15,,38544,6,0,12 13,1,15,,38545,6,0,12 13,1,15,,38546,6,0,12 13,1,55,,38547,6,0,12 13,1,15,,38548,6,0,12 13,1,15,,38549,6,0,12 13,1,15,,38550,6,0,12 13,1,55,,38551,6,0,12 13,1,15,,38552,6,0,12 13,1,15,,38553,6,0,12 13,1,15,,38554,6,0,12 13,1,55,,38555,6,0,12 13,1,15,,38556,6,0,12 13,1,15,,38557,6,0,12 13,1,15,,38558,6,0,12 13,1,55,,38559,6,0,12 13,1,15,,38560,6,0,12 13,1,15,,38561,6,0,12 13,1,15,,38562,6,0,12 13,1,55,,38563,6,0,12 13,1,15,,38564,6,0,12 13,1,15,,38565,6,0,12 13,1,15,,38566,6,0,12 13,1,55,,38567,6,0,12 13,1
18002201,'022R-Sunday-2-26-09',554,,38570,3,,,1,55,,38569,3,,,1,15,,38572,6,,,1,15,,38573,6,,,1,15,,38574,6,,,1,55,,38575,6,,,1,15,,38576,6,,,1,15,,38577,6,,,1,15,,38578,6,,,1,55,,38579,6,,,1,15,,38580,6,,,1,15,,38581,6,,,1,15,,38582,6,,,1,55,,38583,6,,,1,15,,38584,6,,,1,15,,38585,6,,,1,15,,38586,6,,,1,55,,38587,6,,,1,15,,38588,6,,,1,15,,38589,6,,,1,15,,38590,6,,,1,55,,38591,6,,,1,15,,38592,6,,,1,15,,38593,6,,,1,15,,38594,6,,,1,55,,38595,6,,,1,15,,38596,6,,,1,15,,38597,6,,,1,15,,38598,6,,,1,55,,38599,6,,,1,15,,38600,6,,,1,15,,38601,6,,,1,15,,38602,6,,,1,55,,38603,6,,,1,15,,38604,6,,,1,15,,38605,6,,,1,15,,38606,6,,,1,55,,38607,6,,,1,15,,38608,6,,,1,15,,38609,6,,,1,15,,38610,6,,,1,55,,38611,6,,,1,15,,38612,6,,,1,15,,38613,6,,,1,15,,38614,6,,,1,55,,38615,6,,,1,15,,38616,6,,,1,15,,38617,6,,,1,15,,38618,6,,,1,55,,38619,6,,,1,15,,38620,6,,,1,15,,38621,6,,,1,15,,38622,6,,,1,55,,38623,6,,,1,15,,38624,6,,,1,15,,38625,6,,,1,15,,38626,6,,,1,55,,38627,6,,,1,15,,38628,6,,,1,15,,38629,6,,,1,15,,38630,6,,,1,55,,38631,6,,,1,15,,38632,6,,,1,15,,38633,6,,,1,15,,38634,6,,,1,55,,38635,6,,,1,15,,38636,6,,,1,15,,38637,6,,,1,15,,38638,6,,,1,55,,38639,6,,,1,15,,38640,6,,,1,15,,38571,6,,,1,15,,38568,6,,,1
18002201,'022R-Sunday-3-26-09',631,,38641,6,0,9 11,1,15,,38642,6,0,9 11,1,55,,38643,6,0,9 11,1,15,,38644,6,0,9 11,1,15,,38645,6,0,9 11,1,15,,38646,6,0,9 11,1,55,,38647,6,0,9 11,1,15,,38648,6,0,9 11,1,15,,38649,6,0,9 11,1,15,,38650,6,0,9 11,1,55,,38651,6,0,9 11,1,15,,38652,6,0,9 11,1,15,,38653,6,0,9 11,1,15,,38654,6,0,9 11,1,55,,38655,6,0,9 11,1,15,,38656,6,0,9 11,1,15,,38657,6,0,9 11,1,15,,38658,6,0,9 11,1,55,,38659,6,0,9 11,1,15,,38660,6,0,9 11,1,15,,38661,6,0,9 11,1,15,,38662,6,0,9 11,1,55,,38663,6,0,9 11,1,15,,38664,6,0,9 11,1,15,,38665,6,0,9 11,1,15,,38666,6,0,9 11,1,55,,38667,6,0,9 11,1,15,,38668,6,0,9 11,1,15,,38669,6,0,9 11,1,15,,38670,6,0,9 11,1,55,,38671,6,0,9 11,1,15,,38672,6,0,9 11,1,15,,38673,6,0,9 11,1,15,,38674,6,0,9 11,1,55,,38675,6,0,9 11,1,15,,38676,6,0,9 11,1,15,,38677,6,0,9 11,1,15,,38678,6,0,9 11,1,55,,38679,6,0,9 11,1,15,,38680,6,0,9 11,1,15,,38681,6,0,9 11,1,15,,38682,6,0,9 11,1,55,,38683,6,0,9 11,1,15,,38684,6,0,9 11,1,15,,38685,6,0,9 11,1,15,,38686,6,0,9 11,1,55,,38687,6,0,9 11,1,15,,38688,6,0,9 11,1,15,,38689,6,0,9 11,1,15,,38690,6,0,9 11,1,55,,38691,6,0,9 11,1,15,,38692,6,0,9 11,1,15,,38693,6,0,9 11,1,15,,38694,6,0,9 11,1,55,,38695,6,0,9 11,1,15,,38696,6,0,9 11,1,15,,38697,6,0,9 11,1,15,,38698,6,0,9 11,1,55,,38699,6,0,9 11,1,15,,38700,6,0,9 11,1,15,,38701,6,0,9 11,1,15,,38702,6,0,9 11,1,55,,38703,6,0,9 11,1,15,,38704,6,0,9 11,1,15,,38705,6,0,9 11,1,15,,38706,6,0,9 11,1,55,,38707,6,0,9 11,1,15,,38708,6,0,9 11,1,15,,38709,6,0,9 11,1,15,,38710,6,0,9 11,1,55,,38711,6,0,9 11,1,15,,38712,6,0,9 11,1
18002201,'022R-Sunday-5-26-09',631,,38713,6,0,9 11,1,15,,38714,6,0,9 11,1,55,,38715,6,0,9 11,1,15,,38716,6,0,9 11,1,15,,38717,6,0,9 11,1,15,,38718,6,0,9 11,1,55,,38719,6,0,9 11,1,15,,38720,6,0,9 11,1,15,,38721,6,0,9 11,1,15,,38722,6,0,9 11,1,55,,38723,6,0,9 11,1,15,,38724,6,0,9 11,1,15,,38725,6,0,9 11,1,15,,38726,6,0,9 11,1,55,,38727,6,0,9 11,1,15,,38728,6,0,9 11,1,15,,38729,6,0,9 11,1,15,,38730,6,0,9 11,1,55,,38731,6,0,9 11,1,15,,38732,6,0,9 11,1,15,,38733,6,0,9 11,1,15,,38734,6,0,9 11,1,55,,38735,6,0,9 11,1,15,,38736,6,0,9 11,1,15,,38737,6,0,9 11,1,15,,38738,6,0,9 11,1,55,,38739,6,0,9 11,1,15,,38740,6,0,9 11,1,15,,38741,6,0,9 11,1,15,,38742,6,0,9 11,1,55,,38743,6,0,9 11,1,15,,38744,6,0,9 11,1,15,,38745,6,0,9 11,1,15,,38746,6,0,9 11,1,55,,38747,6,0,9 11,1,15,,38748,6,0,9 11,1,15,,38749,6,0,9 11,1,15,,38750,6,0,9 11,1,55,,38751,6,0,9 11,1,15,,38752,6,0,9 11,1,15,,38753,6,0,9 11,1,15,,38754,6,0,9 11,1,55,,38755,6,0,9 11,1,15,,38756,6,0,9 11,1,15,,38757,6,0,9 11,1,15,,38758,6,0,9 11,1,55,,38759,6,0,9 11,1,15,,38760,6,0,9 11,1,15,,38761,6,0,9 11,1,15,,38762,6,0,9 11,1,55,,38763,6,0,9 11,1,15,,38764,6,0,9 11,1,15,,38765,6,0,9 11,1,15,,38766,6,0,9 11,1,55,,38767,6,0,9 11,1,15,,38768,6,0,9 11,1,15,,38769,6,0,9 11,1,15,,38770,6,0,9 11,1,55,,38771,6,0,9 11,1,15,,38772,6,0,9 11,1,15,,38773,6,0,9 11,1,15,,38774,6,0,9 11,1,55,,38775,6,0,9 11,1,15,,38776,6,0,9 11,1,15,,38777,6,0,9 11,1,15,,38778,6,0,9 11,1,55,,38779,6,0,9 11,1,15,,38780,6,0,9 11,1,15,,38781,6,0,9 11,1,15,,38782,6,0,9 11,1,55,,38783,6,0,9 11,1,15,,38784,6,0,9 11,1
18002201,'022R-Sunday-6-26-09',624,,38809,6,0,9 11,1,15,,38810,6,0,9 11,1,15,,38811,6,0,9 11,1,55,,38812,6,0,9 11,1,15,,38813,6,0,9 11,1,15,,38814,6,0,9 11,1,15,,38815,6,0,9 11,1,55,,38816,6,0,9 11,1,15,,38817,6,0,9 11,1,15,,38818,6,0,9 11,1,15,,38819,6,0,9 11,1,55,,38820,6,0,9 11,1,15,,38821,6,0,9 11,1,15,,38822,6,0,9 11,1,15,,38823,6,0,9 11,1,55,,38824,6,0,9 11,1,15,,38825,6,0,9 11,1,15,,38826,6,0,9 11,1,15,,38827,6,0,9 11,1,55,,38828,6,0,9 11,1,15,,38829,6,0,9 11,1,15,,38830,6,0,9 11,1,15,,38831,6,0,9 11,1,55,,38832,6,0,9 11,1,15,,38833,6,0,9 11,1,15,,38834,6,0,9 11,1,15,,38835,6,0,9 11,1,55,,38836,6,0,9 11,1,15,,38837,6,0,9 11,1,15,,38838,6,0,9 11,1,15,,38839,6,0,9 11,1,55,,38840,6,0,9 11,1,15,,38841,6,0,9 11,1,15,,38842,6,0,9 11,1,15,,38843,6,0,9 11,1,55,,38844,6,0,9 11,1,15,,38845,6,0,9 11,1,15,,38846,6,0,9 11,1,15,,38847,6,0,9 11,1,55,,38848,6,0,9 11,1,15,,38849,6,0,9 11,1,15,,38850,6,0,9 11,1,15,,38851,6,0,9 11,1,55,,38852,6,0,9 11,1,15,,38853,6,0,9 11,1,15,,38854,6,0,9 11,1,15,,38855,6,0,9 11,1,55,,38856,6,0,9 11,1,12,,38785,6,0,12 13,1,15,,38786,6,0,12 13,1,15,,38787,6,0,12 13,1,55,,38788,6,0,12 13,1,15,,38789,6,0,12 13,1,15,,38790,6,0,12 13,1,15,,38791,6,0,12 13,1,55,,38792,6,0,12 13,1,15,,38793,6,0,12 13,1,15,,38794,6,0,12 13,1,15,,38795,6,0,12 13,1,55,,38796,6,0,12 13,1,15,,38797,6,0,12 13,1,15,,38798,6,0,12 13,1,15,,38799,6,0,12 13,1,55,,38800,6,0,12 13,1,15,,38801,6,0,12 13,1,15,,38802,6,0,12 13,1,15,,38803,6,0,12 13,1,55,,38804,6,0,12 13,1,15,,38805,6,0,12 13,1,15,,38806,6,0,12 13,1,15,,38807,6,0,12 13,1,55,,38808,6,0,12 13,1
