'20260720-Weekday-1-26-06',20260824,1,20260825,1,20260827,1,20260828,1
'20260801-Saturday-1-26-06',20260829,1
'20260826-Holiday2-2-26-06',20260826,1
'021R-Weekday-1-26-06',20260825,1,20260828,1
'021R-Weekday-10-26-06',20260827,1
'021R-Weekday-7-26-06',20260826,1
'021R-Weekday-9-26-06',20260824,1
'022R-Weekday-1-26-06',20260825,1,20260828,1
'022R-Weekday-10-26-06',20260824,1
'022R-Weekday-11-26-06',20260827,1
'022R-Weekday-7-26-06',20260826,1
'021R-Saturday-1-26-06',20260829,1
'022R-Saturday-1-26-06',20260829,1
